0.000000000000000000e+00 0.000000000000000000e+00 0.000000000000000000e+00 0.000000000000000000e+00 0.000000000000000000e+00
4.537491203284811925e-01 4.493380019695809580e-01 4.644370332705722304e-01 4.728533260925809056e-01 4.539625717517017378e-01
4.550994948355652769e-01 4.653759475123108724e-01 4.620909057541435216e-01 4.631442086925127710e-01 4.628877038896931917e-01
4.639189008936908110e-01 4.601869168198916005e-01 4.524052726299916949e-01 4.623253799267604269e-01 4.588046723811667893e-01
4.386814686182088363e-01 4.314200886832466053e-01 4.496993546534278630e-01 4.480589769242124265e-01 4.617605405499111693e-01
4.051066062366300291e-01 4.790047005412685910e-01 4.583755105478125036e-01 4.464846282650066223e-01 4.241043683435350431e-01
4.486162841923985733e-01 4.311150260160705461e-01 4.282671715209170338e-01 4.207245756668092640e-01 4.301761103095193550e-01
3.824247379830531535e-01 4.091750495693992629e-01 4.229821006416751294e-01 4.112576438517644983e-01 3.747441340388406594e-01
3.856297510411227925e-01 3.728010065814943985e-01 3.813759552857370339e-01 3.582566556250767476e-01 3.545046818506925601e-01
3.485714285714285321e-01 3.477510217232380740e-01 3.403034458068033286e-01 3.173268515061494766e-01 3.574667348053706672e-01
2.769980404199935964e-01 2.963671455663421939e-01 2.996018089935120754e-01 2.839232128910264552e-01 2.915357044389302321e-01
