0.000000000000000000e+00 0.000000000000000000e+00 0.000000000000000000e+00 0.000000000000000000e+00 0.000000000000000000e+00
4.541194908759860205e-01 4.669411162314388020e-01 4.546953948771206844e-01 4.566466586634653768e-01 4.678759254384363686e-01
4.570451839609404043e-01 4.654471742895631703e-01 4.512041599404727488e-01 4.431372549019608198e-01 4.579531639814113930e-01
4.533102618906781900e-01 4.543172574225500249e-01 4.467241643712231980e-01 4.504800944064681900e-01 4.360913602048930304e-01
4.329465731246626703e-01 4.117428216403639651e-01 4.243626209900082102e-01 4.426195274696939630e-01 4.573472509201688685e-01
3.856186880623042601e-01 4.551102145305043756e-01 4.356633546841265914e-01 4.202325899491756722e-01 4.168991362585436344e-01
4.047955924282375939e-01 4.007462441117246588e-01 3.771503070290754267e-01 4.014998228368995004e-01 3.689896118520515356e-01
3.375657523254777526e-01 3.641462457981139988e-01 3.538000087247694103e-01 3.402469135802468903e-01 3.489021415214024757e-01
3.249482484592805531e-01 3.514485463994580505e-01 3.245470773690315447e-01 3.116251953079452464e-01 2.928781978077752979e-01
3.025917614148743162e-01 3.094070283095296525e-01 2.931405448012499582e-01 2.887475111996017918e-01 2.980021713838555963e-01
2.903297507023077095e-01 2.967578232699200069e-01 2.838683829611248766e-01 2.859874090158001647e-01 2.925467221679771135e-01
