0.000000000000000000e+00 0.000000000000000000e+00 0.000000000000000000e+00 0.000000000000000000e+00 0.000000000000000000e+00
5.739531533341568625e-01 5.695190953778459519e-01 5.827932738115634281e-01 5.893996946046036189e-01 5.739531533341568625e-01
5.739531533341568625e-01 5.827932738115634281e-01 5.805866764651845813e-01 5.805866764651845813e-01 5.805866764651845813e-01
5.827932738115634281e-01 5.783778080881810668e-01 5.717373134189822625e-01 5.805866764651845813e-01 5.761666425609869302e-01
5.583913402703242213e-01 5.561582508603103436e-01 5.695190953778458409e-01 5.695190953778459519e-01 5.783778080881810668e-01
5.359402951822151984e-01 5.937930803084708886e-01 5.761666425609868192e-01 5.672984713143123248e-01 5.494433546781688493e-01
5.717373134189822625e-01 5.561582508603103436e-01 5.516842897487252984e-01 5.471997400909064391e-01 5.561582508603104547e-01
5.404524853202998802e-01 5.404524853202998802e-01 5.561582508603104547e-01 5.427043393966921592e-01 5.154881181947844615e-01
5.314165555903914706e-01 5.200546979779039347e-01 5.246086371975038354e-01 5.177730090386026829e-01 5.086138024080746334e-01
5.063156678946006961e-01 5.017090790488049068e-01 5.086138024080747444e-01 5.154881181947844615e-01 5.109085588983175441e-01
4.737594326237737907e-01 4.947726750741193169e-01 4.831378915198250579e-01 4.901301414477134410e-01 4.970884115415374893e-01
