0.000000000000000000e+00 0.000000000000000000e+00 0.000000000000000000e+00 0.000000000000000000e+00 0.000000000000000000e+00
8.628098799207672975e-01 8.464850198845156326e-01 8.668840752949611428e-01 8.587329166989130513e-01 8.587329166989129403e-01
8.505705274827138895e-01 8.526121952890162170e-01 8.546531460188980800e-01 8.607717467482305373e-01 8.648473211433848062e-01
8.607717467482306484e-01 8.668840752949611428e-01 8.485281374238571317e-01 8.546531460188981910e-01 8.607717467482306484e-01
8.280633362786260498e-01 8.587329166989129403e-01 8.607717467482306484e-01 8.546531460188981910e-01 8.546531460188981910e-01
8.505705274827140006e-01 8.423965811896436673e-01 8.526121952890162170e-01 8.566933847973590144e-01 8.505705274827138895e-01
8.526121952890162170e-01 8.383051685129679909e-01 8.219088892463826124e-01 8.321623773172051042e-01 8.526121952890162170e-01
8.362583332918125389e-01 8.526121952890162170e-01 8.301132452864488087e-01 8.239611641333589587e-01 8.423965811896436673e-01
8.095782166590754780e-01 8.403512493131799488e-01 8.383051685129679909e-01 8.505705274827138895e-01 8.219088892463825013e-01
8.116353861186684782e-01 7.765450548565886457e-01 8.505705274827138895e-01 8.178019320104349399e-01 8.342107380965289032e-01
7.012775643225884759e-01 6.800941111346281431e-01 7.181309072864082710e-01 7.516121931480947982e-01 6.885837316953948850e-01
