0.000000000000000000e+00 0.000000000000000000e+00 0.000000000000000000e+00 0.000000000000000000e+00 0.000000000000000000e+00
7.284741481521471718e-01 6.965425858225502420e-01 7.362906467408595335e-01 7.204843282575992269e-01 7.209542135776274563e-01
7.052876200012515584e-01 7.081208629417933276e-01 7.123648242089138938e-01 7.243013720692151880e-01 7.322812500103780264e-01
7.243787075993018965e-01 7.368808534707570468e-01 7.006280442175925049e-01 7.126007381063672597e-01 7.242163315880437713e-01
6.631767088719360270e-01 7.207923460256172588e-01 7.252077513848852464e-01 7.123724306777665660e-01 7.136079049947355868e-01
7.058621678608062444e-01 6.896571681975779411e-01 7.094620523700000403e-01 7.197020729758639712e-01 7.059530143616901121e-01
7.109408463005658652e-01 6.820620349392674253e-01 6.533816349103093168e-01 6.692504356444441971e-01 7.125828682505145339e-01
6.795391960833002676e-01 7.126290703622080169e-01 6.708252620821077983e-01 6.565751988101798942e-01 6.954506327028622259e-01
6.379314396854339764e-01 6.910308422653038685e-01 6.862057425666236998e-01 7.099622124478596197e-01 6.573283864481317407e-01
6.405087285597562685e-01 5.853148347392406192e-01 7.135943121845436110e-01 6.576033547063105944e-01 6.856133976489285908e-01
4.686967669559323202e-01 4.345027748896611586e-01 4.941903274515176969e-01 5.463968589243148877e-01 4.437585457110366227e-01
