0.000000000000000000e+00 0.000000000000000000e+00 0.000000000000000000e+00 0.000000000000000000e+00 0.000000000000000000e+00 0.000000000000000000e+00 0.000000000000000000e+00 0.000000000000000000e+00 0.000000000000000000e+00 0.000000000000000000e+00
5.633164098884608784e-01 5.082986153866020373e-01 5.451126592658236403e-01 2.354801294473666262e-01 5.935407330201650788e-01 6.028315324567612432e-01 6.380604463167741658e-01 3.308156473876991965e-01 5.528246126124209958e-01 4.683681580740404193e-01
4.631180905566167905e-01 5.814619983398270353e-01 2.436728477550285654e-01 3.510047200489836983e-01 4.702796864241718944e-01 1.917905537392305404e-01 4.532385663284566046e-01 3.908865270941629388e-01 3.979018246348126064e-01 4.204208600833528875e-01
3.821377584576141073e-01 5.117295691085217424e-01 2.207354890708614903e-01 5.813779320561420771e-01 2.343198025392747297e-01 5.074451964269437454e-01 4.775655596959048066e-01 1.875179091355918537e-01 1.387337254363642247e-01 6.275500415232373452e-01
5.951976511516487989e-01 3.484917748167331020e-01 3.538216389783069293e-01 3.169618035934346212e-01 5.030318382481512307e-01 2.006206029762114817e-01 2.203709195146662803e-01 2.958552808842793702e-01 4.399761749174057046e-01 5.662830930873489210e-01
3.481363769681247167e-01 4.879132211752521542e-01 3.126924735973866110e-01 3.782040588786947932e-01 3.965452564228581500e-01 2.449803237093242381e-01 4.065945217652908728e-01 5.284166675132145885e-01 4.921291786594242934e-01 2.033621345003345793e-01
2.537644732820613092e-01 5.301843832452226568e-01 3.367194459600868495e-01 3.784907557628802710e-01 3.615995964939096585e-01 4.253997030115430622e-01 3.033249135641572503e-01 1.703499686644456834e-01 5.066202702195102825e-01 5.356804271765972514e-01
3.642983680395011081e-01 5.668160162230978516e-01 4.035360084907781975e-01 2.058617279287517920e-01 2.690720008883991654e-01 5.727839443764104477e-01 5.648108449051925106e-01 2.755850204180442242e-01 2.781018008463668756e-01 4.313562365043159819e-01
5.203165497676780493e-01 2.231654680379060729e-01 2.573520673422209359e-01 5.451918668676123403e-01 5.800064087523257861e-01 2.754809583323423183e-01 3.663103749730186043e-01 1.330245325098644849e-01 3.903919918297306113e-01 1.705011917372881158e-01
2.459187296775835474e-01 4.789521595208070526e-01 5.506530403018996545e-01 4.713655705490095160e-01 4.220455522222391620e-01 2.296907057959983733e-01 6.635747412929566824e-01 5.168985678527024952e-01 3.412237372608555308e-01 2.900744023165016672e-01
2.659313725490196623e-01 5.440881648688681294e-01 4.731072927030949837e-01 5.709586337812738721e-01 3.662751565923054176e-01 2.342966312471433110e-01 5.587793468721842238e-01 4.909230923253846690e-01 5.410399362212345853e-01 4.862515288128450575e-01
3.335867173577623523e-01 2.558097661720757365e-01 4.897928045349222437e-01 3.996064876612695493e-01 4.058261342497714308e-01 6.119233955678884396e-01 3.242119170871763933e-01 4.774370605363119080e-01 5.027204338406321416e-01 5.599248420581608432e-01
4.458118230824266170e-01 4.617370127351978493e-01 4.619569842322000519e-01 5.516905507713416590e-01 3.536164032200744822e-01 3.005011349042382984e-01 4.965783459212683715e-01 4.063449061376868121e-01 1.339432378290662806e-01 5.090676422307599536e-01
1.633250870717172232e-01 4.262883934291347154e-01 5.486797857993388483e-01 5.215967383451598494e-01 5.525121078581090028e-01 2.995291838658817873e-01 2.191147154943139663e-01 4.248162450812916768e-01 4.683650376460429809e-01 4.911857654388903094e-01
4.856106008294790999e-01 6.035027459240904779e-01 5.282168969430409700e-01 3.764630880556469883e-01 5.360851483053649114e-01 1.785369022006824125e-01 1.209763338474924843e-01 4.729557238727681856e-01 5.023829672057245066e-01 5.997502021040885811e-01
5.601819578681963563e-01 1.400949158448480392e-01 2.058894581729039108e-01 2.189074899073953362e-01 5.463816117666544514e-01 4.942452165746813453e-01 5.314084300320357501e-01 1.123362814503550966e-01 5.410112108593200242e-01 5.331902455492254500e-01
5.626174534516584780e-01 1.489786150123970920e-01 2.873300360128657749e-01 5.998115041979884543e-01 5.486083058284036973e-01 3.895353651706326970e-01 1.849689105163557779e-01 5.113376005198135843e-01 5.348016163333062511e-01 4.602068174609000861e-01
2.872078229503626234e-01 4.044196668239127268e-01 2.664884653549640658e-01 3.920181600503763186e-01 1.812237255348710385e-01 2.499779571569579195e-01 5.050428068181436192e-01 6.175214373098847354e-01 5.212616914527229417e-01 4.987197417907128782e-01
3.704006966958014457e-01 3.763204360509749824e-01 4.574587155662364069e-01 2.261448999909494162e-01 1.822815838914708664e-01 1.886009662358905103e-01 5.679961411668729143e-01 4.755584652574925686e-01 2.782039406417515792e-01 3.780928084409137524e-01
2.162971944948688940e-01 5.271426542053604392e-01 6.501004283480253942e-01 2.999723652902021032e-01 4.488474576271186400e-01 1.819298876943607479e-01 5.455092511443987435e-01 3.827355418011579857e-01 1.360410830999066456e-01 5.941653267568778318e-01
4.281324197489565497e-01 4.714057502304695446e-01 4.677358964778979278e-01 1.411243685589931296e-01 5.194879276806814161e-01 5.223507742940923793e-01 1.989440525102204593e-01 5.087794883766454390e-01 3.759163612037174640e-01 5.336144149860183594e-01
2.334527395350625145e-01 5.789982869068345250e-01 4.627927534646112395e-01 6.373444962619181364e-01 2.873898717198692943e-01 4.428266537827224569e-01 4.365814421942015855e-01 6.311226739194730762e-01 3.465993264621164971e-01 5.748099860358530933e-01
4.112889383917039954e-01 1.689616413345126633e-01 2.743694571124475901e-01 2.567163404998902276e-01 2.935275843357386671e-01 5.771995131220468700e-01 5.090871998542429999e-01 3.612835732255717525e-01 3.756230310514966364e-01 5.944528294855311312e-01
4.362591571030808302e-01 1.816784400928813104e-01 4.742564239942124171e-01 3.698697345333742947e-01 3.142051370760282625e-01 4.055691855563262616e-01 5.682047952499118537e-01 3.351131500381693273e-01 4.172823689735510877e-01 2.903150733977801767e-01
3.130662187771521277e-01 3.440384938934752945e-01 3.092549386577343462e-01 5.311355811436923036e-01 5.430235193937578142e-01 5.177567330170278481e-01 5.180397606835014379e-01 5.427762532709459187e-01 5.603709940127378220e-01 5.381081905807412191e-01
2.529470306358508336e-01 3.463586368405858762e-01 3.501411192869931521e-01 3.234908677969954849e-01 1.627244905103064632e-01 1.506394652314566041e-01 1.448634268613360754e-01 4.814637397754691350e-01 3.696541703392027256e-01 3.481296481296480838e-01
4.527916738518272810e-01 1.851045337091848653e-01 4.723432948876762349e-01 2.153448036516753261e-01 5.747453835893242546e-01 4.132189939584072214e-01 3.975577283413104235e-01 3.696850502516902948e-01 2.212523124562235100e-01 4.488767285577027200e-01
1.346564509316187097e-01 5.879167527662532144e-01 5.486385471199517472e-01 5.634725175036470191e-01 3.616305638458329197e-01 5.860001243498748069e-01 2.971535066395913360e-01 2.707725868801688085e-01 5.112703057644873983e-01 1.684063551380109158e-01
4.724669455103230886e-01 5.559411297802588914e-01 4.848985301738163445e-01 2.514989610408060461e-01 4.751453397093595710e-01 2.761752664015446057e-01 2.433379930314035211e-01 5.388000428064000369e-01 2.966410276764394061e-01 4.322875670516561630e-01
4.200984671066638754e-01 4.522006968524381332e-01 5.670902294110979902e-01 4.671410826259574933e-01 5.482559845800959453e-01 2.040798690302415563e-01 1.155511240252689864e-01 5.720293775848944717e-01 4.942149150845622785e-01 4.485235336576982590e-01
2.796478863741683751e-01 2.281911425322561693e-01 4.908041514933491056e-01 2.249185812887217195e-01 2.986976024186665524e-01 1.479808697358709624e-01 4.273324702141955145e-01 3.878163122811745800e-01 1.957830152034882309e-01 4.936553380355491738e-01
4.948042460363304973e-01 5.472218171435881962e-01 1.454775162603528238e-01 3.218907134905699130e-01 2.625501949031360804e-01 4.709287964782470359e-01 3.961648012372047667e-01 2.240115609213286230e-01 3.199682222708538637e-01 2.050796842091361927e-01
2.753243358535119589e-01 5.325822944453517671e-01 5.340413330099139655e-01 4.353747938980519483e-01 4.558315852326740858e-01 4.852473617446222409e-01 3.405965002739196335e-01 3.479893544808350669e-01 3.835058275058275123e-01 4.771307927962222806e-01
6.077006133744746741e-01 4.514362794414472635e-01 4.566365947473987053e-01 5.996094251125728691e-01 2.414719658533657221e-01 4.146501122242194359e-01 4.373910665203461501e-01 5.261100113122172406e-01 4.033828981302385319e-01 5.472567338206104637e-01
6.205923672981112915e-01 2.305729695596698270e-01 2.239441217189986066e-01 1.585947553265915910e-01 4.998479831442503851e-01 6.123696799391066259e-01 3.745602656045942114e-01 2.661232704447804576e-01 3.131873850271420512e-01 4.395536461653311577e-01
2.555948923066529432e-01 4.233446827240906485e-01 2.560878574388728013e-01 4.029300292588740562e-01 3.907199327047216619e-01 5.678914893770354855e-01 4.052988355313936197e-01 2.534142589777619303e-01 4.244468989257400571e-01 3.620760606541391646e-01
2.340882876879109009e-01 5.377898519016831580e-01 5.392884116194265332e-01 4.765804630654550955e-01 5.639276111053984630e-01 4.183707689454717049e-01 2.631554893935629802e-01 4.868310667846949547e-01 5.130687189202420839e-01 2.574654589024395479e-01
4.201929413515045897e-01 1.902122117243355004e-01 5.135525644784013632e-01 2.752401765048564375e-01 4.841826829065305482e-01 2.656493410803755228e-01 4.539638828099221701e-01 1.960693462003800791e-01 5.262803637809880808e-01 3.966272602327878261e-01
3.151259736969103109e-01 3.912822835377183228e-01 1.756113058509614633e-01 2.530887045672721714e-01 3.351159085998797194e-01 5.284069462086541380e-01 3.795895146241800577e-01 1.404107230270068007e-01 4.852483948908604683e-01 2.166737265699459902e-01
5.563650959436943211e-01 5.469896181672585511e-01 4.691592943224807133e-01 4.683973597606443384e-01 4.427558505559506807e-01 4.816101483616160861e-01 2.551397377912231756e-01 5.242744171448769919e-01 6.182393913353189108e-01 4.838363304189248204e-01
3.657048557776280129e-01 4.520765257877618071e-01 5.007633031654729061e-01 4.331327478266462361e-01 4.208499871836894890e-01 5.587674412101892862e-01 5.954433545125508154e-01 1.876493677253668058e-01 5.211715080941664580e-01 2.792550467015774696e-01
1.967795724847316019e-01 5.636257940751154827e-01 1.524377507832682943e-01 1.846931122919507062e-01 5.299792286555127241e-01 2.020635285140796322e-01 2.245969487603532988e-01 4.667766783461367863e-01 3.274455900848064482e-01 3.050315474985334507e-01
2.959371471419263711e-01 5.213204707728182896e-01 2.330257507285241891e-01 5.634093776268709330e-01 5.579129972606017285e-01 4.911047882643881923e-01 3.326821378787196970e-01 4.356205042251554138e-01 3.655805144972197329e-01 4.060699103397998333e-01
5.993452421160463395e-01 4.189789401930182899e-01 4.960544668165025595e-01 5.345519828417655273e-01 4.529235441191236666e-01 5.344958826501158278e-01 2.204312576751556174e-01 3.476762770616684262e-01 4.370273035045763033e-01 3.160210005558503621e-01
5.262788623346882355e-01 1.440543447720143422e-01 5.963537313204189116e-01 4.608127303187762314e-01 1.395361622434900251e-01 2.592247314275145653e-01 6.208319918411724370e-01 2.898589627747265030e-01 5.136521794330560775e-01 3.570450956955449895e-01
1.668661136074485463e-01 2.370611338182630479e-01 4.873558344640434026e-01 4.779428135031583147e-01 1.889670523101126820e-01 3.619775910364145255e-01 3.317149765654870963e-01 5.774484006174658290e-01 5.332540081482222138e-01 4.080558931646822152e-01
4.294915773101393164e-01 2.195636892419896846e-01 4.388896032702009897e-01 2.356686182443004929e-01 5.110279963858236352e-01 3.276714766370432130e-01 5.112399200179653658e-01 4.339175750099655282e-01 3.120563177402637667e-01 6.114637434943235306e-01
4.005084053893280260e-01 4.602814313676250046e-01 5.288592722186472583e-01 4.623593223830247956e-01 4.485333293311179470e-01 5.632732096986751147e-01 2.567711849117493284e-01 5.011020017150779049e-01 2.849632425487964582e-01 2.417115958702730216e-01
4.249612693309265943e-01 4.293880858789634325e-01 5.055731936186790287e-01 2.607358968714457714e-01 5.330912545520718471e-01 4.199610563465985269e-01 3.772476572958500807e-01 3.652640151348930386e-01 4.127511434158481762e-01 4.800505591765906743e-01
4.524767201203595546e-01 3.110604017570599567e-01 2.596249956515088164e-01 2.210728804663455171e-01 3.864537636277091126e-01 2.177401063275158366e-01 5.409111686668999219e-01 5.659627735168616391e-01 5.076255042680719587e-01 5.748299525345330618e-01
3.268611431586666560e-01 4.679455726682113514e-01 2.132811824696519143e-01 5.122654088937265149e-01 1.667451207991802187e-01 4.681028391555729362e-01 5.807385453952248477e-01 2.259433285509325762e-01 5.596313434067661241e-01 2.162979083614761655e-01
3.470967741935483408e-01 1.961707566735680641e-01 4.396141243970693724e-01 6.210225329434168051e-01 2.974104940305477562e-01 1.673654419182643571e-01 5.305865869633078491e-01 4.593778100574116285e-01 5.743354806146355740e-01 2.430164046499991293e-01
4.327479543644080495e-01 5.662398835704335331e-01 1.999074454956807634e-01 4.849354077295253695e-01 2.979121259109064335e-01 3.094982307938467514e-01 5.122183974764378256e-01 3.905906030925360151e-01 4.415839084049267838e-01 3.711413405237030116e-01
5.111177121454136829e-01 4.619956417033089235e-01 4.752005548374098609e-01 2.793293376068730627e-01 5.362320245881889713e-01 5.434572321682296092e-01 3.965643664694442627e-01 5.121598709093483359e-01 3.858900954458467369e-01 3.672680165359480942e-01
5.446659844122203609e-01 4.356119877944492069e-01 4.059454980930373713e-01 5.809321114272480990e-01 6.002953196040733408e-01 3.485073250591528282e-01 3.674544093898932662e-01 2.755418887421527963e-01 4.861312953211623378e-01 2.295465170640486052e-01
1.975158799953486422e-01 3.551282448567206762e-01 3.605646494723815376e-01 5.180770694742087290e-01 5.756928591260187522e-01 1.773377037849690196e-01 1.268321846492818927e-01 4.722101212624172373e-01 5.048432534644312630e-01 5.411229197561376880e-01
2.405425913695094509e-01 2.779280119605196941e-01 5.837074065929059863e-01 4.863586031226490580e-01 3.782115827419598730e-01 3.423776721351523555e-01 3.827731006131837588e-01 2.283978846227674442e-01 3.847662008771345343e-01 4.599853466636761867e-01
5.797202653903683611e-01 3.116467639687453550e-01 3.848897137469596275e-01 1.117191533298916017e-01 2.485752672947069697e-01 5.476455180889894248e-01 4.484335176578949644e-01 4.516005517236769684e-01 3.282189112863959646e-01 4.013718768839516504e-01
1.730794048344796165e-01 4.867271097889261933e-01 2.805964862356939982e-01 3.694467508630861485e-01 2.573723196092181920e-01 4.946115551864163074e-01 2.749805244110483105e-01 4.399727618695306597e-01 6.171533081742438531e-01 2.329251953349519844e-01
2.130731535087905804e-01 5.482919520344800013e-01 6.183561057769382252e-01 4.462840421369692612e-01 5.512116474311595793e-01 2.128091368358172863e-01 3.166078151163938537e-01 5.749541763483980716e-01 1.940116249862383624e-01 2.099776377880305245e-01
6.287612020906740984e-01 1.851264638702896925e-01 4.934923726062966365e-01 4.468806655226216784e-01 4.872741740263603072e-01 2.429455952552719011e-01 5.240037781579697240e-01 1.895753368087604585e-01 2.175740314602740977e-01 2.863813287252213735e-01
5.659810669794875793e-01 4.503750514927873372e-01 6.010511820222005364e-01 2.572221737570817290e-01 3.831683236932611480e-01 2.104165209782583590e-01 4.855591353971607793e-01 4.069912961016199926e-01 4.734261632785259910e-01 3.263880702444315607e-01
2.985465035274651457e-01 5.935576597698735135e-01 1.659326883635308669e-01 4.684196844169503660e-01 3.365648513893618743e-01 1.081198114491444678e-01 5.128464290148571081e-01 2.990305440277922777e-01 4.279280823140472201e-01 2.037433828423995674e-01
3.599207603990212667e-01 4.115858193005692556e-01 2.431349209406483136e-01 3.567119890481508238e-01 2.787889862551287123e-01 2.444982817253671115e-01 2.983171857029170426e-01 4.730070469862169835e-01 5.159998588718812673e-01 4.899733377293153946e-01
3.126232885295976427e-01 3.526580620540351596e-01 4.321561713811891137e-01 2.164008608818774049e-01 5.204419240097077903e-01 3.122631138440783438e-01 6.037794757925069034e-01 1.382807995387276834e-01 3.625134654405276491e-01 3.713919795416550373e-01
2.570085541724823064e-01 3.492684168462133476e-01 4.512482591607612781e-01 6.151094924865093683e-01 1.366777064132815578e-01 2.403138528138528129e-01 2.547230365263152274e-01 4.635107443274547601e-01 4.367998039696152635e-01 5.107001616265192112e-01
1.861317299153151805e-01 3.685495065186702446e-01 2.483815740407945283e-01 6.360291034169691660e-01 3.376819141463240914e-01 5.058081687424533790e-01 3.490404496247855870e-01 3.755693097278647308e-01 2.165734214390602208e-01 5.733159907227480812e-01
5.348261300818444308e-01 2.233305207997526298e-01 5.264429104935477444e-01 4.696106765799793470e-01 2.980501487246188241e-01 2.872739503430643548e-01 2.091678903573176707e-01 4.049444813627852691e-01 4.664141657562709820e-01 2.551720612086594842e-01
5.677695759206945469e-01 2.342298673237155349e-01 4.998764264775573674e-01 4.322132236367047242e-01 4.179881577764161804e-01 4.860841307948248202e-01 5.588159385044713101e-01 2.002190615286126019e-01 4.591050840998435190e-01 2.636483405093827947e-01
3.462628736144481856e-01 1.874036672867392950e-01 1.505900352043274548e-01 2.296349923253331593e-01 5.080100918982631830e-01 2.407140451857260610e-01 3.717462018194572226e-01 4.809634601106832497e-01 5.007934274755920789e-01 2.943833874478705148e-01
6.292408874526899121e-01 5.287989749419640395e-01 5.188431503318055027e-01 4.092694632067684912e-01 4.193516575117020029e-01 6.229581885675032904e-01 5.785353996671132037e-01 2.961221004667098367e-01 2.905590889323765857e-01 1.915789181248797879e-01
4.819492729569038181e-01 3.270518584853789879e-01 1.927673995279120533e-01 5.755772378310561876e-01 4.857252313423421897e-01 5.500546643519728107e-01 2.953510496727706491e-01 3.265221774193548532e-01 5.060386041963947923e-01 3.938273431942861391e-01
3.629422283816295947e-01 4.973974279555704592e-01 5.561157972778266734e-01 4.993171314020268259e-01 4.736880696887334485e-01 4.654292222608235607e-01 3.165755661993424064e-01 5.787005789393108168e-01 5.789046003016591335e-01 3.779024100401431885e-01
4.962702160691146447e-01 2.567211334492440211e-01 5.666425010248068439e-01 2.842416677511226952e-01 6.109228692072042888e-01 4.882951123504402080e-01 3.565845602347725851e-01 2.891932720057719952e-01 4.164043450908720967e-01 4.348943205522110000e-01
3.136781316381288542e-01 2.125579494480196452e-01 4.264585821503442120e-01 5.233567678900437059e-01 3.837932956096480885e-01 3.441718581669794275e-01 1.393368853049175571e-01 5.368062154852171197e-01 5.571787688349044698e-01 1.581475238288323204e-01
5.162655863214380414e-01 3.323238413312772366e-01 1.232923761609907159e-01 4.617331316432260468e-01 5.720859056801868014e-01 1.803173420606834498e-01 2.942861956693796355e-01 3.295090314479161009e-01 5.051683532246138419e-01 6.029617207259578837e-01
2.193423526627174547e-01 3.212426421677522792e-01 5.487687910110843337e-01 2.785838946723820930e-01 4.574853328480925629e-01 3.177413568544993350e-01 5.019282594497038730e-01 4.584282068411522637e-01 2.169737482674500284e-01 4.759147996707491224e-01
4.196494654773212929e-01 4.202364257154067584e-01 1.938781097701753331e-01 3.806391995100346093e-01 4.889886274666146448e-01 2.148476203537151019e-01 5.596706668136454121e-01 2.960008422730275868e-01 3.445695290541629374e-01 3.482640342728041682e-01
5.617070112439164209e-01 5.597972066702618932e-01 4.892371132308089843e-01 1.564345983823802744e-01 3.471263752768553035e-01 5.466021436625141394e-01 4.548301691850703543e-01 1.370883765973763546e-01 4.930247535350749111e-01 3.088393939737328342e-01
2.637346087168170317e-01 1.538779398059317016e-01 1.294924161890675940e-01 4.355849389030166940e-01 1.410348314857857999e-01 1.386816539927461511e-01 5.434906868743671904e-01 3.145083752133249755e-01 2.888491034831269788e-01 3.609754050066780184e-01
2.147201969691185930e-01 3.445964721517458251e-01 2.250239356208045272e-01 1.944445910986748183e-01 2.612715119082082982e-01 4.292303817975339220e-01 4.047566376622296902e-01 5.294041239901561280e-01 4.617998090131594235e-01 1.804558500395688214e-01
3.427363306447516744e-01 5.888337568036881020e-01 2.565974059490458981e-01 6.103301590574399249e-01 3.384957065621417849e-01 4.977375007738362722e-01 3.780305977856361910e-01 1.684276125750213959e-01 3.885450295322722125e-01 3.163899875050132371e-01
3.531661927693476311e-01 4.547217602217601962e-01 4.549414258916109066e-01 3.645016740924215681e-01 5.622773652678079159e-01 5.369956723559601297e-01 5.626135336247181096e-01 5.249775708783563921e-01 3.728949837103701093e-01 2.138317962231005565e-01
1.048834486970684071e-01 3.881168942867803673e-01 2.623154384433423747e-01 1.734332542660614596e-01 3.088380641283516859e-01 5.546422672688948730e-01 5.284665427619956724e-01 5.828270534482795640e-01 1.461918663978918065e-01 5.361243218420417289e-01
5.728678892370965281e-01 2.712899516356677698e-01 6.276725621440497616e-01 1.690925658003610277e-01 5.170060792121262683e-01 3.192468689340247634e-01 1.749852479722800447e-01 5.309346865874486898e-01 2.672285672450398497e-01 4.519414833398056053e-01
1.974321566832580033e-01 4.736827625333867031e-01 5.040685242096667462e-01 5.056342395090944741e-01 3.488324550952289771e-01 5.688422393033163438e-01 2.023563872460306945e-01 4.195349144405793318e-01 5.950301032702072224e-01 3.638693852042809151e-01
2.732420208108169990e-01 3.760501626077790149e-01 4.594100639416300869e-01 5.165408990553350677e-01 2.474766046648773643e-01 2.415004636792293380e-01 4.795588280253708646e-01 4.095784534882522809e-01 2.405608969723400659e-01 5.584561854480376564e-01
5.514678792166259891e-01 5.272533581338274544e-01 4.071606482221263867e-01 5.619339312357138905e-01 6.011188540153661330e-01 5.829734103026028569e-01 4.642097358737737878e-01 2.870190614503726478e-01 4.122968352861033359e-01 6.302069599236378439e-01
4.065759631736995394e-01 5.342777549780597379e-01 6.022316013909410071e-01 4.840197546931548356e-01 4.625300404245407115e-01 5.167100906872527100e-01 5.564408399715596865e-01 5.713914441683635159e-01 4.210625553112753439e-01 5.386275121716386227e-01
4.798350191349769478e-01 3.146743504375598133e-01 1.457649788145105874e-01 3.598656007693566417e-01 2.420954727674380913e-01 2.909446955461930107e-01 4.632533481572019829e-01 3.827163243096929346e-01 4.169066394618468063e-01 5.281113704434329259e-01
3.430669352873999545e-01 5.357833575273694970e-01 2.842863775810348659e-01 2.877691783708922757e-01 4.959793798738608706e-01 5.087303818663467814e-01 2.699230341657609666e-01 4.965288969937926566e-01 3.854617533953841324e-01 5.134660321318827991e-01
5.210967862346760349e-01 2.998380233055927824e-01 2.434065923506966156e-01 4.262701875259631290e-01 4.168777465825766471e-01 2.968881456626408788e-01 4.300727317060294985e-01 4.752476702825057520e-01 3.440576167863005907e-01 5.314020194387014673e-01
3.082885114528682302e-01 4.614542659128508806e-01 3.023331167727055790e-01 2.477278575472183220e-01 3.885921884476550847e-01 1.290548019373663480e-01 4.166423100447506078e-01 5.829657949156599184e-01 3.851064035272943054e-01 5.897916222221138982e-01
1.503205280714083603e-01 4.076220363702148797e-01 3.347384051371776748e-01 3.625155464119342863e-01 3.835993758750221305e-01 2.911535788426108939e-01 4.309213376135835327e-01 3.928978655863061276e-01 3.583857625560098459e-01 3.661874488991607723e-01
5.801195294712876427e-01 5.576825679229926447e-01 6.413207802431126758e-01 4.402737997373873391e-01 2.751550220223223375e-01 5.313896314291528533e-01 1.834551394055903006e-01 5.006872872134434660e-01 2.715041588629254488e-01 6.026448727535683725e-01
5.409032369805828466e-01 4.924900239961508275e-01 2.208759744680509618e-01 1.584700727046327584e-01 5.623331015459511750e-01 2.664817126098953382e-01 3.946312284623634259e-01 5.120920878123691455e-01 5.965119693255360733e-01 3.266266096736289426e-01
2.270217244750941110e-01 5.472467747422353757e-01 5.047225270731845459e-01 5.861788100939615553e-01 5.007019686933853464e-01 5.988535789657118968e-01 5.326168620907190121e-01 5.413899491632104821e-01 6.320655807235042722e-01 5.595167585594390536e-01
4.952695798749239264e-01 3.541398270117802616e-01 5.015424674766501001e-01 3.226868174801318934e-01 3.127639974927631239e-01 5.660735232099841641e-01 3.478468636826046456e-01 1.421042159133417693e-01 6.202559876598605637e-01 5.266401218799472428e-01
3.767929450412388359e-01 2.806938087973557261e-01 5.877676920562184826e-01 4.897272965858391336e-01 5.120365316888723095e-01 4.643334476789060528e-01 5.103925405391103176e-01 5.678264837889439587e-01 3.065900992923308310e-01 6.316466251105502527e-01
2.646313147573964297e-01 4.882273184348556727e-01 3.143654790981145197e-01 4.939441275469016457e-01 2.459931473799347457e-01 2.962836587861517046e-01 4.631833231894808556e-01 4.670594911108648661e-01 4.660289095506518486e-01 6.149604332381922722e-01
3.911348085036909783e-01 5.709070187308962208e-01 4.229727718367063405e-01 2.896719971965152629e-01 2.180079517102905262e-01 4.738421829282983277e-01 3.445349405193190995e-01 5.104273181891159084e-01 6.511753852773245477e-01 4.256763749537419983e-01
1.867473807313254075e-01 4.732819762574355660e-01 3.526564250442185688e-01 4.957677404256294329e-01 5.797199995756638913e-01 5.506054106287324723e-01 4.960451646513397983e-01 3.846857485225409490e-01 5.510396339161611756e-01 3.119628082975770544e-01
2.737001323171561751e-01 5.412556416527148917e-01 5.387922132817777321e-01 4.210952297652759135e-01 5.414086790479378797e-01 4.804455755877812262e-01 4.611970999517333580e-01 5.256960429590669115e-01 1.822833357542802679e-01 2.977248713532987257e-01
4.944228814763262925e-01 4.912772956285355597e-01 1.074484339190221599e-01 6.020618621573197160e-01 2.605554092280855105e-01 1.381164965986394488e-01 1.815850524355529516e-01 3.951873970982250350e-01 1.740544257785636983e-01 4.766414446001894234e-01
3.448329233881080591e-01 2.003921017892940637e-01 4.878292095240260862e-01 5.016083875911754308e-01 1.584855886158236249e-01 3.971103723638663152e-01 5.669150770872135592e-01 5.706915089592641266e-01 3.510651077134102627e-01 5.037695513329598640e-01
2.108753905050530231e-01 5.730694798195841155e-01 1.719556432131282564e-01 2.592414532577813624e-01 5.840381630305926386e-01 1.385519669715275792e-01 1.452076545706474930e-01 5.860081542899131524e-01 4.386865894668410815e-01 5.219429590017825582e-01
3.207732484514720372e-01 3.768900178398432721e-01 3.890054865180047061e-01 4.509451863974560659e-01 3.486837989250471947e-01 6.048032507892646681e-01 5.326815966488425147e-01 5.206917763072397287e-01 3.853372203035055898e-01 4.215721215721215387e-01
5.295840190890408472e-01 3.521187210836999593e-01 4.802970570944427031e-01 2.210046487560126116e-01 4.276204211809953026e-01 4.178088446727779570e-01 3.318252746570171108e-01 5.687865326127307108e-01 3.003999080694927937e-01 2.774314741864375988e-01
2.147823705397256810e-01 4.022983633150887806e-01 4.221365476688950791e-01 3.398017722614496416e-01 2.782656433701209964e-01 1.568605185486293963e-01 1.754641958614472363e-01 2.627508601192187210e-01 3.060731948030653293e-01 4.468654419539256351e-01
5.181238987271201690e-01 3.893582757087920010e-01 2.903377811272548348e-01 5.149880067439709386e-01 2.545877635075027290e-01 1.736061624079541232e-01 4.518182173236041654e-01 4.185944893413686696e-01 3.746570306304696230e-01 2.595322898592773986e-01
5.232578705007917552e-01 4.316343222514330558e-01 3.590367777865708376e-01 5.006003719951970243e-01 4.658440299445447130e-01 4.590589096327042928e-01 2.265630045591623953e-01 4.369873476623364894e-01 5.800280538992573787e-01 5.277230424355232596e-01
4.971976304044877226e-01 1.642701012271922112e-01 5.469037267842313810e-01 5.907183235356796569e-01 3.745681917092807955e-01 2.894349224826864853e-01 5.793460126384282205e-01 2.885220510312219711e-01 3.908794044033813142e-01 5.091809162650328124e-01
5.015204763114898823e-01 3.788543430558553027e-01 2.374334851390220713e-01 5.064489386752206723e-01 5.460160338966679738e-01 2.322787562513589643e-01 5.571353569246666471e-01 4.842918867462495114e-01 4.956147041563095379e-01 2.890769999403192125e-01
1.056523935834280531e-01 2.718066455308947860e-01 3.980149542841776023e-01 2.528700060307476627e-01 1.765111149044630290e-01 2.688964303083177798e-01 2.604099570550613696e-01 4.819401007985605334e-01 5.842739811150478024e-01 4.253148506339995416e-01
4.125882163206483488e-01 3.692733501127401508e-01 2.931242646236736915e-01 4.397726379881672365e-01 5.458897203462420578e-01 6.095888160856689497e-01 6.583855035730790117e-01 1.610595670426107073e-01 5.115690277633597738e-01 3.320101906730391628e-01
3.090370723436777767e-01 4.880703091327968091e-01 4.144353093574739133e-01 5.742850170932363163e-01 4.927291199758508378e-01 3.736562096544323586e-01 2.346013367925395277e-01 2.366884182877780907e-01 4.340828631203395016e-01 4.025807889995600686e-01
1.510904349887400577e-01 1.824287720048063388e-01 4.431374225802435785e-01 5.473948430599099302e-01 1.202871611166130145e-01 3.984653107571162756e-01 3.422049390734634433e-01 5.006847443548211318e-01 2.325867874143736080e-01 3.083026441822085406e-01
5.333701037668967526e-01 4.052411362232399838e-01 5.360326565369725182e-01 5.101083720891879114e-01 2.546957310115204876e-01 2.705594073260498833e-01 4.518841022599034418e-01 4.801568426066891715e-01 4.333512199239640261e-01 3.022586500534726883e-01
4.039330473394446841e-01 4.918799058084772913e-01 3.881202336114534246e-01 5.871832591976020588e-01 5.484086144102784388e-01 2.977990661471183742e-01 4.837171625257161711e-01 1.551342293169744313e-01 5.556994671656554363e-01 5.157843821657971395e-01
5.039166946900192068e-01 5.163856126854079465e-01 4.447062448357784747e-01 3.409097803344296462e-01 1.826545570434948695e-01 3.136379065912052178e-01 4.052903180231042235e-01 1.855697062104714745e-01 1.662620810101638202e-01 4.899467695470531847e-01
2.565227682728127845e-01 5.453670004871582488e-01 3.346925013673160976e-01 2.573411611481877248e-01 5.436716857285344151e-01 2.958170670540224423e-01 3.986822581155298750e-01 2.748522438876083163e-01 6.228034106724451568e-01 1.737269275509207844e-01
5.984407738237592644e-01 2.581852367510542590e-01 3.588093318001187582e-01 5.593181798990185527e-01 4.696509695682662411e-01 4.645427054002993494e-01 2.030346788450027862e-01 1.961604291086833096e-01 3.874476080358433272e-01 3.120087566498218612e-01
3.969688358435161657e-01 4.630704568279176425e-01 3.033026864893062502e-01 6.162250846750917388e-01 1.862074709483077517e-01 5.623916890039721839e-01 2.688412429366378031e-01 5.864690296455532525e-01 2.863282455124817605e-01 5.581225701162009223e-01
2.060999874914325458e-01 3.569813268649396631e-01 5.053184180237393353e-01 4.923473417653864703e-01 3.151764510025945043e-01 3.555833217457219919e-01 3.357846951252684287e-01 2.304729543271835657e-01 3.294117422994618516e-01 4.492217153984882083e-01
4.083339447735284677e-01 5.827975953895072614e-01 6.033649740661783945e-01 5.903708629734868429e-01 5.386052594489785239e-01 2.320403094980049152e-01 4.097995939686982503e-01 5.917234691474106967e-01 4.180290091582868905e-01 4.534470787228576105e-01
4.544180408869124554e-01 5.515150117600136070e-01 1.540680243345119715e-01 4.890613826018193611e-01 1.693478106732685395e-01 2.983200774945130029e-01 5.094498083909819730e-01 6.041744875282842875e-01 6.261388522753204011e-01 5.026210633762793201e-01
4.064989242318902685e-01 5.171412556908739910e-01 4.610018631244672815e-01 4.809684096471225079e-01 2.995004251700680298e-01 2.930715675419077737e-01 2.519953480599710360e-01 1.312299960447683711e-01 4.820759443880937023e-01 1.600657655534405421e-01
4.325756163318493774e-01 2.401815342208626358e-01 5.754209684079640841e-01 2.281825929043449219e-01 3.925452491601417182e-01 5.634656061282976580e-01 4.705034149362243290e-01 4.045816349547126656e-01 6.277302633061088155e-01 3.185418434647966923e-01
4.404218554455348045e-01 5.743711185040705214e-01 1.889646115860803555e-01 3.852797851499150106e-01 5.637899272681881069e-01 4.102942130947788701e-01 4.766151692608003310e-01 3.598115885920764034e-01 1.686448263515932522e-01 2.791206180610036336e-01
1.642238956091046642e-01 2.676783754908754753e-01 5.067513349962831093e-01 4.218085856425339841e-01 2.532095549818291214e-01 1.757071492736311247e-01 1.780805442047120046e-01 5.857881357804609612e-01 2.901606078128114996e-01 5.251127598755966908e-01
5.244227697148954315e-01 4.145711111164012141e-01 5.657832059007866787e-01 2.947695143192773370e-01 1.370034473970140332e-01 1.039062500000000056e-01 6.279343167616830979e-01 4.128245857906484018e-01 3.867096525067277857e-01 1.568677318105235752e-01
3.090918631368773095e-01 1.907136444238917705e-01 3.875297455346682352e-01 4.228426341931374455e-01 2.968610761436308310e-01 2.616975662928219259e-01 4.387603815737461943e-01 1.844035981486434883e-01 5.217545018930620504e-01 5.406591904401167881e-01
6.255167351865464909e-01 2.258057935536515459e-01 5.138744561104412467e-01 4.368096727964299042e-01 1.575464758623833228e-01 5.751378266002772355e-01 4.062833699707530388e-01 4.482915502529638552e-01 1.776187745050704647e-01 4.226735474266355985e-01
1.431880668428193726e-01 2.964169455208287007e-01 3.526863434599643021e-01 5.508118892206647077e-01 3.539298320396045971e-01 4.390579869598227880e-01 3.435840983640955915e-01 1.436407643559046710e-01 5.483502820830474800e-01 5.440343919465724376e-01
3.848431577903984602e-01 3.028820511127702231e-01 4.148516700870389373e-01 5.895857338569499007e-01 2.885834033662686426e-01 2.639102686850098300e-01 1.483073590561150845e-01 3.792481793382462274e-01 5.657243532954517873e-01 3.312510519422481314e-01
5.719007725688506349e-01 5.779942702139497790e-01 2.086364675265770519e-01 3.599213864001655216e-01 5.860789747616785839e-01 1.343588735899990949e-01 1.332760273798638539e-01 1.964845719796260437e-01 5.392961162642320172e-01 5.591722092871030947e-01
2.553376529250922511e-01 5.187420511439002624e-01 2.700553331243328858e-01 3.840993040839149608e-01 2.683069051969830809e-01 4.620791233790027541e-01 5.291273639497211523e-01 1.842796947941540142e-01 4.233934672578635316e-01 3.832090737454225682e-01
1.778707391356492418e-01 2.872093389964657795e-01 2.993758029098081419e-01 1.690573068417470515e-01 2.595043845043845110e-01 2.666238091435297886e-01 3.468708943344600004e-01 1.875728102787530549e-01 3.096557576914147902e-01 1.733687509551637140e-01
3.192480714349398285e-01 3.083103031448738429e-01 2.410486754236754181e-01 3.414991215598975893e-01 5.332578911541061562e-01 3.465724726515690968e-01 2.092422366007271606e-01 5.715911831348385874e-01 5.803027519166087389e-01 1.833637393636700086e-01
5.940984301102587573e-01 5.992758894861495156e-01 1.611609890157682246e-01 3.495668637102073428e-01 4.012178248590446139e-01 4.879381608801746095e-01 4.595544901018897010e-01 2.176918594579271837e-01 5.227075935716352095e-01 3.793295229136132152e-01
2.195074108189175310e-01 4.521789830377533903e-01 5.465151217379685677e-01 3.464325473469606620e-01 6.047673155667472322e-01 5.300663076709607457e-01 1.731211336163677728e-01 5.671262330083677305e-01 2.321684108425978998e-01 2.475442618077473012e-01
4.929194610859353176e-01 3.349085664372288829e-01 3.814520277698151274e-01 4.838446594597954342e-01 5.587320509519314582e-01 5.528996579939975398e-01 4.821745318430455396e-01 2.060756173404998670e-01 1.356189852558244979e-01 3.108620376308539601e-01
5.917547609091342586e-01 3.446697379896928037e-01 5.806242673671058174e-01 4.981810822758111490e-01 1.586765712206255063e-01 4.097880094068813150e-01 1.281656137613924051e-01 3.040503823906102743e-01 3.692537276940782154e-01 2.035606116660500509e-01
5.330048509212750307e-01 5.836506225411279836e-01 3.048534734394045542e-01 2.893708490445250914e-01 3.745038847168042917e-01 3.304074731625096240e-01 4.012314879450102900e-01 5.819548744509028815e-01 5.511053429182546370e-01 5.767300678073976616e-01
3.040612068542506430e-01 4.849334626488485123e-01 2.476834834824221399e-01 1.899399626458811996e-01 5.042111439170262610e-01 3.165669520759880617e-01 5.913368148179706241e-01 1.636088221470240467e-01 6.238609265411590998e-01 4.185036675987653387e-01
2.234456231170916241e-01 2.230521271360398905e-01 5.069170783648646594e-01 3.553179338312086877e-01 3.612691696657264750e-01 4.223468877374475516e-01 4.708420490343480092e-01 3.839221089420133959e-01 5.523776803809871128e-01 4.939649235418337447e-01
4.802896265803786036e-01 3.204663081217926646e-01 2.025760748136057887e-01 2.217274099161760659e-01 4.224510672307269510e-01 5.219212276610691870e-01 4.246065689561728806e-01 2.578370787604448156e-01 6.442837381498558447e-01 4.027059166839387361e-01
2.585577853990927988e-01 4.691496905456064015e-01 2.542069287870300509e-01 2.900495206509174917e-01 5.196371554074095123e-01 1.475645053926191441e-01 4.465714389691607944e-01 5.151655597298179234e-01 5.333210647229338353e-01 4.748755881799360257e-01
5.791346915457312727e-01 4.314539066631647990e-01 1.842751352861866365e-01 3.360885888085782813e-01 4.673354597238808528e-01 3.170149973414698175e-01 1.250077325646133108e-01 1.602181537992681259e-01 3.610346279238353384e-01 1.576442851942373713e-01
5.210145860480394076e-01 2.522822577934164534e-01 5.214415240081167191e-01 5.302863159894809497e-01 4.037329321730175336e-01 2.004704997662744015e-01 3.461257069812947451e-01 5.402623816590422789e-01 5.276590041685182975e-01 4.225765325608015210e-01
5.919199866281579236e-01 5.155462729923531162e-01 5.384600269814974194e-01 5.499158084009752034e-01 4.935924659460643737e-01 4.299548473461517473e-01 4.578210371696302960e-01 5.373245815660232516e-01 5.462965926757883395e-01 2.501142722706283239e-01
1.788937411922404963e-01 2.684128798197651933e-01 2.423912123787814177e-01 4.576790810164896861e-01 4.492472161536520958e-01 4.768361436053670799e-01 2.823507404621206085e-01 4.029296217805573010e-01 5.661205465073260168e-01 2.280502746787979040e-01
3.098122221196462633e-01 4.995256779232817301e-01 3.529519299108850872e-01 1.928607665113105385e-01 4.383104874620938896e-01 5.034890669074478797e-01 5.896355261696747396e-01 3.440290887473986259e-01 5.117488927326571124e-01 5.981412452356466014e-01
1.849295679434853623e-01 4.401044490404788512e-01 4.021825812049808491e-01 1.616906643668509225e-01 4.571818315390163701e-01 5.005106340288925093e-01 2.311886434354329667e-01 2.788753306822800426e-01 4.956098066578114025e-01 5.872577175570014019e-01
4.549985311263506915e-01 5.940269792789556469e-01 2.664348617383892059e-01 3.208884358866931352e-01 4.035766407440093406e-01 4.361821564059648049e-01 2.894736009234339935e-01 5.523279326226967489e-01 1.451149425287356354e-01 3.869998433951922223e-01
3.250143497256894332e-01 3.593448600329334774e-01 4.095203686577337798e-01 5.884077054219974956e-01 5.212878851843781858e-01 5.836967618135731062e-01 5.332146976275968786e-01 2.940389669633863834e-01 4.520112759742408448e-01 5.522709543973148838e-01
4.019895916273611425e-01 3.998088020153314770e-01 1.685129571101187940e-01 4.754215892453250714e-01 5.477086418164373027e-01 1.178943278943278966e-01 4.370111524104745016e-01 3.177827220239753947e-01 3.135314666628025715e-01 3.807576671620342412e-01
4.558028596782156550e-01 4.465718109022970284e-01 4.956351148467330603e-01 2.777184806076155033e-01 5.482688503733912366e-01 5.439112401417375287e-01 5.532951100431239277e-01 4.421142144951014652e-01 4.748856081863629397e-01 5.557728139046065330e-01
6.090589671810575645e-01 3.575747801925390768e-01 4.280702527797716206e-01 5.655803270095580704e-01 5.740529045898173921e-01 5.307736575304347060e-01 5.611064994088501567e-01 5.850947872751511847e-01 5.269978869446954040e-01 5.510111082243108749e-01
2.337028532792716495e-01 5.012107798890775845e-01 4.366274806800111152e-01 5.176421873831590359e-01 3.084538910880063600e-01 5.943164974379406829e-01 2.358762457217093156e-01 5.930399265662422703e-01 5.476462093418779098e-01 5.044298170149172922e-01
3.570679370266222064e-01 2.800860429892688130e-01 2.090989684074790467e-01 4.639042891185469752e-01 1.579605245311067330e-01 1.346533970763997556e-01 3.339691311580876842e-01 5.058761295009055470e-01 2.661063502478764886e-01 4.827629927737534521e-01
3.497312396684642000e-01 3.762003019888288113e-01 6.068256946305726762e-01 2.040406868529311135e-01 2.295247699723043378e-01 3.995783520508795483e-01 6.049302015347814976e-01 1.948696826276666849e-01 2.737959004080793290e-01 4.545256392022232750e-01
5.383885651034607811e-01 5.093986085979909095e-01 1.034554669430366169e-01 5.201233294745859492e-01 5.212198180476730336e-01 4.537356711374312956e-01 2.548693885963397299e-01 2.221823080696922470e-01 2.280837195208271495e-01 2.841127255853703182e-01
5.173226422111163458e-01 3.664342947583651977e-01 4.892087306813380221e-01 4.691969026796854458e-01 2.645570010089155488e-01 4.376113754346970253e-01 3.846584138041181378e-01 4.847216291051835713e-01 3.530394150894026195e-01 5.347073590727813297e-01
4.301747635080968579e-01 5.072325436126130516e-01 5.977108538451889608e-01 1.753961739246542861e-01 2.980949464760750400e-01 2.017808912770411578e-01 5.162772774513477714e-01 5.495477384513549612e-01 6.023392528431013027e-01 2.091760200170726947e-01
1.793830352224370095e-01 4.316666242513700347e-01 6.011150095173781738e-01 2.447208215401599496e-01 1.359417392546051762e-01 2.188662131632669317e-01 1.760695060357512776e-01 5.261429631053410327e-01 4.224996831604294067e-01 1.760170265481806606e-01
2.466698104273268854e-01 2.137999937678201623e-01 5.495718065668542263e-01 4.762304022135933623e-01 4.285048116250075867e-01 2.004532442748091781e-01 2.676596830056173770e-01 3.902336454968033941e-01 5.555758635304088866e-01 5.053574602595082288e-01
4.354726253888122067e-01 4.912076389600587012e-01 4.951146822114564916e-01 2.661680503778002249e-01 5.582092492609928014e-01 3.652738050822866289e-01 1.358524803935151071e-01 3.923049911903944142e-01 5.121087309680774080e-01 4.741754421548116660e-01
1.330068173423934741e-01 6.111144552446104994e-01 3.659291753584110740e-01 5.193196349686119984e-01 3.078133246414726520e-01 4.104534678434049177e-01 2.253238442367848648e-01 5.026290033029033877e-01 3.167345053210172123e-01 5.532627276105537284e-01
3.692362228224706500e-01 2.069200607554861904e-01 5.377448061740066620e-01 4.932146620502785295e-01 3.477399789348618042e-01 2.394819113160737700e-01 4.589538743008657606e-01 4.539426817747602705e-01 5.194042948564459028e-01 2.236800316972431257e-01
5.239464385401036983e-01 2.795492317724622700e-01 4.511819624420011499e-01 2.990009261500307658e-01 3.973810412888082455e-01 5.477299514906784905e-01 1.818272649891650439e-01 3.189133581667392137e-01 2.854594429457915084e-01 4.580826525961679274e-01
5.777618439823539731e-01 3.922106345126578075e-01 5.092432031663909342e-01 1.668322193020576605e-01 5.809387734779764001e-01 2.574709347346117450e-01 5.718938306865561927e-01 6.159119595264174185e-01 2.950391498881431707e-01 5.532426852561247443e-01
3.654900106453481956e-01 1.628071130886857287e-01 6.235014861923030560e-01 3.102552875739067462e-01 2.530492908552486320e-01 3.972966352257525924e-01 4.927794774410919620e-01 5.102311588924881569e-01 3.209663050793324368e-01 4.583783768607546660e-01
5.506365060095332886e-01 5.612353882896391477e-01 4.649056328151427997e-01 3.245723113703129492e-01 4.352197151652785756e-01 3.200309115032663465e-01 5.419579760097001930e-01 3.129805896003940990e-01 3.288272347170224097e-01 5.085362938111308573e-01
3.238378387944911285e-01 5.295460034772332403e-01 2.198771704566553353e-01 2.674130600856943207e-01 2.107622225291629070e-01 5.262824710697342478e-01 3.015147963876430026e-01 1.458498295703060110e-01 4.284453484290783321e-01 5.848435257822665045e-01
5.589937412311806186e-01 2.153326461325329177e-01 5.113440457121920524e-01 4.991001451701920222e-01 3.007774555264802752e-01 5.158928011954151405e-01 4.243815277950898635e-01 5.299426019307564850e-01 3.136991169592144857e-01 1.175169328279376119e-01
2.679880547610077879e-01 4.126039082833566907e-01 5.665895222525715313e-01 6.307069875399122783e-01 2.589383923318386849e-01 1.766024097313542707e-01 2.179378364538830382e-01 3.515776656568544434e-01 1.486055279549649000e-01 6.138895176882651628e-01
1.966216265716692335e-01 3.072480900424180428e-01 3.359886326176847460e-01 4.501795849136577266e-01 2.646529051908168562e-01 4.096642230386777772e-01 5.395637058763502747e-01 3.404511676290218336e-01 1.415608141404710030e-01 1.363427019367028648e-01
1.104619834887803770e-01 5.766993587755419037e-01 4.115443348987652961e-01 2.474620681313914605e-01 2.974247087573762549e-01 4.515522186491763845e-01 4.213560693605706287e-01 2.247586971851678050e-01 5.629831925724309016e-01 2.815916841353329758e-01
1.870132561181048758e-01 3.432955388763188065e-01 3.611378729076255012e-01 4.349661191397833360e-01 3.180523453724228844e-01 1.702160042937466700e-01 1.770399007032797956e-01 5.512543389581432418e-01 4.016480923869801822e-01 3.572408195253022889e-01
2.122296694543933937e-01 3.901390071848840346e-01 2.256071316587657249e-01 4.398095996567292776e-01 3.076074774986240490e-01 4.021538584672397776e-01 2.569929117328429435e-01 3.026902441862748261e-01 2.158517352166239023e-01 3.194317581576062159e-01
5.583134513470783267e-01 3.165280628943020202e-01 2.503599254742547853e-01 3.200272795525823666e-01 4.265460836846742820e-01 2.415413328396753545e-01 2.982510455117866055e-01 1.082381616473810509e-01 4.232636346675879846e-01 4.146954046589849119e-01
6.070440058629035240e-01 5.601686935430829628e-01 3.278039901951314561e-01 5.112918239233106288e-01 5.865374793320947688e-01 5.080037321256969385e-01 5.644005559212932344e-01 2.536457341873164517e-01 1.311155219021317153e-01 3.802253733381388834e-01
3.616620835551114244e-01 2.447573925212764567e-01 4.286441650500005807e-01 3.041834816930724661e-01 2.467962268281695126e-01 1.587415241257324749e-01 5.560150236237191290e-01 2.480326115737385151e-01 3.599498502420787061e-01 5.718779044338746509e-01
4.022516925452448433e-01 2.431132934505411403e-01 3.985868448045368218e-01 2.826845175235958019e-01 5.469765065509746282e-01 4.409601189000362798e-01 3.895632266042375891e-01 1.894612299390794341e-01 4.870876910613352040e-01 3.139620629627715154e-01
2.191025876985440157e-01 1.614910612371827647e-01 5.467828597583981320e-01 4.004910242628235140e-01 3.207493655769517726e-01 5.192562481180367229e-01 2.201608071427977043e-01 4.227154668028366702e-01 4.413286384001394169e-01 4.741302088903885936e-01
5.901201447109766240e-01 3.969797344353320212e-01 4.824958202513638938e-01 5.440129691471464746e-01 2.483860553325960285e-01 5.597257100634551730e-01 2.754196897887820072e-01 3.036495876488987666e-01 4.796697945055829471e-01 2.081556658247679659e-01
2.738435925163186235e-01 4.880494504453891103e-01 4.647063314921374699e-01 5.920352362137675239e-01 4.416957372585723074e-01 1.762175811816386051e-01 6.031973321329203719e-01 4.605633256561680322e-01 1.738251088990580284e-01 4.014429400851112772e-01
4.404591926670191615e-01 6.312024488555585400e-01 3.211274992096485037e-01 6.010564189082153730e-01 1.991982650413140488e-01 4.571777244396773021e-01 4.172442743307734347e-01 3.627212903626301221e-01 4.751365683491605152e-01 6.012837622015094752e-01
5.712093146341952199e-01 2.544604377491016534e-01 2.896192323083079390e-01 3.194355446793535336e-01 3.695069416745533353e-01 5.617639473549420615e-01 1.580824984457684657e-01 5.696112284188989960e-01 4.375257035449378606e-01 2.954067469014431402e-01
2.395053194578186939e-01 2.972856439947699769e-01 4.741868351446876240e-01 1.668971610946879680e-01 1.654809927332118458e-01 2.542967388568330156e-01 3.553804335214693633e-01 2.422005124421383604e-01 4.719439002606624634e-01 5.104470986330742477e-01
3.852653740868843824e-01 4.664977831308476652e-01 4.917557228211680842e-01 3.443211608336161911e-01 4.520541864206889526e-01 5.590022247320378668e-01 5.116743074297314120e-01 3.975186090523707971e-01 3.686981446737543910e-01 4.830195686599474403e-01
1.890696109446109163e-01 3.699698844515917351e-01 5.002645326644127310e-01 2.619198137323992537e-01 5.910761354632980691e-01 2.672883321725831873e-01 3.355396826038345992e-01 4.318359412339600745e-01 4.160131741386593474e-01 5.666288285985631168e-01
2.301128092011300030e-01 4.443259121830550051e-01 2.370907151557852810e-01 4.639854599794858148e-01 3.014788810833435306e-01 6.098705714905209296e-01 4.334210126878288438e-01 4.689989817556800000e-01 2.498514350134694306e-01 3.591717670270159757e-01
4.722209688199411892e-01 1.093819973130317758e-01 5.651315247394224084e-01 5.992586951804459439e-01 5.930657821309621713e-01 2.537884399343234287e-01 6.261684950127004434e-01 4.632161857900587432e-01 2.681457184499421720e-01 3.987623193417265677e-01
2.514557874296246553e-01 1.457048748353096390e-01 2.753540650148913471e-01 1.907700982530244893e-01 5.255066277408436681e-01 2.711293474673700521e-01 2.144106845659738969e-01 1.312414312606842992e-01 2.677031191896809270e-01 5.839978340160216774e-01
3.105383790755394946e-01 1.505476404231234633e-01 1.421590072659896786e-01 5.152950779574499984e-01 5.709481542638386031e-01 4.051544357871944557e-01 5.205191423287742758e-01 1.229917061315325133e-01 3.649569151227919361e-01 4.216071852832365963e-01
4.249271749364322837e-01 3.085186936229379340e-01 3.786214889661693173e-01 3.622751431636038744e-01 5.212286584782567234e-01 5.564746261018226337e-01 1.365147198480531621e-01 5.568750374709008355e-01 5.307980769476002836e-01 2.895875443380518943e-01
5.919840341417712537e-01 5.944523634658702704e-01 5.573890510236281237e-01 3.861656827154488214e-01 5.932158542602341544e-01 3.135428186359123792e-01 3.886991685566646981e-01 4.648333358234037482e-01 1.487110052279384531e-01 1.993738168729076721e-01
