0.000000000000000000e+00 0.000000000000000000e+00 0.000000000000000000e+00 0.000000000000000000e+00 0.000000000000000000e+00 0.000000000000000000e+00 0.000000000000000000e+00 0.000000000000000000e+00 0.000000000000000000e+00 0.000000000000000000e+00
3.217465196892567714e-01 4.080697388091675815e-01 4.186185840012396908e-01 2.763431243004560445e-01 3.292847604035571973e-01 2.585696987445855743e-01 4.785060623916038147e-01 1.249757516192340490e-01 8.217959886527073654e-02 2.485601811070493605e-01
3.428723869499858412e-01 2.719451729385367611e-01 4.720471347813053331e-01 4.149232659238524246e-01 5.144206757691022203e-01 3.869070949536315140e-01 4.798567497110063917e-01 2.927848908940747230e-01 3.096700222530041069e-01 2.178867693117625126e-01
1.018780115735730962e-01 3.176493168068640904e-01 4.404870249396596882e-01 1.730910364618779562e-01 2.283836930906430751e-01 2.692917364526450918e-01 5.470865933342183157e-02 3.326422902180911634e-01 4.393118946481720521e-01 2.050062502531257158e-01
5.263749234061831928e-01 2.640300841592854719e-01 1.800033373122575941e-01 4.996095411003556586e-01 1.191167019165105118e-01 4.826128008819253745e-01 3.178887308391604716e-01 4.975124334847766394e-01 1.199938180872414384e-01 2.905221430383180259e-01
4.998354216536846084e-01 2.431791739140595210e-01 4.140899180376190758e-01 4.331982943492577176e-01 5.208711923799136390e-01 3.865047256485302229e-01 5.144486896685092070e-01 1.506044930879555377e-01 3.458891253192839521e-01 4.926030500708756255e-01
2.029443028183652020e-01 5.141395002483570842e-01 1.580553614961076880e-01 1.547235587985553162e-01 3.737264650568039581e-01 3.242577639940393830e-01 4.927349345814555082e-01 4.901832780204172513e-02 3.871061700944763984e-01 4.635236219327554252e-01
3.033439808964847328e-01 4.305171587989066739e-01 8.464180478383832862e-02 4.292766278602316299e-01 6.411635095147988350e-02 3.638657151129297551e-01 1.489767490467969469e-01 1.234455567133426190e-01 8.212704336516166159e-02 3.411991607186193320e-01
3.866068835028899642e-01 5.329750469600328389e-01 2.765921437481535516e-01 1.069278822678401686e-01 2.893805163326385599e-01 7.265450106290539944e-02 4.114448461023375581e-01 4.740163142164470766e-01 5.170779386938950672e-01 2.762985248922127379e-01
2.837046629514543561e-01 3.571620337816158175e-01 1.587663780629610666e-01 3.876677675047401350e-01 1.113422744186563507e-01 1.622563685014422608e-01 1.398543046186038474e-01 4.007757263473681331e-01 9.631210264961370671e-02 4.118152279517481862e-01
3.125698513864654249e-01 2.989014009253372905e-01 4.300004341285686982e-01 9.734902374311006634e-02 5.353431679606844851e-01 4.597700477649024342e-01 2.618094608317773075e-01 1.716066103648996866e-01 4.471282575583039876e-01 3.285606528441874508e-01
4.037316139700568574e-01 4.561905937433881064e-01 4.012910835339264515e-01 3.034603480004973708e-01 1.212061904253899786e-01 4.113349013801503862e-01 2.178698163772724850e-01 1.541756943186535223e-01 3.336964352337410400e-01 8.276389231666500534e-02
8.733423582453161971e-02 4.402829176905881381e-01 1.161485329694301599e-01 2.883177104758938292e-01 4.568942942134536778e-01 7.272360466418498204e-02 1.643311658805438613e-01 3.425162413140344086e-01 2.393481470464207672e-01 1.876230345649879672e-01
3.977248673196194240e-01 2.585639889612228459e-01 3.164095890924473187e-01 9.815388612360277654e-02 3.991909031848541178e-01 4.788693670648470624e-01 2.929234484597749155e-01 3.890334477842462002e-01 4.986954068139724527e-01 4.325398218997933419e-01
3.518907949088901366e-01 4.619884291180189062e-01 4.564666756872919340e-01 3.288559082787499699e-02 3.699258177908836820e-01 4.169694370772970560e-01 2.255081551106115634e-01 2.461126006967734314e-01 5.004155460463359795e-01 2.330927661535087958e-01
4.388009258206475582e-01 1.769953219718514159e-01 3.110905414184689799e-01 3.299968973182999532e-01 1.055561086528276210e-01 1.830465393183450251e-01 8.202195210822692262e-02 2.398499779285791778e-01 1.367075192591784560e-01 4.233165804230569207e-01
3.895830339500251926e-01 4.256882020912161613e-01 2.697520808503134360e-01 3.873083643956883870e-01 4.452198907875483114e-01 2.443324176912852197e-01 3.495041782468602531e-01 1.266813845306815067e-01 2.235290575879317621e-01 4.156558053705748379e-01
3.155071154407073641e-01 4.623797337286854603e-01 2.842413342156499545e-01 3.970959101783815837e-01 3.909398284040522253e-01 1.861142127102101418e-01 3.190966527780513817e-01 2.627156412213497161e-01 2.407735845760298199e-01 1.408335550789908686e-01
1.197074886052259396e-01 1.924749561747406135e-01 4.487381741712135885e-01 2.507134003351533247e-01 3.257781295077519790e-01 3.274610429336705097e-01 4.881094305181802873e-01 3.419262181954773050e-01 1.172468973773244660e-01 1.974382178921916253e-01
1.246528812220349114e-01 3.390723428524988203e-01 3.053841136126248523e-01 3.145099064963782776e-01 2.858620860300258859e-01 4.692105081339560391e-01 2.998811797817168556e-01 2.314224867660518714e-01 8.445581991902899321e-02 4.277037411297337499e-01
2.911406747752498178e-02 4.696660020558587334e-01 2.000082495264751681e-01 3.976998057344838244e-01 3.126314399879829842e-01 1.858855527233780613e-01 4.563059404726392543e-02 3.336228687730100617e-01 3.062263745369847578e-01 2.778435346213655177e-01
1.377197934062460993e-01 2.396961287578212585e-01 4.996774604305631029e-01 3.655328157159559721e-01 3.853222284103499096e-01 1.269543461986856470e-01 3.535908626177170500e-01 5.083369605636184341e-02 2.831152994283809288e-01 3.811581379161897432e-01
3.511851718113098708e-01 8.397232617471199478e-02 1.664717376426121942e-01 2.727611981837013144e-01 2.923139688893630073e-01 3.469014805462274087e-02 5.250910099240350126e-01 2.770923211952332488e-01 3.276996237510955701e-01 2.407051767751004767e-01
1.819296974952115398e-01 1.978250851660365295e-01 3.799185258875303894e-01 3.212513587528624814e-01 4.007287985553010801e-01 1.271135126074045829e-01 2.661260055621116893e-01 2.128520491673552839e-01 1.798765300521916188e-01 4.629853281841445067e-01
9.695870982707596730e-02 3.306536562277443414e-01 9.886636068207123318e-02 7.658302047580058114e-02 1.425422718113709963e-01 4.446529930835911859e-01 1.838171208647274568e-01 3.328822552811711577e-01 4.703863307931360760e-01 5.696601600762780659e-01
4.139140955986542192e-01 2.424129792767411029e-01 5.068433384934987185e-01 2.577866298352466390e-01 3.347936672259903546e-01 7.441301308004169557e-02 3.055952241244028755e-01 5.146147202646196295e-01 4.190270771563318203e-02 8.482463507624270205e-02
4.085251221875821903e-01 4.905561590234369662e-01 2.514927302342447879e-01 4.698660878609872138e-01 4.779237564286761830e-01 4.006687177435532266e-01 2.905271283487564221e-02 5.327584431961548406e-01 7.534327128475941382e-02 5.280509426228575665e-01
2.346308002029933448e-01 3.061935976002278514e-01 8.119409391603435444e-02 4.210084910568427374e-01 4.605164864601903885e-01 4.244721465490228218e-01 6.692962453972865766e-02 3.906293330095036986e-01 5.575554310959039972e-01 3.145100956051333219e-01
2.819561902626689931e-01 5.793894920276401739e-02 2.985760214875977647e-01 3.784035065577094348e-01 1.086732234198330288e-01 6.561795539186217330e-02 4.676671343133311787e-01 3.860525615864269788e-01 2.173555891354128633e-01 3.824018466814890771e-01
3.219684958385639617e-01 5.566449010121123087e-02 1.991757561466498405e-01 3.775734956868787018e-02 4.728317604151657250e-01 1.847739617377862353e-01 3.417057806775642415e-01 2.581293516628259677e-01 5.204107759897472762e-01 1.870509448384480022e-01
4.966811489892687947e-01 2.375389753264254070e-02 4.243799526056298288e-01 7.870663439814139239e-02 7.335809473427599980e-02 1.296545277240259142e-01 5.325756745635074063e-02 4.885916193030140908e-01 1.500218465759722564e-01 2.131398136342844973e-01
4.092529937350634639e-01 1.928973487330783443e-01 2.663899442566152187e-01 3.356935872318578262e-01 4.866262878826244087e-01 1.871431737169930720e-01 2.364525583675109455e-01 1.335957985946981397e-01 4.524722346590748789e-01 3.273539736975761283e-01
5.273237488874893408e-01 2.128457155785591637e-02 3.528528855767140149e-01 4.695340691464277572e-01 4.465281885749445845e-01 3.068144782061111853e-01 1.552403197267510082e-01 2.566862200422166396e-01 2.651268698049917827e-01 2.155573369613620338e-01
2.032406080986822738e-01 3.714693429782884304e-01 2.355462063658132210e-01 2.189507704215794270e-01 4.205533629693905540e-01 4.020468423302250294e-01 3.287484398873782299e-01 2.553715498361524006e-01 4.907227429932603524e-01 3.863976623194620985e-01
5.936499817635413484e-02 2.699241085160795084e-01 7.736860092365552277e-02 4.020161970238120830e-01 1.006680420299938539e-01 3.928737328971489973e-01 2.801387854734602167e-01 9.297139327011441634e-02 4.961343271095728924e-01 2.728940103023211328e-01
2.829082726572471618e-01 2.469735165087012241e-01 3.671040552772463633e-02 2.344436871864742922e-01 1.259778039452003062e-01 3.279104657675105394e-01 2.085818482072457070e-01 3.681803980890451800e-01 2.887950251690630382e-02 4.703411089638619980e-01
3.728237446650352060e-01 4.304107741515154628e-01 1.683469281713138033e-01 8.900631923939567036e-02 1.606133802499892516e-01 1.824473049812666281e-01 4.358038483621476389e-01 3.476543323309169153e-01 5.025900248449646224e-01 2.537619322227783747e-01
4.498811740091754330e-01 1.425958772988726586e-01 4.688646422635316946e-01 3.563857108512927807e-01 2.917043459233314429e-01 3.256272070639197880e-01 2.799596150140858941e-01 4.583170641859593553e-01 1.598400287157322741e-01 2.952532791577437421e-01
4.780490786877819032e-01 4.530851818015634302e-01 5.379873344739898311e-01 2.106388969645996423e-01 4.423560479143782143e-01 2.710465873660656277e-01 4.795594970468112783e-01 3.226391021454743102e-01 3.346786752882072724e-01 3.846388802006104890e-01
3.015381143378725870e-01 4.436192364074997285e-01 4.732543933907596978e-01 6.888389123437915762e-02 1.149604858189913481e-01 3.213204468219956200e-01 2.857084713642570883e-01 1.420221471441009131e-01 1.812452974609386758e-01 4.542859584645767557e-01
1.827140415954365271e-01 1.207805408336861119e-01 5.482439184935001819e-01 6.264030224681094161e-02 1.173559681070240890e-02 4.474428798260002282e-01 2.736719438099705637e-01 2.704647447937856275e-01 2.873962576577268613e-01 4.747315310766445640e-01
3.021919519454419611e-01 5.399635117192445044e-01 4.535884945374588639e-01 4.072804734329150134e-01 8.478948197512446716e-02 4.152341229086465857e-01 1.773614391859582862e-01 3.895024969993430841e-01 3.713156196679840981e-01 2.909312904294178437e-01
3.597277547264345898e-01 6.416046102036485066e-02 2.716048275058350336e-01 4.480674710780597203e-01 5.009895415456426804e-01 1.605237156586881431e-01 2.164347417284459008e-01 2.563207206379294889e-01 5.286380303751410104e-01 3.252733911574657300e-01
2.531056552501184109e-01 4.198935039504790301e-01 1.975627186789681855e-01 2.427162357497130163e-01 2.455632542826181267e-03 3.760165475864255535e-01 8.375909647502581545e-02 1.175967812851596156e-01 3.887170455711917438e-01 2.925094223023465556e-01
2.611367898155034784e-01 3.570354319206405641e-02 1.795382189960425257e-01 3.928328724209719791e-01 3.633408453988539177e-01 1.014747553312898842e-01 5.347549476014381575e-01 2.285531666462348455e-01 1.062084725490299447e-01 2.404078700601287033e-01
1.915045606539729217e-01 4.504324366819582037e-01 1.730539948229924407e-01 2.817415913870598976e-01 2.510132298317265254e-01 4.207596322019450108e-01 4.524323826773453683e-01 2.221163089916555478e-01 1.581652647742659290e-01 4.288613432110163770e-01
8.652413393246842499e-02 3.068437238555599134e-01 4.686023972254040881e-01 2.686781280343457645e-01 2.240563831531167394e-01 4.562625660370442371e-01 4.618497343709019320e-01 2.758863358052233150e-01 1.991483517523441049e-01 4.222072860663756977e-01
4.882889389381252498e-01 4.220328801383414485e-01 3.989264145762234093e-01 3.761761565705704635e-01 4.103792248208817939e-01 1.234772480701562120e-01 1.953436767505067062e-01 2.123259764424575702e-01 2.218700889915807273e-01 4.144961818347294158e-01
4.632685928790057917e-01 1.503429761062032022e-01 1.517978255726658288e-01 5.271963235952270566e-01 1.734808106019525564e-01 1.042133861339801099e-01 3.130723052070646939e-01 2.168687482401699951e-01 1.436987059596403493e-01 4.210813225785452890e-02
4.545454634775272229e-01 2.873127050844941910e-01 4.456839787459743740e-01 8.158073894226863798e-02 1.544526898210487886e-01 3.784299793174196735e-01 2.059784698399532987e-01 3.343251491474156789e-01 3.071364784737614095e-01 1.999889463022473113e-01
3.273956325986963622e-01 4.382998136212451490e-01 3.139428079922588766e-01 4.842508397705513334e-01 4.674808604712127336e-01 3.881999039503897242e-01 2.016369531968514039e-01 2.003078101508276032e-01 2.331572103618804459e-01 2.326086908714339319e-01
5.486149138445792217e-02 3.208640163446499494e-01 2.108746406988221134e-01 3.042046101943713943e-01 4.146958368610210721e-01 4.686891487731736361e-01 9.160014107984806864e-02 4.807687499776879259e-01 4.072893753494105096e-01 4.195622015097618673e-01
3.331005619911678317e-01 3.174883398964333248e-01 3.943468692210116977e-01 4.135116549132179103e-02 2.607788339025164936e-01 4.384945727145048155e-01 4.744313799646133756e-01 3.498467396561872889e-01 1.694229505245043454e-01 3.529359065371626691e-01
4.649852131230175489e-01 4.183368105135270021e-01 4.159167273593284420e-01 4.831160360752094207e-01 4.099225376082361594e-01 2.832671553805093945e-01 2.912281021041307483e-02 4.544938871373246925e-02 2.271459229495346732e-01 4.229171805105307880e-01
8.179791756232529520e-02 5.054918919742378280e-01 2.474035579848882227e-01 2.271103110461961672e-01 5.988439376224266586e-02 4.251365235441659229e-01 5.996287455719769705e-02 4.473688882866918015e-01 4.982870623398324983e-01 4.345037279957732479e-01
4.060389582884082471e-01 8.088097139505753819e-02 1.255765011463118586e-01 3.723681754120752863e-01 8.529074847609681431e-02 4.177946353015532521e-01 8.430575165762721479e-02 4.959488740282725350e-01 3.898949585571104270e-01 4.182233133928179303e-01
1.044827284291994784e-01 4.101057521283276164e-01 3.431803476318879276e-01 4.893596207898139316e-01 9.383199572640490982e-02 3.318348994127626184e-01 3.025870150453386365e-01 3.040719174597225627e-01 4.450836100948842300e-01 4.393037721976540411e-01
4.145197218438763653e-01 3.159416108730378481e-01 3.817684175482750630e-01 4.426521643045996379e-01 2.136843734849953602e-01 3.317721458204189733e-02 4.687589064520555349e-01 7.068324290828376100e-02 2.550368353479034456e-01 3.768193260712252024e-01
4.544949284820904434e-01 2.657223141882295026e-01 4.466813693168563137e-01 1.967495141045639828e-01 3.759257138529163988e-01 2.415668377545869827e-01 4.231613971096085391e-01 3.494011230189163486e-01 5.090237916787528905e-01 5.191259131392436110e-01
3.456303092068980787e-01 2.794131075913073303e-01 3.730886839227766649e-01 1.782594935914343648e-01 2.446710680115843362e-01 4.193501480952770977e-01 5.610163459020180154e-02 0.000000000000000000e+00 5.057458393276490494e-01 4.406225028096174001e-01
1.597082328785929817e-01 4.816772493852801706e-01 1.640683732428253327e-01 3.096241791262382970e-01 3.556384358515752853e-01 1.518931922384702815e-01 1.407920074685594936e-01 5.201451150484972530e-01 2.058683854908472388e-01 3.952181740278999378e-01
3.483556558415454862e-01 5.580934715367005805e-02 2.065396412538539339e-01 4.495451553816359747e-01 3.360806041687572909e-01 5.079221876588126960e-01 1.695400913300424139e-01 3.842476216980449943e-01 1.368882950757639994e-01 2.391114098745111549e-01
3.926665840065156066e-01 4.313828308149846302e-01 1.517864198659125141e-01 8.014714747991726063e-02 2.508145626812934847e-01 4.616928693845734899e-01 5.255848843199240755e-02 4.447807836611888943e-01 3.042673835721022568e-01 4.461676456659705026e-01
5.163015191791836545e-01 4.167082998468578103e-01 4.673455672269997696e-01 3.393530023693711595e-01 2.319102836105211285e-01 1.802022915726548546e-01 3.246743013418115775e-01 4.513598485329129439e-01 2.674208361896185937e-01 4.491623990717946713e-01
3.538169314998163562e-01 2.244415676339753252e-01 3.413874430322955678e-01 6.609240981510236534e-02 5.832526605187045299e-02 4.671531868582092795e-01 3.033143760589473992e-01 5.264344522997190801e-01 4.985171656406018337e-01 2.081001978824319198e-01
3.721582087791662774e-01 2.607156330451445569e-01 1.504286427418897176e-01 3.288509357376848130e-01 1.388341467862244383e-01 2.925768220965134780e-01 2.593956017224968158e-01 1.393623605258045572e-01 3.414221699367593343e-01 4.063260160713856595e-02
4.325737720233259753e-01 3.412670515021353213e-01 5.127632026657364950e-01 1.272562403576464329e-01 3.473389879195724061e-01 1.609124926212487372e-01 2.519671397752427100e-01 6.864137947698380204e-02 3.059907406849097788e-01 2.757520279719326978e-02
6.846328075844784755e-02 8.151972215679070821e-02 4.331186208050328834e-01 3.347633400291429862e-01 3.241934640820018920e-01 3.292438775889520164e-01 4.620835474501757134e-01 4.567049725752375111e-01 4.945062112124025133e-01 3.070834251618680399e-01
5.142988549243614899e-02 4.688795927184780110e-01 5.281771291777086486e-01 4.454233685187021230e-01 4.971251690659944100e-01 5.384959397933329894e-01 3.568287886280768761e-01 4.910711588017392937e-01 1.157320079839683769e-01 4.569965677548376570e-01
4.652482022993614241e-01 4.011943435470696762e-01 4.865632116165423127e-01 4.641423106780573904e-01 2.512656796515033708e-02 1.400625596842178522e-01 9.545427620909463506e-02 4.169856388871353570e-01 2.320868806845835519e-01 4.136427703791286659e-01
5.204064812359824321e-01 4.535952035547239358e-01 4.594353074115980484e-01 3.242754467402457208e-01 2.628634906236209101e-01 1.227087401181693460e-01 1.238092673575992286e-01 2.191976238753678974e-01 1.810544538658654112e-01 2.874891647968628172e-01
3.415250218794969594e-01 4.595829795532176965e-01 1.678237877163814562e-01 3.024950456357005102e-01 1.553390097773117984e-01 1.452480499616538023e-01 1.725483430652421935e-01 5.063916675618356233e-01 2.502264710988514884e-01 3.335996261278805775e-01
3.191720533378455960e-01 2.019987244176286653e-02 3.950627667936885135e-01 9.527345072026287276e-02 2.753872040510355057e-01 3.204515867394554518e-01 2.689679108742767388e-01 1.733951650661110788e-01 7.736069446755844403e-02 3.533090537429750544e-01
2.906373186132400477e-01 1.030136368348524845e-01 1.225882823306071456e-01 4.292948474924528357e-01 4.415650923065674305e-01 1.997379746262955835e-01 1.603560549902898202e-01 1.597983482014297130e-01 5.109878312975265624e-01 1.480591205503835606e-01
1.698311031428063889e-01 3.753233825021424219e-01 2.752051369515038926e-01 3.624697112998086501e-01 2.056120485686498134e-01 4.640497444530177762e-01 3.346639731106794691e-01 4.352743206308966051e-01 2.048609696837344618e-01 1.608263578041120856e-01
3.919402260485566614e-01 4.188999456455923531e-01 2.977363627782806943e-01 3.131786799435949398e-01 3.986752269736679732e-01 3.918804614337251802e-01 5.271242005566647432e-02 3.931716332904354738e-01 4.238072550439202502e-01 4.008025595133593022e-01
9.993669120769717307e-02 8.104331140650439247e-02 3.710016081874058513e-01 1.495782721667628379e-01 4.778004291965336492e-01 3.947861882041555082e-01 4.133495253375936151e-01 3.674173160464969667e-01 4.962963563664488792e-02 5.100640443889939979e-01
1.573178670764972531e-01 4.953356334423017482e-01 4.370201114214311566e-01 3.341058272548052543e-01 7.552186675393275650e-02 3.964453834117469544e-01 1.063642182285977345e-01 2.792523890287590960e-01 4.454418016041069017e-01 1.900234302678004972e-01
3.475610153158824600e-01 1.202971702819360111e-01 4.963460880765299676e-01 3.472585235824915406e-01 3.514720197670495594e-01 3.278825115150853509e-01 3.832531513456360339e-01 3.206060504600131145e-01 3.234310174034346064e-01 -1.077645748861292933e-02
2.223963492193370417e-01 1.610399539637868971e-01 3.466560172841381404e-01 7.170907104030681267e-02 3.471319895639848330e-01 3.864273526715025775e-01 2.286239978584491961e-01 3.450015866250554231e-01 3.697734388604317357e-01 1.393506721111057722e-01
2.772694150345106356e-01 2.156202708898550535e-01 2.608901667759672693e-01 1.528008260342641478e-01 4.829994651695029284e-01 2.850079271661847269e-01 3.953466361572694487e-01 3.918589505168561526e-01 2.471295732490908226e-01 3.995407110385054139e-01
3.987317731033745982e-01 5.088053453700989159e-01 3.655851972237722514e-01 1.197565784923586979e-01 4.246822300725964228e-01 6.906649667271917703e-02 3.338884116455710926e-01 1.545895994560473607e-01 2.250046224489465618e-01 3.640641631375308718e-01
4.999136936519179564e-01 4.464075408054950234e-02 4.409510362753000234e-01 1.698428509281857401e-01 6.945734170896099291e-02 1.978432665088683262e-01 3.797411569874897808e-01 5.055815151002035490e-01 1.615712968511506809e-01 5.795077522905364709e-02
4.257692166617329521e-01 3.538781603105847773e-01 4.155158265825398822e-01 4.191597342714605823e-01 3.036381466665368234e-01 2.711561398041208437e-01 1.162920820909677938e-01 4.259852328669324478e-02 3.700039371940329613e-01 3.573886356318236590e-01
4.604492947680519088e-01 4.353448824281345719e-01 1.482537573683559984e-01 3.734648675953347041e-01 1.928213437473460523e-01 2.577311089325580729e-01 4.946688023135265011e-01 9.851419316074422339e-02 1.168824011453332978e-01 2.188645987991136022e-01
3.067356885537841915e-01 4.456739059843153883e-01 5.386128274886431422e-01 1.143401278333304738e-01 4.846026816779361313e-01 2.631789875729576567e-01 2.271865115117830125e-01 3.183530501525541068e-01 4.170765663819525626e-01 6.512857648626665941e-02
2.398284539818502370e-01 3.587247512082373802e-01 3.905029719491376894e-01 2.127328341637907683e-01 5.049966913932061319e-01 4.242511980656879511e-01 3.207232301067774460e-01 2.834698158540170376e-01 1.804782515992741088e-01 2.337479532493613177e-01
2.628279975730713480e-01 2.449953804032126981e-01 2.067386543507168939e-01 4.280230682084598115e-01 2.106805231557674352e-01 6.627718329648896178e-02 2.002591181841615608e-01 2.669765617021576665e-01 3.913951288593056632e-01 3.455805542625343674e-01
5.094662840911994284e-01 5.172011219206781307e-01 9.158335869796559170e-02 2.066516161380184680e-01 3.360980780191832884e-01 1.828594920584309391e-01 1.851345395921124015e-01 3.959671713284387828e-02 5.094558176274824879e-01 2.737601734527940200e-01
5.853976250388225749e-02 2.808304492632564542e-01 6.088818368771088500e-03 4.679133959545997423e-01 2.586799361659590235e-01 4.811565292206224087e-01 7.507441611626884670e-02 3.400498786415496189e-01 5.382483520390768383e-01 1.939923702557130869e-01
2.874617752349538091e-01 4.014767671471035082e-01 4.338632015360473493e-01 3.556996655423890208e-01 8.591269034370643820e-02 2.011691184901400475e-01 4.757535784236903709e-01 4.068747146269259263e-01 2.048379049430718024e-01 4.283668714804352851e-01
9.162019051265073155e-02 2.342780091873756521e-01 2.693714510210062918e-01 4.662090472626006510e-01 2.874215299043085814e-01 3.943972515749196578e-02 3.723699605399451440e-01 3.994129623726786482e-01 9.612862089444094982e-02 4.947500899885839964e-01
3.297558961210623751e-01 3.901764915074135143e-01 4.396888235835382797e-01 3.653781716265007695e-01 2.882769853587097142e-01 1.127250935975156187e-01 4.906701739023626163e-01 2.982385228273148892e-01 2.887442335449983966e-01 5.666007467478209603e-02
5.106985152849823351e-01 4.903918363245139966e-01 4.956631751443736356e-01 1.416874244648542447e-01 9.825943432919037601e-03 1.217547723778825419e-01 3.877544028199015336e-01 1.726701598379709879e-01 3.354924914960593085e-01 5.489787380338885248e-01
1.524871740423298094e-01 2.724842569752489174e-01 4.924089584113582885e-01 1.663895816628448432e-01 1.312382787349585800e-01 3.525091326186713947e-01 2.706847040055971321e-01 3.623552324936584745e-01 1.396441499459372682e-01 3.148868253653569482e-01
3.549760273968509683e-01 2.472082378625333754e-01 3.822215216118188819e-01 4.632234664801391788e-01 2.245882986128974190e-01 2.782911386644856822e-01 4.026709642293505587e-01 3.163557927483667820e-01 6.871214415484867832e-02 3.127658039254015976e-01
5.603238449467847632e-02 4.138147042292599775e-01 4.059152837906735423e-01 2.493138804306475886e-01 1.084758545650786193e-01 4.291964362964296731e-01 1.551720312020064829e-01 2.534331485062876754e-01 2.628056344879318162e-01 4.299976833030517143e-01
2.137367399279031521e-01 1.410839859249699291e-01 1.789202337110089025e-01 4.660269740211674394e-01 2.527711654394225738e-01 2.687135625148603935e-01 2.201734098838474818e-01 6.036370077159600861e-02 2.555995977281440013e-01 4.754927451385664861e-01
3.465798215602352572e-01 1.933804111008445570e-01 1.822705934724162535e-01 1.910002049465900631e-01 3.639832081013530396e-01 5.093144376962154274e-01 1.314508496689196781e-01 2.828621955043489899e-01 4.480973723242558382e-01 3.299322562970312123e-01
3.994979277661304673e-01 4.510016535917200642e-01 4.184035799193908667e-01 1.997738295097865324e-01 1.750278584003662208e-01 3.783494479883470762e-01 3.743975499986024191e-01 2.391215698275123980e-01 2.806178252697713038e-01 1.375132673264763405e-01
4.123742013886217972e-01 2.379693665639018019e-01 1.954387209997394681e-01 3.188908351878134706e-01 4.425385263229097421e-01 4.127405575274127325e-01 4.497101364866634698e-01 8.875376189615238887e-02 5.174178293357075686e-01 4.587340585599500309e-01
2.362211861525518597e-01 2.647509056362677970e-01 3.005348510229721715e-01 3.189866283377996159e-01 5.808529329242069494e-02 1.262439970328093630e-01 4.388723597505488905e-01 3.650814300906118914e-01 4.285836405102429469e-01 3.795085446241062699e-01
2.200301895757072745e-01 1.012409025835348392e-01 1.978179127267297721e-01 1.732788222246099408e-01 3.370348202071159482e-01 2.198365326775896245e-01 2.391887749116543282e-01 4.788985235070388757e-01 2.924468391950310053e-01 3.201304372838265633e-01
4.801045018682739141e-01 3.901238915330859092e-01 5.281751711403768201e-01 5.884006518280104903e-02 1.106668349030276166e-01 2.743477091238960552e-01 7.252926086776763370e-02 4.741289444439573120e-01 4.051821910767177126e-01 2.110135875614276013e-01
1.980349980875234228e-01 1.515260285881208091e-01 1.930439462466070066e-01 1.386328767756036806e-01 1.118431888867631729e-01 3.065658551907033402e-01 3.577456677412969022e-01 5.055132870827637737e-01 3.091622478540713148e-01 -3.099736268250105273e-02
2.122572560299986200e-01 4.880415781787988405e-01 5.694520450802550288e-02 1.201217613641100412e-01 2.131409859750021951e-01 3.886059280588786136e-01 4.371480525187764754e-01 4.968815144143087087e-02 4.168541063412598002e-01 4.424698051641544061e-01
3.992128060940525192e-01 2.111055982840040202e-01 3.766982188317474778e-01 2.568707340123271288e-01 3.883255123602267211e-01 8.002785329826084260e-02 4.132277899670775967e-01 3.131007161006209294e-02 3.482817339948126034e-01 2.834201380238386969e-01
1.009098568066439106e-01 2.294397250181458014e-01 1.647635503107126309e-01 1.394129083401398628e-01 4.400726206855228861e-01 1.879252723583214602e-01 3.716669743434773965e-01 8.625200411149004653e-02 3.763036038894841950e-01 1.689379886889833537e-01
5.231233079065907843e-01 4.100969977241802344e-01 3.778878710790800621e-01 3.813722374788856007e-01 2.408011724035770684e-01 4.686526398955950246e-01 1.012855192812602834e-01 6.153476500434312824e-02 4.673370578048343660e-01 4.344028014530725845e-01
1.931405828097642607e-01 4.882815211821599499e-01 2.902407594918794409e-01 4.776398833529756360e-01 2.228264573024623385e-01 3.089867103405379845e-01 2.524597237501528535e-01 2.446866032387601253e-01 4.747457985021394378e-01 5.009210117138634955e-01
2.392413458609073396e-01 3.063419234395416413e-01 3.712559891618035235e-01 1.558814591387524817e-01 3.870991191110870755e-01 4.215453516833709835e-01 1.089452113770397051e-01 4.735089226581696287e-01 6.253015825062024913e-02 4.564977342821568973e-01
1.189828738823261456e-01 4.743946412908396915e-01 4.447275246278237226e-01 6.996239086697980669e-02 3.176323141022531216e-01 1.158530147898387819e-01 2.385195164094313369e-01 1.423630805143685230e-01 3.529049069526112858e-01 2.502159895805574075e-01
1.673388817562462827e-01 2.341516726086594335e-01 2.762416154810084512e-01 4.100292432372477647e-01 3.759582154358423467e-01 4.591494194936747153e-01 4.178338193350622509e-01 5.065638829914371338e-02 2.613106980345056285e-01 5.225961270140663251e-01
3.814803453655650212e-01 1.788602638201406414e-01 4.237332285650052266e-01 5.105062788221079728e-01 4.144084563472889560e-01 4.308905276885857671e-01 6.566347395574620438e-02 4.155332841794923127e-01 3.237438800630383917e-01 3.065852394979551865e-01
1.303394294941621345e-01 3.143887637684591452e-01 3.779770615404873246e-01 3.675212206984866670e-02 3.093757521994632276e-01 3.558831549814188144e-01 1.826484676969974963e-01 2.921834270660855215e-01 4.202444425314995069e-01 4.374150354438701704e-01
9.755097006480249744e-02 2.605723578648890815e-01 2.110297372314478836e-01 1.673585239961346838e-01 4.970087466635768614e-01 4.643754678348156473e-01 5.555903492977274510e-02 1.127992741187775760e-01 4.925414481252088916e-01 4.550079323110052254e-01
2.199034649071955616e-01 1.394011087732877630e-01 4.465846465552945066e-01 5.086228191957479217e-01 3.875583117551220647e-01 4.809061478336589812e-01 4.636215963399241691e-01 7.021748119524388876e-02 4.351740687108443528e-01 1.251020810554853424e-01
4.411546831462063167e-01 1.582254085073394045e-01 2.094645852508051076e-01 5.118851586057046044e-01 3.524196725483103587e-01 2.397411652832791285e-01 5.132346184813726397e-01 4.585515071514596475e-01 3.110419513959432614e-01 3.388854157361739783e-02
2.619792364215510760e-01 4.747269626201809922e-01 1.782774068741063422e-01 3.203997093461732892e-01 4.098044870927535221e-01 3.274809013812982061e-01 3.060036877635642916e-01 1.717312992290503104e-01 5.217032235937179019e-01 1.804735440661658086e-01
5.571952415442754658e-01 2.412808290614592566e-01 1.373005866029675115e-01 4.192252204996356202e-01 4.403224902750876857e-01 3.280589332787950396e-01 3.697398218326783392e-01 2.531725876565639188e-01 2.661842857591292799e-01 2.114742338935764743e-01
4.840142742499632389e-01 4.484247470997668183e-01 4.991429339529733777e-01 1.438585005884535362e-01 3.546382337349212599e-01 4.930339019617944185e-01 3.741042095739930406e-01 3.919057636842047110e-01 3.474097558525252594e-01 1.870975889388522551e-01
4.776749646711858088e-01 2.506573537094678450e-01 4.517028232974407143e-01 1.138680141131644397e-01 1.264154989481851010e-01 1.308569345344606505e-01 2.928583445932002594e-01 5.184873183496232496e-01 3.357698575603311197e-01 4.468177067950701575e-01
4.149548962413394659e-01 4.727923944231495201e-01 2.503384028051658938e-01 1.358442216300225769e-01 5.270923302117582754e-01 2.806739914570194894e-01 1.138649521354129501e-01 1.807645674040932182e-01 4.129444861238654174e-01 1.556693756408407681e-01
4.461543361702793864e-01 3.602014007934223883e-01 4.383554968583303069e-02 2.774613555263685249e-01 6.993483572153377792e-02 2.486464436185077675e-01 3.415937353082357242e-01 6.023946858761153322e-02 1.208642608598890500e-01 -4.410257385497354417e-03
4.925282368567863167e-01 4.855869266840436849e-01 9.892392986661728560e-02 1.362026986005260842e-01 3.903847428933959196e-01 3.442995252155994779e-01 9.739457171184974504e-02 1.004842242809969588e-01 4.288031029099430569e-01 4.176938636296442797e-01
4.683823443354998561e-01 4.896682624824332669e-02 8.593616140857987529e-02 4.663350979075219643e-02 4.003457890522462703e-01 1.064847895431620811e-01 2.021010364192460662e-01 1.407445184499583890e-01 3.477917865019659605e-01 2.018830656755881414e-01
4.237157890120196724e-01 4.426349942421921035e-01 2.326913709434166588e-01 2.861082461032380397e-01 3.181001788281573872e-01 2.761729218668975694e-01 4.649037175384588272e-01 5.890696968739719125e-02 4.523153310115479719e-01 2.823977222832695366e-01
3.694913383764908965e-01 4.748581130099768788e-01 1.069629096148609904e-01 7.163485598000060572e-02 1.189648804911194596e-01 2.154374086121096932e-01 3.651091369714045132e-01 4.429047641018140635e-01 3.159696771441343754e-01 1.731724014993201721e-01
4.146953165239377626e-01 1.209826733148612748e-01 5.063298704997966082e-01 5.286348935872848820e-01 3.929984905660689476e-01 3.460678265288438249e-01 2.459251877273438414e-01 3.363079537032482302e-01 1.037158587383026215e-01 2.808071216227220335e-01
1.310046887760440981e-01 4.578943574754487655e-01 3.529295279844075761e-01 1.660141131972473760e-01 2.005204699995413176e-01 4.517718740973064029e-01 7.997059076720262893e-02 3.001693262607081913e-01 4.745308805707325606e-01 9.944264173441388910e-02
1.917074985767406592e-01 3.237641096671322050e-01 3.923095911787736201e-01 4.278948103161601124e-01 2.095518317943667053e-01 3.879326124400673814e-01 4.867370017953058792e-01 4.065592784366557355e-01 3.909376375285119054e-01 2.664271087111754754e-01
2.665175215767912054e-01 1.744068038949398713e-01 3.727735116425390238e-01 3.991072551913281696e-01 5.215316713418099298e-02 1.187898770535973786e-01 4.578007540856021129e-01 2.302896807771069587e-01 1.017998634580297712e-01 3.397169907562596625e-01
2.094223986436740126e-01 1.221286122111005790e-01 2.639850329129488360e-01 3.846020966144249598e-01 1.576590928575712092e-01 4.952447500727246710e-01 2.040168630587444187e-01 1.208059562613211096e-01 3.594148700919456707e-01 4.103055850743289601e-01
3.061074548059040112e-01 4.240014109701906869e-02 9.742056610188365440e-02 2.269010752947347720e-01 4.782565458887578780e-01 2.524021617235736037e-01 2.183343861374358041e-01 5.032339542576867997e-01 4.987020406518091753e-01 3.399579195049187708e-01
4.849305689050315560e-01 3.000312030177315625e-01 3.408446492040627107e-01 5.459069188012862783e-01 3.766338927455516461e-01 1.054222083835715251e-01 4.889151588196019582e-01 4.363467776450442592e-01 8.679930791219127306e-02 3.986276939851958190e-01
1.475145971637016329e-01 5.034187418266363734e-01 4.732409112610062030e-01 4.138879159517503958e-01 3.002486612068938077e-01 2.702212580018606980e-01 3.213285855483932751e-01 3.466864742450752046e-01 4.126925086958327937e-01 8.839263869395037887e-02
4.597030467790976238e-01 4.407061770030684666e-01 2.009965425895390290e-01 2.567186134562642330e-01 4.051143337511011744e-01 8.906535115586725060e-02 2.505400326720838566e-01 3.212714549924174379e-01 3.731551780451641820e-01 1.089770586655456341e-01
5.218382329256181229e-02 3.570234260327353470e-01 4.535894145897149676e-01 2.621213111740304247e-01 2.208315400862248812e-01 2.640247653799796534e-01 3.090362439334087274e-01 1.042358500686393560e-03 1.010865980187823504e-01 1.983479911074959301e-01
4.262251528817146973e-01 2.374150513750432345e-01 2.044706225075960948e-01 4.161594453433144492e-01 3.353312882529355110e-01 1.931804973382705570e-01 3.385026275998546663e-01 1.932868300761466096e-01 3.518837141404917435e-01 4.801442360219005945e-01
2.552093662982304334e-01 3.811050710693184018e-01 4.124033045547687570e-01 1.190039183471269385e-01 4.074283358979417513e-01 2.530756681991236934e-01 6.970332543526840119e-02 2.824103198967761741e-01 4.420277335901162119e-01 1.819973185122195358e-01
3.951013419306896868e-01 1.159542389222888714e-01 4.819981047726807910e-01 4.850120632325245484e-01 4.681086940915328565e-02 5.740994148733465086e-02 4.050812542646265446e-01 3.065016301375103058e-01 3.718642679207056490e-01 8.509161525736697040e-02
2.389238480740951409e-01 2.510000857606906610e-01 3.862775703673262950e-01 1.702546239771369208e-01 4.334417809315805337e-01 2.163269644491542520e-01 3.056661266152930212e-01 2.483609685406379664e-01 1.770488321871781512e-01 4.215628064749353254e-01
4.497277570150220449e-01 1.782821369978176140e-01 2.523867682137757029e-01 4.044898255280003352e-01 1.127480419500491993e-01 5.222279421511251130e-01 2.065373315259399489e-01 3.684582890622524198e-01 3.270828038530842474e-01 5.618062276862463567e-02
3.727154476081934731e-01 4.418159579295137807e-01 3.281250659056939023e-01 2.765354421945538932e-01 -9.538751426588458829e-03 5.113747744702388243e-01 1.657888114969760518e-01 1.518750098193165088e-01 3.390514752808921339e-01 4.189464837301697386e-01
2.887969516597480579e-01 8.451747829263914213e-02 1.446149388770329447e-01 4.402193723580707929e-01 1.677397131650996687e-01 1.589071934737555924e-01 1.296530060963999309e-01 3.384314434876595223e-01 5.275861431053816553e-01 9.760322442341555493e-02
3.170910064847001220e-01 2.507594996308120106e-01 3.391706425457595708e-01 3.494611590510915966e-01 3.342744339596889214e-01 4.098686366538339398e-01 2.018089426959428223e-01 2.563941322600306605e-01 2.150533412008923950e-01 4.721539938671187042e-01
2.718737415064521601e-01 2.920296232882859111e-01 2.426831815062549247e-01 4.698919745742941023e-01 1.164705486781253824e-01 1.655363920048603943e-01 -6.351676345375018191e-03 7.760734352387033217e-04 2.147723858190255519e-01 4.583541376509828180e-02
3.602153261320086841e-01 3.144422614502359603e-01 5.332867345031602202e-01 6.248697613767563441e-02 4.015348476486488849e-01 3.572219286902641455e-01 3.594575576038885334e-01 9.810177223896221488e-02 4.780673457700195250e-01 4.670668880027480374e-01
2.905626881085110469e-01 1.079527191223956517e-01 1.418705282620450758e-01 4.426601598096698842e-01 7.802138567748177767e-02 2.017101704828459241e-01 1.094344660936596020e-01 2.605516361812261206e-01 4.518176634211165110e-01 4.385123365546453877e-01
3.182615680767437172e-01 8.951609554998389562e-02 1.602761430894133754e-01 7.708868310871207219e-02 3.791925847053409515e-01 4.719264493296865814e-01 3.932563539976926537e-01 3.401901496252915380e-01 3.519823243714614303e-01 2.766446545741894636e-01
3.559932149386229039e-01 2.374537369838796985e-01 4.326209435811824155e-01 1.416684285607368865e-01 3.301160570008389583e-01 1.475210755119737427e-01 1.831683960513012799e-01 4.658139548222096638e-01 2.958065122329178176e-01 2.617203791961702497e-01
1.460498773240361259e-01 2.673360402049897999e-01 7.366330587891330162e-02 2.477890636215708542e-01 1.609554928297568521e-01 4.186700630713371396e-01 3.749957237660487275e-01 9.448468410641705506e-02 4.095346741804368751e-01 2.159063747767352437e-01
3.577174652471664107e-01 3.949994727611953471e-01 4.516586588303386773e-01 4.065208938008635364e-01 3.159208160042376035e-01 3.966156400554623485e-01 4.591878796908825944e-01 1.849924898235470183e-01 1.322044894838378115e-01 4.572621728667342067e-01
3.626840081951700490e-01 3.751774183858763712e-01 4.952252317662606540e-01 3.626636243342006294e-01 4.738781496311297858e-01 3.803581934756404270e-01 2.021214473632090003e-01 3.275676529301216333e-02 3.820349449189116009e-01 3.733237257703033163e-01
1.634875530159411172e-01 1.355736272946920229e-01 1.134873737460463938e-01 8.182526531091192934e-02 3.810575863064528113e-01 3.651520324372223292e-01 3.488658644149169041e-01 1.103075845667353533e-01 2.102625866167341998e-02 4.378205032752358061e-01
5.000053334186681936e-02 1.414596229908418046e-01 5.682700664709770116e-02 2.594933136951564911e-01 1.611920120488046781e-01 2.177383897075486630e-01 9.171392704042868882e-02 4.930233117799733278e-01 1.219069287355473014e-01 2.578705802182665874e-01
1.507119926451118974e-01 1.112053638888462342e-01 3.675473358766275789e-01 1.704712374412850062e-01 7.749891134763420286e-02 4.423938373006068292e-01 4.268829936647874357e-01 5.296099429524223773e-02 4.839934655296782018e-01 1.195053986371306526e-01
4.752289248134868860e-01 2.205828102509544419e-01 2.419521299880439402e-01 4.610682261093174139e-01 2.360829377407229757e-01 8.101324990780724156e-02 1.160232545321168846e-01 3.181263311723707132e-01 4.171809042631186570e-01 3.438163956307292990e-01
8.946429863931973370e-04 4.454095741611015513e-01 2.194681335750253426e-01 1.615783163833165170e-01 2.162074044543457474e-01 3.140746747362803126e-01 1.244252099243565168e-01 2.107792681410378954e-01 3.456620339059226499e-01 1.973304697683123665e-01
1.347309217202828924e-01 1.801404846469098764e-01 2.593644312509429395e-01 4.384047976390722523e-01 1.931939218166696115e-01 3.977933850727112253e-01 1.713212546786663792e-01 2.934514017671465136e-01 4.192409963889042745e-01 1.717204475495785476e-01
4.324060984555960219e-01 4.653231759164677128e-01 4.971912900598858265e-01 2.420916550536796885e-01 9.187933801370833098e-02 9.462464490040037313e-02 2.044197617515993715e-01 2.877727700832968805e-01 8.009648166604362018e-02 2.992203415738696748e-01
5.497360811006399839e-01 1.644332187884986751e-01 4.025447402659493301e-01 1.141873687511324176e-01 2.073208971071335838e-01 3.785352766460875484e-01 1.235248703049081492e-01 3.425073929766032088e-01 2.141963593025792145e-01 4.482643140735194653e-01
4.710525491028973860e-02 2.995382723527279314e-02 4.747787241837501671e-01 4.617025913349253052e-01 3.821775205920710516e-02 2.749316400063522292e-01 6.832814827932695567e-02 2.950950590297774512e-01 1.711988977086842945e-01 8.784029406393355222e-02
3.009496746784988130e-01 3.721150347118743484e-01 2.426103525564143881e-01 1.161317905743386031e-01 5.054058990089916881e-01 4.700774464302901468e-01 1.252678740858317596e-01 2.054965728023391280e-01 2.412125023727055007e-01 1.687420961796719521e-01
2.228865072709104167e-01 3.066659790234712024e-01 5.458059361747280569e-02 5.939745617983215736e-02 1.833504041790742500e-01 8.506210991210363948e-02 4.469563480108524473e-02 4.614801149444191508e-01 4.095501014245255811e-01 4.489631093718041699e-01
4.836788295688226325e-01 4.015905239775660052e-01 4.088856129008627271e-01 4.248990220796202560e-02 6.209786810560828652e-02 1.606056325049000644e-01 1.403554643044538364e-01 3.140803749202423778e-01 2.460436192658135568e-01 2.500612945130862852e-01
4.767342263409813929e-01 3.751897239049424293e-01 3.637303138154038828e-01 4.810847104092997872e-01 2.604011400342258753e-01 1.301484898085666086e-01 5.415923087682988912e-01 3.224978052723196931e-01 1.009078252714193935e-01 2.871444998281919569e-01
4.352410133915299850e-01 4.379159368625630822e-01 3.668109355919669801e-01 4.239129380202761310e-01 4.065793481710756052e-01 4.270246782114692913e-02 1.111067780222799867e-01 2.551662034074514973e-01 2.600396703393727527e-01 3.221784646636847160e-01
2.059777638795555199e-01 3.704578581856610153e-01 5.954146952120492609e-02 2.849157272877304026e-01 2.756034189394425404e-02 1.449369236841883957e-01 1.061930353146515044e-01 4.251845093232926587e-01 2.711923494543635460e-01 1.088132944481579462e-01
4.737384090010366977e-01 4.592049880607552703e-01 3.406965186269018120e-01 2.167447253007149799e-01 1.535009192023698288e-01 5.411885719547151474e-01 4.895457751993053663e-01 9.316927729401175418e-02 2.090796389743538319e-01 2.612186281038873514e-01
2.298567121205310482e-01 1.375681171625514065e-01 2.189057491675241440e-01 1.381265461706654984e-01 1.848450550578365215e-01 3.248217984686462834e-01 4.344240385790307246e-01 2.308958220831923702e-01 1.753596701994226681e-01 1.319489593195092014e-01
1.359465771505643794e-01 1.714812543669880507e-01 4.260244086699176425e-01 2.998672354589450029e-01 1.411384604060705039e-01 4.905227381710799972e-01 4.982802342595513689e-01 2.976626385693884047e-01 1.808847263955784823e-01 1.937330097252387695e-01
3.160725431204328140e-01 3.915393283600729357e-01 4.908973331614849278e-01 4.658664141355020050e-01 4.801778640553452937e-01 4.582209942702993866e-01 4.217308573361312485e-01 4.119149910326996289e-01 1.101635936983078046e-01 2.735027627158305719e-01
6.982501931043870458e-02 2.077512919002729719e-01 3.530146102602919195e-02 4.590067210556970090e-01 3.145496015963500369e-01 1.775858036292831954e-01 8.348573017695405662e-03 7.012763910390223954e-02 1.386571379122086278e-01 2.588327792542898242e-01
9.242023097898043049e-02 2.724075298562027014e-01 3.146290129261634094e-01 8.349544378969074587e-02 3.900639552238586716e-01 4.858687789622766484e-01 3.009121570977811855e-01 3.012558645283603398e-01 3.931733076137813865e-01 8.777892793000657834e-02
4.896631907811012652e-01 4.186372095282188677e-01 4.435782682084588036e-01 2.328045739296101257e-01 3.631399889111094903e-01 9.565639293543154453e-02 3.127334104306938034e-01 1.552330951175103779e-01 8.148070185033474966e-02 4.536537190681392273e-01
1.093921976127915086e-01 2.196141526473269490e-01 3.499418450061022590e-01 3.209584078866919987e-01 2.937202702796711251e-01 1.241711274126635484e-01 1.308979070486946117e-01 2.044574379128332731e-01 2.299020629405120753e-01 2.248182529167231658e-01
3.687884869632756385e-02 4.476614346759592022e-01 2.945456117188299805e-02 2.104491409478811692e-01 1.022825885738261054e-01 7.875388101887953463e-02 1.980043866461792534e-01 3.150569138752396525e-01 2.516264905603312618e-01 5.127339403510230431e-01
1.217047742973353108e-01 1.137752156528665237e-01 8.124006394049225477e-02 3.732030605813521085e-01 4.266185490694810456e-01 4.748352500828159073e-01 2.060455095962673011e-01 4.090220002088341689e-01 3.068484669925807817e-01 3.329598190108146172e-01
3.090223232415209020e-01 3.781735607890068795e-01 2.656029249035402606e-01 3.715494578755931809e-01 3.209336642106366821e-02 1.861888723564207870e-01 3.499234607485708914e-01 3.535713532226327227e-01 4.072987810111067808e-01 4.657889105853975087e-01
4.202103577577894766e-01 4.506024449386575870e-01 4.106902333200742050e-01 2.005734365456895152e-01 3.164173011765114008e-01 4.761172942787516571e-01 2.846634758091714512e-01 4.416212235323517254e-01 3.540427590136691616e-01 2.531924042492651461e-01
5.153018054378672996e-01 2.131117976813775294e-01 3.476164621580258851e-01 9.968713587458119529e-02 3.929936652075861625e-01 1.638062342070886745e-01 2.899148318594337859e-01 9.607148649361688109e-02 4.343147030314495338e-01 5.036446970724162142e-01
3.385974880304046253e-01 1.769771483373979160e-01 3.250992725356925961e-01 1.497729399635948366e-01 3.885335504005779650e-01 3.065353811080244184e-01 3.127563771067596865e-01 6.898245696929719561e-02 6.360236992012573143e-02 3.468029499052436848e-01
9.466985555088235083e-02 2.403678053194948372e-01 3.890470126698578057e-01 4.161424535604371644e-01 2.152984437158620146e-01 3.786920132755807744e-01 7.457628747399654146e-02 4.835078900714770422e-01 4.261089262702105751e-01 2.480589209014993912e-01
4.240060501301615714e-01 7.485899803532050645e-02 3.676597190846030844e-02 2.931295508293906837e-01 1.162125138308595929e-01 4.174932813545117471e-01 7.644991825707860011e-02 3.855247939358132370e-01 3.869592189021073825e-01 2.754280973094452301e-01
2.194179033460745554e-01 5.061598226072723250e-01 2.288242516936186133e-01 1.575622868685679356e-01 6.483329180465331743e-02 2.618502915752785598e-01 2.819082414002370141e-01 1.475720713745413692e-01 4.968094264361210266e-01 4.233971566175618317e-01
3.840299508091559177e-01 4.752195997760197965e-01 4.550244165446150069e-01 9.605694756275393043e-02 4.710126995042142606e-01 3.444492813077507098e-01 5.308858664243263498e-02 2.139801313290063123e-01 3.917140186497469756e-01 4.481408025320012256e-01
3.012378936717389766e-01 1.329587579769196393e-01 3.209321390548048325e-01 4.278967338962095801e-01 3.785616868051743245e-01 2.355160561627682170e-01 2.519303049893936164e-01 4.473805895000178001e-01 1.781825823285368982e-01 1.276353775892143938e-01
2.289323983785839789e-01 3.754541715813535796e-01 3.263786015909938554e-01 4.195603725055509492e-01 3.902075692442820709e-01 3.202887725761964233e-01 2.093371501119787870e-01 4.642067430832402808e-01 2.652557759366575563e-01 1.154008685326584349e-01
1.289574374152571701e-01 6.626041178701669310e-02 5.146683264786326983e-01 3.840292857468306509e-01 5.903000273077144838e-02 4.286621359942895948e-01 2.543997288285311242e-01 3.085687153395699767e-01 5.763065135694891289e-02 8.210267450988262272e-02
5.731164262763505102e-02 4.788935703423111701e-01 2.469084414282506079e-01 1.039286438509176985e-01 7.835094012427883114e-02 2.083169706187745773e-02 4.425258660258573618e-01 4.513372315448858085e-01 1.784082151877738887e-01 4.687921347637754033e-01
2.168732901659680690e-01 1.186757429403185599e-01 3.160602409519470135e-01 2.772300052228943712e-01 3.117067992756237249e-01 1.113815188328770994e-01 1.652770055927240689e-01 3.765859325338193897e-01 1.537228243015099083e-01 3.524015333179887355e-01
5.422509594680830630e-02 4.313701613895423725e-01 1.795229650158428336e-01 3.325724485482161041e-01 4.137213077920038340e-01 5.221934726788269449e-02 2.167230354037036621e-01 1.866979808514216965e-01 9.797803191157505864e-02 1.370492965417204057e-01
3.353914340171630926e-01 3.392408833608861474e-01 2.136330125537411195e-01 4.269256104809653896e-01 3.946026050378751426e-01 3.209895668240007605e-01 3.913544797914900175e-01 3.652526615802385579e-01 2.557796397079408757e-01 5.290870238369504985e-01
1.550299409705053755e-01 3.752696585794524919e-01 1.191626687937786255e-01 2.226581862280704593e-01 2.894191220123001895e-01 4.201014675161132694e-01 3.734881656967836139e-01 1.167477839541434387e-02 7.133282891272639537e-02 7.442686623835385873e-02
3.019177258192354829e-01 2.999443795130770085e-01 1.847706943171738558e-01 5.609810497647856886e-01 3.154766123136346079e-01 1.100050184592926417e-01 3.862317367267730228e-01 2.490299757657568613e-01 1.520982570935466589e-03 2.258183448014392247e-01
3.977082362484858913e-01 3.700832431877081885e-01 2.424241686878854107e-01 4.353041750925137898e-01 2.491208341246458902e-01 3.233863880237172195e-01 5.297391656295790119e-01 4.687311487732121473e-01 6.731577602223713652e-02 2.149409535523491288e-01
4.409795315971883900e-01 1.710835680186936492e-01 1.253510603843589928e-02 4.584169513115622929e-01 3.187010325233841646e-01 1.217040195370096833e-01 4.217297437815025196e-01 4.787466004154457000e-01 2.376923056672014256e-01 8.420134670298616564e-02
4.199485661357263977e-01 5.032282478038453688e-02 1.750683173818032567e-01 1.687909743791408124e-01 3.670110400244392390e-01 3.224855640181593652e-01 4.933158417401645734e-01 1.731272041163533781e-01 1.569697199510763641e-01 3.700175598819874234e-01
