0.000000000000000000e+00 0.000000000000000000e+00 0.000000000000000000e+00 0.000000000000000000e+00 0.000000000000000000e+00
8.526121952890162170e-01 8.546531460188980800e-01 8.546531460188980800e-01 8.709555416641859837e-01 8.790904390334364216e-01
8.607717467482305373e-01 8.342107380965290142e-01 8.750243171224189043e-01 8.485281374238570207e-01 8.444411695842930499e-01
8.485281374238571317e-01 8.526121952890163280e-01 8.628098799207672975e-01 8.239611641333589587e-01 8.423965811896437783e-01
8.587329166989130513e-01 8.668840752949611428e-01 8.546531460188981910e-01 8.383051685129678798e-01 8.403512493131799488e-01
8.444411695842930499e-01 8.342107380965290142e-01 8.178019320104349399e-01 8.546531460188981910e-01 8.403512493131799488e-01
7.827563832735927596e-01 8.403512493131799488e-01 8.362583332918125389e-01 8.239611641333589587e-01 8.239611641333589587e-01
7.992796757080715686e-01 8.054613584772395418e-01 8.342107380965289032e-01 7.930901588091987531e-01 8.219088892463825013e-01
7.827563832735927596e-01 8.239611641333589587e-01 7.786164367360578487e-01 8.198558138816578467e-01 7.411798402247294915e-01
7.557777451076473918e-01 6.928203230275508107e-01 8.116353861186684782e-01 6.970515683139152374e-01 7.265284272177899849e-01
5.606218769267650170e-01 6.199813617270191202e-01 5.805866764651845813e-01 5.893996946046037300e-01 5.017090790488050178e-01
