0.000000000000000000e+00 0.000000000000000000e+00 0.000000000000000000e+00 0.000000000000000000e+00 0.000000000000000000e+00
7.167879441032527499e-01 7.323750720799507841e-01 7.406243626386400658e-01 7.123267955191792122e-01 7.126159664075176758e-01
6.930876147394263720e-01 6.766571275993871204e-01 7.284897096826835616e-01 7.121899426471032246e-01 7.249052469752597094e-01
6.884480960558753138e-01 6.762813916005379067e-01 6.842262882451572992e-01 6.495817084168123978e-01 6.571857565841882076e-01
7.280232971182676316e-01 6.726029224488887515e-01 6.520486881198039875e-01 6.370609528740152072e-01 6.687351210348781994e-01
6.541034905153585433e-01 6.670810244723146543e-01 6.075290582281284157e-01 6.915125849703777083e-01 6.182196841757826578e-01
5.750543309984761375e-01 6.370268655742881148e-01 6.119752468647210453e-01 6.871368392285547300e-01 6.371632476147670587e-01
6.072988401010813719e-01 5.868762172591239779e-01 6.521265706760085434e-01 5.654731238742181088e-01 5.956805812736482020e-01
5.723768402239883812e-01 5.938630528155565136e-01 5.788256243985131499e-01 6.435182371074419372e-01 5.309847408248863365e-01
5.391813776734640795e-01 4.727997811501766789e-01 6.201017004378908126e-01 4.838987465511084274e-01 5.038993108215830130e-01
2.824723515469870216e-01 3.703952992580402670e-01 3.578935470326919943e-01 3.334948204438023533e-01 9.533823415840232685e-02
