0.000000000000000000e+00 0.000000000000000000e+00 0.000000000000000000e+00 0.000000000000000000e+00 0.000000000000000000e+00
7.082115507794682907e-01 7.124332912016432262e-01 7.121899426471032246e-01 7.448187575598045340e-01 7.603894190994023861e-01
7.245876373302845286e-01 6.727970638650977442e-01 7.528919524204665814e-01 7.005457041318752243e-01 6.929541618423118443e-01
7.003661537562311246e-01 7.090065584635839580e-01 7.280932018951457030e-01 6.542088489018517139e-01 6.886687925863584914e-01
7.214559241970739389e-01 7.366603436344972833e-01 7.131266793464436926e-01 6.816598174744328276e-01 6.856769307819161607e-01
6.949640882191527869e-01 6.759993250229308082e-01 6.437671893582992411e-01 7.144965254409805233e-01 6.875366172004063747e-01
5.795223410182946955e-01 6.849724378376997880e-01 6.800671758551647406e-01 6.556680133008330191e-01 6.567030740083560358e-01
6.136386434434981663e-01 6.237732415161820754e-01 6.847472153633470393e-01 5.980851734226021454e-01 6.597660613388922624e-01
5.853188679583500864e-01 6.623462924101906069e-01 5.729498603057476824e-01 6.537589301025472643e-01 5.186473454928421933e-01
5.423450221819053896e-01 4.369910425037529800e-01 6.451352677622405052e-01 4.481968818012330158e-01 4.998885628306058426e-01
2.290790885609125804e-01 3.380572672193628558e-01 2.964394073215999570e-01 3.183381794289065758e-01 1.216565943548616469e-01
