0.000000000000000000e+00 0.000000000000000000e+00 0.000000000000000000e+00 0.000000000000000000e+00 0.000000000000000000e+00
9.045340337332907765e-01 9.045340337332907765e-01 9.045340337332907765e-01 9.045340337332907765e-01 9.045340337332907765e-01
9.015037604471400901e-01 8.546419164724743389e-01 9.045340337332907765e-01 9.045340337332907765e-01 9.045340337332907765e-01
8.820104430654692740e-01 8.820104430654692740e-01 8.775633032524907673e-01 9.045340337332907765e-01 9.045340337332907765e-01
8.820104430654692740e-01 9.045340337332907765e-01 9.045340337332907765e-01 8.775633032524907673e-01 9.045340337332907765e-01
9.045340337332907765e-01 8.295053895174014924e-01 9.015037604471400901e-01 8.094999088258616471e-01 9.015037604471400901e-01
8.775633032524907673e-01 8.094999088258616471e-01 8.542821429703302272e-01 9.045340337332907765e-01 8.514202182000767394e-01
8.542821429703302272e-01 8.820104430654692740e-01 7.838686930074690862e-01 8.557239703978810619e-01 8.808923224684068742e-01
7.289592816971104394e-01 8.358672624350156344e-01 7.879092800517907280e-01 8.043688625623287569e-01 9.045340337332907765e-01
6.365081383602176901e-01 7.537783614444090174e-01 8.797784434275470744e-01 6.983796717569052959e-01 8.797784434275470744e-01
8.305556183273551385e-01 6.199529312864615616e-01 5.251050315105036947e-01 7.812092495722727792e-01 7.147447947577948435e-01
