0.000000000000000000e+00 0.000000000000000000e+00 0.000000000000000000e+00 0.000000000000000000e+00 0.000000000000000000e+00
8.486190174994728830e-01 8.910703977151884780e-01 8.912102416106465474e-01 8.976551410889683780e-01 8.832211250409368608e-01
8.553100563738861295e-01 8.481362582486178248e-01 7.792441421012848979e-01 9.037016228002058282e-01 9.100779224694037772e-01
8.087752826883262136e-01 8.770208797707318427e-01 8.548309178743962455e-01 8.425088509632635558e-01 7.772727272727272263e-01
8.009749945246240621e-01 8.427932529056123556e-01 7.261747913921826614e-01 8.136927318908493412e-01 9.651970461358486686e-01
8.099816258933563162e-01 8.179136012073193740e-01 7.430969433089097409e-01 8.688310691534270047e-01 8.197064989517820477e-01
8.818949708548654565e-01 7.512975891492515990e-01 8.328409941313167364e-01 7.903568109450462842e-01 8.148071704315255070e-01
7.089130662203159128e-01 7.244940634414319680e-01 6.630572662928578831e-01 6.540005594361514296e-01 8.090084971991619023e-01
6.565972222222221655e-01 6.200525700047100353e-01 5.730361505009392564e-01 6.154688692300728237e-01 6.636535269446661722e-01
5.488369611609048571e-01 5.105832151638544092e-01 5.557502885589049590e-01 4.323051948051948035e-01 5.818721797225488990e-01
5.368065669270488671e-01 5.466830466830466806e-01 4.663838446235045176e-01 4.741674461419684850e-01 4.708994708994709288e-01
