0.000000000000000000e+00 0.000000000000000000e+00 0.000000000000000000e+00 0.000000000000000000e+00 0.000000000000000000e+00
8.845924813295054090e-01 9.162456945817023524e-01 9.162456945817023524e-01 9.215071064415196744e-01 9.109803640943268110e-01
8.898784639238975780e-01 8.845924813295054090e-01 8.314794192830980979e-01 9.267646664140687385e-01 9.320184396853854469e-01
8.527823018338195338e-01 9.057110466368398782e-01 8.898784639238975780e-01 8.793021442044077762e-01 8.314794192830980979e-01
8.474641048154295531e-01 8.793021442044077762e-01 7.886149759210216992e-01 8.580956386091238564e-01 9.739196491624406704e-01
8.580956386091238564e-01 8.634042048702648131e-01 8.047319784243479601e-01 9.004376722145791545e-01 8.634042048702649241e-01
9.109803640943267000e-01 8.154475263374563188e-01 8.740073734751262480e-01 8.421409554753223059e-01 8.634042048702649241e-01
7.778397792747695494e-01 7.939932916733126733e-01 7.453559924999298980e-01 7.344714442843477409e-01 8.580956386091238564e-01
7.453559924999298980e-01 7.126096406869611988e-01 6.850932902590892715e-01 7.071238312023720995e-01 7.507872668484251166e-01
6.740226406150824356e-01 6.461692674696175587e-01 6.795627679291704748e-01 5.953013359262312454e-01 6.961264352751509454e-01
6.629126073623883286e-01 6.684726695060488888e-01 6.236868922032696716e-01 6.236868922032695606e-01 6.236868922032696716e-01
