0.000000000000000000e+00 0.000000000000000000e+00 0.000000000000000000e+00 0.000000000000000000e+00 0.000000000000000000e+00
8.338144329896907125e-01 8.317525773195876271e-01 8.465979381443299312e-01 8.437113402061855449e-01 8.379381443298968835e-01
8.321649484536082220e-01 8.296907216494845416e-01 8.346391752577320133e-01 8.272164948453608613e-01 8.230927835051546904e-01
8.346391752577320133e-01 8.243298969072164750e-01 8.247422680412370699e-01 8.280412371134020511e-01 8.251546391752577758e-01
7.896907216494845061e-01 8.206185567010308990e-01 8.164948453608247281e-01 8.437113402061855449e-01 7.905154639175258069e-01
8.041237113402062153e-01 8.115463917525773674e-01 8.140206185567010477e-01 7.719587628865979267e-01 7.826804123711340599e-01
7.835051546391752497e-01 7.806185567010309745e-01 7.600000000000000089e-01 7.835051546391752497e-01 7.595876288659794140e-01
7.459793814432990056e-01 7.909278350515464018e-01 7.472164948453607902e-01 7.995876288659793385e-01 7.674226804123711609e-01
7.443298969072165150e-01 7.142268041237113119e-01 7.657731958762886704e-01 7.703092783505154362e-01 7.501030927835051765e-01
7.270103092783505305e-01 7.096907216494845461e-01 7.468041237113401953e-01 7.059793814432989700e-01 7.385567010309278535e-01
6.309278350515463707e-01 5.822680412371133984e-01 6.400000000000000133e-01 6.515463917525773363e-01 6.321649484536082664e-01
