0.000000000000000000e+00 0.000000000000000000e+00 0.000000000000000000e+00 0.000000000000000000e+00 0.000000000000000000e+00
8.991166972575623806e-01 9.012920304903995206e-01 9.002464479129453911e-01 9.010855806796566059e-01 9.030435567947391329e-01
9.000921099375798207e-01 8.973780097432849656e-01 9.029905046917837685e-01 8.981116803642015256e-01 8.935619828505956264e-01
8.990679858642675049e-01 8.973391392792116061e-01 8.939949714007711101e-01 8.984996131797456931e-01 9.004906908180113634e-01
8.808350915230359623e-01 9.051653379008218758e-01 8.918464295405263975e-01 9.021522914639368285e-01 8.751910171105451441e-01
8.842246955971768685e-01 9.007466775773260714e-01 8.925296647892629887e-01 8.837954762729164360e-01 8.762115079349660496e-01
8.916853667181551257e-01 8.610254958913665657e-01 8.656109543313408317e-01 8.670043100046145312e-01 8.629069775899897987e-01
8.534618296023612771e-01 8.803719712579837209e-01 8.451442020497068608e-01 8.781671873910981141e-01 8.550586557043904357e-01
8.459810547262738289e-01 8.321311601564947980e-01 8.611282478169550725e-01 8.387454422158980849e-01 8.367335148779231346e-01
8.510281450538891290e-01 7.899020664569769146e-01 8.543275990729868319e-01 8.245635330770161309e-01 8.611018246883913596e-01
8.196293132438483564e-01 7.091598767058976405e-01 7.495297571543891868e-01 8.054588439686573009e-01 7.255831431549545352e-01
