0.000000000000000000e+00 0.000000000000000000e+00 0.000000000000000000e+00 0.000000000000000000e+00 0.000000000000000000e+00
9.023612377922636263e-01 9.008596851054698762e-01 9.092732170869644026e-01 9.076002625510292132e-01 9.043983756756476255e-01
9.009618439334685647e-01 9.000894686809424172e-01 9.022286515020697673e-01 8.981155317494747825e-01 8.957706827130524907e-01
9.024362466009836492e-01 8.968494359532840354e-01 8.960627066345910885e-01 8.975977102192915780e-01 8.973973573420793715e-01
8.774895909000510752e-01 8.954741941330371935e-01 8.904158508672739281e-01 9.071355505623590609e-01 8.770286225283325798e-01
8.845312253792708690e-01 8.864234011864666751e-01 8.904435031821515967e-01 8.664619489590090762e-01 8.724177891440173527e-01
8.708476012725501203e-01 8.662952492933670978e-01 8.583334297289311188e-01 8.697257096803179266e-01 8.531826497910547369e-01
8.416750130989932854e-01 8.751875298784458357e-01 8.415315800913281130e-01 8.810826990201536812e-01 8.623156501076624236e-01
8.373221264776916639e-01 8.126765386204812813e-01 8.595572097521710919e-01 8.590000708194364121e-01 8.419050189902795855e-01
8.330906757489153769e-01 8.192282690338510420e-01 8.523560168909678492e-01 8.178279946235078590e-01 8.453246487108274643e-01
7.585623270962007503e-01 7.177343619083257353e-01 7.757658419402566619e-01 7.855511722948593789e-01 7.580835247715190794e-01
