0.000000000000000000e+00 0.000000000000000000e+00 0.000000000000000000e+00 0.000000000000000000e+00 0.000000000000000000e+00
7.944126274648637409e-01 7.915506307187689661e-01 8.095814939449599290e-01 8.056275989202453802e-01 7.987436502400756533e-01
7.922208963660235526e-01 7.893501280201636883e-01 7.943701352002575655e-01 7.864910543454211034e-01 7.813717791516735511e-01
7.949301792264413802e-01 7.828327234159877523e-01 7.830449499324406704e-01 7.865424211683227362e-01 7.841434809615852597e-01
7.402769516757201629e-01 7.769804067388771385e-01 7.736074252721668598e-01 8.052148722024986549e-01 7.445580262671600558e-01
7.611723031870378797e-01 7.659810478595875383e-01 7.707539522154898126e-01 7.246186012544925115e-01 7.360626259677235383e-01
7.310828470425080328e-01 7.304661559825392780e-01 7.105813447061389843e-01 7.304711005974325877e-01 7.021096035627556464e-01
6.838024596754691542e-01 7.467899156318734688e-01 6.862753628913575987e-01 7.546229510958732956e-01 7.124433939574710273e-01
6.791329839991057105e-01 6.387665132284844338e-01 7.171961043542605108e-01 7.157295922898093687e-01 6.874618589998766627e-01
6.590633730790886879e-01 6.436082276015583359e-01 6.940126217373121520e-01 6.407831429357930819e-01 6.823918863948837954e-01
5.507664381612998872e-01 5.195820032939250099e-01 5.714198597512430977e-01 5.786769630219927851e-01 5.623219400366836762e-01
