0.000000000000000000e+00 0.000000000000000000e+00 0.000000000000000000e+00 0.000000000000000000e+00 0.000000000000000000e+00
9.852941176470588758e-01 9.901960784313725839e-01 9.852941176470588758e-01 9.901960784313725839e-01 9.901960784313725839e-01
9.901960784313725839e-01 9.852941176470588758e-01 9.852941176470588758e-01 9.901960784313725839e-01 9.901960784313725839e-01
9.901960784313725839e-01 9.901960784313725839e-01 9.901960784313725839e-01 9.901960784313725839e-01 9.901960784313725839e-01
9.901960784313725839e-01 9.763071895424836333e-01 9.901960784313725839e-01 9.763071895424836333e-01 9.852941176470588758e-01
9.763071895424836333e-01 9.763071895424836333e-01 9.901960784313725839e-01 9.901960784313725839e-01 9.901960784313725839e-01
9.763071895424836333e-01 9.763071895424836333e-01 9.901960784313725839e-01 9.901960784313725839e-01 9.346405228758170036e-01
8.611111111111111605e-01 9.763071895424836333e-01 9.901960784313725839e-01 9.624183006535946827e-01 9.901960784313725839e-01
9.346405228758170036e-01 9.763071895424836333e-01 9.485294117647058432e-01 9.444444444444444198e-01 8.333333333333332593e-01
9.901960784313725839e-01 8.700980392156862919e-01 9.485294117647058432e-01 9.485294117647058432e-01 9.346405228758170036e-01
9.901960784313725839e-01 9.812091503267974524e-01 8.611111111111111605e-01 9.901960784313725839e-01 9.346405228758170036e-01
