0.000000000000000000e+00 0.000000000000000000e+00 0.000000000000000000e+00 0.000000000000000000e+00 0.000000000000000000e+00
9.465345222494289112e-01 9.637388493048533178e-01 9.465345222494289112e-01 9.637388493048533178e-01 9.637388493048533178e-01
9.465345222494289112e-01 9.465345222494289112e-01 9.637388493048533178e-01 9.637388493048533178e-01 9.637388493048533178e-01
9.465345222494289112e-01 9.637388493048533178e-01 9.442933254078124117e-01 9.637388493048533178e-01 9.637388493048533178e-01
9.637388493048533178e-01 9.442933254078124117e-01 9.637388493048533178e-01 9.442933254078124117e-01 9.637388493048533178e-01
9.637388493048533178e-01 9.442933254078124117e-01 9.637388493048533178e-01 9.049624731338903327e-01 9.248491292906565464e-01
9.053565001858749905e-01 9.637388493048533178e-01 9.442933254078124117e-01 9.637388493048533178e-01 8.858402678895954674e-01
9.248366013071895875e-01 9.637388493048533178e-01 9.442933254078124117e-01 9.432858253302741636e-01 8.301741920760902227e-01
8.858402678895954674e-01 8.858402678895954674e-01 7.917345879883669335e-01 9.432858253302741636e-01 8.858402678895954674e-01
9.442933254078124117e-01 9.436504599035547836e-01 8.858402678895954674e-01 9.442933254078124117e-01 7.723284457212328258e-01
7.527726527090810027e-01 9.442933254078124117e-01 9.442933254078124117e-01 8.110105395357665170e-01 8.858402678895954674e-01
