0.000000000000000000e+00 0.000000000000000000e+00 0.000000000000000000e+00 0.000000000000000000e+00 0.000000000000000000e+00 0.000000000000000000e+00 0.000000000000000000e+00 0.000000000000000000e+00 0.000000000000000000e+00 0.000000000000000000e+00
6.683673469387755306e-01 6.586473635653964376e-01 6.734633569739951753e-01 6.222028480092995917e-01 6.894307603591729450e-01 6.683673469387755306e-01 6.221775095014531187e-01 6.803040465012295535e-01 6.666910849022049668e-01 6.883458355888949498e-01
6.350254192275590626e-01 6.542553191489361986e-01 6.599825632083695659e-01 6.350472813238771108e-01 6.962372089275643550e-01 7.246660149885956193e-01 7.067669172932330435e-01 6.285986374624569217e-01 6.410927056088346898e-01 6.926713947990543740e-01
6.666910849022049668e-01 6.222028480092995917e-01 5.955086580086579318e-01 7.230769230769231726e-01 7.212009803921568540e-01 6.476448611823309998e-01 6.788724208079046640e-01 6.813725490196078649e-01 6.323884405821090793e-01 6.813725490196078649e-01
6.416806722689074594e-01 5.877378435517970345e-01 6.323884405821090793e-01 6.401958697040663893e-01 6.886446886446886406e-01 6.437380104138119563e-01 6.090635708790824721e-01 5.794513457556935698e-01 6.720720720720720909e-01 6.153846153846153078e-01
6.152970635101298047e-01 6.017970185828057650e-01 6.081118114551932186e-01 6.977622784074397622e-01 6.533333333333333215e-01 6.217443758427365630e-01 5.971171171171170133e-01 6.569444444444444420e-01 6.569444444444444420e-01 6.306818181818181213e-01
5.779220779220778370e-01 6.194949288680143829e-01 6.857373086220789338e-01 6.886446886446886406e-01 6.703296703296703907e-01 5.877378435517970345e-01 6.520146520146519187e-01 5.656241646618551666e-01 6.926713947990543740e-01 6.259249109345026429e-01
7.095495495495495186e-01 5.965238981998758350e-01 6.177492649024325377e-01 5.334529607792872774e-01 5.643603390498719286e-01 5.667777492950525353e-01 6.027049873203719210e-01 5.228897044620436363e-01 5.458074534161490021e-01 6.259249109345026429e-01
6.371928391532231117e-01 5.767723074878744471e-01 5.477831889191069337e-01 5.834401435529351643e-01 6.351242983159582911e-01 6.323884405821090793e-01 5.313389412434381676e-01 5.626293995859212860e-01 6.476448611823309998e-01 5.321419707123354881e-01
5.794513457556935698e-01 6.003742314889066733e-01 4.866030743058509800e-01 5.449999999999999289e-01 5.541158536585366612e-01 6.285986374624569217e-01 5.313389412434381676e-01 6.065932650827376982e-01 5.250692869740488655e-01 6.130952380952381375e-01
5.250692869740488655e-01 5.096159792220641416e-01 5.626293995859212860e-01 5.604465709728867484e-01 5.578231292517006334e-01 5.667777492950525353e-01 5.192307692307692735e-01 5.604465709728867484e-01 5.731118408344602067e-01 4.935378146063941207e-01
5.898525529585989524e-01 6.036585365853658347e-01 4.997251236943375252e-01 5.731118408344602067e-01 4.648233486943164072e-01 4.258772976844115155e-01 5.023999027887477986e-01 5.221759372702770019e-01 4.756486665462645869e-01 5.090155945419103656e-01
4.807987711213518311e-01 4.189165027713213085e-01 4.931773879142300476e-01 4.419251466231331471e-01 5.248538011695906835e-01 4.357571793804625448e-01 4.262047282181510299e-01 3.905406207346744929e-01 4.413941274767247958e-01 4.103604678920983462e-01
4.258772976844115155e-01 4.240900383141762431e-01 4.464767616191904209e-01 4.413941274767247958e-01 4.131622713233547017e-01 3.987191650853890157e-01 4.807987711213518311e-01 4.890864018380796652e-01 4.464767616191904209e-01 4.576455650281153753e-01
3.768862062843955085e-01 3.905406207346744929e-01 3.297777777777777253e-01 3.690814393939393923e-01 3.914074074074073706e-01 4.063926940639269181e-01 4.413941274767247958e-01 3.840322198531154196e-01 4.059699721084801816e-01 3.536931818181817677e-01
3.678842504743833342e-01 3.914074074074073706e-01 3.690814393939393923e-01 3.987191650853890157e-01 4.286053694464243558e-01 3.840322198531154196e-01 3.536931818181818232e-01 3.536931818181818232e-01 3.768862062843955085e-01 3.536931818181818232e-01
2.618492618492618274e-01 2.966288126523574653e-01 2.639609035103402945e-01 4.068148148148147958e-01 3.615006805136398160e-01 3.230769230769230393e-01 3.692307692307692513e-01 3.216318785578747841e-01 3.062144212523718600e-01 3.605925925925925757e-01
3.692307692307692513e-01 2.966288126523574653e-01 3.224354418384268728e-01 3.133938638656459386e-01 2.707089997612796006e-01 3.536931818181818232e-01 2.437781109445277261e-01 2.726190476190476497e-01 2.741743882157282042e-01 3.307296289721285421e-01
