0.000000000000000000e+00 0.000000000000000000e+00 0.000000000000000000e+00 0.000000000000000000e+00 0.000000000000000000e+00 0.000000000000000000e+00 0.000000000000000000e+00 0.000000000000000000e+00 0.000000000000000000e+00 0.000000000000000000e+00
6.851415094339622369e-01 7.873427672955974899e-01 6.843553459119496862e-01 7.334905660377357695e-01 7.220911949685534514e-01 6.804245283018868218e-01 6.985062893081761537e-01 7.429245283018868218e-01 7.779088050314465486e-01 7.617924528301887044e-01
7.476415094339622369e-01 7.268081761006288666e-01 7.220911949685534514e-01 7.515723270440251014e-01 7.154088050314465486e-01 7.154088050314465486e-01 6.851415094339622369e-01 7.590408805031445549e-01 7.382075471698112956e-01 7.181603773584905870e-01
7.543238993710691398e-01 7.032232704402515688e-01 7.146226415094338869e-01 7.448899371069181985e-01 6.918238993710691398e-01 7.382075471698112956e-01 7.940251572327043927e-01 7.032232704402515688e-01 7.374213836477987449e-01 7.590408805031445549e-01
7.099056603773584717e-01 7.441037735849056478e-01 6.729559748427672572e-01 7.004716981132075304e-01 7.240566037735849392e-01 7.232704402515723885e-01 6.540880503144653746e-01 7.071540880503144333e-01 7.126572327044025101e-01 6.702044025157232188e-01
6.823899371069181985e-01 7.004716981132075304e-01 7.173742138364780363e-01 6.749213836477987449e-01 6.607704402515723885e-01 7.287735849056603543e-01 7.260220125786163159e-01 7.676886792452830566e-01 6.588050314465407897e-01 7.126572327044025101e-01
7.610062893081761537e-01 7.421383647798742711e-01 7.032232704402515688e-01 8.168238993710691398e-01 7.885220125786163159e-01 7.071540880503144333e-01 6.352201257861634920e-01 6.560534591194968623e-01 8.187893081761006275e-01 6.863207547169811740e-01
7.334905660377357695e-01 6.588050314465407897e-01 7.582547169811320042e-01 6.922169811320755262e-01 6.721698113207547065e-01 6.580188679245282390e-01 7.629716981132075304e-01 6.741352201257861942e-01 6.788522012578616094e-01 5.963050314465407897e-01
8.121069182389937247e-01 7.299528301886792914e-01 6.466194968553459210e-01 6.694182389937106681e-01 7.024371069182389071e-01 7.118710691823899595e-01 6.753144654088050203e-01 6.996855345911949797e-01 7.354559748427672572e-01 7.016509433962263564e-01
7.205188679245282390e-01 7.865566037735849392e-01 7.177672955974843116e-01 6.875000000000000000e-01 6.485849056603774088e-01 7.279874213836478036e-01 6.768867924528301216e-01 7.252358490566037652e-01 6.788522012578616094e-01 7.083333333333332593e-01
6.827830188679244738e-01 6.875000000000000000e-01 7.763364779874213362e-01 6.855345911949686233e-01 6.411163522012578442e-01 6.647012578616351419e-01 6.363993710691824290e-01 7.083333333333332593e-01 6.988993710691824290e-01 5.758647798742138058e-01
6.305031446540880768e-01 7.555031446540880768e-01 6.922169811320755262e-01 6.505503144654087855e-01 5.939465408805031377e-01 6.214622641509434109e-01 6.988993710691824290e-01 5.994496855345912145e-01 6.753144654088050203e-01 6.411163522012578442e-01
6.639150943396225912e-01 5.628930817610062753e-01 6.847484276729559616e-01 6.356132075471698784e-01 6.544811320754717610e-01 6.981132075471698784e-01 6.214622641509434109e-01 5.978773584905660021e-01 6.045597484276729050e-01 6.544811320754717610e-01
5.825471698113207086e-01 6.073113207547169434e-01 6.120283018867924696e-01 5.817610062893081579e-01 6.167452830188678847e-01 6.470125786163521964e-01 5.911949685534590992e-01 5.939465408805031377e-01 5.487421383647799189e-01 6.422955974842766702e-01
6.281446540880503138e-01 6.395440251572327428e-01 4.929245283018868218e-01 5.742924528301887044e-01 6.018081761006289776e-01 5.770440251572327428e-01 6.328616352201257289e-01 6.065251572327043927e-01 6.772798742138365080e-01 6.253930817610062753e-01
6.187106918238993725e-01 5.970911949685534514e-01 6.584119496855346254e-01 5.884433962264150608e-01 5.884433962264150608e-01 6.301100628930818015e-01 5.735062893081761537e-01 5.687893081761006275e-01 6.753144654088050203e-01 5.970911949685534514e-01
5.224056603773584717e-01 5.896226415094339979e-01 4.760220125786163159e-01 5.998427672955974899e-01 6.206761006289308602e-01 5.829402515723270950e-01 5.782232704402515688e-01 5.621069182389937247e-01 4.693396226415094130e-01 6.187106918238993725e-01
6.018081761006289776e-01 5.687893081761006275e-01 5.707547169811321153e-01 5.849056603773584717e-01 5.687893081761006275e-01 6.132075471698112956e-01 5.007861635220125507e-01 5.196540880503144333e-01 5.176886792452830566e-01 5.526729559748427834e-01
