0.000000000000000000e+00 0.000000000000000000e+00
5.631671491749995484e-01 5.631671491749995484e-01
5.531174306988426714e-01 5.427878721949087604e-01
5.470746870696925335e-01 5.503376635839121178e-01
5.427878721949087604e-01 5.824848078369205817e-01
5.056925728169053835e-01 5.165988434354251702e-01
5.212255992092907908e-01 5.212255992092907908e-01
6.588743187091899989e-01 6.097018095319004516e-01
5.099583005278045533e-01 4.944556643676409347e-01
5.212255992092907908e-01 5.321628316854063456e-01
4.944556643676409347e-01 4.863555337935359657e-01
5.641376167691958265e-01 4.787198348173957729e-01
4.983417903605697474e-01 5.531174306988426714e-01
5.022927689594355316e-01 5.222197547314135768e-01
5.787635633110247424e-01 5.153319357092941422e-01
4.709120187381057310e-01 5.321628316854063456e-01
5.531174306988426714e-01 6.588743187091899989e-01
4.629235897839724667e-01 4.011216750722104152e-01
4.723932165910606495e-01 4.582834331337325984e-01
5.271923360353721888e-01 4.828689867926347357e-01
4.863555337935359657e-01 4.863555337935359657e-01
4.296858900762459688e-01 4.887344482416421942e-01
4.505882796006212554e-01 4.378366731307908322e-01
4.709120187381057310e-01 4.582834331337325984e-01
4.505882796006212554e-01 4.611838865359992323e-01
4.739774742950724762e-01 4.983417903605697474e-01
4.081683710166681966e-01 4.028558959588024457e-01
4.165057067603161189e-01 4.887344482416421942e-01
4.165057067603161189e-01 4.479492119264132377e-01
4.081683710166681966e-01 4.626481397771269877e-01
4.479492119264132377e-01 4.611838865359992323e-01
3.772413793103447932e-01 4.266666666666666941e-01
3.945313601127554137e-01 4.165057067603161189e-01
3.590224828934506784e-01 3.590224828934506784e-01
4.489165628891655935e-01 3.996211722613911554e-01
4.416599732262382894e-01 4.629856850715746153e-01
4.342458744482866062e-01 4.342458744482866062e-01
5.994152046783625121e-01 5.427878721949087604e-01
5.085518243057119969e-01 5.613941416388579242e-01
5.350754564697640658e-01 6.198348966416986627e-01
4.635465910284694568e-01 4.698273613936264081e-01
6.064920871478248765e-01 6.108975118985112696e-01
4.983417903605697474e-01 5.248064591564203241e-01
4.906913127772023486e-01 4.944556643676409347e-01
4.906913127772023486e-01 4.106582201105831165e-01
5.859023521824592295e-01 5.058284710458623712e-01
4.254873502376277372e-01 4.377821608590839464e-01
4.146179401993355107e-01 4.863555337935359657e-01
4.739774742950724762e-01 4.408642639411870512e-01
4.887344482416421942e-01 5.153319357092941422e-01
5.994152046783626231e-01 3.984018144355044311e-01
4.547455669092991815e-01 5.211081497819848307e-01
3.479315205546195666e-01 3.984018144355044311e-01
4.505882796006212554e-01 4.611838865359992323e-01
4.377821608590839464e-01 5.097649784839456411e-01
3.790835579514824638e-01 4.505882796006212554e-01
4.479492119264132377e-01 3.996211722613911554e-01
3.137627359455775755e-01 5.097649784839456411e-01
3.818538909816799887e-01 3.908534512070724887e-01
3.112493616231022941e-01 3.495341298508845007e-01
3.353161588974584717e-01 3.112493616231022941e-01
3.631292517006802778e-01 3.682539682539682779e-01
3.087254046719007383e-01 2.998883469471704810e-01
3.495341298508845007e-01 3.563667970447632061e-01
3.996211722613911554e-01 3.590224828934506784e-01
2.977289377289377148e-01 2.746537842190016065e-01
2.504743833017077925e-01 2.499917287014060963e-01
