0.000000000000000000e+00 0.000000000000000000e+00
4.818164817069079953e-01 4.818164817069079953e-01
4.738969747777416197e-01 4.659720779838165128e-01
4.754100968086410473e-01 4.745935410156960077e-01
4.659720779838165128e-01 4.976505514383576800e-01
4.324724487786689719e-01 4.405851457671000060e-01
4.500945121887184319e-01 4.500945121887184319e-01
5.693450499932958264e-01 5.423232690027257608e-01
4.421358766734753698e-01 4.243347129513121430e-01
4.500945121887184319e-01 4.580389070593998135e-01
4.243347129513121430e-01 4.261634876062591615e-01
5.025001609462338426e-01 4.170905142069525340e-01
4.341599173637458731e-01 4.738969747777416197e-01
4.332534651590251307e-01 4.710123247121100754e-01
5.300739401181900901e-01 4.620924277292431936e-01
4.079685725204621471e-01 4.580389070593998135e-01
4.738969747777416197e-01 5.693450499932958264e-01
3.987905177394465706e-01 3.322274084990740062e-01
3.967424010032242210e-01 3.887941818412437023e-01
4.486765159772851952e-01 4.161680865812031338e-01
4.261634876062591615e-01 4.261634876062591615e-01
3.725215403252487567e-01 4.363588280283870469e-01
3.904344047215151936e-01 3.820287239802079848e-01
4.079685725204621471e-01 3.887941818412437023e-01
3.904344047215151936e-01 4.100963567741537918e-01
4.181433837626492567e-01 4.341599173637458731e-01
3.541562101113145400e-01 3.552355458254876086e-01
3.639140261935721599e-01 4.363588280283870469e-01
3.639140261935721599e-01 4.020191308566707367e-01
3.541562101113145400e-01 4.206525174957044810e-01
4.020191308566707367e-01 4.100963567741537918e-01
3.250418033315768396e-01 3.843732795830838711e-01
3.453069416370981304e-01 3.639140261935721599e-01
3.041143685078822045e-01 3.041143685078822045e-01
4.127713419578254439e-01 3.442821883389088899e-01
4.033715418447590961e-01 4.314126199219418534e-01
3.939084322895340384e-01 3.939084322895340384e-01
5.138915323706487737e-01 4.659720779838165128e-01
4.318148774623102870e-01 4.927351145584619729e-01
4.573345925878172236e-01 5.709698534436783435e-01
3.876706772812790192e-01 3.972978468082299930e-01
5.327707466876042686e-01 5.210928888758307176e-01
4.341599173637458731e-01 4.598140289697349448e-01
4.251852057131711438e-01 4.243347129513121430e-01
4.251852057131711438e-01 3.420594687875304629e-01
5.176069413626699367e-01 4.430983504691757835e-01
3.620694102721482843e-01 3.708391346367895247e-01
3.412618163949676098e-01 4.261634876062591615e-01
4.181433837626492567e-01 3.701980984882989878e-01
4.363588280283870469e-01 4.620924277292431936e-01
5.138915323706487737e-01 3.327704859494279299e-01
3.895486343913517890e-01 4.874368883428199517e-01
2.807496666696518983e-01 3.327704859494279299e-01
3.904344047215151936e-01 4.100963567741537918e-01
3.708391346367895247e-01 4.634270810811107477e-01
3.125366134477379765e-01 3.904344047215151936e-01
4.020191308566707367e-01 3.442821883389088899e-01
2.465434182173789901e-01 4.634270810811107477e-01
3.241270827295288925e-01 3.342777925495923896e-01
2.470403150967881434e-01 2.933479745391839311e-01
2.699753998121639520e-01 2.470403150967881434e-01
3.156820749009881522e-01 3.146709652231990950e-01
2.475402285559761273e-01 2.347478206700359948e-01
2.933479745391839311e-01 2.920108534880607176e-01
3.442821883389088899e-01 3.041143685078822045e-01
2.351802170958993410e-01 2.088931871468374113e-01
1.796053020267749101e-01 1.797126893619461208e-01
