0.000000000000000000e+00 0.000000000000000000e+00 0.000000000000000000e+00 0.000000000000000000e+00 0.000000000000000000e+00
2.708786640398770929e-01 2.471384864764191447e-01 2.757038718158399959e-01 2.463043658070749875e-01 2.382236343365735642e-01
2.658007870350989066e-01 2.657950391832480386e-01 2.860950199843224073e-01 2.619038013805662923e-01 2.380684363998397113e-01
2.407019475995479663e-01 3.057696152744254769e-01 2.823070293988837465e-01 2.493629187354700349e-01 2.016478781420598110e-01
2.584261219827725942e-01 2.852164755119065975e-01 2.569970264812942440e-01 3.368526425864060148e-01 2.330188106324304620e-01
2.900962670491369355e-01 2.216684975596696361e-01 2.383480114600856070e-01 2.496916484269111058e-01 2.277200578096098549e-01
2.695097599236753183e-01 2.522577169631248784e-01 2.636792077352525521e-01 2.661117258667434760e-01 2.805836426582692944e-01
2.767002926003418461e-01 3.000687043974190060e-01 2.233337968396620632e-01 2.632816124517814993e-01 2.626033596260045067e-01
2.618233282245625571e-01 2.628268827518024375e-01 2.139358441556767354e-01 2.239445504661563557e-01 2.706814281802162880e-01
2.882260342134809195e-01 2.501529357148158939e-01 2.508118787318717735e-01 2.686004771622078069e-01 2.807505959089214853e-01
3.050069110475630008e-01 2.959075556585849531e-01 2.454054388109116192e-01 2.866604445442542115e-01 2.776508516675286198e-01
