0.000000000000000000e+00 0.000000000000000000e+00 0.000000000000000000e+00 0.000000000000000000e+00 0.000000000000000000e+00
8.289473684210526550e-01 8.289473684210526550e-01 8.289473684210526550e-01 8.289473684210526550e-01 8.289473684210526550e-01
8.245614035087719396e-01 8.070175438596490780e-01 5.438596491228070429e-01 5.394736842105263275e-01 8.114035087719297934e-01
5.438596491228070429e-01 8.377192982456140857e-01 5.438596491228070429e-01 5.438596491228070429e-01 5.394736842105263275e-01
5.350877192982456121e-01 5.394736842105263275e-01 5.438596491228070429e-01 4.736842105263157632e-01 8.508771929824561209e-01
5.394736842105263275e-01 5.307017543859648967e-01 5.394736842105263275e-01 5.350877192982456121e-01 5.438596491228070429e-01
5.350877192982456121e-01 4.736842105263157632e-01 5.307017543859648967e-01 4.736842105263157632e-01 4.736842105263157632e-01
4.736842105263157632e-01 5.350877192982456121e-01 5.307017543859648967e-01 5.307017543859648967e-01 5.350877192982456121e-01
5.350877192982456121e-01 5.307017543859648967e-01 4.736842105263157632e-01 4.736842105263157632e-01 5.350877192982456121e-01
4.736842105263157632e-01 5.307017543859648967e-01 4.736842105263157632e-01 4.736842105263157632e-01 5.307017543859648967e-01
5.307017543859648967e-01 5.307017543859648967e-01 5.263157894736841813e-01 4.736842105263157632e-01 4.736842105263157632e-01
