0.000000000000000000e+00 0.000000000000000000e+00 0.000000000000000000e+00 0.000000000000000000e+00 0.000000000000000000e+00
8.236111111111110716e-01 8.236111111111110716e-01 8.236111111111110716e-01 8.236111111111110716e-01 8.236111111111110716e-01
8.189814814814815325e-01 8.004629629629629317e-01 5.185185185185184897e-01 5.138888888888888395e-01 8.050925925925926929e-01
5.185185185185184897e-01 8.333333333333332593e-01 5.185185185185184897e-01 5.185185185185184897e-01 5.138888888888888395e-01
5.092592592592593004e-01 5.138888888888888395e-01 5.185185185185184897e-01 5.000000000000000000e-01 8.462962962962963243e-01
5.138888888888888395e-01 5.046296296296296502e-01 5.138888888888888395e-01 5.092592592592593004e-01 5.185185185185184897e-01
5.092592592592593004e-01 5.000000000000000000e-01 5.046296296296296502e-01 5.000000000000000000e-01 5.000000000000000000e-01
5.000000000000000000e-01 5.092592592592593004e-01 5.046296296296296502e-01 5.046296296296296502e-01 5.092592592592593004e-01
5.092592592592593004e-01 5.046296296296296502e-01 5.000000000000000000e-01 5.000000000000000000e-01 5.092592592592593004e-01
5.000000000000000000e-01 5.046296296296296502e-01 5.000000000000000000e-01 5.000000000000000000e-01 5.046296296296296502e-01
5.046296296296296502e-01 5.046296296296296502e-01 5.000000000000000000e-01 5.000000000000000000e-01 5.000000000000000000e-01
