0.000000000000000000e+00 0.000000000000000000e+00 0.000000000000000000e+00 0.000000000000000000e+00 0.000000000000000000e+00
4.985618802633231539e-01 5.033092005263732904e-01 5.015157544973286585e-01 5.073362683078328494e-01 4.949971870866671231e-01
4.724040720360910273e-01 4.923189338973661400e-01 5.036672584558065102e-01 4.811509763963993658e-01 4.935408045323764759e-01
5.122853595329956988e-01 4.980893026224061382e-01 5.138908527996750575e-01 5.152961077764051101e-01 4.935956200662082738e-01
5.073444475205038939e-01 5.117760397191408739e-01 4.802992135566198084e-01 4.996850111583311382e-01 4.916616926439016932e-01
5.201062186785743169e-01 4.723000278456631618e-01 4.776826777387959688e-01 5.194836548879961935e-01 4.353688157829075922e-01
4.945518903949192024e-01 4.644449785239601614e-01 4.964562705498560824e-01 4.632076509338535764e-01 4.867658865226487386e-01
4.881869434567348565e-01 4.738674215887488383e-01 4.843916906648174647e-01 5.408589746367131745e-01 5.057672913335896636e-01
4.961327954230104198e-01 4.648535611573664239e-01 4.385095762433879329e-01 4.940581422055037031e-01 4.864629899596001339e-01
4.427729364025485559e-01 4.482951819501165280e-01 4.690077360239427451e-01 4.436390939589854310e-01 4.262348966599687206e-01
3.481147628033885999e-01 3.451132549292710294e-01 4.033961368377531054e-01 3.738351772172975318e-01 4.103606695808402760e-01
