0.000000000000000000e+00 0.000000000000000000e+00 0.000000000000000000e+00 0.000000000000000000e+00 0.000000000000000000e+00
4.987115105061450393e-01 4.961554512714047016e-01 5.185679983491201517e-01 4.913096743992455551e-01 5.009036523723854328e-01
4.989520528552503498e-01 4.887087882196637367e-01 5.002405192876353546e-01 4.874918157526852980e-01 4.887290133541067894e-01
5.064754082911612221e-01 4.869220108309864625e-01 4.860727219462329662e-01 4.914701505521405500e-01 4.942904199356910055e-01
4.788687654947421657e-01 4.908723164684141160e-01 4.841984519408354393e-01 4.450877134548212877e-01 4.859719005650015577e-01
4.932744941374423431e-01 4.999348992539063286e-01 4.485197014028283191e-01 4.712107025701214313e-01 4.778943147633722410e-01
4.955410897249235003e-01 4.451551562387240368e-01 4.862934882898213296e-01 4.284720008244049527e-01 4.307346368845582640e-01
4.122937327541458252e-01 4.149186196367015134e-01 4.345213350833138088e-01 4.272473772473772136e-01 4.224919058500565816e-01
4.440820155063572305e-01 4.091639700680363978e-01 4.066414216872040743e-01 4.101659070181081779e-01 3.929827612204454534e-01
4.001260947392825118e-01 4.162371911655768919e-01 3.532762738192739005e-01 3.967508094106576566e-01 3.161421368136737020e-01
1.540238911182885140e-01 1.006389776357827504e-01 1.006389776357827504e-01 9.999999999999999167e-02 2.699416502301117959e-01
