0.000000000000000000e+00 0.000000000000000000e+00 0.000000000000000000e+00 0.000000000000000000e+00 0.000000000000000000e+00
6.810327182243774979e-01 6.824255222015251920e-01 6.975284448733740650e-01 6.780438273236411018e-01 6.855058366164131778e-01
6.883905839197557164e-01 6.809401153149945429e-01 6.869857392424683074e-01 6.779267685793386455e-01 6.824027507426080330e-01
6.914048010550095658e-01 6.824766912462617574e-01 6.854079822533220012e-01 6.840545377823953332e-01 6.883481040638874671e-01
6.793806604241987568e-01 6.838227817623383498e-01 6.823486364976981688e-01 6.639660311562309847e-01 6.869202586965826862e-01
6.866366185492113194e-01 6.972747554222692434e-01 6.656611887036040232e-01 6.776697724319770133e-01 6.759626826898560426e-01
6.851080587494398078e-01 6.637338053698558227e-01 6.881497401407347114e-01 6.608991437102889055e-01 6.669143984713589157e-01
6.530739712063104996e-01 6.514264808751317748e-01 6.530972413736793047e-01 6.621574148197507670e-01 6.560286626828634171e-01
6.621532130333701582e-01 6.437621247259791568e-01 6.388802776745885481e-01 6.421261479194300126e-01 6.437428087759774487e-01
6.326441416178937294e-01 6.559984842073081079e-01 5.846406154142381739e-01 6.357243569204894529e-01 5.664506824984052447e-01
4.559295538900899336e-01 4.330127018922192983e-01 4.330127018922192983e-01 4.310987343411373240e-01 5.275329215687193374e-01
