0.000000000000000000e+00 0.000000000000000000e+00 0.000000000000000000e+00 0.000000000000000000e+00 0.000000000000000000e+00 0.000000000000000000e+00 0.000000000000000000e+00 0.000000000000000000e+00 0.000000000000000000e+00 0.000000000000000000e+00
9.373047648378722840e-01 9.369817578772803301e-01 9.366058082425794407e-01 9.362617704437730115e-01 9.369660602731235688e-01 9.356087182992849360e-01 9.401478256057114180e-01 9.366112288821482057e-01 9.376703501024741261e-01 9.376858723144056995e-01
9.426284505828482763e-01 9.391039104293307238e-01 9.348746919903344610e-01 9.344982698448864866e-01 9.324022500958623061e-01 9.373260808008028189e-01 9.373260808008028189e-01 9.299992063737935188e-01 9.310106336993170251e-01 9.373155485612355564e-01
9.275131133235120506e-01 9.366058082425794407e-01 9.348420483509694012e-01 9.359014283341636764e-01 9.330781197707626040e-01 9.338105365521984780e-01 9.387395391493752461e-01 9.342061323909154336e-01 9.352495386961796608e-01 9.282275032602538278e-01
9.362776434401549608e-01 9.394436823775433876e-01 9.390990362936639801e-01 9.366112288821482057e-01 9.324543177886097656e-01 9.394386848187534778e-01 9.348306443429228452e-01 9.261324141580896674e-01 9.369765884981996473e-01 9.401622843310402100e-01
9.369817578772803301e-01 9.344926685173322589e-01 9.394534955416429245e-01 9.338212625687725144e-01 9.348640719115470787e-01 9.369497937937536491e-01 9.331008727649019452e-01 9.391134759086083861e-01 9.334446111263707824e-01 9.383899867515309579e-01
9.387395391493752461e-01 9.394436823775433876e-01 9.387344834794366655e-01 9.391039104293307238e-01 9.383694007751059996e-01 9.383899867515309579e-01 9.359123257882770996e-01 9.331278057917865576e-01 9.380251062567954712e-01 9.348694145659042221e-01
9.355682441070978239e-01 9.296643979938805646e-01 9.359014283341636764e-01 9.118101208473181618e-01 9.352134767828523820e-01 9.292644602841892976e-01 9.324077610515534298e-01 9.352293208119901724e-01 9.422787376308052743e-01 9.362671253143864947e-01
9.359123257882770996e-01 9.341706346064461153e-01 9.398126690163622898e-01 9.338212625687725144e-01 9.334611856916534833e-01 9.359384455779372614e-01 9.362563516588238155e-01 9.233729233729233155e-01 9.257509268632738708e-01 9.345457293341815630e-01
9.369868641419991651e-01 9.369868641419991651e-01 9.317199701242451226e-01 9.299736229658364106e-01 9.408615537848605825e-01 9.342339966615378355e-01 9.376909215258875108e-01 9.373513127944106404e-01 9.348586639953674338e-01 9.324394065927879005e-01
9.351857711261757355e-01 9.369919073228334394e-01 9.362671253143864947e-01 9.391039104293307238e-01 9.366165859444498532e-01 9.370066586610441561e-01 9.296399143631350892e-01 9.264867322528678173e-01 9.355408506383069422e-01 9.380251062567954712e-01
9.341706346064461153e-01 9.306095495942430240e-01 9.236833009387898086e-01 9.317091752039461383e-01 9.415702305820745632e-01 9.247306519887941167e-01 9.320473831293436540e-01 9.362879062873343816e-01 9.387543380800058568e-01 9.377008328414977445e-01
9.363124481539376598e-01 9.310421109755380176e-01 9.376650510696786789e-01 9.243967564450299434e-01 9.324238879580158956e-01 9.299574335336613373e-01 9.394583112055230334e-01 9.173949620978856245e-01 9.327625198386695349e-01 9.362671253143864947e-01
9.310421109755380176e-01 9.328036878906283969e-01 9.317356504114626681e-01 9.426329281682264138e-01 9.334665772225578806e-01 9.415655829064694116e-01 9.313598990388409771e-01 9.320473831293436540e-01 9.275238513314328914e-01 9.369968874498761924e-01
9.296136753960526633e-01 9.373414081768165484e-01 9.341913137967332581e-01 9.289464174282577869e-01 9.352188230085347609e-01 9.355682441070978239e-01 8.904870003192281169e-01 9.320529568174027446e-01 9.352293208119901724e-01 9.268460271765528447e-01
9.369713559738960251e-01 9.240525069088038057e-01 9.370066586610441561e-01 8.901527050412033626e-01 9.341862427451430584e-01 9.174093861658410010e-01 9.376909215258875108e-01 9.405166144079837309e-01 9.282528343462344012e-01 9.373561711024869236e-01
9.373656998620638614e-01 9.233290092523486203e-01 9.383949789097758565e-01 9.394486192753499498e-01 9.341759031808372082e-01 9.254819254819255381e-01 9.313964352810080172e-01 9.296243818674874149e-01 9.334719021453381504e-01 9.331381106101853673e-01
9.306877437487184324e-01 9.380404476305905792e-01 9.387638975945657993e-01 9.296871299322627680e-01 9.370018045528375472e-01 9.222492933184756048e-01 9.268558477811954521e-01 9.174230721477609762e-01 9.275131133235120506e-01 9.387591484619518534e-01
9.279035792278890193e-01 9.419290377163027639e-01 9.352344724524199737e-01 9.278886296815460621e-01 9.180829498181122261e-01 9.352241043410720600e-01 9.303534190633416801e-01 9.293103386575887193e-01 9.380600343485263615e-01 9.422919931313397113e-01
9.331530667620011599e-01 9.341759031808372082e-01 9.318089318089317619e-01 9.440534765551163998e-01 9.254819254819255381e-01 9.254948268106162335e-01 9.335260889584198196e-01 9.236781021374450562e-01 9.348420483509694012e-01 9.313914214771578104e-01
9.299462903031164851e-01 9.289513630922261456e-01 9.219428543229373219e-01 9.115056896592512725e-01 9.223161132920540961e-01 9.069184287461034000e-01 9.261805196496726289e-01 9.313544050708930655e-01 9.415925925925925366e-01 9.163620616437375688e-01
9.366424187034544380e-01 9.139044896542973806e-01 9.132369299221356762e-01 9.300089508080717771e-01 9.292698402820760428e-01 9.366571574201756345e-01 9.243866806536396030e-01 9.398265805384826699e-01 8.915542608591355833e-01 9.065693078019372297e-01
9.331329916262500745e-01 9.324591533399392285e-01 9.324591533399392285e-01 8.932950259520684444e-01 9.223066841415465955e-01 9.338469189554381433e-01 9.324291283802106367e-01 9.103903871912075729e-01 9.257934400833394140e-01 9.313653243169043305e-01
9.265470711006841276e-01 9.299840660202789433e-01 9.286257014833343426e-01 9.390840479524246165e-01 9.380503649544887912e-01 9.355839052518353238e-01 9.314340831395206965e-01 9.356319234558604370e-01 9.299682965002670221e-01 9.272328847415518549e-01
9.321284137075802612e-01 9.324077610515534298e-01 9.268558477811954521e-01 9.135735080058223767e-01 9.384326983291098045e-01 9.341653001287788527e-01 9.409180943148596210e-01 9.170409649396320528e-01 9.153006896424156213e-01 9.132110006459088769e-01
9.261165474737907966e-01 9.093750985991039260e-01 9.323966714255851329e-01 9.034701599938221861e-01 9.240667837324308964e-01 9.041252452935975015e-01 9.302955035844144849e-01 9.317698522704387365e-01 9.395271422219962920e-01 8.929603036343993772e-01
9.184614117274489953e-01 9.282275032602538278e-01 9.223425487006602363e-01 9.373414081768165484e-01 9.285921552456284367e-01 9.111164418372645901e-01 9.160306764476988661e-01 8.919106086696113600e-01 9.219575277249982825e-01 9.100973403303627141e-01
9.355682441070978239e-01 8.845572960367564797e-01 9.258129212462244961e-01 9.080178115556335472e-01 9.282378504236854511e-01 9.226359928454950232e-01 9.355940236489903583e-01 9.114826544456364754e-01 9.293055231780020797e-01 9.234067796526590488e-01
9.282576859537581271e-01 9.345744239685938037e-01 9.268835623196757245e-01 8.859574849503895067e-01 9.373561711024869236e-01 9.286346465191581689e-01 9.300320916018893769e-01 8.859456890918271377e-01 9.275394157931737826e-01 9.285606240681115731e-01
9.289042987891625858e-01 9.142761624122792696e-01 9.310318942301376577e-01 9.243917562027448298e-01 9.153522969986389590e-01 9.321000615858181515e-01 9.296782471377813550e-01 9.090529269704182846e-01 9.198891812669394152e-01 9.146119426889612880e-01
9.345457293341815630e-01 9.034488501882177447e-01 8.828067866923468010e-01 9.334975287353270978e-01 9.300184162062615778e-01 9.097653603700106562e-01 9.240621003268437716e-01 9.121768601495692241e-01 8.950591795294036146e-01 9.083506329701898085e-01
9.377466547388377816e-01 9.108033538628961256e-01 9.058831531583484420e-01 8.995919622324854981e-01 8.933143669985774693e-01 9.279445518989770658e-01 9.296643979938805646e-01 9.383899867515309579e-01 9.128916854694753003e-01 9.041636966096452399e-01
8.929454335146497224e-01 9.314634414342621849e-01 8.978810455473809071e-01 9.128573182838366495e-01 9.289657752490454445e-01 9.318007224263499255e-01 9.090529269704182846e-01 9.093750985991039260e-01 9.087070103652655773e-01 8.981841923721297638e-01
9.408975280650335726e-01 9.337939501657993580e-01 9.219575277249982825e-01 9.065775976505023870e-01 9.300365107888597382e-01 9.247557244374260410e-01 9.146536129600808529e-01 9.317304918861892826e-01 8.964606219702493384e-01 9.272050862045031483e-01
8.824561258794860752e-01 9.045190850977349317e-01 9.335306169466879300e-01 9.282378504236854511e-01 9.342012585899797106e-01 8.978919083631125009e-01 9.212685433299262483e-01 8.950514249864927052e-01 9.202209815304080998e-01 9.104182220984656793e-01
8.971756520120164335e-01 9.100647149460707741e-01 9.296782471377813550e-01 9.167416417150444641e-01 8.863137739838047313e-01 8.982213550684410297e-01 8.901655808813127013e-01 9.321373233124488067e-01 8.908449268906697416e-01 9.143005028098195597e-01
9.139549060860776564e-01 8.596335697399526410e-01 9.328361882837243879e-01 9.101010180665409788e-01 9.177584928630304617e-01 8.814029831341820831e-01 9.101148401187429959e-01 8.953952735857608758e-01 9.275639118004568306e-01 9.321097830660409755e-01
8.912160165484632746e-01 9.230411560583311470e-01 9.293288965426120818e-01 9.090838437500885494e-01 8.757879444499163668e-01 9.352544313180883861e-01 8.806979942981274512e-01 9.296643979938805646e-01 9.131968742243115056e-01 9.058710440698017896e-01
8.634832081205972010e-01 9.195357050522798836e-01 9.219847801886964511e-01 9.335168341942059467e-01 9.038300492610837900e-01 9.020786324036909054e-01 8.940287731518873349e-01 9.206294829986159112e-01 8.919125784797425904e-01 9.251576645246096797e-01
9.185554204989059279e-01 9.111563061279784881e-01 9.157091106621074728e-01 9.049060874509401442e-01 8.806988755899803900e-01 9.444725596041385618e-01 9.156856702619414756e-01 8.627559047844842732e-01 8.599834341742371713e-01 9.244627424111098168e-01
9.104428614365297490e-01 8.975042872816146877e-01 8.974984295902154185e-01 8.964698018758945341e-01 9.206392232722613311e-01 9.083673421872764386e-01 9.338975523095143227e-01 9.031059316021001759e-01 9.062808863873588194e-01 9.195270535952413393e-01
8.553410708161021114e-01 9.090695081475272943e-01 8.953982109928807498e-01 9.360450779246400899e-01 8.904564020915286537e-01 9.031120421902344431e-01 8.799952131054535887e-01 8.803401376374684340e-01 9.139722919937495194e-01 9.115056896592512725e-01
8.803501553902879362e-01 8.740350722111507320e-01 9.314470742425410288e-01 8.828064981266767752e-01 9.283063427800269940e-01 9.237175651638489526e-01 9.212904810305619918e-01 9.062608443065243158e-01 9.181214126100052386e-01 9.024261083743843059e-01
9.111697905588043156e-01 9.016689659863341699e-01 8.866454401618326653e-01 9.055486255486255853e-01 9.065967047524424727e-01 8.670073105040400074e-01 8.792667932945043008e-01 9.048885687105742148e-01 8.778932335270364096e-01 9.045245415773945918e-01
9.237397639946380856e-01 8.747272027702962527e-01 8.940142102476326125e-01 9.181693596655351453e-01 8.789419880649665950e-01 9.216267792126917602e-01 8.582254365779851124e-01 9.042105145226857488e-01 8.936746677541143047e-01 9.048391629690477611e-01
8.817421415993949019e-01 8.985614107728976396e-01 8.817540220191506517e-01 9.349284472094763210e-01 9.195520504335240597e-01 9.140249157210227349e-01 9.296914664189174227e-01 8.989469205403679553e-01 8.926281948683147949e-01 8.722625220653132949e-01
8.824554312485233254e-01 9.167645418057158713e-01 9.157415067685192867e-01 8.778946767102131510e-01 8.950566982003544947e-01 8.764911672471121795e-01 8.859625395714605389e-01 8.701547209009896644e-01 8.354978354978355171e-01 8.571358367908566978e-01
9.062362648973687484e-01 9.153799953799953704e-01 9.041694569257689995e-01 9.178267118264477054e-01 8.884209976834707145e-01 9.010495129178586193e-01 9.013553067667045005e-01 8.919245022838921955e-01 8.712128329372056390e-01 9.247557244374260410e-01
8.672928731604176988e-01 9.055707760982285581e-01 8.838589484873469182e-01 8.550027292082191810e-01 9.101180735109980491e-01 8.599788826261886010e-01 8.666222648943396889e-01 8.561147712809762389e-01 8.534928538857338154e-01 8.810508596065265152e-01
9.034887983588847371e-01 8.817222190682574290e-01 9.090783788347917005e-01 9.441195421292286616e-01 8.919272167109233429e-01 8.785892566574604601e-01 8.585775304315961254e-01 9.118359457180074124e-01 9.156814712251926114e-01 8.757717934371453961e-01
8.785878813936205400e-01 8.873660775459655259e-01 8.495838956365271422e-01 9.080440915465588514e-01 9.038387653532882204e-01 8.985943813420063098e-01 8.905185520081202455e-01 9.241133241026733280e-01 8.743560176362135117e-01 8.655397239545499222e-01
8.508042895937701910e-01 8.760758905062959734e-01 9.038549143694364352e-01 9.030654772614234993e-01 9.248695102019296455e-01 8.679950272706802306e-01 8.676700156106151862e-01 9.059637545553038684e-01 8.687248016647157733e-01 9.143079373967357704e-01
8.953982109928807498e-01 9.171485502104914644e-01 8.454798036928108385e-01 8.554101146424656354e-01 9.245555983070410377e-01 8.495397381364834244e-01 8.732861422690506581e-01 8.496610162806839117e-01 9.244774896083367555e-01 8.502428234722942957e-01
8.971908433675013228e-01 9.318813846571598614e-01 8.782402024885316294e-01 8.824554312485233254e-01 8.849120539972747945e-01 8.641354390872344471e-01 8.464814237530567942e-01 9.017287852397127823e-01 8.570597827634023336e-01 8.724450008069668527e-01
9.034906998281857504e-01 8.929786483015522691e-01 9.087460450462032657e-01 8.615770819280245130e-01 8.233665784602602900e-01 8.992812700595520514e-01 9.080395615850447300e-01 8.746675755921000661e-01 8.374251885432900666e-01 8.989346271539804256e-01
8.563178542677349903e-01 8.517545399324728539e-01 8.707947306720595915e-01 8.598169033582923060e-01 8.929533436671173163e-01 9.101690683143550675e-01 8.992634079301786709e-01 8.750206943853175989e-01 9.147027231945410453e-01 8.796105715108033518e-01
8.724517944715179940e-01 9.150549230210641705e-01 8.588188148913433739e-01 8.253724794143109111e-01 8.454529903490692888e-01 8.936835691591122899e-01 8.439608636977058431e-01 8.767324582346254225e-01 8.379209172761219460e-01 8.482697426796805829e-01
8.947280807857940221e-01 8.396455124433896966e-01 8.968396159513359889e-01 9.006884394842226138e-01 7.957646933017280544e-01 8.414590870456033489e-01 8.712165117681844873e-01 8.887363007840367590e-01 9.024561403508771784e-01 9.066500711237553967e-01
8.472325337095785169e-01 8.672928731604176988e-01 8.805605298034142603e-01 8.749398488529867013e-01 8.356820290751624247e-01 8.908765346814649932e-01 8.632540684273606324e-01 8.606420307675102244e-01 8.402592592592592613e-01 8.662794227448252782e-01
7.880469741987556898e-01 8.644491913034563213e-01 8.390671442499885169e-01 8.674804285570332230e-01 8.260477414253237782e-01 8.543054450160266766e-01 8.528324167735674699e-01 8.852599795008172512e-01 8.482488718501657310e-01 8.752819638428022131e-01
9.024513364770194723e-01 8.477079180899249611e-01 8.408894185164104140e-01 8.275925925925926574e-01 8.725385387499227097e-01 8.433964419227075737e-01 9.020977298961139201e-01 8.352439175631614088e-01 8.557048951684699256e-01 8.381600563711608665e-01
8.416898073170538952e-01 8.184129233830583772e-01 8.950261889425122908e-01 8.446549309635019709e-01 8.212685424842058879e-01 9.048841645896189556e-01 8.287599256439026618e-01 8.953952735857608758e-01 8.550297311907218978e-01 8.482382928756937446e-01
8.665023112480740863e-01 8.106558055469949009e-01 8.227542829445789740e-01 7.989316240381599821e-01 8.273661652023592827e-01 7.955172434339099485e-01 8.319687424409418774e-01 8.649556441482506575e-01 8.078049249740045790e-01 8.660581296738878443e-01
8.436138017401564326e-01 8.391977282118754378e-01 8.640896334381766852e-01 8.379031401400978130e-01 8.473919306863995082e-01 8.477299744880921750e-01 8.186748952211291286e-01 8.880628852282284047e-01 8.085402279553413063e-01 7.802572440747056470e-01
8.487037037037037379e-01 8.069354838709676958e-01 8.401598290284012505e-01 8.442422943700351734e-01 8.033254213373672847e-01 6.941918908785955633e-01 7.992543591615806076e-01 8.187888244370407076e-01 8.579853806593701337e-01 8.386660942518560091e-01
8.104182566308396618e-01 8.477285136548302624e-01 6.502974408112748295e-01 8.677601260499223645e-01 8.584042976154151461e-01 8.156203074705192790e-01 8.505318105944039697e-01 8.180184712956451998e-01 7.835667600373482644e-01 7.948189914691003999e-01
7.530846706372555932e-01 7.683553335130901552e-01 6.870288845374601383e-01 7.938843535521428185e-01 8.066709353336993793e-01 7.389415181110390307e-01 7.623185912386152285e-01 8.190499436484295348e-01 8.089938452536185043e-01 6.987066950685163480e-01
7.941102487798746834e-01 7.706455472794588868e-01 8.009943696452861417e-01 7.602155251615789755e-01 7.703655143408363326e-01 8.410821786389560684e-01 7.886412361959467265e-01 7.331998395547961733e-01 7.846878141605628798e-01 8.203426845792682887e-01
6.748986989054291952e-01 8.003678693811731026e-01 8.463911184249564013e-01 8.349602122607964194e-01 5.893423952852875347e-01 6.669935417526733357e-01 7.504959737409790943e-01 7.851610416882897070e-01 7.637659973170165539e-01 7.014026985718277984e-01
8.182557333142024270e-01 7.810013775266368974e-01 6.643920575442642251e-01 7.648177857515086053e-01 6.763097087505385296e-01 8.322884207128580236e-01 6.486913811626333626e-01 7.814152432537602166e-01 7.372862538349026496e-01 6.946756749370779360e-01
6.761909906367744583e-01 7.782286495035922735e-01 8.017080062794348372e-01 6.782036528871973058e-01 7.548264995653433118e-01 5.382916053019145552e-01 6.573464912280702066e-01 7.608408561213546584e-01 6.376367915900886807e-01 8.024264914929144510e-01
7.473288107543686332e-01 7.796021150588829940e-01 7.206721850999731060e-01 7.010771866345992809e-01 7.054509565371422930e-01 6.973552156513266320e-01 7.500574007606047866e-01 6.846499004871027250e-01 5.797898338220919268e-01 6.702244329420965485e-01
6.353877321753262919e-01 6.712570621468925136e-01 6.456855320175007851e-01 5.620734848827224628e-01 5.467681306432915500e-01 6.434866662875988741e-01 6.585707259864563845e-01 6.788738319105647179e-01 5.481668168506420580e-01 7.292691165075519955e-01
4.350011316307034748e-01 4.181098874394341136e-01 6.090455039048052743e-01 6.608890735355212875e-01 6.085044374991758209e-01 5.365222839182117731e-01 5.707519979800094179e-01 6.713625139002106224e-01 6.067435336438435911e-01 6.234630097996034515e-01
6.067486005566500307e-01 6.140945945945947004e-01 3.713323031027520038e-01 4.047394344537280086e-01 5.682600784761329127e-01 5.146426587712560341e-01 3.874919406834300140e-01 4.669729513974800739e-01 6.484990157972443381e-01 4.895116442471919571e-01
