0.000000000000000000e+00 0.000000000000000000e+00 0.000000000000000000e+00 0.000000000000000000e+00 0.000000000000000000e+00 0.000000000000000000e+00 0.000000000000000000e+00 0.000000000000000000e+00 0.000000000000000000e+00 0.000000000000000000e+00
8.720935785496652937e-01 8.834277453149236292e-01 8.765599882989376646e-01 8.685816898519104212e-01 8.846927670058991611e-01 8.766598831202246922e-01 8.809017857804838370e-01 8.803071060592075892e-01 8.822106570389791624e-01 8.829885795464716969e-01
8.882143283111708643e-01 8.680268419501464550e-01 8.730496931409094108e-01 8.881520505057326487e-01 8.801630160919230450e-01 8.839126612431754682e-01 8.752896930723814695e-01 8.680268419501464550e-01 8.757830926367445867e-01 8.738232373216562321e-01
8.472068999667201616e-01 8.771413297827458377e-01 8.771413297827458377e-01 8.692929013898849089e-01 8.745118891828256302e-01 8.757830926367445867e-01 8.752459155668049773e-01 8.791872921374119798e-01 8.770556575577826974e-01 8.627860057020416695e-01
8.736817399433071119e-01 8.913918996854709453e-01 8.742310016558252350e-01 8.760680670252145585e-01 8.531608719282406383e-01 8.902630336467333150e-01 8.776265308477050331e-01 8.666336464921422511e-01 8.721818836338984804e-01 8.845461450932005087e-01
8.802430670942061885e-01 8.840600853660558478e-01 8.829885795464716969e-01 8.824995314889897413e-01 8.829885795464716969e-01 8.703725109516530223e-01 8.884960730137295704e-01 8.769932581449042530e-01 8.692929013898849089e-01 8.830993226471279822e-01
8.804530253109826843e-01 8.824995314889897413e-01 8.805168851800688756e-01 8.762132836160662075e-01 8.785549338597526958e-01 8.785549338597526958e-01 8.845461450932005087e-01 8.659932645989513178e-01 8.777738077449080967e-01 8.780738506736444071e-01
8.729579858863034669e-01 8.593613067257196425e-01 8.824995314889897413e-01 8.132123524490674216e-01 8.861657505220420505e-01 8.716863257282768673e-01 8.749468389599004414e-01 8.678069381606292598e-01 8.750954644415972483e-01 8.762132836160662075e-01
8.702735440010025414e-01 8.785549338597526958e-01 8.791872921374119798e-01 8.722680154450169754e-01 8.746550540138835483e-01 8.769174847078491375e-01 8.767025900749195744e-01 8.394232982878377936e-01 8.681765605053611834e-01 8.832795197742603355e-01
8.714063457538677726e-01 8.847199871225310819e-01 8.625298836890661347e-01 8.700970678970394445e-01 8.791872921374119798e-01 8.654829686524994070e-01 8.855296252636549736e-01 8.663947218251359939e-01 8.842093501677801282e-01 8.697813637013181998e-01
8.743705392615239713e-01 8.779252900946457050e-01 8.769667684074109459e-01 8.924156150556686873e-01 8.883542811656124361e-01 8.674048265624377807e-01 8.508949849482734251e-01 8.601246307095651300e-01 8.716863257282768673e-01 8.835711118958974319e-01
8.765138346443328565e-01 8.856229542447868752e-01 8.574221849915361071e-01 8.580367193927006531e-01 8.801630160919230450e-01 8.544844691967155015e-01 8.832795197742603355e-01 8.730496931409094108e-01 8.829466127392678887e-01 8.747310853991298041e-01
8.823541780850722160e-01 8.702735440010025414e-01 8.735081666738334638e-01 8.810167825389703111e-01 8.621434005292927250e-01 8.615346710877775926e-01 8.812333544775952099e-01 8.287152297999399453e-01 8.752335462127485144e-01 8.856219142017717205e-01
8.628280662531396805e-01 8.740207529638753803e-01 8.641969394807857974e-01 8.729579858863034669e-01 8.836233242239894814e-01 8.844013612737461338e-01 8.734558035026024347e-01 8.749468389599004414e-01 8.654829686524994070e-01 8.774810800365455687e-01
8.744667370332152023e-01 8.795283840799958952e-01 8.611282513503352165e-01 8.417941057928038928e-01 8.637072418496015702e-01 8.834814060129612123e-01 7.923052064013589302e-01 8.581868260964355954e-01 8.928129419051943350e-01 8.551314725662821914e-01
8.721818836338984804e-01 8.428948368680930781e-01 8.764192045260470465e-01 7.905697268114960652e-01 8.694565573927681701e-01 8.646582345746701703e-01 8.653994140546144020e-01 8.794878182270641220e-01 8.700970678970394445e-01 8.844646803025346671e-01
8.713791169884292920e-01 8.765599882989376646e-01 8.788940930478765790e-01 8.776265308477050331e-01 8.823541780850722160e-01 8.472198637902171869e-01 8.739473497640152244e-01 8.676614462740167566e-01 8.647158676642004993e-01 8.658630189048397430e-01
8.653598398090591726e-01 8.770556575577826974e-01 8.796732719806182876e-01 8.570666717691205472e-01 8.821596564455845835e-01 8.498050347983336916e-01 8.610793967857079956e-01 8.191793124365571721e-01 8.667165777793950365e-01 8.830666214393358970e-01
8.758741983433565581e-01 8.761430806943664162e-01 8.883542811656124361e-01 8.595971577744905279e-01 8.495907641336742921e-01 8.676614462740167566e-01 8.627134938844688294e-01 8.514358861562378866e-01 8.834814060129612123e-01 8.754001412301717355e-01
8.745959584039466606e-01 8.892739929640309793e-01 8.626000586059726638e-01 8.817910618753131979e-01 8.611999840636248571e-01 8.632488486992428989e-01 8.659932645989513178e-01 8.775372676137209726e-01 8.846927670058991611e-01 8.751023791940198970e-01
8.568515110404426594e-01 8.624178211306005037e-01 8.421415994087840806e-01 8.316914253036373772e-01 8.682379674857502172e-01 8.383830023249165819e-01 8.369496786204868588e-01 8.706313708316159028e-01 8.821624646233697797e-01 8.501182735929593282e-01
8.819291015155622526e-01 8.257750048072109994e-01 8.189007952595038775e-01 8.429943283099667894e-01 8.688163885259242436e-01 8.734558035026024347e-01 8.564263766490075591e-01 8.822106570389791624e-01 7.908083385286320821e-01 8.097958567419015763e-01
8.647158676642004993e-01 8.605420468972663217e-01 8.807521329453147363e-01 8.279399568187257863e-01 8.455170149474199315e-01 8.743705392615239713e-01 8.524086439483796740e-01 8.189679696216183302e-01 8.624178211306005037e-01 8.629122753658695633e-01
8.494607273846038753e-01 8.529591177829239923e-01 8.747310853991298041e-01 8.820142609224197461e-01 8.712690629061883296e-01 8.726625421532506754e-01 8.619516161796533238e-01 8.704950995134196345e-01 8.709998989135087077e-01 8.458113519634670174e-01
8.635911408851572046e-01 8.577856249343124295e-01 8.529116920507905375e-01 8.108892749126129784e-01 8.748706986436571853e-01 8.670576155975178168e-01 8.740734759319948033e-01 8.460795092043563725e-01 8.379388392840033672e-01 8.288346251854167290e-01
8.657345559067227692e-01 8.375415029072106332e-01 8.736909237437069375e-01 8.396848714437773475e-01 8.554706917645938935e-01 8.050484705119733686e-01 8.420447479730372997e-01 8.687750911957908828e-01 8.785756928449456327e-01 7.593208689920302179e-01
8.176307080542098982e-01 8.633052381900337968e-01 8.514453992704676955e-01 8.714063457538677726e-01 8.571823371656230872e-01 8.299164880438441028e-01 8.334094333593660142e-01 7.642225695610560532e-01 8.522005886063315216e-01 8.201769651943441319e-01
8.729579858863034669e-01 7.592999282750203527e-01 8.502427021040271926e-01 8.023075817947583621e-01 8.795902705050259174e-01 8.515492680014646876e-01 8.757424665533056762e-01 8.325024796253361892e-01 8.662947932926423622e-01 8.298393201873176528e-01
8.693159228366120761e-01 8.812752363827511815e-01 8.628170608281744425e-01 7.783958932090857541e-01 8.778316448234297908e-01 8.389718792095247624e-01 8.530604078276528002e-01 8.244739829669978093e-01 8.627131826616185606e-01 8.617728650440233951e-01
8.815708650797982049e-01 8.373157122034083910e-01 8.724115681175824699e-01 8.459872995751824831e-01 8.266980444896371294e-01 8.430955280092446991e-01 8.682379674857502172e-01 8.376925710508305034e-01 8.371103582771236562e-01 8.323952496860124173e-01
8.820689657155783570e-01 7.919395825845213510e-01 7.550923674650141804e-01 8.584293177262362073e-01 8.641220057112189989e-01 8.199372407834827348e-01 8.447654838848296377e-01 8.258550929557505471e-01 7.791317535790069915e-01 8.130870385098822872e-01
8.750854700912930051e-01 8.269510563449209428e-01 8.243311116439862030e-01 8.104009009280681575e-01 7.803664414434263730e-01 8.318361601823580642e-01 8.720508092040322179e-01 8.782601422264325608e-01 8.332424765985581017e-01 8.024879007836168698e-01
8.042703797706415303e-01 8.647750086388127366e-01 7.861060320689833292e-01 8.290981383689026707e-01 8.621651171992439355e-01 8.512461451385958666e-01 8.237880569601074843e-01 8.274757421030342064e-01 8.062593007378948684e-01 7.978315031692060355e-01
8.836281207604564925e-01 8.774115329317010437e-01 8.367040313841532795e-01 8.099400896884418888e-01 8.478738684048293672e-01 8.431720340191919405e-01 8.309879880635508975e-01 8.784348183405622512e-01 8.093161046597948660e-01 8.575014484876540832e-01
7.460244312854908966e-01 8.208976168899682069e-01 8.728926405643419040e-01 8.571566533244039388e-01 8.795902705050259174e-01 7.910299113134712234e-01 8.586559945771403690e-01 7.992361360973209150e-01 8.415859929686930752e-01 8.193213990884807840e-01
7.734935242649848552e-01 8.108892749126129784e-01 8.564985130298781169e-01 8.201769651943441319e-01 7.747461896687745098e-01 7.656170513750575335e-01 7.782578784602489641e-01 8.731796445092008252e-01 8.066336394344529870e-01 8.212524461168857481e-01
8.144782202429226015e-01 7.061156186695802806e-01 8.497248360281058899e-01 8.253429661401779915e-01 8.270808623789388525e-01 7.480747804067892082e-01 8.191515434317020450e-01 8.160891187092566001e-01 8.469864443014901711e-01 8.625116028079238273e-01
7.975561753688087396e-01 8.345035687535229396e-01 8.471582142780076374e-01 8.039277450286381743e-01 7.550923674650141804e-01 8.812926414107188355e-01 7.600029941697408198e-01 8.575338654106683389e-01 8.114808835221418715e-01 8.160891187092566001e-01
7.097556526155694989e-01 8.058851886706552836e-01 8.418561505893595864e-01 8.585561720901598859e-01 7.684483000349776605e-01 8.166316647773199655e-01 7.763011232641318093e-01 8.432401336721883078e-01 7.649441128334724116e-01 8.387939242640723991e-01
8.238885354174548814e-01 8.382020911251240047e-01 7.901744265512674614e-01 8.184925342236639700e-01 7.635179840214009195e-01 8.559797304524439099e-01 8.188557616179893417e-01 7.140806418742150496e-01 7.268772835762958850e-01 8.448899543443849636e-01
8.389491356852060155e-01 7.670296313408946354e-01 8.019583824403917482e-01 8.029733137560277623e-01 8.377796507028192341e-01 8.187701578500177213e-01 8.554706917645938935e-01 8.237229451541142611e-01 7.892775792653687894e-01 7.953415640959683452e-01
6.970221141153425393e-01 7.968711875672835898e-01 7.783383781410333491e-01 8.604080977882704317e-01 7.957912372124520406e-01 8.224489170034938734e-01 7.768696512682377042e-01 7.726437549005717997e-01 8.221921916437785471e-01 7.883505276977098575e-01
7.511037835500175008e-01 7.539383972141358026e-01 8.595972316825976067e-01 7.411856873793271072e-01 8.336960816804647179e-01 8.437410711771234917e-01 8.472153307143031054e-01 8.101008043045035967e-01 8.379388392840033672e-01 8.001657147568808082e-01
8.431625681970436048e-01 8.310962254367799673e-01 7.459913634129509141e-01 8.364400919646143295e-01 7.940291712599752971e-01 7.453440971609541776e-01 7.727411832538831904e-01 7.740358500818528276e-01 7.867046347379179627e-01 8.187090750769342451e-01
8.310239193321090623e-01 7.520420274785118986e-01 7.768910779648291465e-01 8.466361397978550141e-01 7.733426639628527832e-01 8.368830816663319627e-01 7.105389132917583339e-01 7.922877248345977508e-01 7.832012865918626110e-01 7.969434727965806209e-01
7.581503435672873881e-01 7.874710001337038578e-01 7.601684770581547124e-01 8.640200207494990181e-01 8.260708596885978361e-01 8.253218901848892175e-01 8.411972213451418545e-01 7.824684711300068374e-01 7.512518718368568216e-01 7.280265902076534790e-01
7.761405419859987997e-01 8.223450463890570328e-01 8.236650777145606561e-01 7.359477975459987054e-01 7.888933447302023394e-01 7.361133477913334167e-01 7.909402954456709045e-01 7.076214345077243006e-01 6.747504382692788294e-01 7.159520551485595297e-01
8.063531710538652808e-01 8.330952717607797986e-01 8.141548689929783977e-01 8.194931727207809269e-01 7.544602767556302103e-01 7.839221916706428095e-01 7.979143840986850922e-01 7.775440511035141000e-01 7.058781852871721663e-01 8.579987187142629201e-01
7.181226826556657006e-01 7.994116328121462223e-01 7.498816717408977039e-01 6.397387299689411000e-01 8.144412816175270464e-01 7.406142535361388557e-01 7.312642093370927965e-01 7.407040554039509006e-01 6.978756418223923674e-01 7.642135370737282996e-01
7.705492737091027555e-01 7.477927740337959595e-01 7.807063970159465738e-01 8.794025872468983485e-01 7.915838201677843911e-01 7.607558919731461922e-01 7.148086828613222643e-01 8.128558418183225998e-01 8.308842905112220345e-01 7.100183318111420450e-01
7.248749760693283806e-01 7.531493775469990659e-01 7.043832656856567898e-01 7.943877253302430441e-01 8.192088308031730826e-01 8.070336399819607598e-01 7.960296173324484803e-01 8.161867463106197151e-01 7.646173193245825450e-01 7.123633707953337391e-01
6.944127912454334250e-01 7.434866143240322911e-01 8.126894122738960169e-01 7.825494063365664443e-01 8.500075473992039221e-01 7.264278006234745622e-01 7.550555631489889175e-01 7.993368233420949931e-01 6.969315242049844983e-01 8.238405782591343707e-01
7.945285966982938985e-01 8.247441925607865709e-01 7.104848711611849721e-01 7.108705017048138064e-01 7.761847774472491190e-01 6.924248237349411861e-01 7.295430179777906421e-01 6.979176101547009958e-01 8.240967177639519914e-01 7.052103685877694206e-01
7.656751218555696292e-01 7.940980608099474924e-01 7.755149821534617072e-01 7.574914681895341673e-01 7.345824413828617727e-01 7.078395715247385311e-01 6.839980644101163465e-01 7.494637946895388314e-01 7.202181586636826616e-01 7.502682706715012584e-01
7.449479902443710833e-01 7.297275028228820126e-01 8.021439763652454813e-01 7.178995970420213313e-01 6.456893897758223533e-01 7.679446479660211322e-01 8.113450161232873548e-01 7.204921160008510572e-01 6.962667175545365073e-01 6.923297953142243388e-01
7.208683377931550673e-01 6.704287142708444946e-01 7.451246598493191931e-01 6.966555253056230246e-01 7.668847790799302455e-01 8.147400519215781678e-01 8.071847122547481934e-01 7.421940529716251067e-01 7.706859252658379011e-01 7.525401443207845320e-01
7.128065377804946312e-01 8.126557913981248271e-01 6.999888913574754401e-01 6.578031848658676406e-01 6.707500889472276517e-01 7.577372374498655416e-01 6.840116601131871477e-01 7.419856833455087397e-01 6.647391971590643767e-01 6.728185708318458191e-01
7.678923380358052553e-01 6.760987409169781914e-01 8.204163313007891700e-01 7.874384186898817362e-01 5.801136167422568102e-01 6.792227216497188635e-01 7.542878823976473246e-01 7.582721819811262254e-01 7.694110171454452418e-01 8.007049089082864946e-01
6.625411696911123194e-01 6.905572840308507043e-01 7.016520738616415231e-01 6.862576974887476533e-01 6.628016528041799083e-01 7.748209823594099932e-01 5.909421348363916859e-01 7.341300194082461816e-01 6.843323386879831549e-01 7.348643990094408940e-01
5.969403016052209354e-01 7.248299742079883368e-01 7.076892409854984578e-01 7.396515808287194016e-01 6.427396442118968878e-01 7.017398403624067749e-01 7.086579404450265018e-01 7.314605884574572059e-01 6.929697014104890807e-01 7.092708410236503447e-01
7.617018838867178898e-01 6.688802690443380605e-01 6.612614519735446894e-01 6.142031496028296234e-01 6.852466039977177514e-01 6.975876409932344480e-01 7.794866939657048022e-01 6.566654338341050279e-01 7.259254291638601586e-01 6.323523969904860653e-01
6.894178815187979037e-01 6.033350969894870630e-01 6.669918058985432330e-01 6.610193836643118992e-01 6.173809037755045859e-01 7.447071566992542468e-01 6.871456493515293307e-01 7.597115812955537173e-01 6.892411509165125016e-01 6.828755387317426706e-01
6.987926634448445862e-01 6.273731958597323910e-01 6.323773636050235014e-01 5.544713562715614108e-01 5.414841064467201814e-01 6.143421350644102663e-01 6.835547511678291555e-01 6.651814275093114182e-01 6.401929159694231819e-01 7.292954381441952849e-01
6.975890939385102074e-01 6.792459455313535344e-01 7.246205288640622522e-01 6.718411116586270326e-01 5.926494177949962472e-01 6.763537779267627670e-01 6.052294259381819641e-01 7.349459709798017437e-01 6.170595956447132435e-01 5.660815513246614250e-01
5.633769948475310096e-01 6.015478292083747958e-01 6.513035128418939168e-01 6.327981725693758719e-01 5.776246775056773641e-01 4.557990884027348089e-01 5.959015856749327877e-01 6.231509042523060149e-01 6.782928057249856257e-01 6.275400910816428812e-01
6.341605544154674812e-01 6.303639395503566334e-01 4.732505506433787312e-01 7.225298766154302221e-01 7.217157994813014898e-01 5.779348778109510976e-01 7.075227650765562037e-01 5.909829924581854188e-01 5.905584760681308332e-01 4.550865494903176267e-01
4.751939172730114680e-01 4.975827753030378497e-01 4.076016327753853030e-01 5.922397282948238528e-01 5.538687224626578365e-01 4.969902341805646495e-01 5.155013823586462873e-01 6.402402293416235013e-01 5.932681901825714865e-01 4.234091298997456621e-01
5.610710365027666846e-01 6.073772907116229414e-01 5.052855591450765571e-01 5.159517264031326933e-01 5.190058479532163593e-01 6.235594057365211329e-01 6.121666325707929568e-01 4.347366278234190973e-01 5.258226602537763306e-01 6.100422437632847528e-01
4.154486487734644906e-01 4.233937035084786582e-01 6.873641276269703004e-01 6.345620481399735224e-01 3.013585852019856626e-01 3.294029302746384058e-01 4.301772761109959875e-01 5.308421081175087597e-01 5.811494345640008108e-01 4.428055401163769056e-01
6.148950213640872464e-01 5.187307189681221731e-01 3.309246919542266352e-01 5.334678678779055661e-01 3.865578705386887859e-01 5.434929763894059684e-01 3.630085440349722914e-01 4.651679631472914189e-01 5.022333393556362990e-01 4.200032107806195292e-01
3.539180726976656199e-01 5.442119979769477478e-01 5.520300735334400244e-01 3.157277683699411530e-01 5.317270898114673239e-01 2.540623682836675723e-01 3.806833530845346591e-01 4.480181096766812088e-01 2.879303644802498896e-01 6.038011695906432275e-01
4.668323930905027841e-01 5.300256540643926151e-01 3.412385923882293448e-01 4.094902633979202733e-01 3.906508946517870950e-01 4.158598116330340932e-01 5.859228818079265100e-01 3.236131838008439732e-01 2.339070297691449030e-01 4.024399598399480693e-01
3.879234841020243740e-01 3.424375175741292687e-01 3.691859036314180664e-01 2.642894915524762189e-01 0.000000000000000000e+00 3.714434658737449935e-01 3.892312215383353924e-01 3.087601953798563836e-01 2.829020142031941631e-01 3.393683293295804981e-01
1.424791223313096600e-01 -2.649994700015899721e-02 3.005470521004170448e-01 4.095575089177459494e-01 -3.246137365805977504e-02 1.780033050612062073e-01 2.712206677185343695e-01 0.000000000000000000e+00 2.529575469132572252e-01 3.294182285905433716e-01
3.617913941503581032e-01 1.671730806738924435e-01 1.303863764529929539e-02 0.000000000000000000e+00 3.058767695495250294e-01 2.286647801900117960e-01 5.433178055323403810e-02 1.268697134452004271e-01 2.815157583898577065e-01 2.248947817554513562e-01
