0.000000000000000000e+00 0.000000000000000000e+00 0.000000000000000000e+00 0.000000000000000000e+00 0.000000000000000000e+00
8.998636449565479145e-01 8.935306402500963197e-01 8.936199472533985499e-01 8.934470364885568339e-01 8.955044493609666256e-01
8.999463806614643735e-01 8.777214594444782136e-01 8.786088627619106362e-01 9.001062526508551986e-01 9.046508439682972025e-01
9.060371808561391571e-01 9.002495772568476218e-01 8.958579560266179964e-01 9.111363996468316850e-01 9.003652131833007610e-01
8.729168482673195228e-01 8.734353030041136501e-01 8.773257731078054622e-01 8.931248415537206276e-01 8.890007822070853383e-01
8.913466517942761902e-01 8.736879328549187473e-01 8.603164165077469283e-01 8.658464782561068329e-01 8.765663829965848475e-01
8.676650769284484088e-01 8.545826821180503297e-01 8.906192600178000074e-01 8.687273864830847847e-01 8.766299365741534455e-01
8.249169071557606037e-01 8.812451126135008028e-01 8.547146594939463160e-01 8.930932007448693088e-01 8.553128754482550722e-01
8.561725327234309679e-01 8.384493853409502595e-01 8.517738408494711644e-01 8.075195655662525951e-01 8.374073292817805214e-01
7.167808610364226896e-01 7.569404380167930046e-01 8.040588973365897507e-01 7.610330777791889378e-01 7.897248344249421237e-01
4.447739407892079555e-01 3.548896935300227540e-01 3.366391506676332246e-01 4.204143631522274660e-01 4.404440211744337086e-01
