0.000000000000000000e+00 0.000000000000000000e+00 0.000000000000000000e+00 0.000000000000000000e+00 0.000000000000000000e+00
9.367496997597597463e-01 9.324757965283126948e-01 9.324757965283126948e-01 9.324757965283126948e-01 9.339012822232720668e-01
9.367496997597597463e-01 9.224731920893186610e-01 9.224731920893186610e-01 9.367496997597597463e-01 9.395947379614991712e-01
9.410159993916740184e-01 9.367496997597597463e-01 9.339012822232720668e-01 9.438560258486801136e-01 9.367496997597597463e-01
9.196074041555872824e-01 9.196074041555873935e-01 9.224731920893186610e-01 9.324757965283125838e-01 9.296222517045285016e-01
9.310494543362093367e-01 9.196074041555872824e-01 9.124272336959936558e-01 9.153020145163985877e-01 9.224731920893185499e-01
9.181731728321416153e-01 9.081081950005519543e-01 9.310494543362093367e-01 9.167380443590790184e-01 9.224731920893185499e-01
8.892943519692703136e-01 9.253354413467289596e-01 9.081081950005519543e-01 9.324757965283124728e-01 9.095487960223349599e-01
9.095487960223349599e-01 8.979977728257458880e-01 9.066666666666666208e-01 8.805553803014196657e-01 8.979977728257458880e-01
8.258112360163575305e-01 8.481905213416541800e-01 8.761722306588914932e-01 8.496731397687257159e-01 8.673779132791222812e-01
6.698074165822904824e-01 6.290655425232918319e-01 6.238658846060655128e-01 6.631164730197278701e-01 6.664666366576632583e-01
