0.000000000000000000e+00 0.000000000000000000e+00 0.000000000000000000e+00 0.000000000000000000e+00 0.000000000000000000e+00
9.310494543362093367e-01 9.395947379614991712e-01 9.310494543362093367e-01 9.296222517045285016e-01 9.381726393551285126e-01
9.310494543362093367e-01 9.324757965283126948e-01 9.196074041555873935e-01 9.253354413467289596e-01 9.424364274332176494e-01
9.267652492192904878e-01 9.367496997597597463e-01 9.310494543362093367e-01 9.367496997597597463e-01 9.310494543362093367e-01
9.196074041555873935e-01 9.224731920893186610e-01 9.081081950005519543e-01 9.267652492192904878e-01 9.224731920893185499e-01
9.196074041555872824e-01 9.095487960223350710e-01 8.921993908798748762e-01 9.023364733352582379e-01 8.979977728257458880e-01
9.008911911388660654e-01 9.095487960223349599e-01 9.153020145163985877e-01 9.196074041555872824e-01 9.109884741312592737e-01
8.673779132791221702e-01 8.907473627227480151e-01 8.849293757131130311e-01 8.805553803014196657e-01 8.776343061370389664e-01
8.673779132791221702e-01 8.688462620973251838e-01 8.481905213416541800e-01 8.437358137810615499e-01 8.481905213416541800e-01
7.631513611335564162e-01 7.724707833381861954e-01 7.678179761144203752e-01 7.647084492443372294e-01 7.848126299936379890e-01
6.186404847588912181e-01 5.938948653685356405e-01 5.758257623986402507e-01 6.273351438553792514e-01 6.133886851029660692e-01
