0.000000000000000000e+00 0.000000000000000000e+00 0.000000000000000000e+00 0.000000000000000000e+00 0.000000000000000000e+00
8.751945092832741357e-01 8.667897381444431559e-01 8.669985444440500011e-01 8.668325579065147002e-01 8.696430893188563660e-01
8.751512737881613768e-01 8.474053234008387392e-01 8.476252015982588262e-01 8.751458698017969828e-01 8.806534113713331280e-01
8.837807924410432392e-01 8.752323455984830636e-01 8.697827590914020135e-01 8.889437636544372801e-01 8.751512737881613768e-01
8.420357879482875951e-01 8.421294451847253226e-01 8.474576598319419896e-01 8.668379108229845587e-01 8.614302184450628452e-01
8.642624163298102680e-01 8.423116459761376129e-01 8.315850920157813464e-01 8.339667708890696751e-01 8.487481972502510796e-01
8.414326137677732298e-01 8.205239917142111983e-01 8.649734553332429909e-01 8.365656653356207118e-01 8.477666422823051384e-01
7.855037403022506748e-01 8.545255401516815841e-01 8.203970632473904789e-01 8.674756168047148552e-01 8.257519551592216178e-01
8.246898019329998997e-01 8.026950391344621627e-01 8.190768831675487860e-01 7.724144081028234687e-01 8.048184951998718084e-01
6.745021154113294282e-01 7.132445673476166537e-01 7.642868205591132336e-01 7.168489248431070271e-01 7.482591414720346501e-01
4.329144238033420522e-01 3.792583618413644109e-01 3.663182274577121977e-01 4.257457080555799855e-01 4.187466804551385202e-01
