0.000000000000000000e+00 0.000000000000000000e+00 0.000000000000000000e+00 0.000000000000000000e+00 0.000000000000000000e+00
8.640595841857313664e-01 8.809743898578624721e-01 8.640382417400578330e-01 8.613131712351830283e-01 8.780379757315520672e-01
8.640435772032114548e-01 8.668646768929174629e-01 8.418797619706632762e-01 8.529884182102301926e-01 8.861548729261419233e-01
8.558197382252934471e-01 8.751674863479235178e-01 8.640542484260450573e-01 8.751080447000475493e-01 8.640222359436136035e-01
8.422647830491249987e-01 8.474943011039755003e-01 8.200723945972296924e-01 8.562588222828049211e-01 8.477352049002404577e-01
8.421294451847253226e-01 8.233156202267613022e-01 7.933629465440102946e-01 8.092029445011645894e-01 8.021966688490387298e-01
8.092052092781695238e-01 8.245003798917240889e-01 8.355437430631684759e-01 8.427702738089439816e-01 8.268292138916709666e-01
7.465116745960407307e-01 7.912613017900063106e-01 7.801798671220350201e-01 7.720081897839226048e-01 7.681660631610272016e-01
7.513719538135119613e-01 7.546547720817052829e-01 7.152234341349611446e-01 7.085624936198053891e-01 7.195819688582200113e-01
5.755813953488372325e-01 5.958456250112843522e-01 5.914220947816136720e-01 5.821043050325794832e-01 6.150785263336833175e-01
3.683964605154471106e-01 3.303767410480705213e-01 3.026398479519977758e-01 3.754722990872780830e-01 3.583492843195713040e-01
