0.000000000000000000e+00 0.000000000000000000e+00 0.000000000000000000e+00 0.000000000000000000e+00 0.000000000000000000e+00
8.645614035087719751e-01 9.449122807017543701e-01 9.501754385964912286e-01 9.870175438596491269e-01 8.571929824561403954e-01
9.350877192982456343e-01 8.852631578947368629e-01 8.385964912280702288e-01 8.375438596491228127e-01 8.498245614035088158e-01
8.578947368421052655e-01 8.561403508771929793e-01 9.129824561403508953e-01 8.428070175438596712e-01 9.333333333333333481e-01
7.940350877192982049e-01 8.687719298245614175e-01 8.252631578947368096e-01 8.291228070175438170e-01 9.842105263157894246e-01
8.880701754385964541e-01 8.533333333333333881e-01 8.382456140350876828e-01 9.021052631578947434e-01 9.585964912280702244e-01
9.221052631578947612e-01 8.459649122807018085e-01 8.971929824561403199e-01 8.919298245614034615e-01 8.403508771929824039e-01
8.915789473684210265e-01 9.326315789473683671e-01 9.642105263157895179e-01 9.870175438596491269e-01 9.105263157894737391e-01
8.196491228070175161e-01 8.333333333333333703e-01 9.673684210526315441e-01 8.884210526315790002e-01 8.754385964912280160e-01
8.350877192982456565e-01 8.922807017543860075e-01 6.778947368421052166e-01 6.603508771929824661e-01 8.007017543859649145e-01
9.010526315789473273e-01 8.252631578947368096e-01 8.207017543859649322e-01 9.203508771929824750e-01 6.522807017543860164e-01
