0.000000000000000000e+00 0.000000000000000000e+00 0.000000000000000000e+00 0.000000000000000000e+00 0.000000000000000000e+00
9.628070175438596667e-01 9.385964912280702066e-01 8.817543859649122906e-01 9.024561403508771784e-01 8.645614035087719751e-01
8.947368421052631637e-01 9.414035087719297978e-01 8.950877192982455988e-01 8.424561403508772361e-01 9.399999999999999467e-01
8.378947368421052477e-01 9.266666666666666385e-01 9.319298245614034970e-01 9.663157894736842390e-01 9.308771929824561919e-01
8.729824561403508598e-01 8.550877192982455632e-01 9.589473684210526594e-01 9.294736842105263408e-01 9.105263157894737391e-01
8.873684210526315841e-01 9.266666666666666385e-01 8.284210526315789469e-01 9.470175438596490913e-01 9.238596491228070473e-01
9.568421052631579382e-01 8.340350877192982404e-01 9.368421052631579204e-01 8.666666666666666963e-01 9.245614035087719174e-01
8.782456140350877183e-01 9.192982456140350589e-01 9.273684210526316196e-01 9.533333333333333659e-01 8.775438596491228482e-01
7.631578947368421462e-01 9.382456140350877716e-01 8.982456140350877360e-01 8.526315789473684070e-01 8.810526315789474205e-01
8.607017543859649678e-01 8.736842105263158409e-01 6.536842105263157565e-01 6.785964912280701977e-01 9.056140350877193157e-01
8.399999999999999689e-01 8.217543859649122373e-01 8.164912280701754899e-01 8.389473684210526638e-01 6.571929824561403288e-01
