0.000000000000000000e+00 0.000000000000000000e+00 0.000000000000000000e+00 0.000000000000000000e+00 0.000000000000000000e+00
9.627629887034172551e-01 9.385811790566438439e-01 8.817070687924292161e-01 9.024503276033930543e-01 8.645517983177385402e-01
8.947355461439968627e-01 9.413816780025803244e-01 8.950427385377470735e-01 8.424551899420507084e-01 9.398527809341645778e-01
8.378560897986888634e-01 9.266236571537960209e-01 9.317457629043590650e-01 9.662836442648429225e-01 9.307721814771290347e-01
8.729298289867295502e-01 8.550547240609158717e-01 9.589125205730043566e-01 9.292751496074113104e-01 9.105095580224995544e-01
8.862307283359915910e-01 9.264763515285796558e-01 8.284162996204881280e-01 9.469087730245493439e-01 9.235581071481852034e-01
9.567641716512337302e-01 8.339200739200739454e-01 9.366979581944925304e-01 8.647186147186147753e-01 9.241690618435178806e-01
8.782376839316465844e-01 9.189147465563197725e-01 9.270197240344788536e-01 9.532545523628557227e-01 8.759505129037532534e-01
7.610289710525495188e-01 9.380786302637484919e-01 8.976577556475830999e-01 8.496400405180523085e-01 8.796191622021987122e-01
8.583529329875230207e-01 8.719037795126950430e-01 6.181864306773450224e-01 6.468909741729680363e-01 9.048280418436335237e-01
8.360568053834322999e-01 8.163249771643154018e-01 8.107832776365523353e-01 8.348107530919869346e-01 6.183708301518909822e-01
