0.000000000000000000e+00 0.000000000000000000e+00 0.000000000000000000e+00 0.000000000000000000e+00 0.000000000000000000e+00 0.000000000000000000e+00 0.000000000000000000e+00 0.000000000000000000e+00 0.000000000000000000e+00 0.000000000000000000e+00
8.333333333333333703e-01 6.739130434782608647e-01 8.333333333333333703e-01 8.333333333333333703e-01 7.246376811594202882e-01 7.318840579710145233e-01 8.115942028985507761e-01 7.173913043478260532e-01 7.173913043478260532e-01 7.536231884057971175e-01
7.536231884057971175e-01 7.753623188405797118e-01 8.043478260869565410e-01 7.463768115942028825e-01 8.260869565217391353e-01 7.318840579710145233e-01 7.826086956521739468e-01 6.811594202898550998e-01 7.681159420289854767e-01 6.956521739130434590e-01
7.971014492753623060e-01 6.884057971014492239e-01 7.971014492753623060e-01 7.246376811594202882e-01 7.391304347826086474e-01 7.608695652173913526e-01 7.246376811594202882e-01 6.304347826086956763e-01 7.826086956521739468e-01 7.681159420289854767e-01
6.956521739130434590e-01 7.536231884057971175e-01 6.956521739130434590e-01 8.260869565217391353e-01 7.173913043478260532e-01 6.739130434782608647e-01 8.260869565217391353e-01 7.463768115942028825e-01 7.173913043478260532e-01 7.608695652173913526e-01
7.753623188405797118e-01 6.956521739130434590e-01 6.521739130434782705e-01 7.753623188405797118e-01 8.188405797101449002e-01 7.391304347826086474e-01 7.318840579710145233e-01 5.942028985507246119e-01 7.898550724637680709e-01 7.681159420289854767e-01
8.115942028985507761e-01 6.739130434782608647e-01 7.173913043478260532e-01 7.681159420289854767e-01 5.797101449275362528e-01 7.318840579710145233e-01 6.811594202898550998e-01 6.594202898550725056e-01 7.101449275362319291e-01 6.304347826086956763e-01
7.391304347826086474e-01 6.376811594202898004e-01 6.739130434782608647e-01 7.826086956521739468e-01 7.246376811594202882e-01 6.811594202898550998e-01 7.101449275362319291e-01 6.014492753623188470e-01 6.521739130434782705e-01 6.811594202898550998e-01
6.811594202898550998e-01 6.594202898550725056e-01 6.304347826086956763e-01 6.811594202898550998e-01 5.724637681159420177e-01 7.608695652173913526e-01 5.362318840579710644e-01 8.115942028985507761e-01 5.144927536231883591e-01 6.956521739130434590e-01
6.376811594202898004e-01 6.811594202898550998e-01 5.000000000000000000e-01 5.724637681159420177e-01 4.855072463768115854e-01 4.855072463768115854e-01 5.362318840579710644e-01 7.028985507246376940e-01 6.666666666666666297e-01 5.289855072463768293e-01
