0.000000000000000000e+00 0.000000000000000000e+00 0.000000000000000000e+00 0.000000000000000000e+00 0.000000000000000000e+00 0.000000000000000000e+00 0.000000000000000000e+00 0.000000000000000000e+00 0.000000000000000000e+00 0.000000000000000000e+00
7.506313131313131493e-01 7.411616161616161325e-01 7.708333333333332593e-01 7.582070707070707183e-01 8.030303030303029832e-01 7.417929292929292817e-01 8.175505050505049720e-01 7.329545454545454142e-01 7.777777777777777901e-01 7.752525252525253041e-01
7.708333333333332593e-01 8.011363636363636465e-01 7.512626262626262985e-01 8.030303030303029832e-01 7.752525252525253041e-01 7.323232323232322649e-01 7.619949494949495028e-01 7.013888888888888395e-01 7.222222222222223209e-01 6.893939393939394478e-01
7.310606060606060774e-01 7.840909090909091717e-01 7.001262626262625410e-01 7.487373737373737015e-01 7.506313131313131493e-01 7.045454545454545858e-01 7.992424242424241987e-01 6.994949494949495028e-01 7.588383838383838675e-01 7.714646464646464086e-01
7.979797979797980112e-01 6.931818181818181213e-01 7.922979797979797789e-01 8.106060606060605522e-01 7.619949494949495028e-01 7.133838383838383423e-01 7.853535353535353591e-01 7.474747474747474030e-01 6.616161616161615466e-01 6.319444444444444198e-01
6.376262626262625410e-01 7.582070707070707183e-01 6.218434343434343647e-01 5.959595959595959114e-01 7.708333333333333703e-01 7.563131313131312705e-01 6.837121212121212155e-01 7.323232323232322649e-01 7.727272727272727071e-01 6.963383838383838675e-01
7.702020202020202211e-01 6.414141414141414366e-01 7.108585858585858563e-01 7.013888888888888395e-01 6.483585858585858563e-01 7.095959595959595578e-01 5.542929292929292817e-01 7.676767676767677351e-01 6.597222222222222099e-01 5.991161616161615466e-01
6.306818181818182323e-01 6.698232323232322649e-01 6.919191919191919338e-01 6.622474747474746959e-01 6.521464646464646409e-01 6.363636363636363535e-01 7.304292929292929282e-01 6.502525252525253041e-01 5.915404040404040886e-01 6.950757575757575690e-01
6.458333333333333703e-01 5.303030303030302761e-01 4.949494949494949170e-01 6.022727272727272929e-01 6.830808080808080662e-01 6.092171717171717127e-01 5.946969696969697239e-01 6.635101010101009944e-01 5.997474747474746959e-01 5.056818181818181213e-01
5.220959595959595578e-01 5.340909090909090606e-01 5.618686868686868507e-01 5.808080808080808843e-01 7.209595959595959114e-01 6.489898989898990056e-01 5.681818181818182323e-01 5.063131313131312705e-01 6.035353535353535914e-01 6.508838383838384534e-01
