0.000000000000000000e+00 0.000000000000000000e+00 0.000000000000000000e+00 0.000000000000000000e+00 0.000000000000000000e+00
8.999599839935974455e-01 9.332264957264957417e-01 8.512280701754385559e-01 9.719108875371071932e-01 9.518928609843525512e-01
9.589352297305733241e-01 8.838572326097028364e-01 8.642097071438166189e-01 8.905258305853986922e-01 9.504511552704323352e-01
9.603104131155444367e-01 9.084002009198524075e-01 8.915788272341576004e-01 9.308642467860093195e-01 9.356773316951844111e-01
8.476165648888065451e-01 9.912275938896775163e-01 8.737347404025013198e-01 8.497487929893610126e-01 8.679499363162812564e-01
9.312280701754386270e-01 9.669831388473012490e-01 8.406904570887390182e-01 9.389285714285714457e-01 9.335214947167083110e-01
9.961403123872334398e-01 9.708765870290190225e-01 9.877191152986088962e-01 9.422876323161601952e-01 8.863063272486574329e-01
9.501321184644980766e-01 8.841689426453375189e-01 8.952551423814878451e-01 8.758939110978267717e-01 8.364776188206000107e-01
8.988534248308257535e-01 9.483248022077688244e-01 9.089409058305559785e-01 8.135550935550937002e-01 9.188682493571138643e-01
8.654306220095693281e-01 9.919298235678453146e-01 9.338567186908222073e-01 8.940279992911571716e-01 8.915082603503183822e-01
6.287207212362529996e-01 6.359706863149708900e-01 8.839689094696037142e-01 8.832766781537237932e-01 6.508057083149356714e-01
