0.000000000000000000e+00 0.000000000000000000e+00 0.000000000000000000e+00 0.000000000000000000e+00 0.000000000000000000e+00
8.642085034446188585e-01 8.529576730137711227e-01 9.715650528402244301e-01 8.431438167857725485e-01 8.901731534949757219e-01
9.712107026707401669e-01 9.469370528073424165e-01 9.546753210729245209e-01 8.298114659484417954e-01 9.557371375153829174e-01
9.606659384771902843e-01 9.403310132422046941e-01 9.420265734653685552e-01 9.578385943042160289e-01 9.317556028538969137e-01
8.897689742959330461e-01 9.223018536901408382e-01 8.561028641010079987e-01 9.750755401439005210e-01 8.339487144744418545e-01
9.090346314176791509e-01 9.599466645890052385e-01 8.294078206125504726e-01 9.486747704858098373e-01 9.387777777777777111e-01
9.521842519894854195e-01 9.515118728720949326e-01 8.417183548461817377e-01 9.088021295935142518e-01 8.964909094826392089e-01
9.217933029257981969e-01 9.648740692244588413e-01 8.868745202448133913e-01 7.824403602451703854e-01 8.345897089131298907e-01
9.493479411369758481e-01 9.518217237198884906e-01 8.668667787371073796e-01 8.916151027475403001e-01 9.326864255842777229e-01
8.370262627158309154e-01 8.992056949619973150e-01 9.316194792840044592e-01 8.907189542483660016e-01 8.591982690001458423e-01
6.059591218805342461e-01 6.420960098691379514e-01 8.417439206736444524e-01 8.510115531392127286e-01 6.413196498055269146e-01
