0.000000000000000000e+00 0.000000000000000000e+00 0.000000000000000000e+00 0.000000000000000000e+00 0.000000000000000000e+00
7.284427560200807950e-01 7.062030052117510559e-01 9.440809825012546064e-01 6.864390172888086283e-01 7.803833518080929288e-01
9.435952993763645491e-01 8.967598125843178059e-01 9.119527147888180085e-01 6.597506619629806002e-01 9.137423162857707393e-01
9.230860874249162684e-01 8.812887161650215795e-01 8.866206949335729837e-01 9.182382086561675649e-01 8.683044290230046425e-01
7.804366345566859930e-01 8.482879194742347639e-01 7.126521058550809862e-01 9.511053945734365689e-01 6.687662686975555104e-01
8.269691618543498768e-01 9.224599935235522352e-01 6.594567819112481244e-01 9.009614051292881287e-01 8.827992148736385492e-01
9.082328406742696814e-01 9.056670213552608928e-01 6.838201714869891479e-01 8.240614008297607596e-01 7.929873375794294077e-01
8.510271849075317085e-01 9.318541927570054284e-01 7.930860917822171174e-01 5.675302082972240036e-01 6.706678715217165854e-01
9.034441359375752212e-01 9.079432592598397633e-01 7.646140397414358247e-01 8.004199697986419393e-01 8.736835507600113626e-01
7.143876549800264320e-01 8.129148689192267074e-01 8.718093143536103096e-01 8.018301127986278143e-01 7.513010868455282099e-01
2.952853882102248750e-01 3.876360382803096249e-01 7.234511881403068445e-01 7.386860577987686138e-01 4.457921796988676411e-01
