0.000000000000000000e+00 0.000000000000000000e+00 0.000000000000000000e+00 0.000000000000000000e+00 0.000000000000000000e+00 0.000000000000000000e+00 0.000000000000000000e+00 0.000000000000000000e+00 0.000000000000000000e+00 0.000000000000000000e+00
4.161198597819119049e-01 4.082090565691528505e-01 4.000128006144327841e-01 4.240542824224474705e-01 3.920000000000000151e-01 3.682947537517003989e-01 3.924523658384260760e-01 4.161198597819119049e-01 3.841106397986879251e-01 3.920501856358477033e-01
4.003203845127178417e-01 4.160133126390100911e-01 4.000128006144327841e-01 3.920501856358477033e-01 4.239999999999999880e-01 4.001152497902999428e-01 4.082090565691528505e-01 4.079999999999999738e-01 4.000128006144327841e-01 3.760000000000000009e-01
3.920000000000000151e-01 3.920000000000000151e-01 3.922008582723233716e-01 4.000128006144327841e-01 4.000128006144327841e-01 4.320138246635873980e-01 3.760481372425477642e-01 4.000128006144327841e-01 4.001152497902999428e-01 4.240542824224474705e-01
3.920501856358477033e-01 4.079999999999999738e-01 4.080522340291475869e-01 4.080522340291475869e-01 4.160133126390100911e-01 4.160133126390100911e-01 4.240542824224474705e-01 4.160133126390100911e-01 3.600460888492478806e-01 4.080522340291475869e-01
4.080522340291475869e-01 3.843075691322090925e-01 4.400000000000000022e-01 3.680117765652781148e-01 3.840122885898554217e-01 4.000128006144327841e-01 3.920000000000000151e-01 4.160133126390100911e-01 4.000128006144327841e-01 3.920000000000000151e-01
4.079999999999999738e-01 4.239999999999999880e-01 3.920501856358477033e-01 4.160133126390100911e-01 4.483588306542439783e-01 4.082090565691528505e-01 4.812490182864240795e-01 4.000128006144327841e-01 3.922008582723233716e-01 3.920501856358477033e-01
4.160133126390100911e-01 4.080522340291475869e-01 4.079999999999999738e-01 4.000128006144327841e-01 4.242172548659823850e-01 4.161198597819119049e-01 4.160133126390100911e-01 3.920501856358477033e-01 4.320138246635873980e-01 4.160133126390100911e-01
4.321244697735239226e-01 4.001152497902999428e-01 4.481290797651358848e-01 4.320138246635873980e-01 4.160133126390100911e-01 4.160133126390100911e-01 4.321244697735239226e-01 4.001152497902999428e-01 4.000128006144327841e-01 4.000128006144327841e-01
4.000128006144327841e-01 4.001152497902999428e-01 4.080522340291475869e-01 3.760481372425477642e-01 4.402254531628119194e-01 4.483588306542439783e-01 3.920501856358477033e-01 4.003203845127178417e-01 4.080522340291475869e-01 4.166538262017360772e-01
4.160133126390100911e-01 4.079999999999999738e-01 4.161198597819119049e-01 4.160133126390100911e-01 4.000128006144327841e-01 4.320138246635873980e-01 4.003203845127178417e-01 3.681060298070759074e-01 4.242172548659823850e-01 4.163331998932265354e-01
4.160133126390100911e-01 4.244892936619710233e-01 4.000128006144327841e-01 4.000128006144327841e-01 4.160133126390100911e-01 3.920000000000000151e-01 4.080522340291475869e-01 4.160133126390100911e-01 4.001152497902999428e-01 4.402254531628119194e-01
4.400563308157474096e-01 4.079999999999999738e-01 4.239999999999999880e-01 4.082090565691528505e-01 4.323460152737352291e-01 3.920501856358477033e-01 4.082090565691528505e-01 3.760481372425477642e-01 4.161198597819119049e-01 4.323460152737352291e-01
4.000128006144327841e-01 4.242172548659823850e-01 4.321244697735239226e-01 4.480143366881647049e-01 4.080522340291475869e-01 4.323460152737352291e-01 4.320138246635873980e-01 4.084708297501985497e-01 4.323460152737352291e-01 4.239999999999999880e-01
4.160133126390100911e-01 4.084708297501985497e-01 3.843075691322090925e-01 4.487041205249465148e-01 4.163331998932265354e-01 4.326789733633412682e-01 3.920000000000000151e-01 4.890025047479465425e-01 4.000128006144327841e-01 4.242172548659823850e-01
4.321244697735239226e-01 4.402254531628119194e-01 4.000128006144327841e-01 4.569367667316877601e-01 4.166538262017360772e-01 4.409038977235583134e-01 4.491657504006624779e-01 4.242172548659823850e-01 4.321244697735239226e-01 4.003203845127178417e-01
3.920000000000000151e-01 4.326789733633412682e-01 4.161198597819119049e-01 3.761926599754938372e-01 4.483588306542439783e-01 4.326789733633412682e-01 4.161198597819119049e-01 4.244892936619710233e-01 4.006286790401308306e-01 4.240542824224474705e-01
4.080522340291475869e-01 4.242172548659823850e-01 4.093119004916153103e-01 4.320138246635873980e-01 4.160133126390100911e-01 4.080522340291475869e-01 4.414147946478204076e-01 4.487041205249465148e-01 4.082090565691528505e-01 4.400000000000000022e-01
4.000128006144327841e-01 4.643716460347526720e-01 4.402254531628119194e-01 4.003203845127178417e-01 4.163331998932265354e-01 4.006286790401308306e-01 4.343553801592561214e-01 4.160133126390100911e-01 3.840122885898554217e-01 4.562336514596414538e-01
4.001152497902999428e-01 3.846035318785255841e-01 4.244892936619710233e-01 4.084708297501985497e-01 4.170824825149008763e-01 4.409038977235583134e-01 4.483588306542439783e-01 3.928052906991701398e-01 4.565262214855160261e-01 4.244892936619710233e-01
4.160133126390100911e-01 4.242172548659823850e-01 4.088381597072995310e-01 3.764339019266535469e-01 3.924523658384260760e-01 4.000128006144327841e-01 4.082090565691528505e-01 4.487041205249465148e-01 4.003203845127178417e-01 4.166538262017360772e-01
4.001152497902999428e-01 4.321244697735239226e-01 4.242172548659823850e-01 4.331241164577816494e-01 4.084708297501985497e-01 4.402254531628119194e-01 4.080522340291475869e-01 4.729696357398171513e-01 4.010408485720200478e-01 4.239999999999999880e-01
4.166538262017360772e-01 3.920501856358477033e-01 4.409038977235583134e-01 4.405077575737435525e-01 4.242172548659823850e-01 3.920501856358477033e-01 4.643716460347526720e-01 3.841106397986879251e-01 4.242172548659823850e-01 4.321244697735239226e-01
3.849992146291392747e-01 4.320138246635873980e-01 4.331241164577816494e-01 4.166538262017360772e-01 4.244892936619710233e-01 3.843075691322090925e-01 4.244892936619710233e-01 4.242172548659823850e-01 4.481290797651358848e-01 4.565262214855160261e-01
4.080522340291475869e-01 4.321244697735239226e-01 4.326789733633412682e-01 4.652073843435432510e-01 4.326789733633412682e-01 4.240542824224474705e-01 4.166538262017360772e-01 4.160133126390100911e-01 4.244892936619710233e-01 4.321244697735239226e-01
4.487041205249465148e-01 4.248710287154289222e-01 4.409038977235583134e-01 4.240542824224474705e-01 4.001152497902999428e-01 4.160133126390100911e-01 4.015578538770221972e-01 4.326789733633412682e-01 4.093119004916153103e-01 4.082090565691528505e-01
3.760481372425477642e-01 3.920000000000000151e-01 4.565262214855160261e-01 4.336824821871840263e-01 4.725446853972884997e-01 4.574662417259229841e-01 3.601844616786643027e-01 4.741901258297176458e-01 3.529159467433776731e-01 4.812490182864240795e-01
4.082090565691528505e-01 4.581158842761678951e-01 4.000128006144327841e-01 3.761926599754938372e-01 4.331241164577816494e-01 4.487041205249465148e-01 4.170824825149008763e-01 4.405077575737435525e-01 4.409038977235583134e-01 4.481290797651358848e-01
4.588872235732641691e-01 4.402254531628119194e-01 4.326789733633412682e-01 4.336824821871840263e-01 4.001152497902999428e-01 4.321244697735239226e-01 4.729696357398171513e-01 4.088381597072995310e-01 4.895691358821281369e-01 4.003203845127178417e-01
4.323460152737352291e-01 4.082090565691528505e-01 4.199013720299746288e-01 4.082090565691528505e-01 4.163331998932265354e-01 4.640148487127420118e-01 4.010408485720200478e-01 4.725446853972884997e-01 4.242172548659823850e-01 3.561381495309968725e-01
4.643716460347526720e-01 4.491657504006624779e-01 4.497447963422648853e-01 4.331241164577816494e-01 3.932604534135127339e-01 4.504426164614507844e-01 4.420416427226181444e-01 4.240542824224474705e-01 4.170824825149008763e-01 4.253633475697178867e-01
4.161198597819119049e-01 3.777446765084191416e-01 4.160133126390100911e-01 3.846035318785255841e-01 4.487041205249465148e-01 4.402254531628119194e-01 4.240542824224474705e-01 4.343553801592561214e-01 4.003203845127178417e-01 4.504426164614507844e-01
4.176201680321031118e-01 4.170824825149008763e-01 4.253633475697178867e-01 4.160133126390100911e-01 4.483588306542439783e-01 4.741901258297176458e-01 3.841106397986879251e-01 4.581158842761678951e-01 4.409038977235583134e-01 4.336824821871840263e-01
4.483588306542439783e-01 4.665298527636454473e-01 4.331241164577816494e-01 3.922008582723233716e-01 4.170824825149008763e-01 5.147915616702294361e-01 4.259674011690683937e-01 4.569367667316877601e-01 3.924523658384260760e-01 4.006286790401308306e-01
4.351444005737053478e-01 4.105833053023942303e-01 4.414147946478204076e-01 3.860936712526721326e-01 4.161198597819119049e-01 4.336824821871840263e-01 4.003203845127178417e-01 4.336824821871840263e-01 4.208905403548144908e-01 3.799600624309694696e-01
4.420416427226181444e-01 4.082090565691528505e-01 4.161198597819119049e-01 4.420416427226181444e-01 4.497447963422648853e-01 4.483588306542439783e-01 4.845015831115092042e-01 4.093119004916153103e-01 4.084708297501985497e-01 4.015578538770221972e-01
4.581158842761678951e-01 4.735176888040255605e-01 4.253633475697178867e-01 3.849992146291392747e-01 5.006516358818928758e-01 3.772090063354101575e-01 4.248710287154289222e-01 4.093119004916153103e-01 4.105833053023942303e-01 3.767724216910407486e-01
4.360514248003583004e-01 4.826170890658401658e-01 4.826170890658401658e-01 4.619513121296714431e-01 4.176201680321031118e-01 4.658071104973457999e-01 4.420416427226181444e-01 4.331241164577816494e-01 4.665298527636454473e-01 4.608026289056438296e-01
4.331241164577816494e-01 4.190279412931977587e-01 3.932604534135127339e-01 4.244892936619710233e-01 4.402254531628119194e-01 4.098931596155186430e-01 4.351444005737053478e-01 4.098931596155186430e-01 4.307235224484919911e-01 4.244892936619710233e-01
3.924523658384260760e-01 4.483588306542439783e-01 4.673773191347205813e-01 4.741901258297176458e-01 4.597820903037900808e-01 4.826170890658401658e-01 4.487041205249465148e-01 4.176201680321031118e-01 3.944819992121042507e-01 4.996102376957357594e-01
4.834937784152281703e-01 4.088381597072995310e-01 3.944819992121042507e-01 5.329517414226601080e-01 4.652073843435432510e-01 4.895691358821281369e-01 4.176201680321031118e-01 4.597820903037900808e-01 4.170824825149008763e-01 4.487041205249465148e-01
4.741901258297176458e-01 4.242172548659823850e-01 4.569367667316877601e-01 4.497447963422648853e-01 4.190279412931977587e-01 4.491657504006624779e-01 4.259674011690683937e-01 4.266846113926842099e-01 4.749885296635540932e-01 4.199013720299746288e-01
4.105833053023942303e-01 4.248710287154289222e-01 3.733057970676874060e-01 4.487041205249465148e-01 4.658071104973457999e-01 4.284656023157740745e-01 4.979317388075075734e-01 4.826170890658401658e-01 4.414147946478204076e-01 4.336824821871840263e-01
4.818694246524266589e-01 4.588872235732641691e-01 3.932604534135127339e-01 4.588872235732641691e-01 4.010408485720200478e-01 4.176201680321031118e-01 4.400563308157474096e-01 4.504426164614507844e-01 3.539191986482827512e-01 4.405077575737435525e-01
3.932604534135127339e-01 4.219978575547770339e-01 4.497447963422648853e-01 4.483588306542439783e-01 3.938189180619688923e-01 4.597820903037900808e-01 4.504426164614507844e-01 4.588872235732641691e-01 4.259674011690683937e-01 4.105833053023942303e-01
3.938189180619688923e-01 4.122970890208392247e-01 4.284656023157740745e-01 4.497447963422648853e-01 4.190279412931977587e-01 4.812490182864240795e-01 4.497447963422648853e-01 4.331241164577816494e-01 3.928052906991701398e-01 4.105833053023942303e-01
3.849992146291392747e-01 4.588872235732641691e-01 3.083830497515678282e-01 4.244892936619710233e-01 4.057671707257471394e-01 4.532667357667232721e-01 4.749885296635540932e-01 4.420416427226181444e-01 4.176201680321031118e-01 4.487041205249465148e-01
4.683515303411255881e-01 4.597820903037900808e-01 4.336824821871840263e-01 5.105777660380579341e-01 4.574662417259229841e-01 4.619513121296714431e-01 4.759147952267300807e-01 4.093119004916153103e-01 4.370786380607688537e-01 4.574662417259229841e-01
4.608026289056438296e-01 3.277367626722311189e-01 4.275166804579100810e-01 4.021809075548667956e-01 4.360514248003583004e-01 4.665298527636454473e-01 4.370786380607688537e-01 4.512608598542129368e-01 3.700064349504774142e-01 4.021809075548667956e-01
4.694548334726776906e-01 4.295336761907471157e-01 4.569367667316877601e-01 4.597820903037900808e-01 4.427859174829741895e-01 4.597820903037900808e-01 4.326789733633412682e-01 4.957383937614718850e-01 4.427859174829741895e-01 4.343553801592561214e-01
4.113839755349700811e-01 4.010408485720200478e-01 4.248710287154289222e-01 4.047024426488600723e-01 4.769711422005786794e-01 4.910898357538440728e-01 4.321244697735239226e-01 4.105833053023942303e-01 4.826170890658401658e-01 4.219978575547770339e-01
5.050353737560758782e-01 3.924523658384260760e-01 4.370786380607688537e-01 4.673773191347205813e-01 4.457424941602092794e-01 4.749885296635540932e-01 4.351444005737053478e-01 4.276686017238497950e-01 4.845015831115092042e-01 4.979317388075075734e-01
3.441236008058426443e-01 3.783222246018671520e-01 3.982160867920019887e-01 4.457424941602092794e-01 4.275166804579100810e-01 4.427859174829741895e-01 4.370786380607688537e-01 4.741901258297176458e-01 4.133248582212849520e-01 4.446341156107089798e-01
4.037513192595910128e-01 3.961285757259043749e-01 4.683515303411255881e-01 5.006516358818928758e-01 4.446341156107089798e-01 4.320381010115075804e-01 4.420416427226181444e-01 4.532667357667232721e-01 4.414147946478204076e-01 4.588872235732641691e-01
4.276686017238497950e-01 4.588872235732641691e-01 4.122970890208392247e-01 3.680496786089373362e-01 4.781601300991336068e-01 4.021809075548667956e-01 3.971160402518227883e-01 3.755884272267539514e-01 4.275166804579100810e-01 3.418364320313312943e-01
4.512608598542129368e-01 5.267865840075200978e-01 4.436493853808500809e-01 4.544592312128368228e-01 4.029114820126901142e-01 4.544592312128368228e-01 4.749885296635540932e-01 3.799600624309694696e-01 4.632309581049819380e-01 3.831281273120916153e-01
3.646984043128985165e-01 3.418364320313312943e-01 4.037513192595910128e-01 4.632309581049819380e-01 3.885143449429056539e-01 3.768972770730657507e-01 4.395039840402830689e-01 4.457424941602092794e-01 4.088381597072995310e-01 5.006516358818928758e-01
4.320381010115075804e-01 3.592584956081994463e-01 4.350551229937693609e-01 4.436493853808500809e-01 4.694548334726776906e-01 3.799600624309694696e-01 4.420416427226181444e-01 4.208905403548144908e-01 3.743922827009819043e-01 3.906702080358071538e-01
4.706899180418667172e-01 4.619513121296714431e-01 4.619513121296714431e-01 4.706899180418667172e-01 4.825540230650511853e-01 5.046156853795842334e-01 4.284656023157740745e-01 3.994314518785636037e-01 3.947710169758613663e-01 3.570751102386575115e-01
3.668248027456196270e-01 3.768972770730657507e-01 3.876012664892073967e-01 4.022207740885792582e-01 4.544592312128368228e-01 4.544592312128368228e-01 4.199013720299746288e-01 4.794846759332269115e-01 4.199013720299746288e-01 4.652073843435432510e-01
4.144698046202470176e-01 4.382285443838069283e-01 4.276686017238497950e-01 3.646984043128985165e-01 4.144698046202470176e-01 4.557819093751083739e-01 4.307235224484919911e-01 4.436493853808500809e-01 4.133248582212849520e-01 4.276686017238497950e-01
4.047024426488600723e-01 4.646447501444515571e-01 4.307235224484919911e-01 4.594674479034188130e-01 4.706899180418667172e-01 4.395039840402830689e-01 3.322807683739741891e-01 4.544592312128368228e-01 4.608026289056438296e-01 4.834937784152281703e-01
4.395039840402830689e-01 4.122970890208392247e-01 4.208905403548144908e-01 3.992092320651161597e-01 3.441236008058426443e-01 4.916051440083466506e-01 4.284656023157740745e-01 4.588314677411235443e-01 4.295336761907471157e-01 4.794846759332269115e-01
4.105833053023942303e-01 4.483414255779795687e-01 4.683515303411255881e-01 3.858035996359841513e-01 4.781601300991336068e-01 3.408510203391072468e-01 4.916051440083466506e-01 4.320381010115075804e-01 4.232260587054577639e-01 3.646984043128985165e-01
5.031512916999264506e-01 4.294149078927830820e-01 4.351444005737053478e-01 4.446341156107089798e-01 4.522014775707419165e-01 4.910898357538440728e-01 4.190279412931977587e-01 3.858035996359841513e-01 5.046156853795842334e-01 4.320381010115075804e-01
4.276686017238497950e-01 4.096709533402888570e-01 4.661962595713206592e-01 4.096709533402888570e-01 4.057671707257471394e-01 4.418773714964170374e-01 4.898979485566355985e-01 3.919183588453084566e-01 4.557819093751083739e-01 4.497447963422648853e-01
4.000000000000000222e-01 4.022207740885792582e-01 4.157347764450355920e-01 4.351444005737053478e-01 4.694548334726776906e-01 3.755884272267539514e-01 3.425120975280031010e-01 3.981243863009761852e-01 4.794846759332269115e-01 5.119921115897169139e-01
4.370786380607688537e-01 3.408510203391072468e-01 3.798753836404838435e-01 4.661962595713206592e-01 4.436493853808500809e-01 4.096709533402888570e-01 4.483414255779795687e-01 4.082482904638630172e-01 4.355163866123252236e-01 5.105777660380579341e-01
4.770149788458324935e-01 4.498384960775900776e-01 4.147129023968502137e-01 5.191739553611073310e-01 3.858035996359841513e-01 4.498384960775900776e-01 3.680496786089373362e-01 4.532471038866810464e-01 3.505214781791476386e-01 3.685138655950444542e-01
4.989117865587817668e-01 4.208905403548144908e-01 4.883377600447589839e-01 4.532471038866810464e-01 4.436493853808500809e-01 3.543568266750415363e-01 4.588314677411235443e-01 4.313014184927241867e-01 5.105777660380579341e-01 5.135547238438674666e-01
4.717192020127707885e-01 4.093437263139549365e-01 3.873202524122547064e-01 4.082482904638630172e-01 4.666666666666666741e-01 3.652339782723403316e-01 4.113839755349700811e-01 4.276686017238497950e-01 4.260577914739004379e-01 3.130553142242842313e-01
4.157347764450355920e-01 2.694503975369896276e-01 4.128989498969068417e-01 3.919189515398232571e-01 4.522670168666454438e-01 4.245782220824175224e-01 3.618734322278729376e-01 5.093081687904484900e-01 5.262990766893705930e-01 4.916051440083466506e-01
5.099125635938209777e-01 3.778845059136513584e-01 4.073585365028355443e-01 4.904929317074958051e-01 4.934637712198267079e-01 4.112198093498555806e-01 3.895508395179423378e-01 3.741047784209713956e-01 4.147129023968502137e-01 4.735680169380810933e-01
3.741047784209713956e-01 4.276686017238497950e-01 4.220645491693212348e-01 4.294149078927830820e-01 4.957383937614718850e-01 5.135547238438674666e-01 4.898979485566355985e-01 3.759279119209790188e-01 3.963829919010305458e-01 4.333333333333333481e-01
5.225578117937446088e-01 4.794846759332269115e-01 4.378568959976081865e-01 4.294149078927830820e-01 5.518433521870161895e-01 3.783222246018671520e-01 3.685138655950444542e-01 4.469772402767369646e-01 3.468351179134017137e-01 4.166666666666666852e-01
5.026922424925007737e-01 3.798670339051543055e-01 3.533326266687866757e-01 4.810669667803462168e-01 4.115966043420212217e-01 4.041755963054844414e-01 4.073585365028355443e-01 4.331844858578920432e-01 5.152695500525122929e-01 4.972513992773955338e-01
4.424446296075119633e-01 3.468351179134017137e-01 4.406122945846996375e-01 3.873202524122547064e-01 4.022207740885792582e-01 4.770149788458324935e-01 3.724098963258716810e-01 3.649473541092281836e-01 3.782861076323236760e-01 4.210162461515463139e-01
4.972513992773955338e-01 4.976554828762202454e-01 4.282691067021381914e-01 3.675213675213675479e-01 3.919189515398232571e-01 3.768972770730657507e-01 4.114742397726425804e-01 3.483588380133541551e-01 4.786537074906250244e-01 4.350551229937693609e-01
3.668766095474567668e-01 4.789627818804119141e-01 4.187657563580050035e-01 4.038019652808612636e-01 4.171229690901290255e-01 3.482463513759523899e-01 4.957383937614718850e-01 4.976554828762202454e-01 4.883377600447589839e-01 4.260516335104428953e-01
4.559993974123727756e-01 4.594674479034188130e-01 4.350551229937693609e-01 4.378568959976081865e-01 4.186379485411743095e-01 4.810669667803462168e-01 3.666666666666666408e-01 3.489801895695320844e-01 4.454354031873739572e-01 4.666666666666666741e-01
3.873349464594226244e-01 4.294149078927830820e-01 3.889614472736881989e-01 4.717192020127707885e-01 3.618734322278729376e-01 3.826231618296807580e-01 5.208936107144095384e-01 3.778845059136513584e-01 4.690176471209656084e-01 4.572391736256317119e-01
4.789627818804119141e-01 4.450639736316338024e-01 5.000000000000000000e-01 3.666666666666666408e-01 3.404199087681480940e-01 3.408510203391072468e-01 3.958808103128969025e-01 3.783222246018671520e-01 3.971424465332331066e-01 4.055129982215047169e-01
3.329748276855712397e-01 4.096709533402888570e-01 4.020151261036848389e-01 1.971041319963608707e-01 3.852644958493646188e-01 3.630922845918441721e-01 4.618588405611294134e-01 5.119946978721644504e-01 4.765344202412340469e-01 4.205997823396689927e-01
2.956633523229351135e-01 2.527251321919151694e-01 5.142439989720942739e-01 4.333333333333333481e-01 4.093437263139549365e-01 3.666666666666666408e-01 3.871692996897505012e-01 3.852644958493646188e-01 3.675213675213675479e-01 3.798753836404838435e-01
3.504273504273504036e-01 3.299560087980449308e-01 3.356659953353473003e-01 3.944467458277703398e-01 4.017094017094017255e-01 4.294149078927830820e-01 3.846153846153846367e-01 4.043768241204060976e-01 4.205997823396689927e-01 4.161968589615041014e-01
4.314704791779717108e-01 4.331844858578920432e-01 5.352789496752272669e-01 4.386161001171377527e-01 4.026694495033062426e-01 4.582722344417290428e-01 3.415807960158942502e-01 4.355724051843766209e-01 4.626219273003038257e-01 3.685138655950444542e-01
3.425120975280031010e-01 2.820512820512820484e-01 3.680248095472103409e-01 4.333333333333333481e-01 3.968683110655040758e-01 4.000000000000000222e-01 3.725632740067829629e-01 3.522099825226394643e-01 4.041755963054844414e-01 3.772968873135194579e-01
4.316765723187316328e-01 4.282691067021381914e-01 3.224608291466228849e-01 3.146283534872650889e-01 4.306443375391640349e-01 4.367653910180744337e-01 2.642364440825320515e-01 3.385309064224041875e-01 4.592058958688255421e-01 4.134755129934700735e-01
3.266793038882824796e-01 4.475323507759940145e-01 3.266793038882824796e-01 3.459464809196833857e-01 4.666666666666666741e-01 3.595587326483097312e-01 4.928832622963947308e-01 3.748789971250483521e-01 3.079072969100308810e-01 3.374109569147893395e-01
3.748789971250483521e-01 4.114742397726425804e-01 4.306443375391640349e-01 4.593324146694226506e-01 3.826231618296807580e-01 3.009340967077850926e-01 4.259988603693731224e-01 3.556493870182915185e-01 3.971424465332331066e-01 3.258473117707668121e-01
2.856081629584374393e-01 3.636873260950517772e-01 4.004724419627640475e-01 4.000151237310298757e-01 3.485451425426794314e-01 2.759457847949052245e-01 4.529914529914529919e-01 3.356659953353473003e-01 4.282691067021381914e-01 4.700854700854700807e-01
5.420370195656506462e-01 4.239991520025439553e-01 2.997074597061420986e-01 3.704974489022863082e-01 4.869749332377754647e-01 2.764915833675966050e-01 3.055050463303893293e-01 4.346507067965252880e-01 3.777398284289010810e-01 3.933660408643114836e-01
2.800266387594552153e-01 2.749633406650374146e-01 3.559026084010437074e-01 4.346507067965252880e-01 3.221916685210339804e-01 4.801960383990247494e-01 4.174235549683609214e-01 3.772968873135194579e-01 3.032392174315613476e-01 4.486649183546164710e-01
3.186510027262766109e-01 3.303360556061336051e-01 3.909018937266021121e-01 3.341479321368630573e-01 4.245488471240085326e-01 2.749633406650374146e-01 3.221916685210339804e-01 4.030747914088494421e-01 3.266793038882824796e-01 3.378446079822016723e-01
4.245488471240085326e-01 5.123323086697406659e-01 2.843555622958356399e-01 2.920243086168395341e-01 4.771187236136978926e-01 5.391508189418228181e-01 3.790490217894517122e-01 3.522099825226394643e-01 3.482868981757140658e-01 3.673854205179594157e-01
3.310837695916073464e-01 3.371708921694098193e-01 4.667600280093366083e-02 4.359063750578694441e-01 4.026694495033062426e-01 3.593134953348083860e-01 3.415807960158942502e-01 2.759457847949052245e-01 3.116251194203757402e-01 4.489436352114808959e-01
3.886658893356653155e-01 3.146283534872650889e-01 4.425202344515213881e-01 3.033825839466108842e-01 2.671818298643446887e-01 4.134755129934700735e-01 3.599999999999999867e-01 3.775366692807252122e-01 4.004724419627640475e-01 3.847730295253815047e-01
3.790490217894517122e-01 1.268058918949316882e-01 2.484635949418678436e-01 3.888078956798695085e-01 2.878633476613353115e-01 3.146283534872650889e-01 3.108645865921195184e-01 3.108071320694867912e-01 3.862256984932393999e-01 4.355724051843766209e-01
4.032795663087215821e-01 2.720618804026022075e-01 3.668766095474567668e-01 3.814281712704201688e-01 3.781312343114108798e-01 3.379631847096873365e-01 2.963979591218290910e-01 2.437858169537424624e-01 3.888078956798695085e-01 2.519091485209279391e-01
4.244581840657449812e-01 3.559026084010437074e-01 3.374109569147893395e-01 1.197282856526439287e-01 3.559026084010437074e-01 3.593134953348083860e-01 2.644572365007808457e-01 3.491486243775878129e-01 3.448281541042981790e-01 1.914509528759052448e-01
3.070118225813345259e-01 2.916746549317579262e-01 2.922146122842764204e-01 2.574231983077623909e-01 1.799999999999999933e-01 3.961661615229938316e-01 3.497796504118913519e-01 2.437858169537424624e-01 3.509820590815169172e-01 3.151093619261757239e-01
4.145924946170865821e-01 2.861833503370020404e-01 2.228282589107931921e-01 2.623156241236599406e-01 3.273268353539885434e-01 2.956561979945413476e-01 3.262000614926678921e-01 2.225870502621126734e-01 4.749789427930456998e-01 1.789826407651597118e-01
4.082482904638630172e-01 3.837647782266681573e-01 2.437333391107162350e-01 2.836832573067900598e-01 4.050659764685193287e-01 3.672739263265312748e-01 4.276886852478564705e-01 3.958997306599194022e-01 2.700691249368128988e-01 2.400396792595916040e-01
2.274294130736710384e-01 2.484635949418678436e-01 2.535445646732889524e-01 3.871265709928302656e-01 4.335660729830503324e-01 4.205658694812309251e-01 4.556497642013080385e-01 2.094498577735865175e-01 2.791418366579077048e-01 3.190067659448428405e-01
2.999999999999999889e-01 3.343064422684562942e-01 4.355724051843766209e-01 1.411956236812262622e-01 2.520874895409405680e-01 4.486649183546164710e-01 1.729171253112704865e-01 2.373331837309304027e-01 4.533395035916300553e-01 3.645765393153347356e-01
3.190633548091499905e-01 2.964104579937059669e-01 3.599999999999999867e-01 3.693675008958760553e-01 3.019359396513050520e-01 2.190283587276092847e-01 3.033825839466108842e-01 2.653343152526161930e-01 3.474212816602322840e-01 1.676195999137015114e-01
2.096569673443836601e-01 3.780967749115380361e-01 2.649845836453722514e-01 1.629376339780705119e-01 2.548686334702635614e-01 3.041396910235183992e-01 3.190067659448428405e-01 2.607144567760444898e-01 9.847319278346619575e-02 3.709704134011870269e-01
2.228282589107931921e-01 2.954290322306944439e-01 3.077159923276343023e-01 2.620712091804796029e-01 3.673854205179594157e-01 3.781312343114108798e-01 3.873653586473091437e-01 2.634022284358166766e-01 3.325200760476249018e-01 4.557734838700402413e-01
3.423683940087303146e-01 2.451110848018725197e-01 1.536230967599611086e-01 3.325200760476249018e-01 3.276882430331959917e-01 2.651395921439481107e-01 2.190283587276092847e-01 1.729171253112704865e-01 1.775712013011443435e-01 1.733333333333333393e-01
1.633660098032678198e-01 1.522038868295522984e-01 2.245260644953277762e-01 6.958890006392209893e-02 1.822895805399102065e-01 2.734343708098652681e-01 3.055050463303893293e-01 2.172501786374273491e-01 2.215646837627989196e-01 1.820490239073311034e-01
2.064187386168560012e-01 1.357813616483921071e-01 1.436739427831727201e-01 1.515873457919734157e-01 2.063222270949752468e-01 3.221852804279412563e-01 1.976738731537167615e-01 1.799146406385762342e-01 1.874631730660141493e-01 2.100420126042014668e-01
3.122805049091189611e-01 1.739722501598052751e-01 1.297821967380098085e-01 1.122721782847679595e-01 2.288021576612147001e-01 3.491974230270025736e-01 2.448608131252353604e-01 2.590819590200341693e-01 7.547223547528769672e-02 3.297750881306966697e-01
2.075938161214340993e-01 1.621424235993524920e-01 2.352729916042919922e-01 2.444064509671057817e-01 2.075938161214340993e-01 2.800560168056019372e-01 2.475937842360691754e-01 3.190067659448428405e-01 7.862136275414387254e-02 1.009417085740076242e-01
1.634301126151533612e-01 1.871202971412799232e-01 2.739846375580206606e-01 2.145346233187325480e-01 2.964104579937059669e-01 2.075938161214340993e-01 1.515873457919734157e-01 3.273268353539885434e-01 1.852734226346341717e-01 1.547461151475432173e-01
1.932469879202492746e-01 1.755283281698720999e-01 9.090909090909091161e-02 1.976738731537167615e-01 2.123507433382008924e-01 1.056611296654027671e-01 3.034150398455518483e-01 1.045416746978633377e-01 2.166445612065605042e-01 2.145346233187325480e-01
9.007912422186249712e-02 6.375767130633383517e-02 1.224744871391589135e-01 1.224744871391589135e-01 2.857142857142857054e-02 6.375767130633383517e-02 2.653955210788148666e-01 1.496962377130239552e-01 1.261107739106074876e-01 1.962278122357480059e-01
1.694347484174714979e-01 2.189594994772949277e-01 1.697250257391051675e-01 1.568125120467950273e-01 5.850944272329069301e-02 7.273929674533079204e-02 3.673591791853225708e-02 1.755283281698720999e-01 1.212321612422179867e-01 1.275153426126676703e-01
1.122721782847679595e-01 1.365220330210116240e-01 2.065574821593277599e-01 2.041241452319315086e-01 3.742405942825598880e-02 1.045416746978633377e-01 1.496962377130239552e-01 1.632993161855452180e-01 1.962278122357480059e-01 1.102077537555967574e-01
1.275153426126676703e-01 1.503032128268605438e-01 1.515873457919734157e-01 3.673591791853225708e-02 0.000000000000000000e+00 1.224744871391589135e-01 1.428571428571428492e-01 8.980265101338745504e-02 1.212321612422179867e-01 1.102077537555967574e-01
1.102077537555967574e-01 1.212321612422179867e-01 3.673591791853225708e-02 0.000000000000000000e+00 -3.673591791853225708e-02 1.073594377334718131e-01 1.503032128268605438e-01 0.000000000000000000e+00 1.102077537555967574e-01 -1.045416746978633377e-01
0.000000000000000000e+00 1.697250257391051675e-01 0.000000000000000000e+00 1.818181818181818232e-01 8.980265101338745504e-02 6.375767130633383517e-02 8.980265101338745504e-02 0.000000000000000000e+00 3.673591791853225708e-02 6.337242505244779223e-02
8.980265101338745504e-02 8.980265101338745504e-02 6.337242505244779223e-02 1.632993161855452180e-01 8.980265101338745504e-02 0.000000000000000000e+00 6.337242505244779223e-02 3.673591791853225708e-02 0.000000000000000000e+00 0.000000000000000000e+00
6.337242505244779223e-02 0.000000000000000000e+00 0.000000000000000000e+00 6.337242505244779223e-02 -3.673591791853225708e-02 0.000000000000000000e+00 0.000000000000000000e+00 0.000000000000000000e+00 6.337242505244779223e-02 0.000000000000000000e+00
0.000000000000000000e+00 0.000000000000000000e+00 0.000000000000000000e+00 0.000000000000000000e+00 -6.337242505244779223e-02 0.000000000000000000e+00 0.000000000000000000e+00 0.000000000000000000e+00 0.000000000000000000e+00 0.000000000000000000e+00
0.000000000000000000e+00 1.363636363636363535e-01 0.000000000000000000e+00 0.000000000000000000e+00 0.000000000000000000e+00 0.000000000000000000e+00 0.000000000000000000e+00 0.000000000000000000e+00 0.000000000000000000e+00 0.000000000000000000e+00
