0.000000000000000000e+00 0.000000000000000000e+00 0.000000000000000000e+00 0.000000000000000000e+00 0.000000000000000000e+00
6.970515683139152374e-01 7.033886234191988329e-01 7.139249882788029078e-01 7.033886234191988329e-01 7.139249882788029078e-01
7.033886234191988329e-01 7.118202020173352018e-01 7.390901313251464488e-01 7.097141834726302667e-01 7.139249882788029078e-01
7.012775643225884759e-01 6.970515683139153484e-01 7.054984053844487457e-01 7.139249882788030188e-01 6.907027017626485854e-01
6.991652165261083018e-01 7.118202020173352018e-01 6.991652165261083018e-01 7.097141834726301557e-01 6.949366078203744745e-01
6.822186029581883693e-01 6.949366078203743635e-01 7.286248844379542566e-01 7.012775643225884759e-01 6.928203230275508107e-01
6.907027017626484744e-01 7.076069216419208496e-01 6.928203230275508107e-01 6.928203230275508107e-01 7.307201926866397912e-01
6.501965514792857892e-01 7.160285531240279111e-01 7.118202020173352018e-01 6.885837316953947740e-01 6.991652165261083018e-01
6.737121046856735518e-01 6.673170161175271398e-01 6.800941111346281431e-01 6.566284252824339251e-01 6.480493808345163531e-01
6.523421052041805668e-01 6.694501890025541524e-01 6.673170161175271398e-01 6.544860579110909349e-01 6.566284252824339251e-01
6.264850800741830206e-01 6.156362562422716955e-01 6.459005771444670252e-01 6.329725288053361654e-01 6.351314824506811840e-01
