0.000000000000000000e+00 0.000000000000000000e+00 0.000000000000000000e+00 0.000000000000000000e+00 0.000000000000000000e+00 0.000000000000000000e+00 0.000000000000000000e+00 0.000000000000000000e+00 0.000000000000000000e+00 0.000000000000000000e+00
6.856140350877193423e-01 6.922807017543859409e-01 6.982456140350876694e-01 6.933333333333333570e-01 7.010526315789473717e-01 6.828070175438596401e-01 6.908771929824560898e-01 6.894736842105263497e-01 6.866666666666666474e-01 6.943859649122806621e-01
6.901754385964912197e-01 6.996491228070175206e-01 7.035087719298245279e-01 6.971929824561403644e-01 6.957894736842105132e-01 6.964912280701753833e-01 6.929824561403509220e-01 6.884210526315789336e-01 6.880701754385964986e-01 6.912280701754386358e-01
7.168421052631579471e-01 6.968421052631579293e-01 6.978947368421052344e-01 6.996491228070175206e-01 7.038596491228069629e-01 6.856140350877193423e-01 6.891228070175439147e-01 7.049122807017543790e-01 7.150877192982456609e-01 6.894736842105263497e-01
6.982456140350876694e-01 7.175438596491228171e-01 6.961403508771929483e-01 6.933333333333333570e-01 6.947368421052632081e-01 7.126315789473683937e-01 7.150877192982456609e-01 6.961403508771929483e-01 6.891228070175439147e-01 6.901754385964912197e-01
6.989473684210526505e-01 7.063157894736842302e-01 6.887719298245613686e-01 6.891228070175439147e-01 6.957894736842105132e-01 6.866666666666666474e-01 6.940350877192982271e-01 7.094736842105263674e-01 6.810526315789473539e-01 6.996491228070175206e-01
7.210526315789473895e-01 7.059649122807017951e-01 6.905263157894736548e-01 6.933333333333333570e-01 7.185964912280701222e-01 7.150877192982456609e-01 6.982456140350876694e-01 6.933333333333333570e-01 7.126315789473683937e-01 6.992982456140350855e-01
6.929824561403509220e-01 7.056140350877192491e-01 6.908771929824560898e-01 6.880701754385964986e-01 7.059649122807017951e-01 7.133333333333333748e-01 7.077192982456140813e-01 7.014035087719298067e-01 6.715789473684210531e-01 6.978947368421052344e-01
6.992982456140350855e-01 6.912280701754386358e-01 7.175438596491228171e-01 6.912280701754386358e-01 7.143859649122806799e-01 7.038596491228069629e-01 6.964912280701753833e-01 7.010526315789473717e-01 7.199999999999999734e-01 7.003508771929825016e-01
6.968421052631579293e-01 6.908771929824560898e-01 6.929824561403509220e-01 7.031578947368420929e-01 7.175438596491228171e-01 7.164912280701754010e-01 6.954385964912280782e-01 6.964912280701753833e-01 7.252631578947368318e-01 7.150877192982456609e-01
6.912280701754386358e-01 6.975438596491227994e-01 6.999999999999999556e-01 6.863157894736842124e-01 6.729824561403509042e-01 6.961403508771929483e-01 7.242105263157895267e-01 7.024561403508772228e-01 7.171929824561403821e-01 6.947368421052632081e-01
6.922807017543859409e-01 7.214035087719298245e-01 7.147368421052631149e-01 7.101754385964912375e-01 7.126315789473683937e-01 7.115789473684210886e-01 6.814035087719297890e-01 6.950877192982456432e-01 7.077192982456140813e-01 7.091228070175438214e-01
7.063157894736842302e-01 6.298245614035087314e-01 6.480701754385964630e-01 6.736842105263157743e-01 7.157894736842105310e-01 7.122807017543859587e-01 7.154385964912280960e-01 6.817543859649123350e-01 7.091228070175438214e-01 7.150877192982456609e-01
6.354385964912280249e-01 6.891228070175439147e-01 6.221052631578947167e-01 6.894736842105263497e-01 6.782456140350877627e-01 7.199999999999999734e-01 6.961403508771929483e-01 7.056140350877192491e-01 6.824561403508772051e-01 7.147368421052631149e-01
