0.000000000000000000e+00 0.000000000000000000e+00 0.000000000000000000e+00 0.000000000000000000e+00 0.000000000000000000e+00 0.000000000000000000e+00 0.000000000000000000e+00 0.000000000000000000e+00 0.000000000000000000e+00 0.000000000000000000e+00
6.855172413793103603e-01 6.922530812553074897e-01 6.981027401579769087e-01 6.932946671270099337e-01 7.007542147293699397e-01 6.826469833233230755e-01 6.907062579737819341e-01 6.889313581980229806e-01 6.866079816238904732e-01 6.941265420434765687e-01
6.900838277956955480e-01 6.996477916060939162e-01 7.034587916387508022e-01 6.970153881517994199e-01 6.955897565789854742e-01 6.964221218224990739e-01 6.928595999803430772e-01 6.884135338938310866e-01 6.878180084892209223e-01 6.909059806981383556e-01
7.166855280191168909e-01 6.967164979130784364e-01 6.977902237905357907e-01 6.996485311636193583e-01 7.038583365835786587e-01 6.855520939797313806e-01 6.891042814985836040e-01 7.045977304734829527e-01 7.150068791442965033e-01 6.893742151226265324e-01
6.980737325871939625e-01 7.173375308366057856e-01 6.959241191396923210e-01 6.932729131007646650e-01 6.947030141843970608e-01 7.121296975866451273e-01 7.148033126293995565e-01 6.957506420042366413e-01 6.890192807799604413e-01 6.899937285492918626e-01
6.974574698422517649e-01 7.056355893353321029e-01 6.886872650253543782e-01 6.890969319207114197e-01 6.955435470867881165e-01 6.866295907709116797e-01 6.940228825378814692e-01 7.092089023135131898e-01 6.810494509086517656e-01 6.994975859787218031e-01
7.208158449191317541e-01 7.050352604083043317e-01 6.903797869992274183e-01 6.933150587243364082e-01 7.178355765427630875e-01 7.134722282752963274e-01 6.982121749408982669e-01 6.931586538153576837e-01 7.111950744478630071e-01 6.982622142064639492e-01
6.929821159543296805e-01 7.054878181711361496e-01 6.908762415396785261e-01 6.878764647902748663e-01 7.058345342349332530e-01 7.124607503892081972e-01 7.076700277338219269e-01 7.013805309734513216e-01 6.715425531914893664e-01 6.948862722882478415e-01
6.959968216237126803e-01 6.908625477264838111e-01 7.144003827165581466e-01 6.908320611590395011e-01 7.129724713888028198e-01 7.038386470988893251e-01 6.964343830959297543e-01 6.996609961528110766e-01 7.177224572431999405e-01 7.000777808885750852e-01
6.965258719581721714e-01 6.905186937999339136e-01 6.927917960534202280e-01 7.011777396936003104e-01 7.159871299492113206e-01 7.149137684715525243e-01 6.951737945576359490e-01 6.894548425582345264e-01 7.231155435344057691e-01 7.111201875833859098e-01
6.910623906153918750e-01 6.973912606467971287e-01 6.996938337503584293e-01 6.861672670944549690e-01 6.712312896912528970e-01 6.931359735500889352e-01 7.210786403589160010e-01 7.004367020074013794e-01 7.157365456551536553e-01 6.925198811101676011e-01
6.901741914091188423e-01 7.206501842580470552e-01 7.113436507375900941e-01 7.083739453470896397e-01 7.064675234229269574e-01 7.051136294977503605e-01 6.812974119054222566e-01 6.894798535221058344e-01 7.077163835059481212e-01 7.071655661955296157e-01
6.987037611728557085e-01 6.183104357678063101e-01 6.343017780797526317e-01 6.689166097060833538e-01 7.094185400160313293e-01 7.047215740500676340e-01 7.122287020790476486e-01 6.775089385397496944e-01 7.071992439342040804e-01 7.090666800764356958e-01
6.198571140824058467e-01 6.740946902641160587e-01 6.058369189980710168e-01 6.801339094072271774e-01 6.630621512993981614e-01 7.130352624813195428e-01 6.775682840377683647e-01 7.035291211981482551e-01 6.709473386889256430e-01 7.108364359194547788e-01
