0.000000000000000000e+00 0.000000000000000000e+00 0.000000000000000000e+00 0.000000000000000000e+00 0.000000000000000000e+00 0.000000000000000000e+00 0.000000000000000000e+00 0.000000000000000000e+00 0.000000000000000000e+00 0.000000000000000000e+00
3.714567997536253885e-01 3.846304514051811507e-01 3.968670432929366498e-01 3.867641973481293349e-01 4.029096532413281029e-01 3.659833362772577647e-01 3.821770494226808812e-01 3.802756552646244792e-01 3.734732309501613834e-01 3.894330769401158632e-01
3.805759392051440426e-01 3.993017851469319313e-01 4.071548141379877084e-01 3.948491178412061875e-01 3.920937741778492969e-01 3.931614949001169812e-01 3.862740552315698239e-01 3.768602933579500158e-01 3.767494868008682829e-01 3.832557128168380123e-01
4.341643686456190809e-01 3.940107113413251483e-01 3.960635093663580908e-01 3.992998187281464051e-01 4.077229124259533211e-01 3.713744084080292662e-01 3.782906995653895210e-01 4.107001381266046636e-01 4.304196905941004014e-01 3.791902960883444251e-01
3.969434318300365527e-01 4.357242961806698789e-01 3.928398051227521282e-01 3.868190907992895000e-01 3.895600228691374900e-01 4.267537909080785785e-01 4.310359815653300730e-01 3.932895139880418500e-01 3.784977035959734004e-01 3.807975478112700651e-01
4.018725400690353888e-01 4.145518711944461421e-01 3.777493814574934272e-01 3.783085892012749696e-01 3.922130851397098716e-01 3.734217053189475277e-01 3.881011387590559414e-01 4.197124098954112537e-01 3.621124854179927910e-01 3.997015707135502249e-01
4.428571091557274575e-01 4.145512272818610566e-01 3.814138132886099042e-01 3.867127559564557115e-01 4.395701942378877902e-01 4.351098612369667662e-01 3.965791223802930809e-01 3.871076653776108767e-01 4.295578347960010146e-01 4.013622137854238603e-01
3.859657676074502719e-01 4.115809979657044093e-01 3.817567359674421401e-01 3.766081037006712706e-01 4.122954563427502217e-01 4.292800569262256727e-01 4.155787068442908794e-01 4.028690212412243121e-01 3.432339660955103233e-01 4.038332915808011681e-01
4.075465418061966494e-01 3.833637893577713784e-01 4.449937010221431399e-01 3.834396871618654945e-01 4.330584161943221155e-01 4.077771366671263942e-01 3.931297167896435907e-01 4.058842237533240582e-01 4.472768580731407706e-01 4.014334774711554865e-01
3.945072566793506597e-01 3.826419102343465162e-01 3.864448825286739275e-01 4.118101889636802682e-01 4.399372101964832416e-01 4.378551113863943245e-01 3.915580764628681654e-01 4.121008334777747084e-01 4.576821474381286281e-01 4.425019404486391084e-01
3.828670148554787489e-01 3.954867914090136605e-01 4.008181140447321100e-01 3.729847787407953308e-01 3.497103918313833049e-01 4.001952523326911537e-01 4.588437402513598773e-01 4.104844779850839731e-01 4.389067650882740868e-01 3.952144462033820305e-01
3.898998191696929627e-01 4.452147553195942020e-01 4.399413450640598522e-01 4.256425054113567863e-01 4.443340696650727728e-01 4.430302674954842423e-01 3.630488177349132650e-01 4.050808559900021533e-01 4.154468824950615091e-01 4.239512000503424249e-01
4.352075286877127303e-01 2.768915072912779829e-01 3.213224464327031904e-01 3.578266609631692297e-01 4.518467902317128138e-01 4.481249126439529884e-01 4.408235826559141479e-01 3.734750024389160705e-01 4.238517007202695641e-01 4.491686316947428592e-01
2.962493062319247472e-01 4.188398331277122799e-01 2.672669169114569865e-01 4.032258783977585304e-01 3.937393020656040354e-01 4.630505308817194354e-01 4.471615099937583104e-01 4.171369011707418140e-01 3.934726703534490166e-01 4.415506265559901999e-01
