0.000000000000000000e+00 0.000000000000000000e+00 0.000000000000000000e+00 0.000000000000000000e+00 0.000000000000000000e+00 0.000000000000000000e+00 0.000000000000000000e+00 0.000000000000000000e+00 0.000000000000000000e+00 0.000000000000000000e+00
6.906019820646865925e-01 7.001026149563517320e-01 6.934114986861197316e-01 6.920067403754031066e-01 6.937815927891552992e-01 6.918691278060313810e-01 6.927091195307614191e-01 6.922373699719530649e-01 7.041606643212625638e-01 6.954091967756568238e-01
6.945080193031012428e-01 6.917932232198943376e-01 6.839488916401832430e-01 6.954705059432817471e-01 6.972808881436430850e-01 6.935096865343557404e-01 7.065724443319930659e-01 6.871955458054934684e-01 6.946244959574875422e-01 6.891373530700801719e-01
6.872282650338799037e-01 6.880498588335270949e-01 6.949504228003702266e-01 6.915151045725806966e-01 6.931391181688510983e-01 6.964454472973764521e-01 6.908918091752381807e-01 7.065771456816263285e-01 7.003371068385730869e-01 7.068555339479092314e-01
6.897603301710719670e-01 7.080378250591016220e-01 7.161249382699632626e-01 6.998013511288170285e-01 6.829085135493178083e-01 6.829277558285937744e-01 7.143985486677608687e-01 7.155948572910619809e-01 7.174909576788710552e-01 7.129314217264356435e-01
6.939252060204069705e-01 7.045977304734829527e-01 6.707589945494745187e-01 6.870274256022299575e-01 6.842534899222745270e-01 6.982402642780001223e-01 6.988048268087723169e-01 6.925514852499585761e-01 6.839160666427892554e-01 7.039909628231619809e-01
7.006707619711686208e-01 7.059473904015949319e-01 7.125321640934365597e-01 6.940228825378814692e-01 7.104261726215936879e-01 6.954202397621231935e-01 7.028346256389221836e-01 7.010520427002380206e-01 6.876933311589644715e-01 6.845238828967643574e-01
7.067582905645479752e-01 6.875555555555554754e-01 7.078964102691986948e-01 6.957891366084616447e-01 7.166880319054231840e-01 6.687719298245613508e-01 7.175285232476149577e-01 6.930406779945077478e-01 7.049119537343900843e-01 7.203037360190347460e-01
7.032979882878318545e-01 7.009820305654594907e-01 7.134695905187709020e-01 7.132497628248574140e-01 6.867829347337544021e-01 6.783035682598768101e-01 7.174524633569716592e-01 6.480690922409733101e-01 6.722574601781550196e-01 7.041367653985757258e-01
7.005982124196598049e-01 6.933259331342436216e-01 6.649119094130113705e-01 7.104898121144025414e-01 7.070073603973303644e-01 7.111539800188263483e-01 7.143543144208037710e-01 6.850523927337168750e-01 6.878303168984627458e-01 7.054445435714747914e-01
6.953785910428647021e-01 6.929953635581220794e-01 7.033980621015574197e-01 7.070731445731445186e-01 7.068490237420466116e-01 7.213803204797346602e-01 6.888043858810759534e-01 6.827670241222161263e-01 6.718986874939856246e-01 6.877006890899993730e-01
6.599289683543712037e-01 7.173927880449619821e-01 6.876306926581574608e-01 6.750683574127408493e-01 7.175135607828654338e-01 6.649838789234969738e-01 6.449682883277514378e-01 6.963782449193036683e-01 6.852389380530974350e-01 6.823582078167613751e-01
6.983319799855742804e-01 6.709029811310258662e-01 6.957657935285053163e-01 7.014713397948377782e-01 7.068251980893343056e-01 6.757869190966847572e-01 7.013567096548634083e-01 6.987923543928460379e-01 7.238855732942646171e-01 6.776139396915666913e-01
6.679167193842519001e-01 6.973708403195328920e-01 6.560451223364794915e-01 5.667001194743130910e-01 7.047437295528899970e-01 7.163610383424625638e-01 5.891084647340247837e-01 7.215755058219429641e-01 6.750277368234979258e-01 6.947485510216029336e-01
