0.000000000000000000e+00 0.000000000000000000e+00 0.000000000000000000e+00 0.000000000000000000e+00 0.000000000000000000e+00 0.000000000000000000e+00 0.000000000000000000e+00 0.000000000000000000e+00 0.000000000000000000e+00 0.000000000000000000e+00
6.908771929824562008e-01 7.003508771929825016e-01 6.936842105263157920e-01 6.922807017543859409e-01 6.940350877192982271e-01 6.919298245614035059e-01 6.929824561403508110e-01 6.926315789473684870e-01 7.042105263157895090e-01 6.954385964912280782e-01
6.947368421052630971e-01 6.919298245614035059e-01 6.842105263157893802e-01 6.964912280701753833e-01 6.975438596491227994e-01 6.940350877192982271e-01 7.070175438596491002e-01 6.873684210526316285e-01 6.950877192982456432e-01 6.898245614035087847e-01
6.884210526315790446e-01 6.880701754385964986e-01 6.961403508771929483e-01 6.915789473684210709e-01 6.940350877192982271e-01 6.964912280701753833e-01 6.912280701754386358e-01 7.073684210526316463e-01 7.017543859649122417e-01 7.070175438596491002e-01
6.908771929824562008e-01 7.080701754385965163e-01 7.161403508771929660e-01 7.010526315789473717e-01 6.835087719298245101e-01 6.835087719298245101e-01 7.150877192982456609e-01 7.164912280701754010e-01 7.175438596491228171e-01 7.129824561403508287e-01
6.940350877192982271e-01 7.049122807017543790e-01 6.708771929824561830e-01 6.877192982456139525e-01 6.845614035087719262e-01 6.982456140350876694e-01 6.989473684210526505e-01 6.926315789473684870e-01 6.849122807017544723e-01 7.049122807017543790e-01
7.007017543859648256e-01 7.059649122807016841e-01 7.126315789473683937e-01 6.940350877192982271e-01 7.105263157894736725e-01 6.964912280701753833e-01 7.031578947368420929e-01 7.010526315789473717e-01 6.880701754385964986e-01 6.849122807017543613e-01
7.073684210526316463e-01 6.884210526315790446e-01 7.115789473684210886e-01 6.957894736842105132e-01 7.178947368421052522e-01 6.687719298245613508e-01 7.175438596491228171e-01 6.933333333333333570e-01 7.049122807017543790e-01 7.203508771929824084e-01
7.038596491228070740e-01 7.014035087719299177e-01 7.136842105263158098e-01 7.154385964912279849e-01 6.870175438596490824e-01 6.785964912280701977e-01 7.182456140350876872e-01 6.480701754385964630e-01 6.722807017543859232e-01 7.042105263157893980e-01
7.007017543859649367e-01 6.933333333333333570e-01 6.649122807017544545e-01 7.119298245614035237e-01 7.115789473684210886e-01 7.122807017543859587e-01 7.143859649122806799e-01 6.891228070175439147e-01 6.880701754385964986e-01 7.063157894736842302e-01
6.954385964912280782e-01 6.936842105263157920e-01 7.052631578947368141e-01 7.094736842105262564e-01 7.091228070175439324e-01 7.214035087719298245e-01 6.905263157894736548e-01 6.828070175438596401e-01 6.792982456140350678e-01 6.877192982456140635e-01
6.649122807017544545e-01 7.185964912280702332e-01 6.877192982456140635e-01 6.750877192982456254e-01 7.210526315789473895e-01 6.708771929824561830e-01 6.459649122807017418e-01 7.003508771929825016e-01 6.852631578947367963e-01 6.831578947368420751e-01
7.052631578947368141e-01 6.736842105263157743e-01 6.961403508771929483e-01 7.042105263157895090e-01 7.070175438596491002e-01 6.757894736842104955e-01 7.017543859649122417e-01 6.996491228070175206e-01 7.245614035087719618e-01 6.792982456140350678e-01
6.729824561403509042e-01 7.007017543859649367e-01 6.659649122807017596e-01 5.814035087719298112e-01 7.066666666666666652e-01 7.214035087719298245e-01 6.031578947368421151e-01 7.249122807017543968e-01 6.789473684210526327e-01 6.950877192982456432e-01
