0.000000000000000000e+00 0.000000000000000000e+00 0.000000000000000000e+00 0.000000000000000000e+00 0.000000000000000000e+00 0.000000000000000000e+00 0.000000000000000000e+00 0.000000000000000000e+00 0.000000000000000000e+00 0.000000000000000000e+00
3.955448106166826738e-01 3.773240499535586157e-01 4.029905322726198835e-01 3.848860537432364781e-01 3.889538134266240510e-01 3.917672225653338058e-01 3.972152622963272539e-01 3.761896413335262257e-01 3.890292629079474263e-01 3.873708056140221512e-01
3.754385964912280715e-01 3.782173111935886456e-01 3.884650842652471181e-01 3.670207972440164834e-01 3.819202905798496639e-01 4.113845724731196585e-01 3.888225793886559423e-01 3.993375790455381824e-01 3.911591846739737588e-01 3.976869154749625990e-01
3.789885239801462080e-01 3.822562959726702458e-01 3.786770084183888607e-01 3.987034155118677203e-01 3.797332835535195961e-01 3.770148233191355502e-01 4.004167785268977209e-01 3.746559003204425475e-01 3.693069949403613994e-01 3.913229938572218569e-01
3.902454944913881230e-01 4.211796917102902382e-01 4.305138985425207565e-01 3.789810571234724645e-01 3.931369764159743374e-01 3.762538579278592588e-01 4.328414487417012180e-01 4.363858391633515521e-01 4.151049654149325252e-01 4.238046692555117456e-01
3.892284898292317497e-01 4.382212652226632477e-01 3.800569817189247690e-01 3.912241383013830842e-01 3.911793690357456832e-01 3.770386018169246678e-01 4.061473144709621397e-01 3.850130188202509074e-01 3.901755346692724058e-01 3.801080096519829921e-01
3.955121639699715752e-01 3.947719584566258266e-01 4.414313351760411619e-01 3.951753024780619850e-01 4.506471703496814363e-01 3.702463514591668448e-01 4.390887069850431534e-01 4.302839436922019645e-01 4.033982094628406623e-01 3.828351555077798007e-01
3.922774342862870856e-01 3.761896413335262257e-01 4.452349029575781159e-01 3.943137923653169397e-01 4.303036440871139678e-01 3.688017338113688259e-01 4.177430454647874658e-01 3.840109667281512706e-01 4.176923989137465432e-01 4.386117041686101725e-01
4.540304867590817528e-01 3.942500633414775524e-01 4.147405184918044885e-01 4.492626418834470559e-01 3.856051201570185327e-01 3.792183328077899374e-01 4.357201725118454161e-01 3.170511326938584840e-01 3.796886309102040502e-01 3.856270714352116880e-01
4.446277863616778792e-01 3.983093833470316980e-01 3.609626061613899761e-01 4.397680509469339971e-01 4.396583440120970243e-01 3.856051201570185327e-01 4.298025115323806933e-01 3.982294621054501826e-01 4.476374277816234648e-01 4.330033538209592803e-01
3.945506328631788739e-01 3.867601875293110725e-01 4.540369858145199555e-01 4.574119944370858559e-01 4.524786919808567176e-01 4.249851386396819031e-01 4.434457240874275508e-01 3.891309149829079161e-01 4.000661320993193493e-01 3.756998574654014655e-01
3.530783431160515184e-01 3.903923541329817892e-01 3.755066529646935991e-01 4.079650193493937760e-01 4.494100088431834950e-01 3.887436042528703006e-01 2.516985612295928321e-01 4.300151218141895493e-01 4.120678118669319212e-01 4.109726757754645354e-01
4.381468884585516532e-01 4.017983126408303240e-01 4.327483903097099627e-01 4.702987237946612553e-01 3.991796777913234062e-01 3.769790149080512465e-01 4.214079274625924243e-01 4.301601522651221643e-01 4.380881818013356299e-01 3.899712502735975250e-01
2.599862891647100049e-01 3.868052198763345939e-01 4.045001398643428558e-01 2.274965866029361738e-01 4.584035223493738154e-01 3.968489082009576396e-01 3.022795827211133268e-01 4.649807610194418017e-01 3.538723577702031498e-01 4.321600270254220000e-01
