0.000000000000000000e+00 0.000000000000000000e+00 0.000000000000000000e+00 0.000000000000000000e+00 0.000000000000000000e+00
8.053333333333333455e-01 8.080000000000000515e-01 8.293333333333333668e-01 8.266666666666666607e-01 8.213333333333333597e-01
8.266666666666666607e-01 8.106666666666666465e-01 8.213333333333333597e-01 8.293333333333333668e-01 8.159999999999999476e-01
8.213333333333333597e-01 8.133333333333333526e-01 8.213333333333333597e-01 8.186666666666666536e-01 8.080000000000000515e-01
7.813333333333333242e-01 8.000000000000000444e-01 8.000000000000000444e-01 8.000000000000000444e-01 7.760000000000000231e-01
8.026666666666666394e-01 7.840000000000000302e-01 8.106666666666666465e-01 8.000000000000000444e-01 7.920000000000000373e-01
7.786666666666666181e-01 7.786666666666666181e-01 8.026666666666666394e-01 8.080000000000000515e-01 8.080000000000000515e-01
7.653333333333333099e-01 7.946666666666666323e-01 7.600000000000000089e-01 7.653333333333333099e-01 8.106666666666666465e-01
7.413333333333332886e-01 7.546666666666667078e-01 7.626666666666667149e-01 7.600000000000000089e-01 6.986666666666666581e-01
6.853333333333333499e-01 7.039999999999999591e-01 6.720000000000000417e-01 7.279999999999999805e-01 7.493333333333332957e-01
5.280000000000000249e-01 4.986666666666666470e-01 4.426666666666666528e-01 4.560000000000000164e-01 5.386666666666666270e-01
