0.000000000000000000e+00 0.000000000000000000e+00 0.000000000000000000e+00 0.000000000000000000e+00 0.000000000000000000e+00
8.131384974982146518e-01 8.238432558959413177e-01 8.211218547715528615e-01 8.238618524332811388e-01 8.158487968669160262e-01
8.319348039448177801e-01 8.240459439446010670e-01 8.214475693963386727e-01 8.183481456395206299e-01 8.156996797240699815e-01
8.102071384485691752e-01 8.188482353195860597e-01 8.106215953105904148e-01 8.136083070126546302e-01 8.130850475153201806e-01
7.879442783652338411e-01 8.104767277068095632e-01 7.993010996337156504e-01 8.020010618368065280e-01 7.893490782640766312e-01
7.910891580311684157e-01 7.795995621949577403e-01 8.212312647095254547e-01 7.838368371151732683e-01 7.955935112939886977e-01
7.974062597748737824e-01 7.741575945445905438e-01 7.965386289067574177e-01 7.741391383708515761e-01 7.892711216554633147e-01
7.440563819329101269e-01 7.865824738936734173e-01 7.592948714108443964e-01 7.755555476697141293e-01 7.919029389341517566e-01
7.307567998848356616e-01 7.489981943261087016e-01 7.261082409396103499e-01 7.518237620979465463e-01 6.750108217639789743e-01
6.127946127946127808e-01 6.778179041248130199e-01 5.861202666080714829e-01 6.938637741325153208e-01 7.290801276262716124e-01
3.696521343580167485e-01 3.424692954104718301e-01 3.124678337599205435e-01 3.233790440226592122e-01 3.883618796662274275e-01
