0.000000000000000000e+00 0.000000000000000000e+00 0.000000000000000000e+00 0.000000000000000000e+00 0.000000000000000000e+00 0.000000000000000000e+00 0.000000000000000000e+00 0.000000000000000000e+00 0.000000000000000000e+00 0.000000000000000000e+00
7.814611486486486847e-01 6.805555555555555802e-01 8.096349745331070658e-01 7.620689655172413479e-01 7.605552342394448218e-01 7.679209585873449928e-01 8.393650793650793140e-01 8.393650793650793140e-01 8.371594078523922899e-01 7.493589743589743613e-01
7.460434302539566964e-01 8.301129368945030507e-01 8.318410596026488690e-01 8.186024501813975451e-01 7.587284768211920438e-01 7.463634931470881639e-01 7.452934662236987418e-01 7.534160184990540410e-01 8.066810344827586299e-01 8.257575757575758013e-01
7.744027843695617808e-01 7.753505225017065516e-01 7.726765502949146658e-01 6.950757575757575690e-01 7.663492063492063355e-01 6.369949494949495028e-01 7.587284768211920438e-01 7.382507903055848253e-01 6.737588652482269236e-01 7.025080182974919873e-01
6.447596532702916106e-01 7.895788422104210724e-01 7.071307300509338534e-01 6.946259220231822962e-01 6.915052160953800708e-01 7.943368107302533065e-01 7.317572892040977717e-01 7.960304054054053724e-01 8.468530359879511415e-01 7.540372670807453659e-01
6.795031055900621064e-01 7.311924190576466476e-01 7.726765502949146658e-01 7.649563551202895884e-01 6.836043721674219809e-01 5.453416149068321950e-01 7.536231884057971175e-01 8.188310665336344663e-01 6.426570839718861450e-01 6.955882352941176183e-01
6.645962732919254989e-01 7.106918238993711334e-01 7.100840336134452979e-01 7.027580772261623476e-01 8.115546218487394992e-01 7.100840336134454089e-01 7.535714285714285587e-01 6.864133594038999142e-01 6.107946690261571998e-01 4.769330734243015790e-01
7.086148648648649129e-01 6.523548740416209579e-01 6.285227709718177458e-01 6.700143472022955793e-01 6.006552006552006162e-01 5.163647163647163696e-01 5.879255116998751696e-01 6.950757575757575690e-01 6.260576231819940940e-01 7.161841480778357028e-01
4.146248812915479531e-01 4.274578828262509123e-01 6.233918128654970525e-01 6.778438030560272054e-01 6.877155172413793593e-01 6.823850559332014232e-01 5.264902587961617364e-01 5.053763440860215006e-01 5.687500000000000888e-01 8.251689189189188589e-01
3.605690791620440039e-01 4.409722222222222099e-01 6.891721144866230775e-01 5.132275132275132545e-01 5.327591327591327808e-01 4.567248369469416036e-01 4.010416666666666297e-01 6.924872665534804739e-01 5.321487023614682732e-01 6.423258958755915238e-01
