0.000000000000000000e+00 0.000000000000000000e+00 0.000000000000000000e+00 0.000000000000000000e+00 0.000000000000000000e+00 0.000000000000000000e+00 0.000000000000000000e+00 0.000000000000000000e+00 0.000000000000000000e+00 0.000000000000000000e+00
7.315316262684683490e-01 7.173764637924696652e-01 7.323275862068965303e-01 7.893129770992366456e-01 8.318410596026488690e-01 8.035121025154248198e-01 7.523226351351353092e-01 7.424686750199946950e-01 7.311924190576468696e-01 7.502661273153076182e-01
7.172576832151300597e-01 7.023723939611790090e-01 8.030967605559372613e-01 7.364176570458405013e-01 8.105996621621621712e-01 8.005673607022427696e-01 7.719008264462809965e-01 8.251689189189188589e-01 7.527553070199251017e-01 7.025080182974920984e-01
7.534160184990541520e-01 7.641025641025640525e-01 7.580105212816834470e-01 7.460434302539564744e-01 6.882584712371946356e-01 6.876020005264543711e-01 7.462568951930654837e-01 6.870748299319726637e-01 8.105996621621621712e-01 7.535714285714285587e-01
7.889574434424931892e-01 7.016294890049042943e-01 6.608974358974357699e-01 7.364176570458405013e-01 7.803480475382003068e-01 7.739259102679278968e-01 7.463634931470881639e-01 7.462568951930652617e-01 7.079365079365079749e-01 7.441059602649005011e-01
6.050283405353836796e-01 6.688882964542788301e-01 6.883894344378511665e-01 7.241161616161617687e-01 7.100840336134452979e-01 7.531565656565656353e-01 6.955882352941177293e-01 8.038431166096340341e-01 7.155842096919093898e-01 6.113502311493703711e-01
6.070098576122673339e-01 5.740501711656096351e-01 6.712150747238467829e-01 7.099011982341811855e-01 7.680672268907563494e-01 7.307388071507672223e-01 7.535714285714285587e-01 7.441059602649007232e-01 5.554463554463554553e-01 6.376050420168067889e-01
6.205174252202705354e-01 6.933333333333333570e-01 6.846803762155267981e-01 6.810924369747899387e-01 7.391304347826086474e-01 5.157894736842104644e-01 7.079365079365078639e-01 6.882584712371946356e-01 7.244061383224721373e-01 7.161841480778358138e-01
4.559139784946236729e-01 5.597826086956522174e-01 7.403644573455894218e-01 4.888888888888889284e-01 5.151759488567644318e-01 5.678734274570125251e-01 5.341898954703833136e-01 4.850459482038429471e-01 5.805471124620060763e-01 4.995164410058026139e-01
4.112840233131045409e-01 4.409722222222222099e-01 6.105511720324828806e-01 4.134893748075145758e-01 5.160158989946224128e-01 3.235294117647058987e-01 4.995164410058026139e-01 5.569823434991973965e-01 5.048348841452290348e-01 4.474899907607021721e-01
