0.000000000000000000e+00 0.000000000000000000e+00 0.000000000000000000e+00
6.159695538244491786e-01 4.007750358625513654e-01 7.251683859220028339e-01
5.206988410298094561e-01 5.072762747391904581e-01 5.366650765502770648e-01
5.401977777035567030e-01 3.645684476318941103e-01 4.341151089140289354e-01
5.071490439588622889e-01 6.293691812000767882e-01 5.016488834311578771e-01
6.285843676291054116e-01 2.326210525996177114e-01 4.555432370840052370e-01
2.946520168153603514e-01 3.303977594140694030e-01 4.772727272727272929e-01
4.406876607581646788e-01 2.520140488897663067e-01 3.466376562063054334e-01
2.246943220279854214e-01 3.109682918232344884e-01 3.117498701042478171e-01
2.646759288754355066e-01 3.914030125648778613e-01 6.045669239225426317e-02
