0.000000000000000000e+00 0.000000000000000000e+00 0.000000000000000000e+00 0.000000000000000000e+00 0.000000000000000000e+00
6.922300497166188338e-01 7.029286659864683040e-01 7.071018750090209970e-01 7.318393147872295224e-01 7.029286659864683040e-01
6.613125201529678199e-01 7.830230844562600101e-01 6.905437353960882652e-01 7.067066151450646094e-01 6.853302230282665164e-01
5.882995996770437053e-01 5.817529168929150840e-01 7.316930200701682319e-01 5.705169880623132128e-01 6.496349479839462759e-01
6.603987188344858650e-01 6.468021632814577870e-01 6.834738730070514245e-01 7.214114212523661251e-01 6.412366910405215004e-01
8.081737308758789595e-01 6.198007007345581743e-01 6.786831269649913345e-01 7.152813356347632601e-01 6.756600031301936982e-01
5.955708334490944500e-01 5.705785572469119771e-01 7.120749096221482555e-01 5.715329655583047952e-01 6.185865668493274461e-01
7.624668711930641107e-01 6.167845283077912910e-01 7.300984069345701766e-01 6.699375083518800400e-01 6.812103920803543877e-01
7.108914749154270352e-01 6.446225464803413407e-01 5.201446078574738507e-01 6.409258210112673826e-01 6.371745940629105487e-01
5.898411498025981636e-01 5.734675556805591823e-01 6.657889453341709896e-01 5.480017488814101778e-01 6.237380256626128272e-01
5.072377434359129911e-01 5.849526855306378392e-01 6.116427680404848966e-01 5.199939134773254867e-01 5.174650252203841783e-01
