0.000000000000000000e+00 0.000000000000000000e+00 0.000000000000000000e+00 0.000000000000000000e+00 0.000000000000000000e+00
7.828571428571428070e-01 7.942857142857142616e-01 7.714285714285714635e-01 7.714285714285714635e-01 7.771428571428571352e-01
7.885714285714285898e-01 7.485714285714285543e-01 7.885714285714285898e-01 8.171428571428571708e-01 8.000000000000000444e-01
8.114285714285713880e-01 7.371428571428570997e-01 8.000000000000000444e-01 7.600000000000000089e-01 7.885714285714285898e-01
7.485714285714285543e-01 8.057142857142857162e-01 7.600000000000000089e-01 8.457142857142857517e-01 8.171428571428571708e-01
7.314285714285714279e-01 7.485714285714285543e-01 7.485714285714285543e-01 7.885714285714285898e-01 8.000000000000000444e-01
7.142857142857143016e-01 7.942857142857142616e-01 7.485714285714285543e-01 7.257142857142857562e-01 7.028571428571428470e-01
7.257142857142857562e-01 8.399999999999999689e-01 7.028571428571428470e-01 6.628571428571428115e-01 7.142857142857143016e-01
7.085714285714285188e-01 7.657142857142856807e-01 7.771428571428571352e-01 7.085714285714285188e-01 7.314285714285714279e-01
7.428571428571428825e-01 6.914285714285713924e-01 7.714285714285714635e-01 8.285714285714286254e-01 6.571428571428571397e-01
6.285714285714285587e-01 8.000000000000000444e-01 6.171428571428571042e-01 7.428571428571428825e-01 7.371428571428570997e-01
