0.000000000000000000e+00 0.000000000000000000e+00 0.000000000000000000e+00 0.000000000000000000e+00 0.000000000000000000e+00
8.624644093294160374e-01 8.634247250119091444e-01 8.509545902896612501e-01 8.463460366582765682e-01 8.578645621531464371e-01
8.636217527342552325e-01 8.141817038525875905e-01 8.398187895879942744e-01 8.812504873346105327e-01 8.574913573544241663e-01
8.509545902896612501e-01 8.294138761239280289e-01 8.820094501083648453e-01 8.549893101003572804e-01 8.320765751061809379e-01
7.860618644405573674e-01 8.871874515412764284e-01 8.467371618766167396e-01 8.896583865270517588e-01 8.588261913394702463e-01
8.450024539978647775e-01 8.724364924371036389e-01 8.442318177645937727e-01 8.605673841230042642e-01 8.544203096114806328e-01
7.763692267452391160e-01 8.942775093948862608e-01 8.432656041024289006e-01 8.033008063579202274e-01 7.674434407366380606e-01
7.859604986262351822e-01 8.339915410666645101e-01 8.203426278298044938e-01 7.361932863146558592e-01 7.945439042683177799e-01
8.647711572450091921e-01 8.332433279616061617e-01 8.250464663194922998e-01 7.547112655951628835e-01 8.073234953410162174e-01
8.388175404532183244e-01 7.396714645938160526e-01 8.157298441448692650e-01 8.889353821809059530e-01 7.496377987285456346e-01
7.015713148731829163e-01 8.544040693565857492e-01 8.341174849463364183e-01 7.761192400203884567e-01 7.982429197184263137e-01
