0.000000000000000000e+00 0.000000000000000000e+00 0.000000000000000000e+00 0.000000000000000000e+00 0.000000000000000000e+00
7.033193891438468404e-01 7.164974599680169476e-01 6.883727179843690536e-01 6.951345282484328036e-01 6.941894988546388756e-01
7.128628676410387888e-01 6.588725153225646336e-01 7.072543989833108835e-01 7.457790915413804456e-01 7.213035358917889717e-01
7.381336944786677234e-01 6.422055032548973363e-01 7.231435054385220162e-01 6.699559617727838257e-01 7.130791597929613257e-01
6.497068547270768990e-01 7.268446496319821426e-01 6.671304469984391528e-01 7.818085548749507119e-01 7.437491516984323647e-01
6.258656656136679652e-01 6.464199287637708569e-01 6.481583825826902068e-01 6.987558703295784213e-01 7.095900468894529300e-01
5.942696735777325268e-01 7.106575554597849287e-01 6.453330222412371198e-01 6.240721638741886235e-01 5.794217116504255527e-01
6.106763025252146537e-01 7.708324932324868151e-01 5.996041528063690285e-01 5.348891492228331490e-01 6.024853563608030260e-01
5.930544916931992372e-01 6.725374031828088572e-01 6.844555981635740416e-01 5.877511502981794811e-01 6.184021519187758997e-01
6.381517488795860338e-01 5.647757448838429672e-01 6.768489438730463936e-01 7.533423434564134880e-01 5.174987094660075115e-01
5.255667698874505467e-01 7.074303339674882229e-01 4.856254422284432826e-01 6.387691985431624975e-01 6.257830183992624251e-01
