0.000000000000000000e+00 0.000000000000000000e+00 0.000000000000000000e+00 0.000000000000000000e+00 0.000000000000000000e+00
9.666625509322139820e-01 9.777667984189724049e-01 9.722145040288969753e-01 9.722145040288969753e-01 9.611099107997160829e-01
9.833328189141640197e-01 9.666625509322139820e-01 9.722145040288969753e-01 9.444375848870231183e-01 9.499613899613901236e-01
9.611099107997160829e-01 9.666625509322139820e-01 9.944442729713880436e-01 9.722213648569399957e-01 9.888875169774046237e-01
9.555335968379445877e-01 9.833287024173380519e-01 9.888875169774046237e-01 9.722213648569399957e-01 9.498746867167919827e-01
9.442724458204334592e-01 9.160839160839160389e-01 9.722007722007721675e-01 9.611003056404556766e-01 9.666295884315907472e-01
9.498746867167919827e-01 9.777667984189724049e-01 9.442724458204334592e-01 9.555335968379445877e-01 9.442724458204334592e-01
9.217488510744007435e-01 9.498746867167919827e-01 9.273990878346931588e-01 9.666295884315907472e-01 9.442724458204334592e-01
9.160839160839160389e-01 8.875000000000000666e-01 9.554675903018308158e-01 8.932550953525391080e-01 9.610522085870607523e-01
8.989898989898990056e-01 8.817234581807942284e-01 8.701013460512692088e-01 8.701013460512692088e-01 8.701013460512692088e-01
5.328776636572973846e-01 5.506349723217193182e-01 6.404463424714148534e-01 7.197840416018018717e-01 4.357366771159875141e-01
