0.000000000000000000e+00 0.000000000000000000e+00 0.000000000000000000e+00 0.000000000000000000e+00 0.000000000000000000e+00
9.666625509322139820e-01 9.666625509322139820e-01 9.722145040288969753e-01 9.555555555555556024e-01 9.777667984189724049e-01
9.555555555555556024e-01 9.944442729713880436e-01 9.722145040288969753e-01 9.499984567424919479e-01 9.777777777777777457e-01
9.666625509322139820e-01 9.555555555555556024e-01 9.722213648569399957e-01 9.722213648569399957e-01 9.833328189141640197e-01
9.666625509322139820e-01 9.666666666666666741e-01 9.777777777777777457e-01 9.666625509322139820e-01 9.555335968379445877e-01
9.387963277796667061e-01 9.275967697020328639e-01 9.499984567424919479e-01 9.444375848870231183e-01 9.666295884315907472e-01
9.273990878346931588e-01 9.610522085870607523e-01 9.442724458204334592e-01 9.666625509322139820e-01 9.387357282094124233e-01
9.330357142857143016e-01 9.666295884315907472e-01 9.498746867167919827e-01 9.610522085870607523e-01 9.554675903018308158e-01
8.875000000000000666e-01 9.110122358175749557e-01 9.498746867167919827e-01 8.932550953525391080e-01 9.273990878346931588e-01
8.817234581807942284e-01 8.524776194679106744e-01 8.642533936651582982e-01 9.047055526143690241e-01 8.875000000000000666e-01
4.664842681258549728e-01 5.052741048878324204e-01 5.238095238095238360e-01 6.703296703296703907e-01 4.461538461538461786e-01
