0.000000000000000000e+00 0.000000000000000000e+00 0.000000000000000000e+00 0.000000000000000000e+00 0.000000000000000000e+00
9.666666666666666741e-01 9.666666666666666741e-01 9.722222222222223209e-01 9.555555555555556024e-01 9.777777777777778567e-01
9.555555555555556024e-01 9.944444444444444642e-01 9.722222222222223209e-01 9.499999999999999556e-01 9.777777777777777457e-01
9.666666666666666741e-01 9.555555555555556024e-01 9.722222222222222099e-01 9.722222222222222099e-01 9.833333333333333925e-01
9.666666666666666741e-01 9.666666666666666741e-01 9.777777777777777457e-01 9.666666666666666741e-01 9.555555555555554914e-01
9.388888888888888840e-01 9.277777777777778123e-01 9.499999999999999556e-01 9.444444444444444198e-01 9.666666666666666741e-01
9.277777777777778123e-01 9.611111111111111382e-01 9.444444444444444198e-01 9.666666666666666741e-01 9.388888888888888840e-01
9.333333333333333481e-01 9.666666666666666741e-01 9.499999999999999556e-01 9.611111111111111382e-01 9.555555555555554914e-01
8.888888888888888395e-01 9.111111111111110938e-01 9.499999999999999556e-01 8.944444444444443754e-01 9.277777777777778123e-01
8.833333333333333037e-01 8.555555555555556246e-01 8.666666666666666963e-01 9.055555555555555580e-01 8.888888888888888395e-01
5.666666666666666519e-01 5.888888888888889062e-01 5.999999999999999778e-01 6.999999999999999556e-01 5.555555555555555802e-01
