0.000000000000000000e+00 0.000000000000000000e+00 0.000000000000000000e+00 0.000000000000000000e+00 0.000000000000000000e+00
9.335638713962127744e-01 9.335638713962127744e-01 9.449695734505159095e-01 9.111111111111110938e-01 9.565007145952775236e-01
9.111111111111110938e-01 9.889499370655615573e-01 9.449695734505159095e-01 9.000555607001178293e-01 9.555555555555556024e-01
9.335638713962127744e-01 9.111111111111110938e-01 9.445027488828396933e-01 9.445027488828396933e-01 9.667263429742005698e-01
9.335638713962127744e-01 9.333333333333333481e-01 9.555555555555556024e-01 9.335638713962127744e-01 9.120123092652645536e-01
8.804448915491668304e-01 8.598656863884369672e-01 9.000555607001178293e-01 8.891084489487740550e-01 9.354143466934853324e-01
8.646229325746458416e-01 9.250243797288715264e-01 8.944271909999158554e-01 9.335638713962127744e-01 8.821998600608639274e-01
8.744746321952062695e-01 9.354143466934853324e-01 9.045340337332908875e-01 9.250243797288715264e-01 9.147320339189783933e-01
7.977240352174655991e-01 8.240554958966418431e-01 9.045340337332908875e-01 8.070787735958558917e-01 8.646229325746458416e-01
7.884298457197200793e-01 7.427813527082074430e-01 7.608859102526820406e-01 8.259800183141270402e-01 7.977240352174655991e-01
2.672612419124243965e-01 3.123475237772121438e-01 3.333333333333333148e-01 5.000000000000000000e-01 2.425356250363329691e-01
