0.000000000000000000e+00 0.000000000000000000e+00 0.000000000000000000e+00 0.000000000000000000e+00 0.000000000000000000e+00
9.173789173789174134e-01 9.341229341229341232e-01 9.341229341229341232e-01 9.341229341229341232e-01 9.003556829643786230e-01
9.173789173789174134e-01 9.341229341229341232e-01 9.341229341229341232e-01 9.341229341229341232e-01 9.341229341229341232e-01
9.003556829643786230e-01 9.341229341229341232e-01 9.341229341229341232e-01 9.506533178503802084e-01 9.341229341229341232e-01
9.173789173789174134e-01 8.810315430520034852e-01 9.173789173789174134e-01 9.506533178503802084e-01 9.330504923528178951e-01
8.986772486772487412e-01 9.173789173789174134e-01 9.003556829643786230e-01 9.497171590194845026e-01 9.173789173789174134e-01
9.173789173789174134e-01 9.160731917396693902e-01 8.977482465854559335e-01 9.153439153439153486e-01 9.175466163838258415e-01
8.663713547434478413e-01 8.977482465854559335e-01 8.675466163838257971e-01 9.160731917396693902e-01 9.327097131975179423e-01
8.826599326599327000e-01 9.326599326599326334e-01 9.315770677086615548e-01 8.973791066814321704e-01 9.341229341229341232e-01
8.489071903706050248e-01 8.798489092606738282e-01 7.590413943355119875e-01 8.986772486772487412e-01 8.998130291380433965e-01
8.651673529722310185e-01 8.467396876209605239e-01 8.473813767931414054e-01 9.153439153439153486e-01 8.988186793064841806e-01
