0.000000000000000000e+00 0.000000000000000000e+00 0.000000000000000000e+00 0.000000000000000000e+00 0.000000000000000000e+00
9.146391752577319734e-01 9.167010309278350588e-01 9.167010309278350588e-01 9.158762886597938691e-01 9.187628865979381443e-01
9.191752577319587392e-01 9.208247422680412297e-01 9.150515463917525683e-01 9.158762886597938691e-01 9.121649484536082930e-01
9.129896907216494828e-01 9.134020618556700777e-01 9.158762886597938691e-01 9.150515463917525683e-01 9.204123711340206349e-01
9.195876288659793341e-01 9.146391752577319734e-01 9.187628865979381443e-01 9.175257731958762486e-01 9.162886597938144639e-01
9.105154639175258025e-01 9.179381443298969545e-01 9.158762886597938691e-01 9.167010309278350588e-01 9.187628865979381443e-01
9.113402061855669922e-01 9.146391752577319734e-01 9.142268041237113785e-01 9.158762886597938691e-01 9.187628865979381443e-01
9.200000000000000400e-01 9.162886597938144639e-01 9.113402061855669922e-01 9.204123711340206349e-01 9.125773195876288879e-01
9.175257731958762486e-01 9.167010309278350588e-01 9.187628865979381443e-01 9.142268041237113785e-01 9.208247422680412297e-01
9.121649484536082930e-01 9.022680412371133496e-01 9.051546391752577359e-01 9.154639175257731631e-01 9.105154639175258025e-01
8.202061855670103041e-01 8.494845360824742064e-01 8.680412371134020866e-01 8.643298969072165105e-01 8.556701030927834628e-01
