0.000000000000000000e+00 0.000000000000000000e+00 0.000000000000000000e+00 0.000000000000000000e+00 0.000000000000000000e+00
9.137252798167349033e-01 9.163164686787569346e-01 9.163107297633423798e-01 9.154019624138205469e-01 9.177490170976335682e-01
9.185232081433163387e-01 9.205136358462528978e-01 9.143885073148952936e-01 9.158552023341414161e-01 9.119616695903470793e-01
9.127939797289890134e-01 9.135648562590666932e-01 9.151874983023958743e-01 9.150865383349960913e-01 9.196761387996060799e-01
9.193895747174687383e-01 9.137653876709388445e-01 9.187894314835688414e-01 9.171091462329726829e-01 9.163181455439864953e-01
9.094268861553175265e-01 9.182538193884948186e-01 9.158697186158313297e-01 9.164402530610873399e-01 9.191475106857300847e-01
9.115668859259258294e-01 9.146983537946912213e-01 9.138461606119647751e-01 9.160920774848901882e-01 9.185593759528190017e-01
9.210367990376177039e-01 9.163136307773346312e-01 9.105798232820914162e-01 9.205269845868466749e-01 9.129892275976304594e-01
9.179390185938084423e-01 9.177890042090351974e-01 9.196530182430298073e-01 9.147150177144869332e-01 9.212535124581542334e-01
9.123071818408501343e-01 9.014070140127893316e-01 9.030236648632051777e-01 9.156473911742482041e-01 9.105711536921903271e-01
7.635757813559688190e-01 8.239586404597940561e-01 8.532221957294879866e-01 8.477675663034993647e-01 8.336132391206840797e-01
