0.000000000000000000e+00 0.000000000000000000e+00 0.000000000000000000e+00 0.000000000000000000e+00 0.000000000000000000e+00
9.475066213055346465e-01 9.503022946829629003e-01 9.464442543304073530e-01 9.481194683909222043e-01 9.478579317699364903e-01
9.493660031655319909e-01 9.463438865546194290e-01 9.489580493939573369e-01 9.453942794846844633e-01 9.483775096258636461e-01
9.484410028786768310e-01 9.464758569953736211e-01 9.465262132128031691e-01 9.457034655477808416e-01 9.461773586198717334e-01
9.503980738872227496e-01 9.492687739119458623e-01 9.491027729019767545e-01 9.468635922712114183e-01 9.454895156833837966e-01
9.451234411937953217e-01 9.439875709735520148e-01 9.447512961542191556e-01 9.471261536637251011e-01 9.470030909092216342e-01
9.464616340381328818e-01 9.479877188623716533e-01 9.496796129777339557e-01 9.464466558258058937e-01 9.501763635749914672e-01
9.447518745045617727e-01 9.458076149560976642e-01 9.510198566634759931e-01 9.479614817385699777e-01 9.473092550339915485e-01
9.470707096211739007e-01 9.470790443627278288e-01 9.468435227600559001e-01 9.481497081339560484e-01 9.512481688457087303e-01
9.492351760123687310e-01 9.398003984930503041e-01 9.385078265027331224e-01 9.439254598548678654e-01 9.486329266485140632e-01
9.464802503517663057e-01 9.306548142364786669e-01 9.194107879166757424e-01 9.330620308769420612e-01 9.343026871376944875e-01
