0.000000000000000000e+00 0.000000000000000000e+00 0.000000000000000000e+00 0.000000000000000000e+00 0.000000000000000000e+00
8.928717478265029150e-01 8.996526923011716192e-01 8.912950512133253067e-01 8.938972108206568734e-01 8.939294391325790512e-01
8.955813875722146156e-01 8.903221742825073726e-01 8.955432659815795171e-01 8.876743891997356251e-01 8.950122380686155177e-01
8.955091399496122317e-01 8.908504599331095175e-01 8.903476300791245412e-01 8.892181372829505159e-01 8.899079683795160234e-01
8.986597835641753074e-01 8.960618317708710645e-01 8.965864790795664563e-01 8.913658527645648144e-01 8.887986470829165597e-01
8.911830318453817235e-01 8.890998528745654994e-01 8.876182408744136554e-01 8.914151967164692936e-01 8.928912447176362566e-01
8.923343632549486371e-01 8.939520180910969227e-01 8.986556806193538582e-01 8.912595974379724506e-01 8.981565197558473157e-01
8.881058360688858233e-01 8.897004446913659992e-01 9.002431470783517353e-01 8.939197912812355540e-01 8.933825719280100719e-01
8.933591244698388945e-01 8.928261182320630374e-01 8.917298016839627639e-01 8.949651649724843505e-01 9.022032576697254225e-01
8.980042799000506060e-01 8.837899963586555163e-01 8.817623061823806063e-01 8.885801137218678480e-01 8.980265127920866730e-01
8.942695647628867706e-01 8.718008770441758593e-01 8.560557033870549448e-01 8.766021121697453733e-01 8.754762211806488281e-01
