0.000000000000000000e+00 0.000000000000000000e+00 0.000000000000000000e+00 0.000000000000000000e+00 0.000000000000000000e+00
9.383333333333333526e-01 9.399999999999999467e-01 9.333333333333333481e-01 9.399999999999999467e-01 9.366666666666666474e-01
9.383333333333333526e-01 9.449999999999999512e-01 9.416666666666666519e-01 9.433333333333333570e-01 9.366666666666666474e-01
9.333333333333333481e-01 9.283333333333333437e-01 9.433333333333333570e-01 9.533333333333333659e-01 9.483333333333333615e-01
9.466666666666666563e-01 9.499999999999999556e-01 9.616666666666666696e-01 9.366666666666666474e-01 9.449999999999999512e-01
9.283333333333333437e-01 9.566666666666666652e-01 9.283333333333333437e-01 9.533333333333333659e-01 9.383333333333333526e-01
9.183333333333333348e-01 9.350000000000000533e-01 9.233333333333333393e-01 9.000000000000000222e-01 9.150000000000000355e-01
8.883333333333333082e-01 8.966666666666666119e-01 8.816666666666667096e-01 8.766666666666667052e-01 8.933333333333333126e-01
8.533333333333333881e-01 8.316666666666666652e-01 8.566666666666666874e-01 8.349999999999999645e-01 8.633333333333332860e-01
7.233333333333333837e-01 7.633333333333333082e-01 7.633333333333333082e-01 7.316666666666666874e-01 7.750000000000000222e-01
6.500000000000000222e-01 6.500000000000000222e-01 6.583333333333333259e-01 6.650000000000000355e-01 6.500000000000000222e-01
