0.000000000000000000e+00 0.000000000000000000e+00 0.000000000000000000e+00 0.000000000000000000e+00 0.000000000000000000e+00
9.417582417582417431e-01 9.305860805860806106e-01 9.316849816849817056e-01 9.441391941391941156e-01 9.379120879120879106e-01
9.349816849816849906e-01 9.432234432234432031e-01 9.492673992673992256e-01 9.377289377289377281e-01 9.437728937728937506e-01
9.406593406593406481e-01 9.327838827838828006e-01 9.489010989010988606e-01 9.472527472527472181e-01 9.322344322344322531e-01
9.386446886446886406e-01 9.016483516483515537e-01 9.258241758241758657e-01 8.985347985347985622e-01 9.285714285714286031e-01
8.831501831501831212e-01 9.060439560439560447e-01 8.985347985347985622e-01 8.972527472527472847e-01 8.923076923076922462e-01
8.554945054945055638e-01 8.994505494505494747e-01 8.752747252747252737e-01 8.684981684981685213e-01 8.657509157509157838e-01
8.256410256410255943e-01 8.186813186813186594e-01 8.186813186813186594e-01 8.245421245421244993e-01 7.970695970695971244e-01
7.413919413919414225e-01 7.459706959706959850e-01 7.353479853479854000e-01 7.390109890109890500e-01 7.747252747252747485e-01
5.879120879120879328e-01 6.199633699633699813e-01 6.188644688644688863e-01 6.199633699633699813e-01 6.355311355311354937e-01
5.177655677655678135e-01 5.119047619047618625e-01 5.142857142857142350e-01 5.261904761904762085e-01 5.142857142857142350e-01
