0.000000000000000000e+00 0.000000000000000000e+00 0.000000000000000000e+00 0.000000000000000000e+00 0.000000000000000000e+00
5.065423302575509101e-01 4.962090148989593552e-01 4.917534537300138342e-01 5.035568676490731477e-01 5.086201280882958198e-01
4.860623880311560341e-01 4.832799822971409753e-01 4.906858410268236104e-01 4.772509810457946089e-01 4.993011316744631611e-01
4.876378862415138848e-01 4.840853306007146806e-01 4.685057124416391883e-01 4.677601416836215109e-01 4.891456842164161323e-01
4.909935431306481912e-01 4.757106545355109795e-01 4.885002910307729707e-01 4.816539181026192606e-01 4.651810822430796355e-01
4.613095946164107453e-01 4.706747299978475407e-01 4.689859837693853839e-01 4.709796125644138409e-01 4.817452069471577780e-01
4.465823432952873429e-01 4.439646391387695457e-01 4.286607205582918523e-01 4.529499718547705944e-01 4.337634206368631840e-01
4.339945426706698361e-01 4.003702925541927637e-01 4.243206290842687078e-01 4.320039722869293275e-01 4.583053842547514245e-01
4.325056114054640632e-01 3.631711722517133589e-01 4.191655811260674991e-01 3.842587680222188107e-01 3.660662231181583404e-01
3.094111994875353711e-01 3.423588436031874682e-01 3.361320303749060212e-01 3.436227276879509906e-01 3.201765641649032546e-01
1.040972642842721563e-01 1.006389776357827504e-01 1.006389776357827504e-01 1.007999999999999868e-01 1.006389776357827504e-01
