0.000000000000000000e+00 0.000000000000000000e+00 0.000000000000000000e+00 0.000000000000000000e+00 0.000000000000000000e+00
4.196569386692577952e-01 3.934420574572510820e-01 4.151108892057041033e-01 4.235841461988769652e-01 4.216317343314192612e-01
3.972818645681187033e-01 2.692626782788188344e-01 2.661275647521267884e-01 2.721646746401677475e-01 2.712033629711194660e-01
2.716736961944915540e-01 2.682071217020893239e-01 2.510061815027697651e-01 2.521913624886360505e-01 2.816658527644437804e-01
2.079299739687004156e-01 2.216154861327372660e-01 2.419652432853548196e-01 2.645727358975987209e-01 1.941700849142070362e-01
1.785878489613358933e-01 1.948495669008554199e-01 2.289872507839768312e-01 2.260164426450273489e-01 2.103851889079100812e-01
1.651620688235674039e-01 1.148784393964154965e-01 1.174201512801272829e-01 9.409491320375656942e-02 1.875829816770829273e-01
5.610895951589923991e-02 4.642321455345334996e-02 1.642849388260395616e-01 5.880519225025011842e-02 6.132192974232007071e-02
-1.801963174686561225e-02 2.275564355337515027e-02 2.500775902788136829e-02 -1.855353884349230514e-02 -4.203746912322065682e-02
0.000000000000000000e+00 0.000000000000000000e+00 0.000000000000000000e+00 0.000000000000000000e+00 0.000000000000000000e+00
0.000000000000000000e+00 0.000000000000000000e+00 0.000000000000000000e+00 0.000000000000000000e+00 0.000000000000000000e+00
