0.000000000000000000e+00 0.000000000000000000e+00 0.000000000000000000e+00 0.000000000000000000e+00 0.000000000000000000e+00 0.000000000000000000e+00 0.000000000000000000e+00 0.000000000000000000e+00 0.000000000000000000e+00 0.000000000000000000e+00
6.878201844262296083e-01 6.999951999231986965e-01 6.919556416123922027e-01 7.159590981101278118e-01 7.039999999999999591e-01 6.959805427547363088e-01 7.039999999999999591e-01 6.999951999231986965e-01 6.839544894464801850e-01 7.039810547875063884e-01
7.079953279252468867e-01 7.039810547875063884e-01 7.159954559272948549e-01 6.959999999999999520e-01 6.999951999231986965e-01 7.239955839293429340e-01 7.039810547875063884e-01 6.838735494197678566e-01 7.038294057377049162e-01 7.119815668202764680e-01
6.919556416123922027e-01 7.078831532613045763e-01 6.959805427547363088e-01 7.119815668202764680e-01 6.959999999999999520e-01 7.119262531207989353e-01 6.999567937783039984e-01 7.159954559272948549e-01 7.079953279252468867e-01 6.799180590231098664e-01
7.119815668202764680e-01 7.039810547875063884e-01 6.999567937783039984e-01 6.919950719211507284e-01 7.079953279252468867e-01 6.919950719211507284e-01 6.999951999231986965e-01 6.879201075475320781e-01 7.119815668202764680e-01 7.079579459442160161e-01
6.959999999999999520e-01 6.879800307219662292e-01 7.239955839293429340e-01 7.039810547875063884e-01 7.159590981101278118e-01 7.159954559272948549e-01 7.079953279252468867e-01 7.079953279252468867e-01 6.999567937783039984e-01 7.039999999999999591e-01
7.039999999999999591e-01 6.879800307219662292e-01 6.999951999231986965e-01 7.039242045963766126e-01 7.079953279252468867e-01 7.159590981101278118e-01 7.118340163934425702e-01 6.959999999999999520e-01 7.079579459442160161e-01 7.158863545418168162e-01
7.039810547875063884e-01 6.999567937783039984e-01 7.279825908858166272e-01 7.238895558223289450e-01 6.919950719211507284e-01 6.999951999231986965e-01 7.079953279252468867e-01 7.159954559272948549e-01 6.959805427547363088e-01 6.839949439191026492e-01
7.039242045963766126e-01 6.919556416123922027e-01 7.079579459442160161e-01 6.999567937783039984e-01 7.159954559272948549e-01 6.999951999231986965e-01 7.279303501696433587e-01 7.119262531207989353e-01 7.039810547875063884e-01 6.999951999231986965e-01
6.956883849061439307e-01 6.999567937783039984e-01 7.237834462218378784e-01 7.039242045963766126e-01 6.999567937783039984e-01 7.079579459442160161e-01 7.079579459442160161e-01 6.999951999231986965e-01 7.159954559272948549e-01 7.197129860977640181e-01
7.277211864949708620e-01 7.079579459442160161e-01 6.959805427547363088e-01 6.919950719211507284e-01 6.959221560719544009e-01 7.119815668202764680e-01 7.039810547875063884e-01 7.119815668202764680e-01 7.159590981101278118e-01 7.039242045963766126e-01
7.119999999999999662e-01 7.157771693007317637e-01 7.078831532613045763e-01 7.039242045963766126e-01 7.038294057377049162e-01 7.119262531207989353e-01 7.119262531207989353e-01 7.079953279252468867e-01 6.999951999231986965e-01 6.999567937783039984e-01
6.919556416123922027e-01 7.079953279252468867e-01 7.039810547875063884e-01 7.277211864949708620e-01 7.036965853033505525e-01 7.158863545418168162e-01 7.158863545418168162e-01 7.078831532613045763e-01 6.959999999999999520e-01 7.039810547875063884e-01
6.999951999231986965e-01 7.239955839293429340e-01 7.079579459442160161e-01 7.199999999999999734e-01 7.278432377049179891e-01 7.159590981101278118e-01 7.159954559272948549e-01 7.079953279252468867e-01 7.119999999999999662e-01 7.078831532613045763e-01
7.039242045963766126e-01 7.119815668202764680e-01 7.119262531207989353e-01 7.118340163934425702e-01 7.119262531207989353e-01 6.919556416123922027e-01 7.237834462218378784e-01 7.158863545418168162e-01 7.119262531207989353e-01 6.999567937783039984e-01
7.119262531207989353e-01 6.997646154585195344e-01 7.197129860977640181e-01 6.917583385374133087e-01 7.076210769156827673e-01 7.119262531207989353e-01 6.919950719211507284e-01 6.999951999231986965e-01 7.118340163934425702e-01 6.999567937783039984e-01
7.077708923796256490e-01 7.038294057377049162e-01 7.118340163934425702e-01 6.999951999231986965e-01 6.994180733900831060e-01 7.158863545418168162e-01 7.039242045963766126e-01 7.198386270491803351e-01 7.117047857005573963e-01 7.236418398244124361e-01
6.919556416123922027e-01 7.119815668202764680e-01 6.878201844262296083e-01 7.157771693007317637e-01 7.038294057377049162e-01 7.078831532613045763e-01 7.039810547875063884e-01 7.156314583700476017e-01 7.199283016452211470e-01 7.074335914330143193e-01
7.038294057377049162e-01 7.198386270491803351e-01 7.199999999999999734e-01 7.039810547875063884e-01 6.997646154585195344e-01 7.117047857005573963e-01 7.199283016452211470e-01 7.077708923796256490e-01 6.999567937783039984e-01 7.158863545418168162e-01
7.275641025641026438e-01 7.198386270491803351e-01 7.277211864949708620e-01 7.035256410256409687e-01 7.197129860977640181e-01 7.035256410256409687e-01 7.357293868921774838e-01 7.119262531207989353e-01 7.197129860977640181e-01 7.236418398244124361e-01
6.952979665148502075e-01 7.072082912194574966e-01 7.197129860977640181e-01 7.357293868921774838e-01 7.158863545418168162e-01 7.076210769156827673e-01 6.997646154585195344e-01 6.991866005679356899e-01 7.197129860977640181e-01 7.277211864949708620e-01
7.118340163934425702e-01 7.154491094759454217e-01 7.118340163934425702e-01 7.079579459442160161e-01 7.117047857005573963e-01 7.193533902110463840e-01 6.998799519807923364e-01 6.837520616163071940e-01 6.956883849061439307e-01 7.156314583700476017e-01
6.958247950819671512e-01 7.312733631740226947e-01 6.914025553471521146e-01 7.108155002891844987e-01 7.316522212787772705e-01 7.232516725225008880e-01 7.154491094759454217e-01 7.158863545418168162e-01 7.193533902110463840e-01 7.237834462218378784e-01
7.030688238315356831e-01 7.154491094759454217e-01 7.278432377049179891e-01 7.198386270491803351e-01 7.476729841875069393e-01 7.039242045963766126e-01 7.193533902110463840e-01 7.152299818709790813e-01 6.919556416123922027e-01 6.959805427547363088e-01
7.195512820512821595e-01 7.271443246019518858e-01 7.113349156456476585e-01 7.312733631740226947e-01 7.273718647764448875e-01 7.038294057377049162e-01 7.314801455618076265e-01 6.833870373042209012e-01 7.236418398244124361e-01 7.115384615384615641e-01
6.944158517756047200e-01 7.236418398244124361e-01 6.994180733900831060e-01 7.232516725225008880e-01 7.198386270491803351e-01 7.030688238315356831e-01 7.154491094759454217e-01 7.234646275188765241e-01 7.275641025641026438e-01 6.870184899845916959e-01
7.238895558223289450e-01 6.952979665148502075e-01 7.275641025641026438e-01 7.077708923796256490e-01 6.950436569080636895e-01 6.997646154585195344e-01 6.991866005679356899e-01 7.268813058286742734e-01 7.232516725225008880e-01 7.035256410256409687e-01
7.193533902110463840e-01 7.230028101164190923e-01 7.234646275188765241e-01 7.236418398244124361e-01 6.786838892102049492e-01 7.312733631740226947e-01 7.076210769156827673e-01 7.074335914330143193e-01 7.277211864949708620e-01 7.074335914330143193e-01
7.035256410256409687e-01 7.077708923796256490e-01 7.312733631740226947e-01 7.434088139072423385e-01 7.234646275188765241e-01 6.989160979526294337e-01 6.991866005679356899e-01 7.234646275188765241e-01 6.831432192648922985e-01 6.828582898434363280e-01
7.074335914330143193e-01 7.307550111716578645e-01 7.110939907550077876e-01 7.434088139072423385e-01 7.357293868921774838e-01 6.914025553471521146e-01 7.275641025641026438e-01 7.149739060618225395e-01 7.110939907550077876e-01 7.198386270491803351e-01
7.234646275188765241e-01 7.146806834804133590e-01 7.152299818709790813e-01 6.879201075475320781e-01 7.115384615384615641e-01 7.149739060618225395e-01 7.275641025641026438e-01 7.072082912194574966e-01 7.236418398244124361e-01 6.678671468587435989e-01
7.312733631740226947e-01 7.268813058286742734e-01 6.870184899845916959e-01 7.271443246019518858e-01 7.063036096493345850e-01 7.154491094759454217e-01 7.117047857005573963e-01 7.066435196347913283e-01 7.108155002891844987e-01 7.115384615384615641e-01
7.030688238315356831e-01 7.310317141710156452e-01 7.030688238315356831e-01 7.227178473260356117e-01 7.110939907550077876e-01 7.108155002891844987e-01 7.069450020072259866e-01 6.982571332013711718e-01 7.271443246019518858e-01 6.982571332013711718e-01
7.239602502760398295e-01 6.996106954613179330e-01 7.020933977455716679e-01 7.149739060618225395e-01 6.950436569080636895e-01 7.059250068483218232e-01 7.069450020072259866e-01 7.077708923796256490e-01 7.227178473260356117e-01 7.101449275362319291e-01
7.339396284829722283e-01 7.381524033580947330e-01 7.392950538255442794e-01 7.066435196347913283e-01 7.110939907550077876e-01 6.931722756927847229e-01 7.275641025641026438e-01 7.050505050505051496e-01 7.118340163934425702e-01 7.297122847783641397e-01
7.027825975194396113e-01 7.465359918891517621e-01 7.193533902110463840e-01 7.271443246019518858e-01 7.271443246019518858e-01 7.426659804426145595e-01 6.867167919799499476e-01 7.262479871175523405e-01 7.027825975194396113e-01 7.063036096493345850e-01
7.191191576784797812e-01 7.097523219814241280e-01 7.152299818709790813e-01 6.888888888888888840e-01 6.969696969696967948e-01 7.185409161091096397e-01 6.982571332013711718e-01 7.113349156456476585e-01 6.741177038574808211e-01 7.027825975194396113e-01
7.307550111716578645e-01 6.902106567534076476e-01 7.265826042202778723e-01 7.349142085984192718e-01 7.227178473260356117e-01 7.216439947717481207e-01 6.986063557891691866e-01 6.902106567534076476e-01 7.149739060618225395e-01 7.392950538255442794e-01
7.185409161091096397e-01 7.234646275188765241e-01 7.232516725225008880e-01 7.390606182256123091e-01 7.185409161091096397e-01 6.813025447386680256e-01 6.986063557891691866e-01 6.926759834368529933e-01 7.223965625452615225e-01 7.265826042202778723e-01
7.271443246019518858e-01 7.016898864809082426e-01 7.139818559757649119e-01 7.307550111716578645e-01 6.817544594659920021e-01 7.059250068483218232e-01 6.978681577208785125e-01 6.931722756927847229e-01 7.310317141710156452e-01 6.790653081785533729e-01
6.964595036505804027e-01 7.077922077922078614e-01 7.227178473260356117e-01 7.377805747849801588e-01 7.507076685537827920e-01 7.108155002891844987e-01 7.139818559757649119e-01 7.212121212121211933e-01 7.149739060618225395e-01 7.339396284829722283e-01
6.936274509803921351e-01 6.893708347452841556e-01 6.974391247519000636e-01 7.040172561994193501e-01 7.307550111716578645e-01 6.845885093167700663e-01 6.786838892102049492e-01 7.169384057971014412e-01 7.050505050505051496e-01 7.191191576784797812e-01
6.495174752217005576e-01 7.202354887364375013e-01 7.181964573268921903e-01 6.931722756927847229e-01 7.059250068483218232e-01 7.496931722756927652e-01 6.902106567534076476e-01 6.640818507066421628e-01 7.381524033580947330e-01 7.104992279979412961e-01
7.346242923314461049e-01 7.020933977455716679e-01 7.262479871175523405e-01 7.227178473260356117e-01 7.059250068483218232e-01 6.926759834368529933e-01 7.072028108530157287e-01 7.097523219814241280e-01 7.426659804426145595e-01 6.893708347452841556e-01
7.342995169082124907e-01 7.339396284829722283e-01 7.426659804426145595e-01 7.093211032879014333e-01 7.093211032879014333e-01 7.083414349601400151e-01 7.373737373737373479e-01 7.178147574819401244e-01 6.834415584415585165e-01 7.507076685537827920e-01
6.959081399309103855e-01 6.776825785393716384e-01 6.953151659922975902e-01 7.254699308830179216e-01 6.926759834368529933e-01 7.300955542306514223e-01 7.220387051032082226e-01 6.926759834368529933e-01 7.307550111716578645e-01 6.969696969696967948e-01
7.207427433585339438e-01 7.292929292929293261e-01 7.342995169082124907e-01 7.169384057971014412e-01 6.802706771786113382e-01 7.135757047651321017e-01 6.746697898366842416e-01 7.339396284829722283e-01 6.936274509803921351e-01 7.373737373737373479e-01
6.813933729821579632e-01 7.050505050505051496e-01 6.883650904145959259e-01 6.516300473135006044e-01 6.978681577208785125e-01 6.915584415584414835e-01 7.126483301225494671e-01 6.926759834368529933e-01 7.045539168865648794e-01 7.254699308830179216e-01
7.196899527129138052e-01 6.709403792716814863e-01 7.212121212121211933e-01 7.055074147585160826e-01 6.865382423344352780e-01 6.877990236624011988e-01 7.250258799171842572e-01 7.262479871175523405e-01 6.921381813468143740e-01 7.055074147585160826e-01
6.959081399309103855e-01 7.012466894903429671e-01 6.858425132598939822e-01 7.377805747849801588e-01 6.732239722893929024e-01 6.946801061699043878e-01 7.139818559757649119e-01 6.783963784989659462e-01 7.304430389932248247e-01 6.695226438188492946e-01
7.088509316770186253e-01 7.093211032879014333e-01 7.083414349601400151e-01 7.164430617668027246e-01 7.139818559757649119e-01 6.828030450907671689e-01 7.077922077922078614e-01 6.796899073938922342e-01 7.034400948991695879e-01 6.495174752217005576e-01
7.245446885734654341e-01 6.877990236624011988e-01 6.578786829565876904e-01 7.216439947717481207e-01 7.373737373737373479e-01 7.088509316770186253e-01 6.977321743676883070e-01 6.633825944170771427e-01 7.077922077922078614e-01 7.283446050049466880e-01
7.002398081534771945e-01 6.752659530738749361e-01 6.403472509301364468e-01 7.234693213611815832e-01 6.770667726550079202e-01 6.969696969696967948e-01 7.304430389932248247e-01 7.272475615117812708e-01 6.672077922077922496e-01 7.216439947717481207e-01
6.915584415584414835e-01 7.131313131313130604e-01 7.169384057971014412e-01 6.851024848276651147e-01 7.147235263432447638e-01 6.925170960494595462e-01 7.115650238060415855e-01 7.143500860972979982e-01 7.131313131313130604e-01 7.077922077922078614e-01
6.769233285894227237e-01 7.059015750604535899e-01 7.050505050505051496e-01 7.288371565945184205e-01 7.021623827009383367e-01 6.851024848276651147e-01 6.695226438188492946e-01 7.191056976763120501e-01 6.724318658280923344e-01 7.109638338408428293e-01
6.214579277525416057e-01 7.240259740259740173e-01 7.234693213611815832e-01 7.420020639834881138e-01 6.926759834368529933e-01 7.140709757532187618e-01 6.953151659922975902e-01 6.871902370854254816e-01 7.072028108530157287e-01 6.940024479804162150e-01
6.798029556650246885e-01 6.214579277525416057e-01 6.843175519441119237e-01 7.215670859538784176e-01 5.972073039742212819e-01 7.045539168865648794e-01 6.724318658280923344e-01 7.147235263432447638e-01 7.228742827334376786e-01 6.535835322793368540e-01
7.153360661070986559e-01 6.883650904145959259e-01 6.670448379618212353e-01 6.724220862151896183e-01 6.568830095080611109e-01 7.007166401548073909e-01 6.776825785393716384e-01 6.813933729821579632e-01 6.687864334923158127e-01 7.045539168865648794e-01
7.096399535423925098e-01 6.010186757215619791e-01 7.196899527129138052e-01 6.908542315872781003e-01 7.283446050049466880e-01 6.946801061699043878e-01 6.655294668539701863e-01 6.724318658280923344e-01 6.588237228497673126e-01 6.753246753246753276e-01
6.285413779862769612e-01 7.191056976763120501e-01 6.984220135628586013e-01 7.081504135220901830e-01 5.819758321697608983e-01 6.428334108578643846e-01 7.089161842601552355e-01 7.155858930602958523e-01 7.002398081534771945e-01 6.249031343258973914e-01
7.051886792452829456e-01 7.115650238060415855e-01 6.798029556650246885e-01 6.880131362889982949e-01 5.959441297061875975e-01 5.905948871765700492e-01 6.594458103528473281e-01 7.272475615117812708e-01 6.798029556650246885e-01 6.954030558482613422e-01
6.499999999999999112e-01 6.551724137931034253e-01 7.014607973041501188e-01 6.413562640292991279e-01 6.834870681859288588e-01 6.702783018080435973e-01 6.982224059528731042e-01 7.059015750604535899e-01 6.095076400679116935e-01 6.677520101003389108e-01
6.899545266639106611e-01 7.215670859538784176e-01 6.642426624737944874e-01 6.780265504259956888e-01 6.724318658280923344e-01 5.907242071863765265e-01 6.605060943296237053e-01 6.460089567966280644e-01 5.888157894736842923e-01 6.770667726550079202e-01
6.633825944170771427e-01 7.283446050049466880e-01 7.044334975369459517e-01 6.661225701142603484e-01 6.775058216481546491e-01 6.888102725366875845e-01 7.118677555321391015e-01 6.595208070617907259e-01 7.064902852418355472e-01 5.638216204899155759e-01
6.427070197562001486e-01 6.546728657098578319e-01 6.743664572719327843e-01 6.880131362889982949e-01 6.843644095953218542e-01 6.666666666666667407e-01 6.715180917727916476e-01 6.908542315872781003e-01 6.272469886582567877e-01 6.223818474758324726e-01
6.230027618224638353e-01 7.019077901430843536e-01 7.009768090903050197e-01 6.419803600654664377e-01 7.140709757532187618e-01 6.535835322793368540e-01 6.125598005525234591e-01 6.677520101003389108e-01 6.738912301826209816e-01 6.743664572719327843e-01
5.975872176756636955e-01 7.073420059026231943e-01 6.945380093785086251e-01 6.403472509301364468e-01 6.583333333333333259e-01 6.044505690807941978e-01 6.724220862151896183e-01 6.404355866036572920e-01 6.624736564805058237e-01 6.356234608232397276e-01
6.096096096096095263e-01 7.046539875871479230e-01 6.605060943296237053e-01 5.667095667095666256e-01 6.511139134089954927e-01 6.044505690807941978e-01 6.780265504259956888e-01 6.096096096096095263e-01 6.691293494831715982e-01 6.610896610896610515e-01
6.734187680859858860e-01 6.160402356078378272e-01 6.294050266154571638e-01 6.547363516863841104e-01 6.026109307359307499e-01 6.181896181896182618e-01 5.942321163144315133e-01 6.869730713367503405e-01 6.738912301826209816e-01 6.244789117483249274e-01
7.027937388547651487e-01 6.378276396469241272e-01 5.872317006053935362e-01 5.667095667095666256e-01 5.638216204899155759e-01 6.181896181896182618e-01 6.496347957989151434e-01 6.807151979565772004e-01 6.096096096096095263e-01 6.523764051532057184e-01
5.856896345526301229e-01 6.314746098713972522e-01 6.871617965367965430e-01 6.180555555555555802e-01 5.344506517690874592e-01 6.452361475149834824e-01 6.244789117483249274e-01 6.448863636363635354e-01 5.992139421833790891e-01 6.427070197562001486e-01
6.604414261460100910e-01 6.843644095953218542e-01 6.427070197562001486e-01 7.110494683310217834e-01 6.434634974533107732e-01 6.434634974533107732e-01 6.505046372067648797e-01 5.321054380717497034e-01 6.738912301826209816e-01 5.890692418327512225e-01
5.713469232234711370e-01 6.880147756202266152e-01 5.834515031196824131e-01 5.160560832202623072e-01 6.112378187849885069e-01 5.633860694472980768e-01 5.939594996198769294e-01 5.746527777777776791e-01 5.878928170594837077e-01 6.320824135393672272e-01
5.472527472527473069e-01 6.209824135839903114e-01 6.112378187849885069e-01 7.175892085852880742e-01 5.454545454545455252e-01 6.299698872046139986e-01 5.721925133689839127e-01 5.758339018033619139e-01 5.692580796742024996e-01 5.758339018033619139e-01
5.522388059701492935e-01 5.448197839882625848e-01 6.307733619763695732e-01 6.146452138069589122e-01 4.920069770369172035e-01 5.486154561218470338e-01 6.582336163102733284e-01 6.590289143480632106e-01 6.078329971901881290e-01 5.384615384615385469e-01
5.905948871765700492e-01 6.787067099567098971e-01 5.973258975735638021e-01 5.786323610346725266e-01 6.625719704088433026e-01 5.746527777777776791e-01 5.800065813401685810e-01 5.359813331919180968e-01 6.511139134089954927e-01 6.497949401697862282e-01
5.867327894203593353e-01 6.020709800423290625e-01 5.575537639214144248e-01 6.279761904761904656e-01 6.336101612115291326e-01 5.924495924495924992e-01 5.189800579022135762e-01 6.230027618224638353e-01 6.096096096096095263e-01 6.404355866036572920e-01
6.233134716800219355e-01 6.786256865723969689e-01 6.554892053284335773e-01 5.834515031196824131e-01 4.782349433512223524e-01 6.129570084554007980e-01 5.754303795205492067e-01 5.026649650927107471e-01 5.334079880552444752e-01 5.912087912087912178e-01
4.717157550257129461e-01 5.183044315992293427e-01 6.087912087912088488e-01 5.517785427423981259e-01 4.859678233893658383e-01 5.754303795205492067e-01 5.279710848573124782e-01 5.007237215778963524e-01 5.448197839882625848e-01 5.190911730545876290e-01
5.391378332387974925e-01 6.054292929292928171e-01 4.910800207269228057e-01 6.301710785081536814e-01 4.846892351116970921e-01 4.867303309412140955e-01 5.404411764705880916e-01 5.549441657226089619e-01 6.195623655349740133e-01 5.857132783301601808e-01
5.032589924049692964e-01 5.098847542094945284e-01 5.310583651973161956e-01 5.811051693404634122e-01 5.311136283448775197e-01 5.680840561314434156e-01 5.632798573975044132e-01 5.933252872960066426e-01 5.310583651973161956e-01 6.249318057828696649e-01
4.721283783783783994e-01 6.540294886470416902e-01 6.130297193175564541e-01 5.472527472527473069e-01 4.801119177253477810e-01 5.084694494857834313e-01 4.852941176470588758e-01 6.336101612115291326e-01 6.980214022014664677e-01 5.876362593230063380e-01
5.189800579022135762e-01 6.803510954454350390e-01 5.160347724450289331e-01 5.568633011911514608e-01 5.834515031196824131e-01 5.066305169774433237e-01 5.522388059701492935e-01 4.961481230340358817e-01 4.939741137583331665e-01 4.867303309412140955e-01
5.120486449966219489e-01 4.734245431602117637e-01 5.338496844520941309e-01 6.078431372549020217e-01 5.130254319054814438e-01 5.312300886566783120e-01 5.761489070052665529e-01 5.391378332387974925e-01 5.396771483222795318e-01 5.066305169774433237e-01
4.974086574816946049e-01 5.600703887378020163e-01 5.575537639214144248e-01 5.434290306085177713e-01 5.003331112591605789e-01 4.517543859649122417e-01 5.384615384615385469e-01 4.754043564650609621e-01 4.977719336693695040e-01 5.095862017913982411e-01
5.142857142857142350e-01 5.612844866576209846e-01 5.095862017913982411e-01 5.187165775401070267e-01 5.612844866576209846e-01 5.100174216027875129e-01 5.834515031196824131e-01 5.220588235294117974e-01 4.761904761904762751e-01 5.188392923236360144e-01
5.160347724450289331e-01 4.824016563146998338e-01 5.966006884681585021e-01 5.342976112206881956e-01 5.310583651973161956e-01 5.149837072196794541e-01 4.844963481143165218e-01 6.297863338269515943e-01 5.616918693841770338e-01 4.609033511413307416e-01
4.997662459093033527e-01 4.625307125307125400e-01 4.761904761904762751e-01 4.773125388483923093e-01 4.544488510218410160e-01 5.221277602810798779e-01 4.170868291516370840e-01 5.214323249005330396e-01 4.047619047619047672e-01 5.312300886566783120e-01
4.801119177253477810e-01 4.463628856692440916e-01 4.343008739076154590e-01 5.128676470588234837e-01 4.904160822814399578e-01 5.632798573975044132e-01 4.661194778184248877e-01 4.440543071161049404e-01 4.932812851887996564e-01 5.218287496982414453e-01
4.829123892293971099e-01 4.544488510218410160e-01 5.125438710516052598e-01 5.494347454078752913e-01 5.341383422778771539e-01 5.616918693841770338e-01 5.250742359689407612e-01 4.748607658360794459e-01 5.251661918328585088e-01 4.317629917435649167e-01
4.245474406991260885e-01 4.485720919433480725e-01 5.311136283448775197e-01 4.612068965517241437e-01 4.838976052848885656e-01 5.494347454078752913e-01 5.155038759689921646e-01 5.434555754323195931e-01 4.885179448937838065e-01 4.485720919433480725e-01
4.040885585003232139e-01 4.557465655731551823e-01 5.310583651973161956e-01 4.761904761904762751e-01 4.913237100737100627e-01 4.733146067415729963e-01 4.529330466830466806e-01 4.485720919433480725e-01 4.295381225902902833e-01 4.538077403245941999e-01
4.197025729797780880e-01 4.895644283121597384e-01 5.708232887720067206e-01 4.170868291516370840e-01 4.122760228372744917e-01 5.312300886566783120e-01 5.037675126707907847e-01 4.270435446906035160e-01 4.368376721317897560e-01 4.414764448761533955e-01
4.968694096601072863e-01 4.270435446906035160e-01 4.197025729797780880e-01 4.047619047619047672e-01 4.343008739076154590e-01 4.748607658360794459e-01 4.393736722008025897e-01 4.598367081588558003e-01 4.094803427015774600e-01 5.278167367928938702e-01
5.218287496982414453e-01 4.652251835578423700e-01 4.952380952380952550e-01 4.146825396825396526e-01 4.721283783783783994e-01 4.040885585003232139e-01 4.221537367391691720e-01 5.084694494857834313e-01 4.419091645429582549e-01 5.527398144561869175e-01
4.118356759365385811e-01 5.018880813677677466e-01 4.295381225902902833e-01 4.721283783783783994e-01 4.246031746031745380e-01 4.492092218113147850e-01 4.706168042739193313e-01 5.273744706594071241e-01 4.345238095238095344e-01 5.084694494857834313e-01
4.040885585003232139e-01 4.775946134200139692e-01 5.404411764705880916e-01 4.295381225902902833e-01 4.517868784448527131e-01 3.871938460312082109e-01 4.141887524240465690e-01 6.022453029192513796e-01 4.801119177253477810e-01 4.571428571428571286e-01
4.872687872455692126e-01 4.444444444444444753e-01 4.118356759365385811e-01 4.997662459093033527e-01 5.311136283448775197e-01 4.609033511413307416e-01 5.208637735061386609e-01 4.194891504523980963e-01 3.905062383479133148e-01 4.270511568584468010e-01
4.345238095238095344e-01 4.625307125307125400e-01 3.905062383479133148e-01 5.032589924049692964e-01 4.662200544553485870e-01 4.345238095238095344e-01 4.662200544553485870e-01 3.971581737380178723e-01 3.638676844783714781e-01 4.017815849269067430e-01
4.492092218113147850e-01 4.000314737587536418e-01 4.017815849269067430e-01 3.984993067449636439e-01 4.017815849269067430e-01 4.789575326488078044e-01 4.517868784448527131e-01 4.295381225902902833e-01 4.007498309807215331e-01 4.118356759365385811e-01
3.962455606291222510e-01 4.063926940639269736e-01 4.141887524240465690e-01 3.574876198834074925e-01 4.511898980087421518e-01 4.368376721317897560e-01 3.894627271999359652e-01 4.517868784448527131e-01 4.194891504523980963e-01 4.564259270141622360e-01
3.883043797406410258e-01 3.618247694334650322e-01 4.218897669461704192e-01 4.294979582032188437e-01 3.860984271943176394e-01 3.860984271943176394e-01 3.939883645765999143e-01 3.802626457151052075e-01 4.221537367391691720e-01 4.761904761904762751e-01
4.194891504523980963e-01 4.141887524240465690e-01 3.939883645765999143e-01 3.905062383479133148e-01 4.639366970910263621e-01 4.165398274987315852e-01 3.883043797406410258e-01 3.802626457151052075e-01 5.076387693837358661e-01 4.063926940639269736e-01
3.905062383479133148e-01 3.824110671936759576e-01 4.294979582032188437e-01 4.370154845652564068e-01 3.845549142514326224e-01 4.218897669461704192e-01 3.802626457151052075e-01 3.962455606291222510e-01 4.165398274987315852e-01 4.141887524240465690e-01
3.333333333333333148e-01 3.508686749276983541e-01 3.883043797406410258e-01 3.905062383479133148e-01 4.141887524240465690e-01 3.845549142514326224e-01 3.984993067449636439e-01 4.292237442922374191e-01 3.802626457151052075e-01 3.802626457151052075e-01
3.333333333333333148e-01 3.939883645765999143e-01 3.824110671936759576e-01 3.824110671936759576e-01 4.165398274987315852e-01 3.508686749276983541e-01 4.040885585003232139e-01 3.824110671936759576e-01 3.905062383479133148e-01 4.141887524240465690e-01
4.063926940639269736e-01 3.824110671936759576e-01 3.845549142514326224e-01 3.508686749276983541e-01 3.802626457151052075e-01 3.824110671936759576e-01 3.824110671936759576e-01 3.917274939172749049e-01 4.395067659540395355e-01 3.824110671936759576e-01
4.170868291516370840e-01 3.421611068669891953e-01 3.824110671936759576e-01 3.824110671936759576e-01 3.905062383479133148e-01 4.007498309807215331e-01 3.905062383479133148e-01 4.122760228372744917e-01 3.845549142514326224e-01 3.333333333333333148e-01
4.395067659540395355e-01 3.927042160737813092e-01 3.781094527363184077e-01 3.824110671936759576e-01 3.762993762993763758e-01 3.659043659043659247e-01 4.294979582032188437e-01 3.824110671936759576e-01 3.421611068669891953e-01 3.679349756576610342e-01
3.489583333333333703e-01 4.242889463477698686e-01 3.845549142514326224e-01 3.333333333333333148e-01 3.845549142514326224e-01 3.927042160737813092e-01 3.824110671936759576e-01 4.063926940639269736e-01 3.984993067449636439e-01 3.845549142514326224e-01
3.508686749276983541e-01 4.086942337492863730e-01 3.845549142514326224e-01 3.927042160737813092e-01 4.007498309807215331e-01 3.845549142514326224e-01 3.845549142514326224e-01 3.315508021390374260e-01 3.824110671936759576e-01 3.594590053763440651e-01
3.333333333333333148e-01 3.824110671936759576e-01 3.824110671936759576e-01 3.927042160737813092e-01 3.824110671936759576e-01 3.984993067449636439e-01 3.333333333333333148e-01 3.824110671936759576e-01 3.421611068669891953e-01 3.762993762993763758e-01
3.845549142514326224e-01 3.762993762993763758e-01 3.421611068669891953e-01 3.845549142514326224e-01 3.845549142514326224e-01 3.905062383479133148e-01 3.845549142514326224e-01 3.845549142514326224e-01 3.762993762993763758e-01 3.508686749276983541e-01
3.333333333333333148e-01 3.333333333333333148e-01 3.845549142514326224e-01 3.802626457151052075e-01 3.421611068669891953e-01 3.315508021390374260e-01 4.007498309807215331e-01 3.333333333333333148e-01 3.845549142514326224e-01 3.333333333333333148e-01
3.333333333333333148e-01 3.333333333333333148e-01 3.261455525606469230e-01 3.333333333333333148e-01 3.421611068669891953e-01 3.333333333333333148e-01 3.333333333333333148e-01 3.594590053763440651e-01 3.845549142514326224e-01 3.845549142514326224e-01
3.333333333333333148e-01 3.333333333333333148e-01 3.333333333333333148e-01 3.824110671936759576e-01 3.905062383479133148e-01 3.845549142514326224e-01 3.333333333333333148e-01 3.845549142514326224e-01 3.315508021390374260e-01 3.421611068669891953e-01
3.845549142514326224e-01 3.421611068669891953e-01 3.333333333333333148e-01 3.845549142514326224e-01 3.333333333333333148e-01 3.333333333333333148e-01 3.421611068669891953e-01 3.679349756576610342e-01 3.824110671936759576e-01 3.333333333333333148e-01
3.333333333333333148e-01 3.333333333333333148e-01 3.333333333333333148e-01 3.508686749276983541e-01 3.333333333333333148e-01 3.333333333333333148e-01 3.508686749276983541e-01 3.333333333333333148e-01 3.333333333333333148e-01 3.333333333333333148e-01
3.333333333333333148e-01 3.333333333333333148e-01 3.333333333333333148e-01 3.333333333333333148e-01 3.333333333333333148e-01 3.333333333333333148e-01 3.679349756576610342e-01 3.845549142514326224e-01 3.333333333333333148e-01 3.333333333333333148e-01
3.333333333333333148e-01 3.333333333333333148e-01 3.333333333333333148e-01 3.333333333333333148e-01 3.333333333333333148e-01 3.315508021390374260e-01 3.333333333333333148e-01 3.333333333333333148e-01 3.333333333333333148e-01 3.333333333333333148e-01
3.333333333333333148e-01 3.333333333333333148e-01 3.845549142514326224e-01 3.333333333333333148e-01 3.333333333333333148e-01 3.333333333333333148e-01 3.333333333333333148e-01 3.421611068669891953e-01 3.333333333333333148e-01 3.333333333333333148e-01
3.333333333333333148e-01 3.421611068669891953e-01 3.333333333333333148e-01 3.333333333333333148e-01 3.333333333333333148e-01 3.333333333333333148e-01 3.333333333333333148e-01 3.333333333333333148e-01 3.762993762993763758e-01 3.333333333333333148e-01
3.333333333333333148e-01 3.333333333333333148e-01 3.333333333333333148e-01 3.333333333333333148e-01 3.421611068669891953e-01 3.333333333333333148e-01 3.315508021390374260e-01 3.333333333333333148e-01 3.333333333333333148e-01 3.333333333333333148e-01
3.333333333333333148e-01 3.333333333333333148e-01 3.333333333333333148e-01 3.333333333333333148e-01 3.315508021390374260e-01 3.333333333333333148e-01 3.333333333333333148e-01 3.333333333333333148e-01 3.333333333333333148e-01 3.333333333333333148e-01
3.333333333333333148e-01 3.333333333333333148e-01 3.333333333333333148e-01 3.333333333333333148e-01 3.333333333333333148e-01 3.333333333333333148e-01 3.333333333333333148e-01 3.333333333333333148e-01 3.333333333333333148e-01 3.333333333333333148e-01
