0.000000000000000000e+00 0.000000000000000000e+00 0.000000000000000000e+00 0.000000000000000000e+00 0.000000000000000000e+00 0.000000000000000000e+00 0.000000000000000000e+00 0.000000000000000000e+00 0.000000000000000000e+00 0.000000000000000000e+00
3.764339019266535469e-01 4.000128006144327841e-01 3.841106397986879251e-01 4.321244697735239226e-01 4.079999999999999738e-01 3.920501856358477033e-01 4.079999999999999738e-01 4.000128006144327841e-01 3.681060298070759074e-01 4.080522340291475869e-01
4.160133126390100911e-01 4.080522340291475869e-01 4.320138246635873980e-01 3.920000000000000151e-01 4.000128006144327841e-01 4.480143366881647049e-01 4.080522340291475869e-01 3.682947537517003989e-01 4.084708297501985497e-01 4.240542824224474705e-01
3.841106397986879251e-01 4.163331998932265354e-01 3.920501856358477033e-01 4.240542824224474705e-01 3.920000000000000151e-01 4.242172548659823850e-01 4.001152497902999428e-01 4.320138246635873980e-01 4.160133126390100911e-01 3.601844616786643027e-01
4.240542824224474705e-01 4.080522340291475869e-01 4.001152497902999428e-01 3.840122885898554217e-01 4.160133126390100911e-01 3.840122885898554217e-01 4.000128006144327841e-01 3.761926599754938372e-01 4.240542824224474705e-01 4.161198597819119049e-01
3.920000000000000151e-01 3.760481372425477642e-01 4.480143366881647049e-01 4.080522340291475869e-01 4.321244697735239226e-01 4.320138246635873980e-01 4.160133126390100911e-01 4.160133126390100911e-01 4.001152497902999428e-01 4.079999999999999738e-01
4.079999999999999738e-01 3.760481372425477642e-01 4.000128006144327841e-01 4.082090565691528505e-01 4.160133126390100911e-01 4.321244697735239226e-01 4.244892936619710233e-01 3.920000000000000151e-01 4.161198597819119049e-01 4.323460152737352291e-01
4.080522340291475869e-01 4.001152497902999428e-01 4.560583792090472932e-01 4.483588306542439783e-01 3.840122885898554217e-01 4.000128006144327841e-01 4.160133126390100911e-01 4.320138246635873980e-01 3.920501856358477033e-01 3.680117765652781148e-01
4.082090565691528505e-01 3.841106397986879251e-01 4.161198597819119049e-01 4.001152497902999428e-01 4.320138246635873980e-01 4.000128006144327841e-01 4.562336514596414538e-01 4.242172548659823850e-01 4.080522340291475869e-01 4.000128006144327841e-01
3.928052906991701398e-01 4.001152497902999428e-01 4.487041205249465148e-01 4.082090565691528505e-01 4.001152497902999428e-01 4.161198597819119049e-01 4.161198597819119049e-01 4.000128006144327841e-01 4.320138246635873980e-01 4.409038977235583134e-01
4.569367667316877601e-01 4.161198597819119049e-01 3.920501856358477033e-01 3.840122885898554217e-01 3.922008582723233716e-01 4.240542824224474705e-01 4.080522340291475869e-01 4.240542824224474705e-01 4.321244697735239226e-01 4.082090565691528505e-01
4.239999999999999880e-01 4.326789733633412682e-01 4.163331998932265354e-01 4.082090565691528505e-01 4.084708297501985497e-01 4.242172548659823850e-01 4.242172548659823850e-01 4.160133126390100911e-01 4.000128006144327841e-01 4.001152497902999428e-01
3.841106397986879251e-01 4.160133126390100911e-01 4.080522340291475869e-01 4.569367667316877601e-01 4.088381597072995310e-01 4.323460152737352291e-01 4.323460152737352291e-01 4.163331998932265354e-01 3.920000000000000151e-01 4.080522340291475869e-01
4.000128006144327841e-01 4.480143366881647049e-01 4.161198597819119049e-01 4.400000000000000022e-01 4.565262214855160261e-01 4.321244697735239226e-01 4.320138246635873980e-01 4.160133126390100911e-01 4.239999999999999880e-01 4.163331998932265354e-01
4.082090565691528505e-01 4.240542824224474705e-01 4.242172548659823850e-01 4.244892936619710233e-01 4.242172548659823850e-01 3.841106397986879251e-01 4.487041205249465148e-01 4.323460152737352291e-01 4.242172548659823850e-01 4.001152497902999428e-01
4.242172548659823850e-01 4.006286790401308306e-01 4.409038977235583134e-01 3.846035318785255841e-01 4.170824825149008763e-01 4.242172548659823850e-01 3.840122885898554217e-01 4.000128006144327841e-01 4.244892936619710233e-01 4.001152497902999428e-01
4.166538262017360772e-01 4.084708297501985497e-01 4.244892936619710233e-01 4.000128006144327841e-01 4.015578538770221972e-01 4.323460152737352291e-01 4.082090565691528505e-01 4.405077575737435525e-01 4.248710287154289222e-01 4.491657504006624779e-01
3.841106397986879251e-01 4.240542824224474705e-01 3.764339019266535469e-01 4.326789733633412682e-01 4.084708297501985497e-01 4.163331998932265354e-01 4.080522340291475869e-01 4.331241164577816494e-01 4.402254531628119194e-01 4.176201680321031118e-01
4.084708297501985497e-01 4.405077575737435525e-01 4.400000000000000022e-01 4.080522340291475869e-01 4.006286790401308306e-01 4.248710287154289222e-01 4.402254531628119194e-01 4.166538262017360772e-01 4.001152497902999428e-01 4.323460152737352291e-01
4.574662417259229841e-01 4.405077575737435525e-01 4.569367667316877601e-01 4.093119004916153103e-01 4.409038977235583134e-01 4.093119004916153103e-01 4.729696357398171513e-01 4.242172548659823850e-01 4.409038977235583134e-01 4.491657504006624779e-01
3.938189180619688923e-01 4.182681438570614585e-01 4.409038977235583134e-01 4.729696357398171513e-01 4.323460152737352291e-01 4.170824825149008763e-01 4.006286790401308306e-01 4.021809075548667956e-01 4.409038977235583134e-01 4.569367667316877601e-01
4.244892936619710233e-01 4.336824821871840263e-01 4.244892936619710233e-01 4.161198597819119049e-01 4.248710287154289222e-01 4.420416427226181444e-01 4.003203845127178417e-01 3.685783847169203375e-01 3.928052906991701398e-01 4.331241164577816494e-01
3.924523658384260760e-01 4.665298527636454473e-01 3.854955397219413382e-01 4.275166804579100810e-01 4.652073843435432510e-01 4.504426164614507844e-01 4.336824821871840263e-01 4.323460152737352291e-01 4.420416427226181444e-01 4.487041205249465148e-01
4.105833053023942303e-01 4.336824821871840263e-01 4.565262214855160261e-01 4.405077575737435525e-01 4.972906522293048526e-01 4.082090565691528505e-01 4.420416427226181444e-01 4.343553801592561214e-01 3.841106397986879251e-01 3.920501856358477033e-01
4.414147946478204076e-01 4.588872235732641691e-01 4.259674011690683937e-01 4.665298527636454473e-01 4.581158842761678951e-01 4.084708297501985497e-01 4.658071104973457999e-01 3.694332255668604237e-01 4.491657504006624779e-01 4.253633475697178867e-01
3.961285757259043749e-01 4.491657504006624779e-01 4.015578538770221972e-01 4.504426164614507844e-01 4.405077575737435525e-01 4.105833053023942303e-01 4.336824821871840263e-01 4.497447963422648853e-01 4.574662417259229841e-01 3.783806931218142711e-01
4.483588306542439783e-01 3.938189180619688923e-01 4.574662417259229841e-01 4.166538262017360772e-01 3.944819992121042507e-01 4.006286790401308306e-01 4.021809075548667956e-01 4.597820903037900808e-01 4.504426164614507844e-01 4.093119004916153103e-01
4.420416427226181444e-01 4.512608598542129368e-01 4.497447963422648853e-01 4.491657504006624779e-01 3.629858607661500813e-01 4.665298527636454473e-01 4.170824825149008763e-01 4.176201680321031118e-01 4.569367667316877601e-01 4.176201680321031118e-01
4.093119004916153103e-01 4.166538262017360772e-01 4.665298527636454473e-01 4.902643673832673965e-01 4.497447963422648853e-01 4.029114820126901142e-01 4.021809075548667956e-01 4.497447963422648853e-01 3.700064349504774142e-01 3.706785634516749361e-01
4.176201680321031118e-01 4.683515303411255881e-01 4.266846113926842099e-01 4.902643673832673965e-01 4.729696357398171513e-01 3.854955397219413382e-01 4.574662417259229841e-01 4.351444005737053478e-01 4.266846113926842099e-01 4.405077575737435525e-01
4.497447963422648853e-01 4.360514248003583004e-01 4.343553801592561214e-01 3.761926599754938372e-01 4.253633475697178867e-01 4.351444005737053478e-01 4.574662417259229841e-01 4.182681438570614585e-01 4.491657504006624779e-01 3.362691229906829560e-01
4.665298527636454473e-01 4.597820903037900808e-01 3.783806931218142711e-01 4.588872235732641691e-01 4.208905403548144908e-01 4.336824821871840263e-01 4.248710287154289222e-01 4.199013720299746288e-01 4.275166804579100810e-01 4.253633475697178867e-01
4.105833053023942303e-01 4.673773191347205813e-01 4.105833053023942303e-01 4.522014775707419165e-01 4.266846113926842099e-01 4.275166804579100810e-01 4.190279412931977587e-01 4.047024426488600723e-01 4.588872235732641691e-01 4.047024426488600723e-01
4.481290797651358848e-01 4.010408485720200478e-01 4.133248582212849520e-01 4.351444005737053478e-01 3.944819992121042507e-01 4.219978575547770339e-01 4.190279412931977587e-01 4.166538262017360772e-01 4.522014775707419165e-01 4.295336761907471157e-01
4.794846759332269115e-01 4.869206048708966117e-01 4.826170890658401658e-01 4.199013720299746288e-01 4.266846113926842099e-01 3.994314518785636037e-01 4.574662417259229841e-01 4.245782220824175224e-01 4.244892936619710233e-01 4.720598347099336789e-01
4.113839755349700811e-01 5.018310288845865275e-01 4.420416427226181444e-01 4.588872235732641691e-01 4.588872235732641691e-01 4.931396554955135847e-01 3.791185656890900812e-01 4.619513121296714431e-01 4.113839755349700811e-01 4.208905403548144908e-01
4.427859174829741895e-01 4.307235224484919911e-01 4.343553801592561214e-01 3.919183588453084566e-01 4.082482904638630172e-01 4.446341156107089798e-01 4.047024426488600723e-01 4.259674011690683937e-01 3.561381495309968725e-01 4.113839755349700811e-01
4.683515303411255881e-01 3.885143449429056539e-01 4.608026289056438296e-01 4.759147952267300807e-01 4.522014775707419165e-01 4.557819093751083739e-01 4.037513192595910128e-01 3.885143449429056539e-01 4.351444005737053478e-01 4.826170890658401658e-01
4.446341156107089798e-01 4.497447963422648853e-01 4.504426164614507844e-01 4.834937784152281703e-01 4.446341156107089798e-01 3.743922827009819043e-01 4.037513192595910128e-01 4.007652055963984439e-01 4.532667357667232721e-01 4.608026289056438296e-01
4.588872235732641691e-01 4.144698046202470176e-01 4.382285443838069283e-01 4.683515303411255881e-01 3.733057970676874060e-01 4.219978575547770339e-01 4.057671707257471394e-01 3.994314518785636037e-01 4.673773191347205813e-01 3.798670339051543055e-01
4.096709533402888570e-01 4.367653910180744337e-01 4.522014775707419165e-01 4.883377600447589839e-01 5.093081687904484900e-01 4.275166804579100810e-01 4.382285443838069283e-01 4.572380853195265327e-01 4.351444005737053478e-01 4.794846759332269115e-01
3.982160867920019887e-01 3.906702080358071538e-01 4.069481333706324588e-01 4.276686017238497950e-01 4.683515303411255881e-01 3.844074421026679178e-01 3.629858607661500813e-01 4.498384960775900776e-01 4.245782220824175224e-01 4.427859174829741895e-01
3.242241412981752280e-01 4.605661864718382792e-01 4.457424941602092794e-01 3.994314518785636037e-01 4.219978575547770339e-01 5.135547238438674666e-01 3.885143449429056539e-01 3.441236008058426443e-01 4.869206048708966117e-01 4.284656023157740745e-01
4.769711422005786794e-01 4.133248582212849520e-01 4.619513121296714431e-01 4.522014775707419165e-01 4.219978575547770339e-01 4.007652055963984439e-01 4.386161001171377527e-01 4.307235224484919911e-01 4.931396554955135847e-01 3.906702080358071538e-01
4.781601300991336068e-01 4.794846759332269115e-01 4.931396554955135847e-01 4.320381010115075804e-01 4.320381010115075804e-01 4.350551229937693609e-01 4.898979485566355985e-01 4.469772402767369646e-01 3.873202524122547064e-01 5.093081687904484900e-01
4.112198093498555806e-01 3.833333333333333592e-01 4.128989498969068417e-01 4.646447501444515571e-01 4.007652055963984439e-01 4.706899180418667172e-01 4.544592312128368228e-01 4.007652055963984439e-01 4.683515303411255881e-01 4.082482904638630172e-01
4.588314677411235443e-01 4.735680169380810933e-01 4.781601300991336068e-01 4.498384960775900776e-01 3.768972770730657507e-01 4.395039840402830689e-01 3.724098963258716810e-01 4.794846759332269115e-01 3.982160867920019887e-01 4.898979485566355985e-01
3.926358191174669776e-01 4.245782220824175224e-01 3.932841152066773316e-01 3.201349018256038903e-01 4.057671707257471394e-01 4.038019652808612636e-01 4.424446296075119633e-01 4.007652055963984439e-01 4.260577914739004379e-01 4.646447501444515571e-01
4.624468238845356738e-01 3.633510759092780096e-01 4.572380853195265327e-01 4.232260587054577639e-01 3.981243863009761852e-01 3.947710169758613663e-01 4.661962595713206592e-01 4.619513121296714431e-01 4.022207740885792582e-01 4.232260587054577639e-01
4.112198093498555806e-01 4.157347764450355920e-01 4.000000000000000222e-01 4.883377600447589839e-01 3.759279119209790188e-01 4.147129023968502137e-01 4.382285443838069283e-01 3.815358702051021567e-01 4.694548334726776906e-01 3.666666666666666408e-01
4.334807325838595515e-01 4.320381010115075804e-01 4.350551229937693609e-01 4.514722974463644678e-01 4.382285443838069283e-01 3.889614472736881989e-01 4.367653910180744337e-01 3.783222246018671520e-01 4.294149078927830820e-01 3.242241412981752280e-01
4.678894718989595192e-01 3.947710169758613663e-01 3.578390427102734472e-01 4.557819093751083739e-01 4.898979485566355985e-01 4.334807325838595515e-01 4.260516335104428953e-01 3.630922845918441721e-01 4.367653910180744337e-01 4.770149788458324935e-01
4.186379485411743095e-01 3.895508395179423378e-01 3.258473117707668121e-01 4.717192020127707885e-01 4.043768241204060976e-01 4.082482904638630172e-01 4.694548334726776906e-01 4.810669667803462168e-01 3.543568266750415363e-01 4.557819093751083739e-01
4.038019652808612636e-01 4.409081537009720275e-01 4.498384960775900776e-01 4.020151261036848389e-01 4.572391736256317119e-01 4.210162461515463139e-01 4.459308658886593779e-01 4.370786380607688537e-01 4.409081537009720275e-01 4.367653910180744337e-01
3.852644958493646188e-01 4.427595407069308542e-01 4.245782220824175224e-01 4.752183058747351252e-01 4.333333333333333481e-01 4.020151261036848389e-01 3.666666666666666408e-01 4.644784506844721883e-01 3.778845059136513584e-01 4.478899345885982153e-01
2.956633523229351135e-01 4.697288167552876037e-01 4.717192020127707885e-01 4.957383937614718850e-01 4.007652055963984439e-01 4.594674479034188130e-01 4.128989498969068417e-01 3.963829919010305458e-01 4.386161001171377527e-01 4.166666666666666852e-01
3.968683110655040758e-01 2.956633523229351135e-01 4.041755963054844414e-01 4.786537074906250244e-01 2.572422550428415389e-01 4.260577914739004379e-01 3.778845059136513584e-01 4.572391736256317119e-01 4.738660526665637862e-01 3.680248095472103409e-01
4.551676510649542706e-01 3.932841152066773316e-01 3.726138464954231178e-01 3.971424465332331066e-01 3.601470287992685759e-01 4.378568959976081865e-01 3.833333333333333592e-01 3.926358191174669776e-01 3.871692996897505012e-01 4.260577914739004379e-01
4.522670168666454438e-01 2.826956666042829691e-01 4.624468238845356738e-01 4.259988603693731224e-01 4.770149788458324935e-01 4.147129023968502137e-01 3.958808103128969025e-01 3.778845059136513584e-01 3.556768534729038977e-01 3.708385395436480936e-01
3.154498367547517446e-01 4.644784506844721883e-01 4.239854155437675631e-01 4.572988116080192733e-01 2.653343152526161930e-01 3.379062252619659534e-01 4.546975458436700035e-01 4.771187236136978926e-01 4.186379485411743095e-01 2.896792250511737166e-01
4.450639736316338024e-01 4.459308658886593779e-01 3.968683110655040758e-01 4.137563243023340553e-01 2.749633406650374146e-01 2.842867663420887703e-01 3.725632740067829629e-01 4.810669667803462168e-01 3.968683110655040758e-01 4.331844858578920432e-01
3.578773399870275318e-01 3.462042713550141926e-01 4.355163866123252236e-01 3.595587326483097312e-01 4.064878325404615578e-01 4.030747914088494421e-01 4.458963213705229855e-01 4.427595407069308542e-01 3.009340967077850926e-01 3.898917983791914676e-01
4.287464628562721036e-01 4.786537074906250244e-01 3.610896389841557474e-01 4.017094017094017255e-01 3.778845059136513584e-01 2.516911128538168452e-01 3.699617752590949049e-01 3.312587244795645036e-01 2.395014098674731196e-01 4.043768241204060976e-01
3.630922845918441721e-01 4.770149788458324935e-01 4.475323507759940145e-01 3.748789971250483521e-01 4.239991520025439553e-01 4.114742397726425804e-01 4.671597396506678712e-01 3.919831548048891001e-01 4.630461798847738675e-01 2.446633741504926629e-01
3.563483225498991769e-01 3.847730295253815047e-01 3.919189515398232571e-01 4.137563243023340553e-01 4.245488471240085326e-01 3.927922024247862964e-01 4.205658694812309251e-01 4.259988603693731224e-01 3.179993640019079804e-01 3.104647905689466580e-01
3.266793038882824796e-01 4.559993974123727756e-01 4.592058958688255421e-01 3.777398284289010810e-01 4.594674479034188130e-01 3.680248095472103409e-01 2.952909296357579261e-01 3.898917983791914676e-01 4.134755129934700735e-01 3.919189515398232571e-01
2.722327532402353811e-01 4.600787691989229877e-01 4.358974358974359031e-01 3.258473117707668121e-01 3.753347712059069141e-01 2.932942300427066051e-01 3.971424465332331066e-01 3.818458167551936344e-01 3.652339782723403316e-01 3.356659953353473003e-01
3.184391759377759867e-01 4.695829713364263469e-01 3.699617752590949049e-01 2.247805947796065740e-01 3.741657386773941107e-01 2.932942300427066051e-01 4.017094017094017255e-01 3.184391759377759867e-01 4.063325206691046354e-01 4.308294733275792598e-01
3.944467458277703398e-01 3.056249227510632882e-01 3.310837695916073464e-01 3.652311999283315846e-01 2.799617809795339474e-01 3.371708921694098193e-01 2.778730866767147312e-01 4.381247732704884879e-01 4.134755129934700735e-01 3.236028593834787692e-01
4.529914529914529919e-01 3.489801895695320844e-01 2.731840306415595498e-01 2.247805947796065740e-01 2.446633741504926629e-01 3.371708921694098193e-01 3.407990882954984868e-01 4.144095094259823697e-01 3.184391759377759867e-01 3.709992580022259956e-01
2.593482142316004269e-01 3.448281541042981790e-01 4.605822848372977396e-01 3.572753666930980065e-01 1.749635530559412733e-01 3.504998186163907903e-01 3.236028593834787692e-01 3.702720329084158712e-01 3.032392174315613476e-01 3.563483225498991769e-01
4.103646773287978888e-01 4.245488471240085326e-01 3.563483225498991769e-01 4.700854700854700807e-01 3.738878171217936419e-01 3.738878171217936419e-01 3.961661615229938316e-01 1.773937187967248030e-01 4.134755129934700735e-01 2.700860655097711005e-01
2.494471058473342884e-01 4.347990475337281113e-01 3.173691771954015861e-01 1.963961012123931205e-01 3.336967385470993586e-01 2.142061898870598335e-01 2.955599684274308747e-01 2.607144567760444898e-01 3.077159923276343023e-01 3.255019995906041075e-01
2.200000000000000011e-01 3.131873496136826085e-01 3.336967385470993586e-01 4.938629446136425516e-01 2.394664348958626399e-01 3.482868981757140658e-01 3.019359396513050520e-01 2.759457847949052245e-01 2.527251321919151694e-01 2.759457847949052245e-01
2.836832573067900598e-01 2.234222275181565465e-01 3.282056357443150496e-01 3.453883004040013138e-01 1.283881477532738680e-01 2.520874895409405680e-01 3.955146059131407488e-01 4.145924946170865821e-01 3.221916685210339804e-01 2.000000000000000111e-01
2.842867663420887703e-01 4.425202344515213881e-01 3.070118225813345259e-01 2.543437526662795656e-01 4.260720662376292767e-01 2.607144567760444898e-01 2.686353447586676824e-01 2.031111159255968579e-01 3.741657386773941107e-01 3.775366692807252122e-01
3.303360556061336051e-01 3.350770243938134829e-01 2.730947803360189718e-01 3.341479321368630573e-01 4.012479336068079383e-01 2.809757434745082105e-01 1.925822216299108158e-01 3.266793038882824796e-01 3.184391759377759867e-01 3.818458167551936344e-01
3.445925663400528083e-01 4.205997823396689927e-01 4.032795663087215821e-01 3.173691771954015861e-01 1.577758207196869600e-01 3.116251194203757402e-01 3.151093619261757239e-01 2.373331837309304027e-01 2.064600347538334824e-01 3.200000000000000067e-01
1.477097891751992798e-01 1.624888927404775085e-01 3.599999999999999867e-01 2.649845836453722514e-01 1.188304149721976649e-01 3.151093619261757239e-01 2.139802462554564466e-01 1.822895805399102065e-01 2.234222275181565465e-01 2.094498577735865175e-01
2.149920232614010440e-01 3.474212816602322840e-01 1.772574193384166552e-01 3.888078956798695085e-01 1.676195999137015114e-01 2.029385157727363886e-01 2.881952088521175237e-01 2.781743201320933667e-01 3.744978507930856737e-01 3.123673441659506889e-01
2.155109141747590662e-01 2.050757781073989650e-01 2.268580649469228161e-01 3.227591079031191801e-01 2.873478855663454401e-01 2.720618804026022075e-01 2.811127713994909239e-01 3.153666111941774153e-01 2.268580649469228161e-01 3.408871622407156354e-01
2.075938161214340993e-01 4.075471937925149724e-01 3.297048645673994471e-01 2.200000000000000011e-01 1.933111682567647538e-01 2.706356355594706775e-01 1.498615086031011012e-01 4.012479336068079383e-01 4.949340131970673684e-01 3.497796504118913519e-01
1.925822216299108158e-01 4.862438190257733495e-01 2.140242270165499672e-01 2.559428848350012720e-01 3.173691771954015861e-01 2.100420126042014668e-01 2.836832573067900598e-01 2.283058302443284615e-01 1.915652570442303027e-01 2.029385157727363886e-01
2.623156241236599406e-01 1.834498464263357165e-01 2.225870502621126734e-01 3.852286126585616199e-01 2.005454330197138646e-01 2.451110848018725197e-01 3.348857149216479812e-01 2.149920232614010440e-01 2.310801987458622198e-01 2.100420126042014668e-01
1.867040112037346433e-01 2.683980451799835576e-01 2.730947803360189718e-01 2.816108250217763120e-01 2.008917419168722018e-01 1.159867009540588578e-01 2.000000000000000111e-01 1.436739427831727201e-01 1.689664950130657650e-01 2.245260644953277762e-01
3.066666666666666430e-01 3.055050463303893293e-01 2.245260644953277762e-01 1.769969301404202000e-01 3.055050463303893293e-01 1.874025043237352861e-01 3.173691771954015861e-01 2.420839754357786977e-01 2.000000000000000111e-01 2.481603870737833228e-01
2.140242270165499672e-01 1.367171854049326341e-01 3.709784171035211409e-01 2.590819590200341693e-01 2.268580649469228161e-01 2.790404591875125240e-01 2.541521226262072330e-01 4.131310035743218645e-01 3.266685570252604864e-01 2.064187386168560012e-01
2.215646837627989196e-01 1.799146406385762342e-01 2.000000000000000111e-01 1.775712013011443435e-01 1.310356045902398014e-01 2.228282589107931921e-01 1.391778001278441979e-01 2.872980645163894509e-01 8.421519210665190380e-02 2.451110848018725197e-01
1.933111682567647538e-01 8.743854137455331355e-02 1.358500238555178652e-01 2.190283587276092847e-01 1.969463855669323915e-01 2.811127713994909239e-01 1.197282856526439287e-01 1.660389180456329217e-01 2.123507433382008924e-01 2.634022284358166766e-01
2.096569673443836601e-01 1.310356045902398014e-01 2.394565713052878575e-01 2.896767365840311470e-01 3.034150398455518483e-01 3.266685570252604864e-01 2.567180154051351137e-01 2.259129978899619973e-01 2.365530930182920821e-01 1.179535649239177170e-01
1.056611296654027671e-01 1.586226849020119789e-01 2.873478855663454401e-01 1.417615233882941472e-01 1.873683029454713822e-01 2.896767365840311470e-01 2.548686334702635614e-01 3.276882430331959917e-01 2.444064509671057817e-01 1.586226849020119789e-01
1.365220330210116240e-01 1.124209817672828238e-01 2.268580649469228161e-01 2.000000000000000111e-01 2.629521670871498573e-01 2.566056006159781466e-01 1.522354651557183414e-01 1.586226849020119789e-01 1.430013338026115410e-01 1.962278122357480059e-01
1.112232596242534177e-01 2.190859906910000432e-01 3.491974230270025736e-01 1.391778001278441979e-01 9.805806756909200839e-02 2.451110848018725197e-01 3.106303720986977601e-01 1.237968921180345877e-01 1.547461151475432173e-01 1.474419561548971358e-01
2.063222270949752468e-01 1.237968921180345877e-01 1.112232596242534177e-01 8.421519210665190380e-02 1.358500238555178652e-01 2.259129978899619973e-01 1.747794079809696643e-01 1.629376339780705119e-01 1.261107739106074876e-01 2.954195783503985595e-01
2.634022284358166766e-01 1.976738731537167615e-01 2.533333333333333548e-01 1.179012689493126598e-01 2.075938161214340993e-01 1.365220330210116240e-01 1.307440900921226778e-01 2.706356355594706775e-01 1.961161351381840168e-01 3.267320196065356397e-01
1.496962377130239552e-01 2.620712091804796029e-01 1.430013338026115410e-01 2.075938161214340993e-01 1.515873457919734157e-01 2.065574821593277599e-01 2.359071298478354339e-01 3.221852804279412563e-01 1.852734226346341717e-01 2.706356355594706775e-01
1.365220330210116240e-01 2.451441493940185179e-01 2.881952088521175237e-01 1.430013338026115410e-01 2.288021576612147001e-01 3.479445003196104946e-02 1.755283281698720999e-01 3.781312343114108798e-01 1.933111682567647538e-01 1.466666666666666674e-01
2.739846375580206606e-01 2.189594994772949277e-01 1.496962377130239552e-01 2.215646837627989196e-01 2.873478855663454401e-01 2.064187386168560012e-01 3.144854510165754902e-01 1.621424235993524920e-01 1.363636363636363535e-01 1.739722501598052751e-01
1.852734226346341717e-01 1.799146406385762342e-01 1.363636363636363535e-01 2.155109141747590662e-01 2.475937842360691754e-01 1.852734226346341717e-01 2.475937842360691754e-01 6.958890006392209893e-02 5.227083734893166883e-02 1.122721782847679595e-01
2.065574821593277599e-01 4.766711126753717803e-02 1.122721782847679595e-01 1.503032128268605438e-01 1.122721782847679595e-01 2.172501786374273491e-01 2.288021576612147001e-01 1.430013338026115410e-01 1.818181818181818232e-01 1.496962377130239552e-01
1.224744871391589135e-01 1.632993161855452180e-01 1.755283281698720999e-01 6.375767130633383517e-02 1.769303473858765685e-01 1.547461151475432173e-01 5.404747453311749966e-02 2.288021576612147001e-01 1.621424235993524920e-01 2.166445612065605042e-01
1.073594377334718131e-01 2.424643224844359735e-02 1.871202971412799232e-01 1.981740732880974964e-01 8.164965809277260900e-02 8.164965809277260900e-02 9.751573787215116196e-02 9.090909090909091161e-02 1.307440900921226778e-01 2.000000000000000111e-01
1.621424235993524920e-01 1.755283281698720999e-01 9.751573787215116196e-02 1.363636363636363535e-01 1.572427255082877451e-01 2.041241452319315086e-01 1.073594377334718131e-01 9.090909090909091161e-02 2.987189956264626467e-01 1.632993161855452180e-01
1.363636363636363535e-01 1.212321612422179867e-01 1.981740732880974964e-01 2.087667001917663245e-01 1.568125120467950273e-01 1.871202971412799232e-01 9.090909090909091161e-02 1.224744871391589135e-01 2.041241452319315086e-01 1.755283281698720999e-01
0.000000000000000000e+00 8.980265101338745504e-02 1.073594377334718131e-01 1.363636363636363535e-01 1.755283281698720999e-01 1.568125120467950273e-01 1.503032128268605438e-01 1.009417085740076242e-01 9.090909090909091161e-02 9.090909090909091161e-02
0.000000000000000000e+00 9.751573787215116196e-02 1.212321612422179867e-01 1.212321612422179867e-01 2.041241452319315086e-01 8.980265101338745504e-02 1.365220330210116240e-01 1.212321612422179867e-01 1.363636363636363535e-01 1.755283281698720999e-01
1.632993161855452180e-01 1.212321612422179867e-01 1.568125120467950273e-01 8.980265101338745504e-02 9.090909090909091161e-02 1.212321612422179867e-01 1.212321612422179867e-01 7.484811885651197760e-02 2.342057229768425008e-01 1.212321612422179867e-01
1.391778001278441979e-01 6.337242505244779223e-02 1.212321612422179867e-01 1.212321612422179867e-01 1.363636363636363535e-01 1.818181818181818232e-01 1.363636363636363535e-01 9.805806756909200839e-02 1.568125120467950273e-01 0.000000000000000000e+00
2.342057229768425008e-01 1.697250257391051675e-01 6.441566264008309617e-02 1.212321612422179867e-01 1.428571428571428492e-01 8.571428571428571508e-02 1.981740732880974964e-01 1.212321612422179867e-01 6.337242505244779223e-02 1.275153426126676703e-01
3.673591791853225708e-02 2.145346233187325480e-01 1.568125120467950273e-01 0.000000000000000000e+00 1.568125120467950273e-01 1.697250257391051675e-01 1.212321612422179867e-01 1.632993161855452180e-01 1.503032128268605438e-01 1.568125120467950273e-01
8.980265101338745504e-02 1.932469879202492746e-01 1.568125120467950273e-01 1.697250257391051675e-01 1.818181818181818232e-01 1.568125120467950273e-01 1.568125120467950273e-01 -6.337242505244779223e-02 1.212321612422179867e-01 1.102077537555967574e-01
0.000000000000000000e+00 1.212321612422179867e-01 1.212321612422179867e-01 1.697250257391051675e-01 1.212321612422179867e-01 1.503032128268605438e-01 0.000000000000000000e+00 1.212321612422179867e-01 6.337242505244779223e-02 1.428571428571428492e-01
1.568125120467950273e-01 1.428571428571428492e-01 6.337242505244779223e-02 1.568125120467950273e-01 1.568125120467950273e-01 1.363636363636363535e-01 1.568125120467950273e-01 1.568125120467950273e-01 1.428571428571428492e-01 8.980265101338745504e-02
0.000000000000000000e+00 0.000000000000000000e+00 1.568125120467950273e-01 9.090909090909091161e-02 6.337242505244779223e-02 -6.337242505244779223e-02 1.818181818181818232e-01 0.000000000000000000e+00 1.568125120467950273e-01 0.000000000000000000e+00
0.000000000000000000e+00 0.000000000000000000e+00 -1.275153426126676703e-01 0.000000000000000000e+00 6.337242505244779223e-02 0.000000000000000000e+00 0.000000000000000000e+00 1.102077537555967574e-01 1.568125120467950273e-01 1.568125120467950273e-01
0.000000000000000000e+00 0.000000000000000000e+00 0.000000000000000000e+00 1.212321612422179867e-01 1.363636363636363535e-01 1.568125120467950273e-01 0.000000000000000000e+00 1.568125120467950273e-01 -6.337242505244779223e-02 6.337242505244779223e-02
1.568125120467950273e-01 6.337242505244779223e-02 0.000000000000000000e+00 1.568125120467950273e-01 0.000000000000000000e+00 0.000000000000000000e+00 6.337242505244779223e-02 1.275153426126676703e-01 1.212321612422179867e-01 0.000000000000000000e+00
0.000000000000000000e+00 0.000000000000000000e+00 0.000000000000000000e+00 8.980265101338745504e-02 0.000000000000000000e+00 0.000000000000000000e+00 8.980265101338745504e-02 0.000000000000000000e+00 0.000000000000000000e+00 0.000000000000000000e+00
0.000000000000000000e+00 0.000000000000000000e+00 0.000000000000000000e+00 0.000000000000000000e+00 0.000000000000000000e+00 0.000000000000000000e+00 1.275153426126676703e-01 1.568125120467950273e-01 0.000000000000000000e+00 0.000000000000000000e+00
0.000000000000000000e+00 0.000000000000000000e+00 0.000000000000000000e+00 0.000000000000000000e+00 0.000000000000000000e+00 -6.337242505244779223e-02 0.000000000000000000e+00 0.000000000000000000e+00 0.000000000000000000e+00 0.000000000000000000e+00
0.000000000000000000e+00 0.000000000000000000e+00 1.568125120467950273e-01 0.000000000000000000e+00 0.000000000000000000e+00 0.000000000000000000e+00 0.000000000000000000e+00 6.337242505244779223e-02 0.000000000000000000e+00 0.000000000000000000e+00
0.000000000000000000e+00 6.337242505244779223e-02 0.000000000000000000e+00 0.000000000000000000e+00 0.000000000000000000e+00 0.000000000000000000e+00 0.000000000000000000e+00 0.000000000000000000e+00 1.428571428571428492e-01 0.000000000000000000e+00
0.000000000000000000e+00 0.000000000000000000e+00 0.000000000000000000e+00 0.000000000000000000e+00 6.337242505244779223e-02 0.000000000000000000e+00 -6.337242505244779223e-02 0.000000000000000000e+00 0.000000000000000000e+00 0.000000000000000000e+00
0.000000000000000000e+00 0.000000000000000000e+00 0.000000000000000000e+00 0.000000000000000000e+00 -6.337242505244779223e-02 0.000000000000000000e+00 0.000000000000000000e+00 0.000000000000000000e+00 0.000000000000000000e+00 0.000000000000000000e+00
0.000000000000000000e+00 0.000000000000000000e+00 0.000000000000000000e+00 0.000000000000000000e+00 0.000000000000000000e+00 0.000000000000000000e+00 0.000000000000000000e+00 0.000000000000000000e+00 0.000000000000000000e+00 0.000000000000000000e+00
