0.000000000000000000e+00 0.000000000000000000e+00 0.000000000000000000e+00 0.000000000000000000e+00 0.000000000000000000e+00
9.666666666666666741e-01 9.666666666666666741e-01 9.733333333333333837e-01 9.799999999999999822e-01 9.733333333333333837e-01
9.666666666666666741e-01 9.733333333333333837e-01 9.733333333333333837e-01 9.666666666666666741e-01 9.666666666666666741e-01
9.666666666666666741e-01 9.666666666666666741e-01 9.666666666666666741e-01 9.733333333333333837e-01 9.666666666666666741e-01
9.733333333333333837e-01 9.666666666666666741e-01 9.799999999999999822e-01 9.733333333333333837e-01 9.733333333333333837e-01
9.733333333333333837e-01 9.599999999999999645e-01 9.666666666666666741e-01 9.666666666666666741e-01 9.533333333333333659e-01
9.599999999999999645e-01 9.533333333333333659e-01 9.533333333333333659e-01 9.599999999999999645e-01 9.533333333333333659e-01
9.599999999999999645e-01 9.333333333333333481e-01 9.599999999999999645e-01 9.466666666666666563e-01 9.399999999999999467e-01
9.000000000000000222e-01 9.266666666666666385e-01 9.399999999999999467e-01 9.133333333333333304e-01 9.066666666666666208e-01
8.733333333333332948e-01 8.533333333333333881e-01 8.666666666666666963e-01 8.466666666666666785e-01 9.133333333333333304e-01
7.333333333333332815e-01 6.999999999999999556e-01 6.933333333333333570e-01 7.133333333333333748e-01 7.133333333333333748e-01
