0.000000000000000000e+00 0.000000000000000000e+00 0.000000000000000000e+00 0.000000000000000000e+00 0.000000000000000000e+00
9.799773240006911523e-01 9.849873095629201325e-01 9.799773240006911523e-01 9.799773240006911523e-01 9.799773240006911523e-01
9.749643868139776792e-01 9.799773240006911523e-01 9.799773240006911523e-01 9.799773240006911523e-01 9.749643868139776792e-01
9.799773240006911523e-01 9.749643868139776792e-01 9.749643868139776792e-01 9.849873095629201325e-01 9.749643868139776792e-01
9.799773240006911523e-01 9.749643868139776792e-01 9.799773240006911523e-01 9.849873095629201325e-01 9.799773240006911523e-01
9.799773240006911523e-01 9.699484522385712904e-01 9.799773240006911523e-01 9.799773240006911523e-01 9.699484522385712904e-01
9.799773240006911523e-01 9.699484522385712904e-01 9.749643868139776792e-01 9.849873095629201325e-01 9.799773240006911523e-01
9.799773240006911523e-01 9.649294735310393056e-01 9.649294735310393056e-01 9.749643868139776792e-01 9.649294735310393056e-01
9.297072418538836480e-01 9.599074029416703180e-01 9.749643868139776792e-01 9.599074029416703180e-01 9.448221466968736992e-01
9.246621004453464687e-01 9.297072418538836480e-01 9.347489264800230568e-01 8.993825042154693916e-01 9.498537899183338018e-01
8.229351263752339163e-01 8.841694156413438810e-01 8.638286867197685348e-01 9.044458094447794805e-01 8.790904390334364216e-01
