0.000000000000000000e+00 0.000000000000000000e+00 0.000000000000000000e+00 0.000000000000000000e+00 0.000000000000000000e+00
9.749643868139776792e-01 9.749643868139776792e-01 9.799773240006911523e-01 9.849873095629201325e-01 9.799773240006911523e-01
9.749643868139776792e-01 9.799773240006911523e-01 9.799773240006911523e-01 9.749643868139776792e-01 9.749643868139776792e-01
9.749643868139776792e-01 9.749643868139776792e-01 9.749643868139776792e-01 9.799773240006911523e-01 9.749643868139776792e-01
9.799773240006911523e-01 9.749643868139776792e-01 9.849873095629201325e-01 9.799773240006911523e-01 9.799773240006911523e-01
9.799773240006911523e-01 9.699484522385712904e-01 9.749643868139776792e-01 9.749643868139776792e-01 9.649294735310393056e-01
9.699484522385712904e-01 9.649294735310393056e-01 9.649294735310393056e-01 9.699484522385712904e-01 9.649294735310393056e-01
9.699484522385712904e-01 9.498537899183338018e-01 9.699484522385712904e-01 9.599074029416703180e-01 9.548821916864927983e-01
9.246621004453464687e-01 9.448221466968738103e-01 9.548821916864927983e-01 9.347489264800230568e-01 9.297072418538835370e-01
9.044458094447794805e-01 8.892443733617636514e-01 8.993825042154693916e-01 8.841694156413438810e-01 9.347489264800229458e-01
7.972173828734265832e-01 7.713624310270756901e-01 7.661737545897941981e-01 7.817217464602663757e-01 7.817217464602663757e-01
