0.000000000000000000e+00 0.000000000000000000e+00 0.000000000000000000e+00 0.000000000000000000e+00 0.000000000000000000e+00
9.604483138441105572e-01 9.701940582194068519e-01 9.604483138441105572e-01 9.600640064007112118e-01 9.600640064007112118e-01
9.501900570190067175e-01 9.604483138441105572e-01 9.604483138441105572e-01 9.600640064007112118e-01 9.501900570190067175e-01
9.604483138441105572e-01 9.502534347117247426e-01 9.501900570190067175e-01 9.700646731340519802e-01 9.501900570190067175e-01
9.600640064007112118e-01 9.501900570190067175e-01 9.600640064007112118e-01 9.700646731340519802e-01 9.604483138441105572e-01
9.600640064007112118e-01 9.410042737906969545e-01 9.600640064007112118e-01 9.600640064007112118e-01 9.410042737906969545e-01
9.602561024455322780e-01 9.402507669779170962e-01 9.504436439082343258e-01 9.704529837799866776e-01 9.602561024455322780e-01
9.600640064007112118e-01 9.307448939920689446e-01 9.315538857953780116e-01 9.505705135135391615e-01 9.308070493157879488e-01
8.663182866781932168e-01 9.212907111267014670e-01 9.507609132177048394e-01 9.211675521513331688e-01 8.922034896049173547e-01
8.562448182284467801e-01 8.652652962721429919e-01 8.744417862270763564e-01 8.132836793622447713e-01 9.031363183109192283e-01
6.797933527765760431e-01 7.844085693393259007e-01 7.521910238452337305e-01 8.181122608676250074e-01 7.791423363346765552e-01
