0.000000000000000000e+00 0.000000000000000000e+00 0.000000000000000000e+00 0.000000000000000000e+00 0.000000000000000000e+00
9.501900570190067175e-01 9.501900570190067175e-01 9.604483138441105572e-01 9.701940582194068519e-01 9.604483138441105572e-01
9.501900570190067175e-01 9.600640064007112118e-01 9.604483138441105572e-01 9.501900570190067175e-01 9.501900570190067175e-01
9.501900570190067175e-01 9.502534347117247426e-01 9.501900570190067175e-01 9.600640064007112118e-01 9.501900570190067175e-01
9.600640064007112118e-01 9.501900570190067175e-01 9.700646731340519802e-01 9.600640064007112118e-01 9.604483138441105572e-01
9.600640064007112118e-01 9.404389739723582053e-01 9.501900570190067175e-01 9.501900570190067175e-01 9.305585027027278855e-01
9.402507669779170962e-01 9.304343040364820849e-01 9.305585027027278855e-01 9.402507669779170962e-01 9.313047405954699709e-01
9.402507669779170962e-01 9.016847186826344451e-01 9.404389739723582053e-01 9.212907111267014670e-01 9.111548613670795715e-01
8.552040718968855204e-01 8.925623567467088071e-01 9.111548613670795715e-01 8.743828992755144913e-01 8.656158663302593315e-01
8.192831837689924512e-01 7.929515873781886048e-01 8.091685765619678339e-01 7.843000532470394415e-01 8.739122315523919493e-01
6.433168190995460778e-01 6.031223870464549330e-01 5.954594733781617411e-01 6.191264835578882408e-01 6.196140231905364892e-01
