0.000000000000000000e+00 0.000000000000000000e+00 0.000000000000000000e+00 0.000000000000000000e+00 0.000000000000000000e+00
6.029274238401090003e-01 6.029274238401090003e-01 6.029274238401090003e-01 6.029274238401090003e-01 6.029274238401090003e-01
5.988337986001537327e-01 5.988337986001537327e-01 5.936805649082688152e-01 5.936805649082688152e-01 6.008838003978392850e-01
6.410890392249737335e-01 6.274625750832528714e-01 5.957467287399760281e-01 5.962622517901579045e-01 5.993468997046416114e-01
6.085148970593516893e-01 6.367389839317805222e-01 6.034373388116867076e-01 6.054730579102816090e-01 6.185545475127554038e-01
5.931630021203915248e-01 5.957467287399760281e-01 5.827245216472860534e-01 5.779719460840935241e-01 6.080088965374956800e-01
6.120460970018650748e-01 5.821981743694906175e-01 5.806165658052900858e-01 6.410890392249737335e-01 5.972920818702349699e-01
5.962622517901579045e-01 5.553184739596317421e-01 6.170582462043825434e-01 6.155585707824513531e-01 5.009030132972216443e-01
4.746437587793186363e-01 6.105350332821100068e-01 6.155585707824513531e-01 5.753164792064547894e-01 4.746437587793186363e-01
5.811441972739049833e-01 5.842607237840614642e-01 4.733953230548505475e-01 5.753164792064547894e-01 4.727701746106653946e-01
4.727701746106653946e-01 4.727701746106653946e-01 5.750374481530889925e-01 4.960997424455179106e-01 4.727701746106653946e-01
