0.000000000000000000e+00 0.000000000000000000e+00 0.000000000000000000e+00 0.000000000000000000e+00 0.000000000000000000e+00
6.029274238401090003e-01 6.029274238401090003e-01 6.029274238401090003e-01 6.029274238401090003e-01 6.029274238401090003e-01
5.731842250793293125e-01 5.731842250793293125e-01 5.806165658052900858e-01 5.806165658052900858e-01 5.869200176756517173e-01
5.848256548058166082e-01 5.758484453894379129e-01 5.547692495977480931e-01 5.536693852741081390e-01 5.779719460840935241e-01
5.358089316990034545e-01 5.369399973322902531e-01 5.448016772926187468e-01 5.420050600188315304e-01 5.678225652117925293e-01
4.967021565525653881e-01 5.220766393913426340e-01 4.985059521693479545e-01 4.048042150580382081e-01 5.038865850244594879e-01
4.478914615672746069e-01 4.906519404119853434e-01 4.839288765643445789e-01 4.151704508425449469e-01 4.664842681258549728e-01
4.452832343465737974e-01 3.985017358515822727e-01 3.949729939052787353e-01 3.849864507960515381e-01 3.555549652363159119e-01
3.372201568922880699e-01 3.548014379122885198e-01 3.479793233082706938e-01 4.131107913380873686e-01 3.379946992431910324e-01
3.630416105512469516e-01 3.387683056447094443e-01 3.364446765244601956e-01 3.403127188413984094e-01 3.356682560664715487e-01
3.356682560664715487e-01 3.348908934393711734e-01 3.356682560664715487e-01 3.356682560664715487e-01 3.348908934393711734e-01
