0.000000000000000000e+00 0.000000000000000000e+00 0.000000000000000000e+00 0.000000000000000000e+00 0.000000000000000000e+00
6.512280701754386003e-01 6.512280701754386003e-01 6.512280701754386003e-01 6.512280701754386003e-01 6.512280701754386003e-01
6.484210526315790091e-01 6.484210526315790091e-01 6.449122807017544368e-01 6.449122807017544368e-01 6.498245614035087492e-01
6.782456140350876517e-01 6.684210526315789158e-01 6.463157894736841769e-01 6.466666666666667229e-01 6.487719298245614441e-01
6.550877192982456076e-01 6.750877192982456254e-01 6.515789473684210353e-01 6.529824561403508865e-01 6.621052631578947523e-01
6.445614035087718907e-01 6.463157894736841769e-01 6.375438596491227461e-01 6.343859649122807198e-01 6.547368421052631726e-01
6.575438596491227639e-01 6.371929824561403111e-01 6.361403508771930060e-01 6.782456140350876517e-01 6.473684210526315930e-01
6.466666666666667229e-01 6.196491228070175605e-01 6.610526315789473362e-01 6.600000000000000311e-01 5.863157894736842346e-01
5.712280701754386403e-01 6.564912280701754588e-01 6.600000000000000311e-01 6.326315789473684337e-01 5.712280701754386403e-01
6.364912280701754410e-01 6.382456140350877272e-01 5.705263157894736592e-01 6.326315789473684337e-01 5.701754385964912242e-01
5.701754385964912242e-01 5.701754385964912242e-01 6.322807017543859986e-01 5.835087719298245323e-01 5.701754385964912242e-01
