0.000000000000000000e+00 0.000000000000000000e+00 0.000000000000000000e+00 0.000000000000000000e+00 0.000000000000000000e+00
6.512280701754386003e-01 6.512280701754386003e-01 6.512280701754386003e-01 6.512280701754386003e-01 6.512280701754386003e-01
6.312280701754385825e-01 6.312280701754385825e-01 6.361403508771930060e-01 6.361403508771930060e-01 6.403508771929824483e-01
6.389473684210525972e-01 6.329824561403508687e-01 6.192982456140351255e-01 6.185964912280701444e-01 6.343859649122807198e-01
6.073684210526315574e-01 6.080701754385965385e-01 6.129824561403508509e-01 6.112280701754385648e-01 6.277192982456140102e-01
5.838596491228069674e-01 5.989473684210526727e-01 5.849122807017543835e-01 5.340350877192981960e-01 5.880701754385965208e-01
5.564912280701754810e-01 5.803508771929823951e-01 5.764912280701754987e-01 5.392982456140350545e-01 5.666666666666666519e-01
5.550877192982456299e-01 5.308771929824561697e-01 5.291228070175438836e-01 5.242105263157894601e-01 5.101754385964912819e-01
5.017543859649122862e-01 5.098245614035087359e-01 5.066666666666667096e-01 5.382456140350877494e-01 5.021052631578947212e-01
5.136842105263157432e-01 5.024561403508771562e-01 5.014035087719298511e-01 5.031578947368421373e-01 5.010526315789474161e-01
5.010526315789474161e-01 5.007017543859648701e-01 5.010526315789474161e-01 5.010526315789474161e-01 5.007017543859648701e-01
