0.000000000000000000e+00 0.000000000000000000e+00
7.114429798087968937e-01 7.375357256271832807e-01
7.082816377171214928e-01 7.031192303954911793e-01
6.753386699507388791e-01 6.375620347394541643e-01
6.226562043653497414e-01 6.089498713650893791e-01
7.013080969047572610e-01 6.307872402692420444e-01
6.210625109985725700e-01 6.446611253196929958e-01
6.043482596988132283e-01 6.752707052970442492e-01
5.685726038667215931e-01 5.263157894736841813e-01
5.357410781266744859e-01 5.702941363318722034e-01
5.798554158313589113e-01 4.608780861896342729e-01
5.229405293470523741e-01 5.196806741323871659e-01
4.475597092419522083e-01 4.846292947558770714e-01
4.187447853898210726e-01 3.464827050136027875e-01
4.475597092419522083e-01 3.487145682267633884e-01
3.809070121951219634e-01 3.306525225114098632e-01
3.214285714285714524e-01 3.214285714285714524e-01
3.214285714285714524e-01 3.214285714285714524e-01
3.397467360361244859e-01 3.214285714285714524e-01
3.214285714285714524e-01 3.214285714285714524e-01
