0.000000000000000000e+00 0.000000000000000000e+00
6.791666666666666963e-01 6.962962962962963021e-01
7.416666666666666963e-01 7.199074074074074403e-01
7.166666666666666741e-01 6.615740740740740922e-01
6.365740740740740700e-01 6.189814814814814659e-01
6.773148148148148140e-01 6.754629629629629317e-01
6.064814814814815103e-01 6.513888888888889062e-01
6.356481481481481843e-01 7.212962962962963243e-01
6.736111111111111605e-01 5.495370370370370461e-01
5.805555555555556024e-01 6.430555555555556024e-01
5.555555555555555802e-01 6.560185185185185563e-01
5.634259259259259967e-01 6.101851851851851638e-01
5.828703703703703720e-01 6.490740740740741366e-01
5.995370370370370905e-01 5.574074074074073515e-01
5.583333333333333481e-01 5.689814814814815325e-01
5.439814814814815103e-01 5.356481481481480955e-01
5.337962962962963243e-01 4.990740740740740589e-01
5.305555555555555580e-01 5.476851851851851638e-01
5.717592592592593004e-01 4.972222222222222321e-01
4.949074074074074070e-01 5.124999999999999556e-01
