0.000000000000000000e+00 0.000000000000000000e+00
7.111111111111110272e-01 7.384259259259259300e-01
7.078703703703703720e-01 7.027777777777777235e-01
6.763888888888889284e-01 6.467592592592592560e-01
6.347222222222221877e-01 6.217592592592592338e-01
7.148148148148147918e-01 6.439814814814814881e-01
6.356481481481481843e-01 6.699074074074073959e-01
6.300925925925926485e-01 6.879629629629628873e-01
6.115740740740740478e-01 5.981481481481480955e-01
6.018518518518518601e-01 6.273148148148147696e-01
6.143518518518518157e-01 5.310185185185185563e-01
5.935185185185185563e-01 6.041666666666666297e-01
5.625000000000000000e-01 5.833333333333333703e-01
5.407407407407407440e-01 5.078703703703703054e-01
5.625000000000000000e-01 5.124999999999999556e-01
5.245370370370370239e-01 5.041666666666666519e-01
5.000000000000000000e-01 5.000000000000000000e-01
5.000000000000000000e-01 5.000000000000000000e-01
5.083333333333333037e-01 5.000000000000000000e-01
5.000000000000000000e-01 5.000000000000000000e-01
