0.000000000000000000e+00 0.000000000000000000e+00
3.660403082262618790e-01 4.026607034907207505e-01
4.902672941251436378e-01 4.454354031873740127e-01
4.360332556124589809e-01 3.230110968964562401e-01
2.770667658370064568e-01 2.413768095596971475e-01
3.629736643257760464e-01 3.544022253966616631e-01
2.287589180959299640e-01 3.112127027877512053e-01
2.736287028356567674e-01 4.425925925925925930e-01
3.576980850921782640e-01 1.178974786088127641e-01
1.930439842063538247e-01 3.149979661333753844e-01
1.153020274778672472e-01 3.214513458028375181e-01
1.303857500976205452e-01 2.556215508539566028e-01
2.154859925963441003e-01 3.399110310369526378e-01
2.497384451115624293e-01 1.554829903899933030e-01
1.388325449038355919e-01 1.745539833546134456e-01
1.178511301977579195e-01 1.355201214260831899e-01
1.080148786604956390e-01 -3.070208660390027003e-03
1.078638743260012245e-01 1.612764738270930087e-01
2.063038907812305978e-01 -1.242259987499883152e-02
-4.462924542634686548e-02 1.095445115010332121e-01
