0.000000000000000000e+00 0.000000000000000000e+00 0.000000000000000000e+00 0.000000000000000000e+00 0.000000000000000000e+00
9.346092503987241118e-01 9.346092503987241118e-01 9.346092503987241118e-01 9.346092503987241118e-01 9.346092503987241118e-01
9.346092503987241118e-01 9.346092503987241118e-01 9.346092503987241118e-01 9.346092503987241118e-01 9.341229341229341232e-01
9.499358151476252621e-01 9.346092503987241118e-01 9.346092503987241118e-01 9.665831244778613218e-01 9.346092503987241118e-01
9.506533178503802084e-01 9.346092503987241118e-01 9.015037593984963626e-01 9.180554247873710105e-01 9.346092503987241118e-01
9.346092503987241118e-01 8.995215311004783887e-01 9.499358151476252621e-01 9.346092503987241118e-01 9.346092503987241118e-01
9.346092503987241118e-01 9.346092503987241118e-01 9.346092503987241118e-01 9.506533178503802084e-01 9.346092503987241118e-01
9.665831244778613218e-01 9.331662489557226436e-01 9.180554247873710105e-01 9.346092503987241118e-01 9.180554247873710105e-01
9.332497911445279959e-01 9.180554247873710105e-01 9.332497911445279959e-01 9.331662489557226436e-01 8.657604973394446013e-01
8.997493734335839655e-01 9.665831244778613218e-01 8.681704260651629257e-01 9.497171590194845026e-01 8.848951647411210653e-01
9.158015426308109275e-01 8.635976129582267902e-01 8.804135145598559475e-01 8.495232074179441817e-01 8.811878080170764127e-01
