0.000000000000000000e+00 0.000000000000000000e+00 0.000000000000000000e+00 0.000000000000000000e+00 0.000000000000000000e+00
4.031809810815335515e-01 4.062874857586519228e-01 3.909515544078009386e-01 3.979509835939248896e-01 4.113885118972065991e-01
3.959721430656528152e-01 3.976638933896484707e-01 3.912684166953616649e-01 3.892577359968664164e-01 3.936116167816773315e-01
3.983258817685047526e-01 3.899383330599938136e-01 3.980577304141896811e-01 4.052120680545968634e-01 4.039374444356879090e-01
4.043464218920467812e-01 3.789232644452661947e-01 4.112763201626991605e-01 4.027534914931987231e-01 4.056370287807125052e-01
3.834849137771526584e-01 3.917927953983096900e-01 3.876463166689663731e-01 3.837743935808451967e-01 3.914395277812016127e-01
3.720740582314113754e-01 3.727226973396476906e-01 3.767897933032481328e-01 3.805978408044628503e-01 4.070132336446772858e-01
3.771974590869939803e-01 3.837796836287402646e-01 3.799062446974159069e-01 3.796624460376195054e-01 3.820431346153556618e-01
3.678804368627789367e-01 3.619486256010173708e-01 3.662320510581934530e-01 3.486789209912942167e-01 3.498871943623212966e-01
3.633134109163326242e-01 3.323476837663067451e-01 3.457482193344407762e-01 3.625238095238095259e-01 3.243634455402756300e-01
2.497947097828176477e-01 2.953078178924962716e-01 2.803443692785568264e-01 3.285796591755258400e-01 2.815277934277339300e-01
