0.000000000000000000e+00 0.000000000000000000e+00 0.000000000000000000e+00 0.000000000000000000e+00 0.000000000000000000e+00
6.731389525073675495e-01 6.764613810115104320e-01 6.614378277661476790e-01 6.698074165822904824e-01 6.830794469636731758e-01
6.647927366601182886e-01 6.681381907774084361e-01 6.631164730197278701e-01 6.614378277661476790e-01 6.631164730197278701e-01
6.681381907774084361e-01 6.597567827204802171e-01 6.714743314362641158e-01 6.748012967707285314e-01 6.731389525073675495e-01
6.781192218278034867e-01 6.530082335517828351e-01 6.814282386608617736e-01 6.714743314362640048e-01 6.748012967707284204e-01
6.580733194919549112e-01 6.681381907774085471e-01 6.580733194919549112e-01 6.580733194919549112e-01 6.631164730197278701e-01
6.462197768561404043e-01 6.513149093265953038e-01 6.496190716655453334e-01 6.530082335517827241e-01 6.781192218278034867e-01
6.530082335517828351e-01 6.563874194745390467e-01 6.580733194919549112e-01 6.546990638434813103e-01 6.546990638434813103e-01
6.462197768561404043e-01 6.411014826929595234e-01 6.462197768561405153e-01 6.307931515164064695e-01 6.290655425232918319e-01
6.428101883694790075e-01 6.168928514121854167e-01 6.273351438553792514e-01 6.428101883694790075e-01 6.098724821177328170e-01
5.666568626602875858e-01 5.921033860341338162e-01 5.812831697690807875e-01 6.203851850082960917e-01 5.812831697690808985e-01
