0.000000000000000000e+00 0.000000000000000000e+00 0.000000000000000000e+00 0.000000000000000000e+00 0.000000000000000000e+00
8.106666666666666465e-01 8.186666666666666536e-01 8.239999999999999547e-01 8.239999999999999547e-01 8.266666666666666607e-01
8.080000000000000515e-01 7.946666666666666323e-01 7.946666666666666323e-01 8.106666666666666465e-01 8.053333333333333455e-01
8.053333333333333455e-01 8.053333333333333455e-01 8.106666666666666465e-01 8.080000000000000515e-01 8.159999999999999476e-01
7.786666666666666181e-01 8.186666666666666536e-01 8.026666666666666394e-01 8.133333333333333526e-01 8.293333333333333668e-01
7.973333333333333384e-01 8.000000000000000444e-01 8.133333333333333526e-01 7.866666666666666252e-01 7.920000000000000373e-01
7.680000000000000160e-01 7.733333333333333171e-01 7.680000000000000160e-01 7.866666666666666252e-01 7.920000000000000373e-01
7.626666666666667149e-01 7.680000000000000160e-01 7.706666666666667220e-01 7.786666666666666181e-01 7.840000000000000302e-01
7.466666666666667007e-01 7.306666666666666865e-01 7.600000000000000089e-01 7.093333333333333712e-01 7.520000000000000018e-01
6.853333333333333499e-01 7.306666666666666865e-01 6.933333333333333570e-01 7.600000000000000089e-01 6.986666666666666581e-01
5.999999999999999778e-01 6.400000000000000133e-01 6.079999999999999849e-01 6.853333333333333499e-01 5.893333333333333757e-01
