0.000000000000000000e+00 0.000000000000000000e+00 0.000000000000000000e+00 0.000000000000000000e+00 0.000000000000000000e+00
8.566933847973590144e-01 8.689201472069929544e-01 8.689201472069929544e-01 8.668840752949611428e-01 8.607717467482306484e-01
8.709555416641859837e-01 8.648473211433848062e-01 8.566933847973590144e-01 8.648473211433849173e-01 8.628098799207672975e-01
8.607717467482306484e-01 8.546531460188980800e-01 8.546531460188980800e-01 8.648473211433848062e-01 8.628098799207672975e-01
8.362583332918124279e-01 8.546531460188980800e-01 8.526121952890162170e-01 8.526121952890163280e-01 8.587329166989129403e-01
8.505705274827138895e-01 8.566933847973589033e-01 8.648473211433848062e-01 8.485281374238570207e-01 8.403512493131799488e-01
8.239611641333589587e-01 8.321623773172049932e-01 8.342107380965289032e-01 8.280633362786260498e-01 8.444411695842931609e-01
8.075202095854251416e-01 8.423965811896435563e-01 8.054613584772395418e-01 8.321623773172049932e-01 8.383051685129678798e-01
8.157472375408669762e-01 7.992796757080715686e-01 8.157472375408669762e-01 7.868926229162401809e-01 8.116353861186684782e-01
7.640965616697640295e-01 7.848249627924829275e-01 7.703251838599649570e-01 7.827563832735927596e-01 7.786164367360578487e-01
6.949366078203744745e-01 7.139249882788030188e-01 6.949366078203744745e-01 7.139249882788030188e-01 6.864634003353711211e-01
