0.000000000000000000e+00 0.000000000000000000e+00 0.000000000000000000e+00 0.000000000000000000e+00 0.000000000000000000e+00
7.945722848912392111e-01 7.735079660603655372e-01 8.081794423400879834e-01 7.718996306675688368e-01 7.898889869575851375e-01
7.949875113234360358e-01 7.601056669229891982e-01 8.110759673610715703e-01 8.099059177993452874e-01 8.167147108896954943e-01
8.178653505361942466e-01 7.775352501953207707e-01 6.988865999482130054e-01 8.263821744174940642e-01 8.376007543851845538e-01
7.911991094508673550e-01 7.371244579010841624e-01 8.015467852830424622e-01 7.193194416842056960e-01 8.258049910578043606e-01
8.255999857193446756e-01 7.485589798506290249e-01 7.995319955429980308e-01 7.419811413809052070e-01 7.633239760570622590e-01
8.089261216591996373e-01 7.754952930654457344e-01 8.277205354174724805e-01 7.618845880980703589e-01 7.320020478494252414e-01
7.091742581786932842e-01 7.541200714377164216e-01 7.782776519813746630e-01 7.999476550502940819e-01 7.194799191545118155e-01
7.376822004526607524e-01 6.862357429885942439e-01 7.108209261557318914e-01 7.954556933752866543e-01 6.934886805044018221e-01
6.383010519827519991e-01 7.176777247800875115e-01 6.839725516575566600e-01 7.379594777981204334e-01 6.429343570334228319e-01
6.700846482771508628e-01 6.761565516187990621e-01 7.102479518414727133e-01 7.217146210076996748e-01 7.083171989348635567e-01
