0.000000000000000000e+00 0.000000000000000000e+00 0.000000000000000000e+00 0.000000000000000000e+00 0.000000000000000000e+00
5.618894259990728779e-01 6.027344823408220531e-01 5.879602753454323816e-01 6.041800845585565405e-01 5.609221037741467519e-01
6.136880094420331666e-01 5.351350338659266459e-01 6.901291996269287576e-01 5.656623294731606411e-01 6.689241124875539013e-01
6.132209069361643783e-01 6.471467657081001468e-01 4.141127010492741678e-01 6.211313161571039299e-01 7.056926619512672305e-01
7.131418496853370037e-01 4.432767800769495392e-01 4.976659061561171105e-01 5.123767742872636921e-01 6.570500464644729588e-01
6.938233870482770627e-01 5.603879638668656238e-01 5.666430869384523339e-01 5.606483769984365040e-01 6.284321645631399944e-01
5.790177168104788663e-01 6.518527953457240454e-01 5.914546808894751706e-01 5.193201347723409578e-01 5.729329233940616550e-01
5.160863613885110501e-01 5.428509354589409197e-01 5.482808234387597235e-01 5.284784353215650210e-01 3.601856706811515374e-01
5.638990437270890999e-01 4.102181928936866062e-01 6.008014566575333726e-01 5.276174109083029418e-01 5.858067129332658052e-01
4.375196365420798150e-01 4.811356521216295645e-01 3.447986137756872127e-01 3.911933775689069304e-01 3.094595488160093444e-01
2.145941880657981637e-01 3.310373441967382480e-01 3.498347031261390128e-01 3.747729274128187016e-01 2.985903530136843065e-01
