0.000000000000000000e+00 0.000000000000000000e+00 0.000000000000000000e+00 0.000000000000000000e+00 0.000000000000000000e+00
8.638596491228069940e-01 9.129824561403508953e-01 9.042105263157894646e-01 8.905263157894737214e-01 8.175438596491227949e-01
8.666666666666666963e-01 8.519298245614035370e-01 9.129824561403508953e-01 8.831578947368421417e-01 8.582456140350877005e-01
8.852631578947368629e-01 9.014035087719298733e-01 8.750877192982455810e-01 8.487719298245613997e-01 8.792982456140351344e-01
9.108771929824561742e-01 8.915789473684210265e-01 8.940350877192982937e-01 9.231578947368420662e-01 8.785964912280701533e-01
8.550877192982455632e-01 8.852631578947368629e-01 8.698245614035087225e-01 8.887719298245614352e-01 9.080701754385964719e-01
8.873684210526315841e-01 8.614035087719298378e-01 8.957894736842105798e-01 9.214035087719297801e-01 8.743859649122807109e-01
9.157894736842104866e-01 9.245614035087719174e-01 9.010526315789473273e-01 8.136842105263157876e-01 9.192982456140350589e-01
8.596491228070175517e-01 8.989473684210526061e-01 9.091228070175438880e-01 8.638596491228069940e-01 8.578947368421052655e-01
8.585964912280701355e-01 9.143859649122807465e-01 9.042105263157894646e-01 8.905263157894737214e-01 8.501754385964912508e-01
8.838596491228070118e-01 8.950877192982455988e-01 8.978947368421053010e-01 8.698245614035087225e-01 8.835087719298245768e-01
8.333333333333333703e-01 8.670175438596491313e-01 8.919298245614034615e-01 9.063157894736841858e-01 8.442105263157895223e-01
8.652631578947368451e-01 8.933333333333333126e-01 8.610526315789474028e-01 9.175438596491227727e-01 8.964912280701754499e-01
8.480701754385965296e-01 8.333333333333333703e-01 8.171929824561403599e-01 8.315789473684210842e-01 8.343859649122806754e-01
7.712280701754385959e-01 8.301754385964912331e-01 7.849122807017543391e-01 8.992982456140350411e-01 8.350877192982456565e-01
8.800000000000000044e-01 9.024561403508771784e-01 8.908771929824561564e-01 8.898245614035087403e-01 9.091228070175438880e-01
9.105263157894737391e-01 8.526315789473684070e-01 8.291228070175438170e-01 8.754385964912280160e-01 8.912280701754385914e-01
8.964912280701754499e-01 8.568421052631578494e-01 8.698245614035087225e-01 8.235087719298245235e-01 8.866666666666667140e-01
7.915789473684210487e-01 8.171929824561403599e-01 8.094736842105263452e-01 8.631578947368421240e-01 8.807017543859648745e-01
7.659649122807017374e-01 7.828070175438596179e-01 8.364912280701753966e-01 8.294736842105263630e-01 7.771929824561403244e-01
8.435087719298245412e-01 7.940350877192982049e-01 7.754385964912280382e-01 8.035087719298246167e-01 8.122807017543859365e-01
7.740350877192982981e-01 7.656140350877193024e-01 8.122807017543859365e-01 7.491228070175438569e-01 8.196491228070175161e-01
7.873684210526316063e-01 7.761403508771930193e-01 7.635087719298245812e-01 7.835087719298245990e-01 7.631578947368421462e-01
8.943859649122807287e-01 8.705263157894737036e-01 8.971929824561403199e-01 8.975438596491227550e-01 8.807017543859648745e-01
8.231578947368420884e-01 8.933333333333333126e-01 8.210526315789473673e-01 9.066666666666666208e-01 8.950877192982455988e-01
8.824561403508771606e-01 8.182456140350876650e-01 8.726315789473684248e-01 8.754385964912280160e-01 8.845614035087718818e-01
