0.000000000000000000e+00 0.000000000000000000e+00 0.000000000000000000e+00 0.000000000000000000e+00 0.000000000000000000e+00
7.291750617997508899e-01 8.365527566584110009e-01 8.204379063069878741e-01 7.833901344782400189e-01 6.402157957949428102e-01
7.334749399490483324e-01 7.046624108416400523e-01 8.365527566584110009e-01 7.668463691986933117e-01 7.165088708573064125e-01
7.890553966776077122e-01 8.114136383307662959e-01 7.505333035325341129e-01 6.976691034612226838e-01 7.586233902628409798e-01
8.251954300627047934e-01 7.845548685725741711e-01 7.972826536193798885e-01 8.508551072326734355e-01 7.722474975963523613e-01
7.101840071963766432e-01 7.710598107876971419e-01 7.617818483941443120e-01 7.938103355388931304e-01 8.184944705453970348e-01
7.770979851594087551e-01 7.228157385496718490e-01 7.954826446560215869e-01 8.500795800235448896e-01 7.491623615245038836e-01
8.377035517182005453e-01 8.544584103421232202e-01 8.037098318583560941e-01 6.318275234492334302e-01 8.436671889039225603e-01
7.210759393863401812e-01 7.997883091739194095e-01 8.290203818042829464e-01 7.359088338860468870e-01 7.157896499328378903e-01
7.307281082935218608e-01 8.393957566810393844e-01 8.100745041746164610e-01 7.825462176914607104e-01 7.005387476775422062e-01
7.689625719405781545e-01 8.074276124292735224e-01 7.975638113912875138e-01 7.398985760369638509e-01 7.739277514083889864e-01
6.668678452079594976e-01 7.341307184847185585e-01 7.865610131843442376e-01 8.227686243988571180e-01 6.889158757537702238e-01
7.308142895137211825e-01 7.870768577965968626e-01 7.297708996320119157e-01 8.466802642553551417e-01 8.053729813105382496e-01
7.084991364293671268e-01 6.739548325214901325e-01 6.394509359048559105e-01 6.647968416781380174e-01 6.698283248780996235e-01
5.579999999458369331e-01 6.611954022463661929e-01 5.777347685507129293e-01 8.020977139451976878e-01 6.713992486601637610e-01
7.612004993105790929e-01 8.061208046940127048e-01 7.941712028755066877e-01 7.817338312773962627e-01 8.250774739769034527e-01
8.302040902094924846e-01 7.052631578947368141e-01 6.618737193999615354e-01 7.586142117730414469e-01 7.845483545223194133e-01
7.965651265245489165e-01 7.183412635777756128e-01 7.414406030454523400e-01 6.480141257953014877e-01 7.803749793512011479e-01
5.934308081861291440e-01 6.351309653531146404e-01 6.230367417279905062e-01 7.274630810585867025e-01 7.668802117762121284e-01
5.380895977798336727e-01 5.764500231208341541e-01 6.834116931156082320e-01 6.590746111121114081e-01 5.610512454654497105e-01
6.870175438596490824e-01 5.885411968801009808e-01 5.608858686316797737e-01 6.081260210377399389e-01 6.257831139075584748e-01
5.535493012238388300e-01 5.385385612386630605e-01 6.254751993561229462e-01 5.094331772577457285e-01 6.418930316945381520e-01
5.756446989246207790e-01 5.537009794429140763e-01 5.329484418981882410e-01 5.695034735217220367e-01 5.327618330314727313e-01
7.921261976087526913e-01 7.554629954050379181e-01 7.951147993318602447e-01 8.104341606629680284e-01 7.629953181766407910e-01
6.497350051116765890e-01 7.879723532067843816e-01 6.457895982950614400e-01 8.178771303265763848e-01 7.936397415661621269e-01
7.649275370263801666e-01 6.412899004331025221e-01 7.624668481768417383e-01 7.514371054298872865e-01 7.700260376405018148e-01
