0.000000000000000000e+00 0.000000000000000000e+00
5.315498492757119164e-01 5.315498492757119164e-01
4.711353159716406003e-01 4.635863249727653068e-01
3.962029078465307275e-01 3.962029078465307275e-01
4.256853928563618661e-01 4.180567004860467062e-01
3.459867633174417700e-01 3.373556005374159228e-01
4.027309620895456188e-01 4.104060351907569681e-01
3.075863145511689711e-01 2.428309321285913591e-01
3.286298931948165580e-01 2.769157202452324218e-01
3.950291315507966083e-01 3.950291315507966083e-01
2.982114354163193370e-01 2.876823898505308508e-01
3.286298931948165580e-01 3.286298931948165580e-01
3.950291315507966083e-01 3.950291315507966083e-01
2.187974872468418375e-01 1.916071155079756283e-01
2.886751345948128655e-01 2.778594651131056636e-01
3.198010745334156080e-01 2.667730931178757814e-01
3.872983346207417021e-01 3.872983346207417021e-01
2.187974872468418375e-01 2.187974872468418375e-01
2.886751345948128655e-01 2.886751345948128655e-01
2.992528008322898891e-01 3.096201893516237758e-01
3.872983346207417021e-01 3.872983346207417021e-01
2.314550249431378826e-01 2.314550249431378826e-01
1.433455447702489671e-01 1.767766952966368654e-01
2.553769592276246003e-01 2.886751345948128655e-01
2.667730931178757814e-01 2.667730931178757814e-01
3.872983346207417021e-01 3.872983346207417021e-01
1.608168802256692287e-01 2.055566129482594984e-01
2.436237221323316049e-01 2.436237221323316049e-01
1.767766952966368654e-01 1.608168802256692287e-01
3.198010745334156080e-01 2.992528008322898891e-01
3.872983346207417021e-01 3.872983346207417021e-01
3.957486767910870507e-01 3.797188488649572147e-01
3.243876709388501811e-01 3.051977738033289644e-01
2.982114354163193370e-01 2.754823994389106190e-01
2.412682972884321320e-01 2.645542597988017053e-01
2.314550249431378826e-01 1.906571487459951530e-01
1.916071155079756283e-01 2.049262078314239843e-01
2.049262078314239843e-01 2.187974872468418375e-01
1.910354371114777738e-01 1.433455447702489671e-01
1.910354371114777738e-01 1.237179148263483769e-01
1.433455447702489671e-01 1.608168802256692287e-01
1.237179148263483769e-01 1.767766952966368654e-01
7.094756547606032027e-02 0.000000000000000000e+00
2.055566129482594984e-01 2.055566129482594984e-01
1.433455447702489671e-01 1.433455447702489671e-01
1.006734082821036519e-01 7.094756547606032027e-02
0.000000000000000000e+00 7.094756547606032027e-02
1.006734082821036519e-01 1.006734082821036519e-01
7.094756547606032027e-02 0.000000000000000000e+00
0.000000000000000000e+00 0.000000000000000000e+00
0.000000000000000000e+00 0.000000000000000000e+00
1.608168802256692287e-01 1.006734082821036519e-01
7.094756547606032027e-02 0.000000000000000000e+00
7.094756547606032027e-02 0.000000000000000000e+00
0.000000000000000000e+00 0.000000000000000000e+00
0.000000000000000000e+00 0.000000000000000000e+00
