0.000000000000000000e+00 0.000000000000000000e+00 0.000000000000000000e+00 0.000000000000000000e+00 0.000000000000000000e+00 0.000000000000000000e+00 0.000000000000000000e+00 0.000000000000000000e+00 0.000000000000000000e+00 0.000000000000000000e+00
4.332424637369756137e-01 2.081961628416897914e-01 1.808701472499894547e-01 3.846961419665205772e-01 2.292215864080560661e-01 2.276497634344647469e-01 2.541191834380044368e-01 4.973088515622165473e-01 5.247166271111375346e-01 2.610499950097674438e-01
6.205325451846388507e-01 3.302565192614393963e-01 5.803319299736180437e-01 1.741170552546421058e-01 5.212679139807028239e-01 5.131702535246592811e-01 1.518368601545246888e-01 4.196821618527507569e-01 2.948537838615529760e-01 3.284296807095768989e-01
5.861261514038311748e-01 3.085623263840000519e-01 4.650219077500447051e-01 4.824265958689991640e-01 3.391537723200828136e-01 4.738914318085772903e-01 4.288290205040783953e-01 3.793146118522374710e-01 4.698909633028910404e-01 4.831357427929096060e-01
5.015116433834578835e-01 3.853214102999075186e-01 4.712670099835325477e-01 4.548994541663737845e-01 2.971904303157761329e-01 5.297687255068334045e-01 2.600389909557040413e-01 4.339373757990322988e-01 2.322628125044874370e-01 5.155862303416964831e-01
3.327001794942766044e-01 5.222821979751224308e-01 4.466367708967480255e-01 4.878181600718858868e-01 3.547562327036004048e-01 5.106669027108010628e-01 3.770344832334658891e-01 4.988698787280216318e-01 3.180037699830110531e-01 3.594422858274581856e-01
5.027168954545916391e-01 5.800722610052320150e-01 4.846834017046782739e-01 3.052875393337938226e-01 1.433879598724070448e-01 2.448811315821342594e-01 5.352910514721572754e-01 4.368702634105486871e-01 4.293484137313419158e-01 4.447587187275264253e-01
5.171568627450979783e-01 1.313034219596970753e-01 5.379450009717142711e-01 4.081515302201508821e-01 4.932413918857447843e-01 4.444493289774563705e-01 5.410602060707456751e-01 5.555321967618516155e-01 2.434865675908170490e-01 2.800218716278776165e-01
4.778176387761605137e-01 6.325582995879510673e-01 3.506427536729467831e-01 2.469787606876340524e-01 5.392236564950372291e-01 3.223411846895776200e-01 5.756432831258900817e-01 4.854859386424316137e-01 5.838527996576615697e-01 5.757094221869538675e-01
4.676337645519853536e-01 5.455491770359796044e-01 5.303327542993585553e-01 4.423021613708774669e-01 1.323194219679529604e-01 5.931236495358623850e-01 5.387679597701149348e-01 4.305187500390062483e-01 5.457323696650827616e-01 2.609334020568222501e-01
5.579764615746662937e-01 4.982339163458615050e-01 5.995200088381453796e-01 3.460094230409972993e-01 5.589078820042205908e-01 3.045828951535344831e-01 3.223167624504603701e-01 4.651312767154813232e-01 1.371734417010951612e-01 4.552798863636109417e-01
2.553391101651971140e-01 3.244977412468048050e-01 2.047049111799589816e-01 5.400757431942220244e-01 6.014936518462701276e-01 5.719783597477361425e-01 5.289597117540152382e-01 5.166608714756806275e-01 3.074776655474071863e-01 5.398827093516206377e-01
2.134149327081822922e-01 4.367952000838529192e-01 3.807888602625444929e-01 4.483022036253928588e-01 4.083034189597375407e-01 5.140734644302660250e-01 3.293776068790201239e-01 3.794698194365242472e-01 4.283538192824857260e-01 3.513543103788348554e-01
5.219241734560373658e-01 2.342793577311919062e-01 5.603498978498977490e-01 3.760244353436750231e-01 6.461906657257389108e-01 3.686752736963411214e-01 5.459802066897470052e-01 3.984954469407617772e-01 5.577324461564905356e-01 5.194534071338461345e-01
4.952383670248869385e-01 4.664217677638402004e-01 4.148401411706484354e-01 4.925679465080178843e-01 5.882651953721222959e-01 5.734694902238761660e-01 4.376337821030915620e-01 3.885658734795932601e-01 4.578989290323572936e-01 4.476299968147794406e-01
5.441663365843304456e-01 1.486770966459954046e-01 5.789344044413069490e-01 5.982753169692047734e-01 5.403595945152205315e-01 1.845124434160971272e-01 2.047187732236429025e-01 5.883566151660915011e-01 3.654770353361737056e-01 2.963900773571034319e-01
4.597476876817988556e-01 3.353046280032262461e-01 1.604673042940699401e-01 3.908482558352075475e-01 4.955911717017711382e-01 5.739890572244651379e-01 4.191680116521338539e-01 2.003519716133463080e-01 6.016313951578162733e-01 2.467449090035342130e-01
4.122924725983236893e-01 4.775363332552109430e-01 5.102986203845095714e-01 5.573952677943794232e-01 2.097689067715514943e-01 3.530111900896702459e-01 5.778047409646694943e-01 5.680650064098049512e-01 5.291534107390885033e-01 2.955584654091534258e-01
2.641580959022202246e-01 2.745378974066715050e-01 4.151253964472636504e-01 5.942634268643310902e-01 3.161753646542114771e-01 1.504659742547463930e-01 3.858629923321755806e-01 3.198964981063631141e-01 4.563233249128627600e-01 5.466607644240331076e-01
4.208333603831114211e-01 3.585797673734441582e-01 5.377952592563954859e-01 2.637992635309957534e-01 4.221834120337626950e-01 4.440162028041534370e-01 5.403897999807389940e-01 4.505232604888567138e-01 5.361806797853310158e-01 3.827904584298102986e-01
4.705856897702999087e-01 4.403141905950894719e-01 5.686490677019160334e-01 5.671383343870043392e-01 5.977873974307900129e-01 2.033379897552216042e-01 4.688868177441326002e-01 2.537210656562757238e-01 3.818447732777692227e-01 3.886204800029081641e-01
4.985374191846050351e-01 5.127356802584462914e-01 2.758764696450300979e-01 3.679786088833818525e-01 2.282942479519884937e-01 2.734796989481174667e-01 4.458367144684211025e-01 4.917578240363050246e-01 5.631801210786703260e-01 5.333837927243871846e-01
5.201659488076810778e-01 4.212814502864457022e-01 3.576631886985978670e-01 6.192783620107412679e-01 3.700719509609974311e-01 2.925567672107464157e-01 4.404903721874262601e-01 4.936570394865683609e-01 2.244255736992273320e-01 4.534748342567849200e-01
4.086322835882499893e-01 4.107796222125711383e-01 3.793653989284171413e-01 2.836629870267330933e-01 5.690082069484367899e-01 5.283195979208598070e-01 5.102442761341591249e-01 5.857349342320601338e-01 5.578196006508635563e-01 4.478824810291773817e-01
6.231066742597052288e-01 3.854435420238342402e-01 4.208181596240311295e-01 3.473901949794990784e-01 4.288979401031597360e-01 4.595606186028277085e-01 5.598389251150741597e-01 4.993517157722571764e-01 5.039535015747953484e-01 3.874729986269392912e-01
4.113701573401804534e-01 2.240057994377370465e-01 4.915902533302798361e-01 5.772018040619943946e-01 4.731992195910423860e-01 6.170901468146072766e-01 4.512965600636702490e-01 2.534589285908117606e-01 5.653831315015642733e-01 5.608777535307475359e-01
5.050988936204412472e-01 2.334294367252262303e-01 4.938083357207900814e-01 5.399496336996336687e-01 4.878940912782279704e-01 2.639573899133262347e-01 4.970348721558842109e-01 1.531335555403878224e-01 2.397982044459685547e-01 4.816569272849889893e-01
2.274615881831982267e-01 4.717347599700541516e-01 3.730949165812115775e-01 2.175197574575168102e-01 4.429531912005707506e-01 3.678976188795223257e-01 1.724104111967426911e-01 4.481927489061693359e-01 2.062168080057620312e-01 3.352292785198366376e-01
4.670101220536544417e-01 2.645872134652726970e-01 2.356897598464756105e-01 4.220955341576965170e-01 5.601422579092780740e-01 4.134072355845979097e-01 3.453862114270376260e-01 5.070891399500043750e-01 4.868056162648540797e-01 3.586129316306461146e-01
3.156223951097527070e-01 1.950753861572465109e-01 3.481348634464800917e-01 3.864879481851182241e-01 4.575199891734379465e-01 4.712205109037480577e-01 4.563846486435318983e-01 5.505824922400994748e-01 4.122673466764318340e-01 5.434884909505952599e-01
4.865045541720479649e-01 3.010938557420969053e-01 3.600982194733091113e-01 1.724752441362402966e-01 2.269863612858782076e-01 4.835456687028494294e-01 5.137973509962805441e-01 2.745604327123900568e-01 3.231618741156844776e-01 2.075356563475875826e-01
4.290015699590167264e-01 4.530347072208544823e-01 4.072336546360469933e-01 4.916314546655827233e-01 5.108420991443601844e-01 4.997692988993496788e-01 1.465180410271924027e-01 3.731860231706475295e-01 5.661068971845404363e-01 1.924708494867107267e-01
4.006227449391747131e-01 3.819185589185499774e-01 5.030578331973833972e-01 4.500030440508773211e-01 4.023878828535704111e-01 2.176854576430522770e-01 6.070512368776397327e-01 3.155246602521729060e-01 3.058013918562840772e-01 4.580938266675526060e-01
4.686409802365105737e-01 5.326646715684013600e-01 4.150990592329558693e-01 2.887579712761561557e-01 1.953241433869598587e-01 5.405750674162714819e-01 4.446421264336872792e-01 3.000553624331093183e-01 4.974863320858390336e-01 3.860041606721422713e-01
4.446767189043524526e-01 4.577332905781392736e-01 3.359937092028908445e-01 2.197027301734341964e-01 3.655742837553581648e-01 5.350551216621939332e-01 5.645279374638805248e-01 4.630376760425720106e-01 5.054410575962140495e-01 4.100806056239607589e-01
4.964690890617409202e-01 5.875816644256256494e-01 5.139776785851009056e-01 3.385095591742262600e-01 4.951510131309316831e-01 3.449016660714915306e-01 5.052404969413771818e-01 5.404078168866131016e-01 5.543517378570994580e-01 5.208406705359069910e-01
3.762456316865933070e-01 1.377546263537152427e-01 2.933053007135575929e-01 3.987967979511010119e-01 4.930239107870686976e-01 4.956966569869796224e-01 2.872443080974838581e-01 3.764317878801940465e-01 1.936764372217022467e-01 5.470708391651699642e-01
5.787019634996166673e-01 1.929928666404650550e-01 1.925636382529916646e-01 6.052982508738702361e-01 4.969069384597417649e-01 4.373321114002708399e-01 5.407529522697904767e-01 1.923084394639467398e-01 2.731186150291224357e-01 5.385320842033974875e-01
4.647028212221077093e-01 5.224594501979896721e-01 2.237193471589263571e-01 4.209016684917196160e-01 4.409661966197514493e-01 4.700233871412951014e-01 6.108732751214590584e-01 1.849173397623696535e-01 5.805382480868079842e-01 2.683632188575488797e-01
4.962913075522831230e-01 5.787006232299384267e-01 2.472369479731384434e-01 2.939031490698282290e-01 2.751741165947153012e-01 5.093731431966725953e-01 2.682445598220181138e-01 4.744369616377128729e-01 5.167737236131748624e-01 2.256206096226481828e-01
3.897490569684217698e-01 4.328037788465303182e-01 5.065003030481336488e-01 5.386992287856977590e-01 2.751217483454800883e-01 2.996430303371443449e-01 2.962399026351267284e-01 2.246176587640002220e-01 5.173509749028091242e-01 2.022673341212579134e-01
5.176867597723400216e-01 6.131651919106304582e-01 5.552541841659875965e-01 4.335090958641092396e-01 5.961678789053004301e-01 4.292756924388815287e-01 5.656094318817264099e-01 3.437505974712808943e-01 4.900272109746958149e-01 2.939641686057970493e-01
1.876139470455844005e-01 3.833187956053010215e-01 3.816666992290024263e-01 2.865846681922197270e-01 3.744827906890522140e-01 3.409685246470310349e-01 2.667121221207813808e-01 3.468560637429333182e-01 5.647201227421240199e-01 4.433620107962212842e-01
3.817861879283198645e-01 6.057226218851696764e-01 1.894475480468806594e-01 6.109637835965991970e-01 4.080357434720641718e-01 3.497281227872880982e-01 2.246759221251539707e-01 2.059479138747431493e-01 5.828691826630206796e-01 5.120526520359843792e-01
5.050149161513504126e-01 3.325936971515612295e-01 4.021503249226021093e-01 3.167626001814541903e-01 4.663993305773405096e-01 2.646593494123921086e-01 4.418343330732021901e-01 1.786237139944629737e-01 4.713128603355350998e-01 4.934399249184808212e-01
1.331214240305149676e-01 4.107243555316862915e-01 4.562923083170166150e-01 4.198638669236051113e-01 4.894951111777687824e-01 4.713151839555136946e-01 4.276751656592304718e-01 5.499384021992046456e-01 3.974888882353175279e-01 5.114027557833955573e-01
2.449384698260260174e-01 1.685162895423219509e-01 3.419841693748695288e-01 4.647973064515538155e-01 6.174445447957715993e-01 6.250795108206088635e-01 5.234589391549548942e-01 2.077804083523861478e-01 2.517027863334098114e-01 4.339653436179350954e-01
4.184016232075825625e-01 2.207077968930880041e-01 5.471668225493547810e-01 5.334587513341439990e-01 4.259589456002678132e-01 1.978891272418058234e-01 3.876130513105650044e-01 3.324044124113346155e-01 5.231712051204362446e-01 6.224185038081818666e-01
6.114331230812592999e-01 4.723115075127435891e-01 4.652707144408985140e-01 5.754528323140647439e-01 5.997014643053840688e-01 3.282106212554227742e-01 1.742741620179271977e-01 5.411290199969298609e-01 4.685557875346998413e-01 5.039553116745357775e-01
5.183077116455443445e-01 1.888610209112270844e-01 4.738086464545681054e-01 2.154536636600685173e-01 4.978286293853063649e-01 4.671128099893903096e-01 3.034823423469344417e-01 5.729506876877066279e-01 1.343958272964358158e-01 6.086270551271691920e-01
1.441336441336441287e-01 4.775681894913688108e-01 3.472378587527247262e-01 2.683703685325211086e-01 2.939423921718367638e-01 5.344568445532367207e-01 3.400917182293922147e-01 1.734445751107085154e-01 6.002818701478641605e-01 4.553666703952473638e-01
4.942664001084305370e-01 2.813233025441390089e-01 2.166718447540365022e-01 5.008606432063915648e-01 5.811681725981929780e-01 5.338195984138546235e-01 3.254257460550230574e-01 3.315968325626816871e-01 2.346380490525789564e-01 5.749461520166149198e-01
3.164084506722285584e-01 2.833887207796716989e-01 3.878223240977191066e-01 4.269276720889623733e-01 4.795948690142755044e-01 3.949108840925833475e-01 5.508406854925913532e-01 2.489635598889346768e-01 5.293028081077865155e-01 4.657707891899928732e-01
1.621233739807500795e-01 3.038054685508739805e-01 1.966302432725243188e-01 3.176873135295139594e-01 5.626546071710445407e-01 3.507092349169333989e-01 5.695622746072932507e-01 4.565594119193331357e-01 5.591467634718387814e-01 4.336832108761933258e-01
5.158647202274384558e-01 4.812785359903740123e-01 4.710946221977057591e-01 4.796609924275269110e-01 2.830904023743291420e-01 2.075386058221562191e-01 6.220454066463109166e-01 4.634013388814850476e-01 2.596080579691313339e-01 3.645362548079795761e-01
5.352858776443681910e-01 5.591947478086320977e-01 5.153106532935154416e-01 6.043020329743493679e-01 5.489640069695886915e-01 5.473714559841378335e-01 3.808985594145412046e-01 3.242690496870432870e-01 5.227962752803191337e-01 2.530502420426427035e-01
4.140876997594776232e-01 3.763486906242573538e-01 2.276984716018448096e-01 2.612848327623107370e-01 4.203115913309654061e-01 6.251087080626236414e-01 4.766601302153824493e-01 2.163256033213188934e-01 4.836777846288715654e-01 4.658945975506884607e-01
2.719853133576174420e-01 2.586862533295227751e-01 4.495018545762168860e-01 5.381135572508404241e-01 4.927742017288562204e-01 4.558832436988790038e-01 4.390279815909106653e-01 6.028184044586352153e-01 5.400987333717971461e-01 3.239348179883854706e-01
4.696744948283785304e-01 2.296190848165501897e-01 6.190034072254533282e-01 2.946917363745216178e-01 2.190663615308188761e-01 4.425519876646503148e-01 1.426531245168817519e-01 2.444853273341645594e-01 3.642838689752180281e-01 5.674683583225290651e-01
3.443169594129978361e-01 1.933931934244763062e-01 5.411186112824938332e-01 3.028203709226307550e-01 6.184748675762939962e-01 3.026008384266516416e-01 2.550924447440841014e-01 3.365630558571882092e-01 5.103298100307642748e-01 5.956145007599285002e-01
2.134904000414014347e-01 5.162176800107043384e-01 4.061932515404433897e-01 3.844223045687531481e-01 3.847571957748724403e-01 2.768662117452440619e-01 5.461132194217472868e-01 3.557360823393102001e-01 2.334715818759936501e-01 2.259397307920371356e-01
3.872237012700930903e-01 5.314341452083535255e-01 4.949220379752526933e-01 3.143398019289433964e-01 6.090877171404809332e-01 4.221947426257594005e-01 2.624173817254174534e-01 6.317680995693119028e-01 4.170437491860901624e-01 1.951251314771512146e-01
1.235464154628943823e-01 2.152566279121981008e-01 2.342865592865592816e-01 4.215671022098812504e-01 2.819461389199340862e-01 5.520270111727811901e-01 2.352922174943824496e-01 4.826659136101493219e-01 2.585295048728517009e-01 5.873851172421344913e-01
2.110135400947584783e-01 5.839985171506910655e-01 2.869771320875066367e-01 2.956891404940942825e-01 4.798644862585645932e-01 5.091704487511746757e-01 3.267968522503506557e-01 6.060084542323347367e-01 3.607707735190164855e-01 4.478841881212066722e-01
4.495407286558288362e-01 4.778377294750590920e-01 5.399333913289821041e-01 3.577810507147564101e-01 4.086137865569998695e-01 3.335265141709017334e-01 5.429494639410168411e-01 4.281735968026160188e-01 3.017546136241627819e-01 3.700803998828617325e-01
2.629635478646303315e-01 3.712940326636619548e-01 5.590372448350969803e-01 6.203651421042725156e-01 4.779284100830575865e-01 4.365086147965735464e-01 5.031943372782838875e-01 4.439497156824218083e-01 4.535719683382356537e-01 5.438787443105805863e-01
5.680289800304971770e-01 3.531795212150559138e-01 5.391509262724525353e-01 2.993764009680606741e-01 4.737229166328039698e-01 5.249397606811209149e-01 1.194688562447879937e-01 5.734961697625998722e-01 2.692122761426846145e-01 2.659256710707108562e-01
5.142973575840769085e-01 5.887379859592445364e-01 5.855138892448226162e-01 4.123436344921804775e-01 3.819352091769543378e-01 3.035434831860117644e-01 5.674087625298603887e-01 5.168551342041909358e-01 2.372857674710325271e-01 3.291845193910098999e-01
5.409389525845222924e-01 4.844709139390067643e-01 1.750816760633039926e-01 3.494691057045046234e-01 5.292217595816807174e-01 5.436063834530977523e-01 3.081405006029177551e-01 4.354000531632110649e-01 3.689645801729100616e-01 5.191445109801826607e-01
2.014912648878258161e-01 4.308366810282655557e-01 5.102579675806412363e-01 5.872600387724573601e-01 2.208624918609287946e-01 5.147321039940858656e-01 2.833550667247566324e-01 2.934712422082418337e-01 1.307818627157586733e-01 6.001238364676985126e-01
4.067715551510836525e-01 2.817851287538776228e-01 3.854792863009281478e-01 5.499387321792582606e-01 2.760244242243742874e-01 2.074235503984946383e-01 2.339112423140280450e-01 5.164626385145252296e-01 4.982268914775580537e-01 3.543061953677764109e-01
2.348768160313480791e-01 4.962105266583987651e-01 3.651967073174503531e-01 4.385329908504653762e-01 5.071877950816902070e-01 3.128122063468425362e-01 5.467811668250076584e-01 3.426796842597601422e-01 5.695210821843832427e-01 5.499747617875333505e-01
2.483362215719012722e-01 3.633784880187757582e-01 4.796804459488713812e-01 2.218472153809804004e-01 5.218321254034791190e-01 3.080216890909266425e-01 2.885842473755234061e-01 1.923981329758180370e-01 4.946765926366233912e-01 2.330588243979505869e-01
2.926136381385555651e-01 4.682872625457182858e-01 4.855988112458266559e-01 4.282821843760348246e-01 4.497992261473250375e-01 5.106041374181843340e-01 4.677683300580216530e-01 4.952582946921060270e-01 2.746365524402907266e-01 3.450542999598051330e-01
4.648989614908828338e-01 5.961614846036472626e-01 4.626553280852878647e-01 5.537551474002871954e-01 4.529009972523005967e-01 4.250418409873830683e-01 2.651328031376629091e-01 5.048350884120559323e-01 5.388785224153653797e-01 4.273725271831760320e-01
5.513461100286090044e-01 3.821311453593319585e-01 2.354195961957631089e-01 2.791907211688096080e-01 3.420647043766080753e-01 5.533388425391692067e-01 4.077191304070685307e-01 2.674196240896912213e-01 2.314137760566332136e-01 2.899583874093252245e-01
3.301763848416992553e-01 3.288431045240255424e-01 2.733055875788232836e-01 3.913906953061494498e-01 1.915685165215313401e-01 5.133826702004117282e-01 5.259206411209720322e-01 4.774485273001699559e-01 4.478556298827869320e-01 4.304735136971252762e-01
5.347185517986652314e-01 1.572521855248758538e-01 2.926277062597623657e-01 2.042524588260400398e-01 4.559546753842604883e-01 5.845735723660673289e-01 1.080159322877769501e-01 2.933128712707191443e-01 1.988591864524937858e-01 4.099746970671863666e-01
6.311184797524692636e-01 2.554632834915342432e-01 3.701606440845199297e-01 3.535235808335437935e-01 1.684367302252545717e-01 5.193357176152755272e-01 4.388505488421770018e-01 1.896381542272521648e-01 2.145149669918138269e-01 5.273532743164346392e-01
1.634725337555526237e-01 5.382076304228065045e-01 4.893923519520974041e-01 3.141151493590523258e-01 5.170836842592265725e-01 5.527813633869792520e-01 2.490092110333312347e-01 4.578824840973179100e-01 3.454221480895640073e-01 1.710520638213114397e-01
3.467054600553604593e-01 2.476982140261586030e-01 2.264582333813102977e-01 5.451223515081121684e-01 4.229784963285762034e-01 2.161410413684999310e-01 6.134867089522164640e-01 4.837877947830416248e-01 4.461997345515696933e-01 6.310071856600378837e-01
5.709046758855187420e-01 2.810541408530849439e-01 5.810405868768755422e-01 4.510459433040078236e-01 4.176285046117872990e-01 4.489275506411803396e-01 2.602085244162193334e-01 4.038790342033393710e-01 3.599787570444732965e-01 5.009431399021118114e-01
3.546147713001682744e-01 4.314488124656077894e-01 1.910317644524325564e-01 5.448181761661167188e-01 5.611314195624950152e-01 3.452696620841740893e-01 4.667328936628505898e-01 5.340887006090750955e-01 3.047585275244850123e-01 4.635737632004323650e-01
5.095837550607287270e-01 5.635684309545589965e-01 5.279600441664535904e-01 5.429949129147366715e-01 4.257343914840350241e-01 5.535559863215393506e-01 5.061361364048824196e-01 2.616279891991529216e-01 4.323181230897916172e-01 5.249172917217883594e-01
2.805083820356247815e-01 2.745726495726495409e-01 2.308347777380315158e-01 3.941726081858143438e-01 2.503478056217737779e-01 5.323665022499013411e-01 3.828847133950012416e-01 5.426593633487948320e-01 5.197468698976286383e-01 4.918458712229538121e-01
4.667066418576823472e-01 5.842947251378149964e-01 4.573902430290298082e-01 5.747699414472863255e-01 4.007494821306505917e-01 3.388442262246880166e-01 2.340203017742302771e-01 5.615856586708347642e-01 4.412575226479720225e-01 4.344848667473393267e-01
3.214745093439674850e-01 2.144667244118393379e-01 4.048778961329831949e-01 5.236673895263354028e-01 1.702545795881215129e-01 6.013138146231770120e-01 5.045082643023403035e-01 3.461179359183103044e-01 5.600593311426447229e-01 4.429802956357566934e-01
5.552735877299507239e-01 2.368303782505910005e-01 4.711823549019488744e-01 2.117001016630037924e-01 2.926574583127570239e-01 3.542276081250313458e-01 4.011939828052329959e-01 2.962105854471547284e-01 3.414750732625284613e-01 3.453031497143406181e-01
5.753934933927498108e-01 4.224408500239753561e-01 4.917007303666008911e-01 2.557267374305698393e-01 4.412829993679779905e-01 5.280280548078195579e-01 4.925917667748008766e-01 4.976915794557103534e-01 5.753368438192694168e-01 4.765191688947464921e-01
4.500421617746087621e-01 4.128910146396773673e-01 2.973797954969484847e-01 4.750523012841051385e-01 4.192970387155399714e-01 1.962410500172217243e-01 3.697303538643301746e-01 4.973827520792772905e-01 4.548429436469025866e-01 4.436582900234508076e-01
5.990661370907177652e-01 2.598949963230350879e-01 4.226600524953449955e-01 5.524998931217968146e-01 4.164281188989307214e-01 2.892459499470042550e-01 5.753187115795298512e-01 2.612275696950245862e-01 5.169641551724588613e-01 5.123546020152836000e-01
2.447430971041452685e-01 6.328093152421938594e-01 4.427027649183509217e-01 4.050145939045718957e-01 5.914085314972961083e-01 3.121285823688426664e-01 4.221438406348325123e-01 3.057876360584897424e-01 2.207349704595566453e-01 3.029995658852601137e-01
4.246907096171801954e-01 3.129674968341072394e-01 3.531697066833121568e-01 3.471392585749387694e-01 5.357539720721988807e-01 2.838824257454535260e-01 3.387426515233890045e-01 3.386119109752027678e-01 3.679663040174463440e-01 5.516306514745650258e-01
2.794726460281702907e-01 4.548513810465037444e-01 3.436482461126198484e-01 4.914907677965619781e-01 2.686059184951458123e-01 6.366974712753636911e-01 5.593189152580635426e-01 5.726171568804326872e-01 4.519122818344556425e-01 4.658774643364443913e-01
3.642229805016855559e-01 2.501353376353376290e-01 3.989399610234233839e-01 5.570509802416583334e-01 2.522186822115805027e-01 2.347070670029908768e-01 4.270749585335714138e-01 4.040728058844000881e-01 2.655836928977467482e-01 2.784360425031179864e-01
2.031902059274321715e-01 2.559923363274046459e-01 2.440013983718875290e-01 5.368604957705795933e-01 5.213065381664905296e-01 5.071956091281029089e-01 1.245486346519620036e-01 3.397528038253876392e-01 4.661968096820722218e-01 2.526643134694720461e-01
3.722536809262267377e-01 4.596075373781244866e-01 1.708121559417750679e-01 5.840255918141780134e-01 5.099941010251997087e-01 2.412191723282994249e-01 6.042363240430267401e-01 6.294576793978191587e-01 5.121298777415637105e-01 3.899616269657807943e-01
5.371269695399015776e-01 2.401434372408628448e-01 3.447562940082201655e-01 3.716252307545722111e-01 2.218824265570086829e-01 4.799107275915740489e-01 4.900563896355383808e-01 5.596997171050626108e-01 4.765674903155014963e-01 5.616832126379158741e-01
5.499821643986061437e-01 1.727598388737738577e-01 3.427032073168750914e-01 3.041783646107298900e-01 5.267132123358133633e-01 2.190639095590101171e-01 5.879725690333968968e-01 5.159252410318581061e-01 5.647233773123192524e-01 4.787701750562149416e-01
2.831367326230340709e-01 5.078001652071209016e-01 3.500583677425985751e-01 5.321353701638508182e-01 5.304870831328380998e-01 6.107327730712028835e-01 4.492281352502514036e-01 5.259280061083946300e-01 1.790594807252267051e-01 4.858479694341047983e-01
5.050005944768840571e-01 5.169031961683626664e-01 5.219846251698863071e-01 2.790597701522291585e-01 2.315249705754667819e-01 3.433454995485700212e-01 1.629440455970440627e-01 5.341948742891124979e-01 2.077767046628829772e-01 2.241375114905032051e-01
4.650814917903733914e-01 3.198352870107870061e-01 4.330753943600262335e-01 5.032669003256169393e-01 4.425595359170963472e-01 4.200898025828863069e-01 5.544728228851157903e-01 6.307519432240622503e-01 4.083137267194508757e-01 5.475374598651600033e-01
3.016021569769756772e-01 4.241774205078037152e-01 4.518304429402033584e-01 5.451880907289224920e-01 3.593051319520737530e-01 4.881335296135468349e-01 2.999799911666390373e-01 2.764008095029608647e-01 1.843239564535790187e-01 1.612924240258576947e-01
5.774975183224538844e-01 5.533688026743255328e-01 4.891967957261035282e-01 2.405465799185384779e-01 1.405856092436974791e-01 2.457042057440183003e-01 4.435794449567070918e-01 5.995183883013566195e-01 5.248543552828652814e-01 3.543612104075580804e-01
4.282885865621265387e-01 5.707840641135655257e-01 5.111074653102295473e-01 5.400367068937521609e-01 5.016028271565446950e-01 4.874609398597404830e-01 4.844216942636623280e-01 4.623730302247481272e-01 4.482031798858672755e-01 2.955207862512215788e-01
4.543093391230607070e-01 6.076176660904226701e-01 3.277939943697803504e-01 3.957895806160149355e-01 3.697228766569096159e-01 5.445128439385782393e-01 3.391870966335464033e-01 4.035003517959778740e-01 2.523630909853820103e-01 3.567201021848539488e-01
5.924743455576000351e-01 2.666169558195513600e-01 5.623626894783861907e-01 2.024197854473083757e-01 2.534684219371858838e-01 4.318891459728684268e-01 6.236159207463063403e-01 3.221937937288885667e-01 4.496258515575599635e-01 3.248612766423028542e-01
4.396963513776119825e-01 5.952863577735187928e-01 3.468974941798213529e-01 3.726761220824186260e-01 3.565887119196578525e-01 5.469117782157517649e-01 3.323197374698653173e-01 2.090091559778951558e-01 4.843814273170156115e-01 5.183496388158284063e-01
5.210356161588797219e-01 5.674038297965141586e-01 3.775219352805559980e-01 4.988542505662806881e-01 3.808291613248098173e-01 4.708081633705991642e-01 5.211429818501638334e-01 4.544246511911670949e-01 2.404865521070342904e-01 2.261445191136031152e-01
4.712027865617611777e-01 2.128477007382326147e-01 4.924527961917051222e-01 3.101940866745633851e-01 3.913872623118076488e-01 3.431393907188444725e-01 3.728561456727357282e-01 5.115180214861483332e-01 5.104937985618834828e-01 3.851356507301484933e-01
5.054672181267998443e-01 5.015051486464042751e-01 2.842055399876471378e-01 3.686843348388590402e-01 5.540314350583994685e-01 5.938867541131779282e-01 3.601688114158040355e-01 4.615915177744451814e-01 3.969237450867936223e-01 6.041907150655601022e-01
5.849210210864530524e-01 6.068602431926436447e-01 2.950091575091575158e-01 5.335398436720598658e-01 2.681826537617414963e-01 4.195055822017572655e-01 5.261345404456371222e-01 4.358831826411301291e-01 5.685957424928013149e-01 4.587519285699487304e-01
5.029866938100147067e-01 2.601633677614751949e-01 4.649103860095057383e-01 5.736182402849069328e-01 5.333473315523734604e-01 4.852332292026171334e-01 3.601548301000435659e-01 3.248536625925002030e-01 4.893170764312029242e-01 5.252738378113743778e-01
2.920524203250881579e-01 5.475492327435815820e-01 5.783738567901278715e-01 4.679082291206797528e-01 4.393041882752858340e-01 2.137474267075754053e-01 5.520415987720419526e-01 4.854835863196574897e-01 2.817587603220698123e-01 2.150450000955614338e-01
3.950079569102705190e-01 3.002082073582732491e-01 2.842449469065375656e-01 3.227161118046245614e-01 2.344703319376189310e-01 4.528451538298436940e-01 4.597820157649895045e-01 3.579885380594939326e-01 3.261115089032210479e-01 4.585098836634301511e-01
5.302850288285767544e-01 5.046946210001886923e-01 3.198957686171802206e-01 5.284872817443155846e-01 5.715867425517550116e-01 4.470213344942925993e-01 1.679844481013549051e-01 3.082240759649125805e-01 5.856252964706147868e-01 4.239864618692711917e-01
2.451834597624261702e-01 3.598528915980451215e-01 3.369330004821603497e-01 4.899478176040545363e-01 5.246667921444809757e-01 4.767102277238380870e-01 4.971251928733642078e-01 2.114918643426863532e-01 5.011163250246620793e-01 5.177628359721785367e-01
3.284742044535913785e-01 4.866997241532766139e-01 5.649616817475925368e-01 4.643869256308974514e-01 2.038476824816002342e-01 3.755582002023163390e-01 1.583974848680730907e-01 1.321508214627042377e-01 2.325582486319920095e-01 4.826531366007456025e-01
2.191876014713884380e-01 5.178535353978572786e-01 1.434978452228131141e-01 5.567680514159074612e-01 4.074809782153759885e-01 2.819393080952510289e-01 5.820765262176782473e-01 4.444901047136938788e-01 1.917933428846704813e-01 4.282792629307098919e-01
4.055776892786282506e-01 5.968805375123760193e-01 1.999399950418438432e-01 3.892367814435264695e-01 2.928296853136539979e-01 4.712622069926085677e-01 4.794609541936367680e-01 4.747268301128082513e-01 3.633754664846167159e-01 1.287711552612214871e-01
5.373208773936397620e-01 2.737576056982552464e-01 4.306476050517453746e-01 3.523013275140934875e-01 3.609675186486108189e-01 5.646950974482619623e-01 3.160073266661870273e-01 2.797470403255641891e-01 3.396096070145533941e-01 3.478796765792239731e-01
5.632159651410634238e-01 2.568577197485312213e-01 1.965673913878988044e-01 5.629083476753183879e-01 4.059387299522443926e-01 3.681782512327113066e-01 1.612461551060953568e-01 4.249723205543420868e-01 5.875356871001725656e-01 3.496348389497004883e-01
5.071097121814263087e-01 5.802247960388673409e-01 4.847834397201485901e-01 2.447371610511354656e-01 5.670220140197638203e-01 2.943582205308106214e-01 2.678721175573693936e-01 5.232676680104196842e-01 3.178274894516521232e-01 4.289124726168902502e-01
5.819584563879586225e-01 5.969164992623210431e-01 3.803529592745333310e-01 4.573262751027770134e-01 3.804545808359928172e-01 5.954070742445244369e-01 2.158139093782270312e-01 2.174072400317569320e-01 2.892158875066902501e-01 1.592044477819866133e-01
6.005172831428922109e-01 5.479722598489702445e-01 1.607659270209462754e-01 4.516946840942338559e-01 3.047912639842402793e-01 2.806104927304089447e-01 4.612108845455192285e-01 5.534825584502531814e-01 3.301285491330572808e-01 1.924363520111601888e-01
3.661075620950943188e-01 5.036008961832629804e-01 5.599633920909574680e-01 5.488360832534584510e-01 4.757374787080397294e-01 2.748515288637037313e-01 5.196969800513868698e-01 1.286040561167756113e-01 1.992912429045105849e-01 2.026960983471130517e-01
5.568842683544716898e-01 1.434221501252965214e-01 4.577989430488869083e-01 4.207290659292046708e-01 4.057906495569134631e-01 5.108265806078398086e-01 5.175801604660449362e-01 3.542860755110437965e-01 4.127934114204788729e-01 1.863696302303992636e-01
6.230247520279024176e-01 4.990966532032591885e-01 1.604903657181919185e-01 5.557548425421254823e-01 1.212835502205580757e-01 2.695481642477433604e-01 4.667567181038536628e-01 2.536067272078101897e-01 2.960587291061651527e-01 3.904989923467364621e-01
3.615798670835479456e-01 5.129238196506840097e-01 4.701057089283900980e-01 4.726670501608579156e-01 5.498292129315528465e-01 5.345586182209767223e-01 2.688186950478301251e-01 5.541644537916285973e-01 3.916217066468983266e-01 2.072601560000984222e-01
5.512292052918894569e-01 5.725998356877937123e-01 3.181651264144012559e-01 5.108100300783227077e-01 5.647595682213123469e-01 3.755986811644711487e-01 3.668833361537773285e-01 3.095279127169262567e-01 5.219795215410205635e-01 4.827238346339385311e-01
5.290949698263796019e-01 6.155773347379940308e-01 4.286238071691235163e-01 3.556037379427302580e-01 2.307619539043687662e-01 2.290454434410369167e-01 2.301533731123914239e-01 2.975646398151935434e-01 5.284439580884905396e-01 3.323502337044700883e-01
5.203013032606067512e-01 3.866891147353395120e-01 5.668586600121869878e-01 5.349214005581046649e-01 5.308473075610171676e-01 4.553039817446564164e-01 3.502564118616621758e-01 5.548530677396218413e-01 5.349834829926439772e-01 5.629729942659681408e-01
5.888536542860011158e-01 2.365758479143297288e-01 2.694526579768465879e-01 4.690399361275078283e-01 5.183633329875160234e-01 3.488450108658655013e-01 5.715535033062680847e-01 4.884782582469675560e-01 4.360368577748844898e-01 5.414375040352987778e-01
4.051725276829931666e-01 3.505353802473080149e-01 2.778734505500713992e-01 4.563913165026715624e-01 2.704274424696020418e-01 5.835227368563998818e-01 4.966295161082886489e-01 2.713138683637239534e-01 2.717994032722261810e-01 5.168543564242318311e-01
4.680323993379670311e-01 4.914874281690983504e-01 3.678776192812227563e-01 5.523620479233822822e-01 5.245775894149471430e-01 4.026667515068547143e-01 3.781269180295626642e-01 1.456414061502742108e-01 4.311266211651378355e-01 2.418508331015611912e-01
3.490944272445820062e-01 3.787497600921245766e-01 2.229459451556303207e-01 4.957491263272847393e-01 2.631152564809664529e-01 2.826161411141648871e-01 5.341675354103245787e-01 3.206100596359501287e-01 3.352758322024085857e-01 3.692852607026034795e-01
5.500590814299735065e-01 5.926596309818101815e-01 5.315987011754819136e-01 3.270097893247407295e-01 3.546208830363365982e-01 5.109003749808331829e-01 5.067547195216171030e-01 2.878916819411713179e-01 2.763645019345177811e-01 5.552242409581397142e-01
5.021422422239468775e-01 1.358214207227100290e-01 2.870496198709012181e-01 4.643575579710373935e-01 3.499000702506389615e-01 1.581209042764571693e-01 1.747855963610790153e-01 2.079516395137164519e-01 2.082315746827803626e-01 4.765222626518307858e-01
5.028592816400110355e-01 5.122234002650623008e-01 6.178922182235435656e-01 4.157235069486041046e-01 3.687371929962082739e-01 1.873198337828562710e-01 2.167841330080419460e-01 6.018744794675574550e-01 5.183130818293419928e-01 2.273736868975210212e-01
4.600930623976882128e-01 2.660390428845111899e-01 4.529953723673196264e-01 5.254461566820490814e-01 5.018954891879079394e-01 3.112776913351033570e-01 3.076713981825754951e-01 2.318385199520742457e-01 1.639123040520555907e-01 4.618365107157321736e-01
2.134705507296529858e-01 5.689992409205648638e-01 4.477223340357872061e-01 3.849582258040392668e-01 5.404387112311697106e-01 4.731473399340239139e-01 2.286663108580916925e-01 5.808005556424284954e-01 2.753546581767044588e-01 5.026179142853681725e-01
5.677349326956054876e-01 3.054744225663635904e-01 5.881355144454638584e-01 4.325287668517099893e-01 2.999955442181763132e-01 4.092200821170585701e-01 3.396736886236089714e-01 2.085548582054858047e-01 4.751528741007430279e-01 3.214274814124565283e-01
4.055334372611800742e-01 4.333264915161466613e-01 3.966899435759764225e-01 4.590914189493915387e-01 3.317101037343375136e-01 2.634452461930969491e-01 2.777019699483852522e-01 4.549880880359042923e-01 9.935897435897435293e-02 2.815978454472160553e-01
5.804824313743205400e-01 4.276949777996346125e-01 2.940121790808780666e-01 5.703952591191895349e-01 5.250665428793256373e-01 2.520059191840261503e-01 3.769874938997281877e-01 4.895986755079118069e-01 3.593542101714906623e-01 3.146304438386844371e-01
2.299178014967488692e-01 3.997611027402843131e-01 4.557448107161465867e-01 5.682370787609932750e-01 5.120517937617445892e-01 5.712351655273490980e-01 5.085395417913380900e-01 5.858829602357473743e-01 1.540016496184015149e-01 5.473339038624758235e-01
4.787958520352886271e-01 4.451809762231321299e-01 4.745445927881741799e-01 5.384099204666432659e-01 4.134712702911413906e-01 3.639224334296760066e-01 4.548317365354281883e-01 4.146101865250965135e-01 5.550405788020054132e-01 4.618501726526346163e-01
2.278119978942373947e-01 5.098986932815170459e-01 1.565930956423316478e-01 4.709207213333461706e-01 4.457267740724365490e-01 4.733200899158346298e-01 2.929278326009752131e-01 4.971341051847584791e-01 2.940775529695982549e-01 2.388213567940478677e-01
2.762076040981105152e-01 1.850746551549325158e-01 4.523200234276849585e-01 2.629367508993352143e-01 5.381277196822715769e-01 5.899297745838569806e-01 4.057926397143603037e-01 3.060306316471301247e-01 4.339891653436436236e-01 2.194235381759042647e-01
5.431590977087153993e-01 5.452865517056054712e-01 1.867208858890919143e-01 4.676081070765737979e-01 3.276271147579482568e-01 2.818370048086089596e-01 4.515572538324847951e-01 4.855308439930949849e-01 6.136741705496763233e-01 3.113207606965571195e-01
4.541053891999000669e-01 4.189873965371204712e-01 2.952334762469055462e-01 4.437185000263874080e-01 5.627786349225922802e-01 4.452018716505564688e-01 5.886986084098887462e-01 5.465652999223107322e-01 3.475931901421092096e-01 2.654455584092838549e-01
5.196692238234155159e-01 3.410482745831203699e-01 2.801927033725259419e-01 4.533837612312948684e-01 4.898860952831836646e-01 4.111904859925147315e-01 3.087441243718744843e-01 5.744642020736961951e-01 5.584284655686487797e-01 5.090597497512501235e-01
5.472881942256114796e-01 2.755049020065402088e-01 2.627318961733467462e-01 3.611292739443435762e-01 2.608896838272294350e-01 1.704020252908617361e-01 2.739191152839855481e-01 5.169625163889493003e-01 1.274900871382102230e-01 5.978945397603485645e-01
6.311987600783115493e-01 4.230560245629820804e-01 3.449822012801816440e-01 3.076010445316846864e-01 3.843000824688802552e-01 4.312318679134762300e-01 2.471035073219948752e-01 4.496466337631577770e-01 5.821924990155212809e-01 3.722350258962480174e-01
5.862337434201783104e-01 3.674182346084778894e-01 3.537504380571132589e-01 3.662931236654592970e-01 3.205875920390756084e-01 2.044263058150333490e-01 1.906172071220783582e-01 1.973687403824294639e-01 4.332780833551734267e-01 5.408001592372254640e-01
5.286864264319335316e-01 3.479954627590342575e-01 3.565394972641606208e-01 5.928253381910028041e-01 4.299417027268356284e-01 5.160308371660449200e-01 5.439413461164928076e-01 2.391272260284236506e-01 3.256722011968692931e-01 5.116600736360148449e-01
5.657411252945778735e-01 2.675700929094320113e-01 3.341631979039255684e-01 5.083566088885238532e-01 3.819416464125043875e-01 5.438226519154754079e-01 1.950072847961554778e-01 2.944616276365992213e-01 2.799157736089142312e-01 3.215543286514897514e-01
4.623874076142250877e-01 1.490267092508940350e-01 2.199625720250652783e-01 3.206539074960127467e-01 4.972754711829021068e-01 2.194311577930782853e-01 4.438563890865969697e-01 1.151960784313725422e-01 4.593026935510445274e-01 5.695649290798802111e-01
6.146941549191625720e-01 6.026254332310020390e-01 4.547495811465852578e-01 2.039865003432214108e-01 5.463981773971028355e-01 3.110191636906658452e-01 4.714185543820750279e-01 5.562305215582484808e-01 3.438848280760045673e-01 2.746366623222492587e-01
3.547064579519345617e-01 6.090562187234859204e-01 1.416126643610464420e-01 5.270805377043210616e-01 4.791466705580690322e-01 4.268910584617718329e-01 6.004300142774894322e-01 4.444099704934319495e-01 3.151643814071559691e-01 2.930882304111419590e-01
3.904724020930320227e-01 4.154440109689770400e-01 6.126259473341184592e-01 3.611210337881654020e-01 3.213156737053795564e-01 2.514050921181124054e-01 2.240570799599092000e-01 1.635346620801699513e-01 3.265827571305098820e-01 1.578733616756158031e-01
3.971075119535893982e-01 2.748357820356490122e-01 5.421598557924479644e-01 3.289014919674655424e-01 4.038081395641794358e-01 3.589416928936157714e-01 3.288823088189356536e-01 5.666156514070613825e-01 1.423871360409574849e-01 5.669642396889108538e-01
4.055822788961246372e-01 3.095655744738229354e-01 4.377080542361871940e-01 1.195907137151479005e-01 5.000444974673576848e-01 3.082244836720540171e-01 5.163739983441957282e-01 5.231333626677264759e-01 3.362561022280716738e-01 5.936530781987615635e-01
1.201885926784506675e-01 4.300202126626996857e-01 3.515327535300180051e-01 3.653234389496450851e-01 3.143345251520229811e-01 5.736173456767595935e-01 4.062440897057107980e-01 2.618795741605106642e-01 4.977291599140354905e-01 4.860102441200773171e-01
4.743428290590133711e-01 4.227717968965601925e-01 5.426463469411026974e-01 5.588959212376933827e-01 4.995191490983916793e-01 5.448069192060083221e-01 5.255631456508801369e-01 4.997506494943894095e-01 5.369587811127518595e-01 4.002279104398723253e-01
5.277216281204989423e-01 2.356417644917186971e-01 5.882642921825180782e-01 3.387079495585438860e-01 4.296686142848113454e-01 1.870253299411972492e-01 5.662614820229802115e-01 2.906102646745328810e-01 3.339363116367001227e-01 2.875899975446891133e-01
5.317515365658067594e-01 5.252991481589937006e-01 4.377329403196785762e-01 4.382621659227386446e-01 5.050243538802009491e-01 4.003613729348405315e-01 4.059866132116771720e-01 4.958914702217859238e-01 5.069566049342975056e-01 5.930202741273951084e-01
3.137499291577841576e-01 5.342643207401218675e-01 3.638058018878279620e-01 5.301282010312647897e-01 3.048687162442874632e-01 3.268334569423458902e-01 2.207881022289284734e-01 4.003052412946562222e-01 6.562251615466245802e-01 2.061698874995100128e-01
4.486702182925170757e-01 1.814606738325897362e-01 4.048700923506147742e-01 4.519847632390440184e-01 5.428448675670789481e-01 5.000801992285127673e-01 2.569660323636199228e-01 5.228044197423730166e-01 5.920092942275447800e-01 5.623966265454842794e-01
4.515546780791884762e-01 2.556423317287565000e-01 4.257448886688437462e-01 3.911342688843623128e-01 3.152071753202503324e-01 5.199634669437074308e-01 3.683966084417905074e-01 2.504827715478630257e-01 2.807971483930379319e-01 5.318143545460138899e-01
5.022308814499001350e-01 2.115504406874308130e-01 3.148546616008121024e-01 5.298565901895495589e-01 2.068299043755433275e-01 1.254300673148840695e-01 2.887017814687081740e-01 5.067987650122957044e-01 3.589154843749307044e-01 5.404991450021303656e-01
4.753391719463018195e-01 2.938226253472103755e-01 5.607979320665887890e-01 5.155830388651626572e-01 2.890605357016435284e-01 3.933624259675546631e-01 4.296751593742521025e-01 5.034050327865819963e-01 5.544948431312067827e-01 5.336744492160030440e-01
4.496934148055533043e-01 3.897464506842196474e-01 3.297870997086806977e-01 5.325254936641889980e-01 4.632667073361220744e-01 5.171232971244297261e-01 2.265662423678867776e-01 1.717827558505524710e-01 1.324885844748858454e-01 1.675353854257108366e-01
2.531340484509403965e-01 1.237940804488062707e-01 5.285161449099917697e-01 3.211702671142898646e-01 3.569521371677716326e-01 4.440129577545631756e-01 3.298450071020018748e-01 2.822990214882540316e-01 1.926502057467535944e-01 4.385358758426954884e-01
4.303895669573847282e-01 6.041059210421064751e-01 5.434410983332785827e-01 4.173205493032501323e-01 1.652607140148469878e-01 4.577736978258248879e-01 3.697260283914419188e-01 5.116031372324741922e-01 2.205346560730433447e-01 5.422794108810032876e-01
3.010820971347287767e-01 5.494455008936726115e-01 2.926807996842564208e-01 2.271365248226950295e-01 2.822725685350095937e-01 1.638413463870614095e-01 3.251958020050125242e-01 3.981025953043719756e-01 4.328115716924548773e-01 3.296465501922599683e-01
2.907368149494133913e-01 2.667172804185053425e-01 4.505773831431726384e-01 2.295138934414321374e-01 5.191450488886519832e-01 3.153952829162727234e-01 4.484291211989730463e-01 4.108657207670516898e-01 6.092657342657342712e-01 5.482266958500505716e-01
2.784319156917741123e-01 2.704271211508449957e-01 2.497989883900726404e-01 3.731121378829137525e-01 4.942933580305151064e-01 5.543235975104029434e-01 1.981601046672101241e-01 3.889837592586745108e-01 5.510455501049273952e-01 3.664095786629195106e-01
3.517861623181697261e-01 4.959877395760499685e-01 5.555349922024102050e-01 3.836089753415362069e-01 6.034815776693844835e-01 4.658942906822277630e-01 3.947160924020173267e-01 2.965344415443555981e-01 1.400381035438445776e-01 5.386456105900030433e-01
5.099296523621489330e-01 1.607872233994417366e-01 3.189342965459233681e-01 4.028282148683257069e-01 5.530351576599735752e-01 2.570043995694254457e-01 5.035722742490563730e-01 4.294702517463283575e-01 3.672686849082433813e-01 3.346451354260348565e-01
1.201990506603803910e-01 5.116286182654515846e-01 4.184809209296933563e-01 5.090232271249098828e-01 4.524332498888655740e-01 2.632566553030687428e-01 5.543166141259958657e-01 5.382051268576415470e-01 4.721853914821766418e-01 4.816406718451333724e-01
4.944616728479972467e-01 1.372167184667184570e-01 2.903993727379511336e-01 1.489951254218227494e-01 3.375432362657191376e-01 3.747023049859720123e-01 2.281465859771379390e-01 3.356559778119304616e-01 5.542738574146238717e-01 1.849501587937179836e-01
5.070916990785964140e-01 6.002932650196356468e-01 4.555012848665144221e-01 1.796063178916822711e-01 2.650912151597892841e-01 2.669427803658321330e-01 3.265796703296703352e-01 4.373241620663641527e-01 3.219908367041651176e-01 2.246197608266574108e-01
1.873258873294663118e-01 2.794555323053742324e-01 4.405450349201120441e-01 5.631478004995222886e-01 5.197224629695558207e-01 4.648148066549810387e-01 2.943916787752064446e-01 5.743812104787715533e-01 2.581964589579450742e-01 3.402615360162529745e-01
5.156617611140578150e-01 2.210061818392239918e-01 4.246529547219837220e-01 2.170446462710831637e-01 1.437812276691798896e-01 4.419216976588086210e-01 5.042655581085447869e-01 4.675210973023178340e-01 1.729143373362962977e-01 5.313695893569254647e-01
2.807738197170291938e-01 2.333369188832659646e-01 2.867247062867141483e-01 2.823732155886752304e-01 1.390535908834265033e-01 5.253315046146881384e-01 2.123274606282573862e-01 2.641176092488129457e-01 3.272507760267852062e-01 5.071303917594871535e-01
5.306726844038442970e-01 5.168320959098232636e-01 4.288540234812339147e-01 4.687346198932453301e-01 5.927746065255721231e-01 4.633923796570780240e-01 2.654068719628407402e-01 4.369530632604184950e-01 5.413748489521081897e-01 1.998011749055260133e-01
2.892701510331107118e-01 1.946720771906624570e-01 6.554135262189317856e-01 3.679329298761867539e-01 5.231128973328461607e-01 2.831781034439743161e-01 4.647376701438784008e-01 4.549225770712266304e-01 1.897325487332574556e-01 1.952127092068443592e-01
3.331388300234385258e-01 2.085981691621654477e-01 3.310676846693795805e-01 4.037860465381902797e-01 2.960463446935187593e-01 3.404508916196987700e-01 4.413558502468896139e-01 4.596629311231941184e-01 2.969631602355394251e-01 3.546961579155699651e-01
2.310162978396835542e-01 2.000534919957273616e-01 5.707397167438275076e-01 5.602936526658707228e-01 5.813691229333278754e-01 5.786184552897970512e-01 2.216319260436907523e-01 5.337123670291792354e-01 3.889639067431627795e-01 2.540402558354698526e-01
4.478914688654245246e-01 4.769728161864254523e-01 3.975375131634529824e-01 1.322828214890524878e-01 2.923796014770815854e-01 4.614125543690050790e-01 1.756564191512904050e-01 3.982285740613570324e-01 4.894687899195818703e-01 5.466779182517167435e-01
4.819310868404673709e-01 5.191259552624538642e-01 4.666684599580100956e-01 1.626605910400770183e-01 2.517100142048668276e-01 2.601041454026296607e-01 5.050347758644042617e-01 5.510693050305683904e-01 4.639532770096757019e-01 3.047405277236464594e-01
