0.000000000000000000e+00 0.000000000000000000e+00 0.000000000000000000e+00 0.000000000000000000e+00 0.000000000000000000e+00 0.000000000000000000e+00 0.000000000000000000e+00 0.000000000000000000e+00 0.000000000000000000e+00 0.000000000000000000e+00
4.425421402913980451e-01 6.025504053444736829e-01 7.192162438355849119e-01 6.794818505802349140e-01 6.025634632344857300e-01 4.758532768148406311e-01 6.701860501067353759e-01 7.375094609712787852e-01 5.905123432407674011e-01 4.538772231608426688e-01
4.592131790438807593e-01 5.792342164804386018e-01 6.481041316319298140e-01 6.050696677909871424e-01 5.816532569439439859e-01 5.798656810879116996e-01 6.389878062702136763e-01 7.145497799995804700e-01 6.822092849522145563e-01 6.940658007180674494e-01
7.368234893676378627e-01 5.424845496345709339e-01 5.474543949523422715e-01 7.485383121277832119e-01 6.091987376671411658e-01 5.670034744997233256e-01 6.152952075538360432e-01 5.377082332512835849e-01 7.161125341970389080e-01 5.221533580078629999e-01
5.811278142508849998e-01 5.498626734174163477e-01 5.153688932411638612e-01 7.182446508835295118e-01 6.595047966651970128e-01 5.119094698872348470e-01 5.124029977292287041e-01 7.287086837167831010e-01 6.997188844943100783e-01 6.831445290132702741e-01
6.406396347049060358e-01 6.542786934276157984e-01 6.287577226241801709e-01 5.976910606164440587e-01 6.244398357461656834e-01 7.163899631231738230e-01 4.630897879690173968e-01 4.988514766276151424e-01 6.307028258278883914e-01 6.222906539526149583e-01
6.411399290016160935e-01 6.018895401531568767e-01 5.159943860850491060e-01 6.982649259827522492e-01 6.896460995315042419e-01 6.878623157496170926e-01 4.918601858717615571e-01 5.327903183175446422e-01 6.380416127589416675e-01 6.027663107772431861e-01
7.205721681972974135e-01 6.258696954091560460e-01 4.722440903960951619e-01 6.565973791972171680e-01 5.383014985244719552e-01 5.681501408147751064e-01 7.002835417464201573e-01 6.160257111429651156e-01 6.308774359342563809e-01 5.199855042351615442e-01
4.392679676299824365e-01 5.003534478227599225e-01 6.599830814844418470e-01 6.490398226821133543e-01 5.907057488980739235e-01 6.839539624287962472e-01 5.219953826231280569e-01 6.584912072856636822e-01 4.704328896806866944e-01 6.324491344829915596e-01
6.899560805009158360e-01 6.117275880141124222e-01 4.863075676454996499e-01 7.075705662065920887e-01 7.032329231367130395e-01 6.902793441897309146e-01 5.710660481555813739e-01 7.343973313138860703e-01 5.313633980321438299e-01 4.721467659082744239e-01
6.805240504079130837e-01 6.782164384045862304e-01 4.705118568738607121e-01 6.480148146735894565e-01 4.791485451624647451e-01 5.433371658980719054e-01 7.225436318369788946e-01 7.497026445201943057e-01 6.934148545450237178e-01 5.471418385643677107e-01
4.576383634215066554e-01 4.906643177575596426e-01 6.446068180252672031e-01 7.046124982621421173e-01 7.560816190982377893e-01 4.409179434377939466e-01 5.349429108405765465e-01 6.586849935125894673e-01 7.042165681941771060e-01 6.142093020404786330e-01
6.098569803956750413e-01 7.165709601660009698e-01 6.982780936128428761e-01 5.120181446300574590e-01 6.655169637731452870e-01 5.673711527113849407e-01 7.256656930363883928e-01 5.433127406515582125e-01 4.954409751350460911e-01 4.937574397607003007e-01
6.850004951914053786e-01 5.813305940912085745e-01 4.665659783810698347e-01 6.456771534302158111e-01 7.428968151898776018e-01 7.324322593626728661e-01 6.356445573707191210e-01 6.519137365156310038e-01 7.027447600898607538e-01 7.002146040739903876e-01
7.278829113234830395e-01 6.296192252002842382e-01 6.740172680871433508e-01 6.604763301680370846e-01 7.193259067864332668e-01 7.071290045927121071e-01 6.866301634291723799e-01 5.213133388328065054e-01 6.177423754831533609e-01 5.313479551408443191e-01
5.445959904202756219e-01 5.732473634296491038e-01 6.502274255673422543e-01 5.661655051890533974e-01 7.602347196996517287e-01 6.589638916228074406e-01 6.686291812754191488e-01 6.378491067861211672e-01 6.883685165907761361e-01 6.732043194239288875e-01
5.757049553774775674e-01 4.668631882923689469e-01 6.147150457183105932e-01 6.684061538450506434e-01 7.164537886300750280e-01 7.128383024398339263e-01 6.162123969347188535e-01 7.157290473786599438e-01 5.595482147241161996e-01 4.698061723317700222e-01
5.461114391832273540e-01 7.179600584791000495e-01 5.301688088175144919e-01 6.154032131063130739e-01 5.828619284265588174e-01 5.058065831872253781e-01 5.960537622173153194e-01 7.268019833076196923e-01 5.841135217045174688e-01 5.762632240266168937e-01
6.027608416275936909e-01 6.544080915342979088e-01 4.740215685751518748e-01 5.524021058409350760e-01 5.446180241874057915e-01 7.313549575581883566e-01 7.001645211320196571e-01 7.339564955434212390e-01 5.509662154387163779e-01 5.516647601439667037e-01
5.248046132398450636e-01 7.403166754132423089e-01 4.483419026432750587e-01 6.375940922422356216e-01 4.536957859710810115e-01 5.154525698125045352e-01 5.509865484614873132e-01 5.826763671000849687e-01 6.176731952097849199e-01 6.383963029261520150e-01
5.682295925840571416e-01 6.841116185840592223e-01 4.703787769949987485e-01 6.927487419451093809e-01 7.239517364373542208e-01 7.085189458674161500e-01 6.005588245977283579e-01 7.027324878565047728e-01 6.540492838258394892e-01 6.919503848762357245e-01
6.021330554883386199e-01 6.502153919966423556e-01 6.341462344677561980e-01 4.935050010528444497e-01 5.874581163747456536e-01 5.282209846257159835e-01 6.213222119989213477e-01 5.417672124632473274e-01 7.395670659547669556e-01 6.656128253891407942e-01
6.793021208828639024e-01 5.316037230408677816e-01 6.525458585351386898e-01 4.502731160356552853e-01 5.172843275045261313e-01 6.255828704118686634e-01 7.663529765358784163e-01 6.777852440318659077e-01 6.403121459355195499e-01 6.769537649896449905e-01
6.535573369924356779e-01 6.791451897181360886e-01 7.353325664799993389e-01 5.265094301930394183e-01 5.404903272169199191e-01 7.145569056958275267e-01 7.345893794314836134e-01 5.696891217930251106e-01 6.713999585089482913e-01 4.697692349169240722e-01
7.283391887034192935e-01 5.517952235962660934e-01 5.959046341397080671e-01 6.285795322463860746e-01 6.074333164548826325e-01 5.196631767452757344e-01 6.634561030661496606e-01 4.552947760585826509e-01 6.426283031699265846e-01 5.215669607500359461e-01
4.593808961118278078e-01 5.614614713456319572e-01 6.035943609556715383e-01 6.791266803454732992e-01 6.687939631467318957e-01 4.758360907361018355e-01 6.431052928932068369e-01 6.523409694401314241e-01 7.057855026696727707e-01 4.923849364154187502e-01
6.242968498277694511e-01 6.060118930209035248e-01 6.449816425849647095e-01 4.883493105753315411e-01 5.972482034060208056e-01 5.727959838182771213e-01 6.592578143624762133e-01 6.292600579763217850e-01 7.004685488860358245e-01 5.032692617465712726e-01
5.128944773194598072e-01 5.905662117267651556e-01 4.968825557381872926e-01 5.377279607969817077e-01 5.499556687945400535e-01 6.870454809320200029e-01 5.465752763036039186e-01 5.631472462156476011e-01 6.958595549446234818e-01 6.146350391755268650e-01
6.004682316749320181e-01 7.029410465410155240e-01 4.722737646356338082e-01 5.674189289557324267e-01 5.489484465553470249e-01 5.466828713987931243e-01 5.333550812780631922e-01 5.157621920458235198e-01 5.741844142894463321e-01 4.894897641110322328e-01
4.410880730511170800e-01 6.116341118656599685e-01 4.647819499175205316e-01 5.805700109179526835e-01 5.265786170222700457e-01 6.885510551564569814e-01 6.703168359228259821e-01 5.743867272995168971e-01 5.281827051422134378e-01 5.941610296997399399e-01
7.272173678852797973e-01 6.146136573139351356e-01 7.105387005946731671e-01 6.275440448341278454e-01 7.338154343379263977e-01 4.697451589467729893e-01 6.551098922830125293e-01 5.616487526102212913e-01 5.072696026271814596e-01 6.578005612948059078e-01
6.967982482586170256e-01 7.074498650251862530e-01 4.833496944160042830e-01 7.472144555665358734e-01 5.366392611572157190e-01 5.563219754005480633e-01 4.793533113705242821e-01 6.864171840135980807e-01 6.406257224010987184e-01 6.786246987487090099e-01
5.349060703902117631e-01 7.253928827058436779e-01 4.739333875382948924e-01 4.467583682792483635e-01 5.988137650451003102e-01 5.814829602834686861e-01 6.004720323688484962e-01 4.978732502037022667e-01 7.324475810128588948e-01 5.443193150182172868e-01
5.670672303460300157e-01 5.615274309199576042e-01 6.896248791299771641e-01 6.981403891919305549e-01 7.370582120176493168e-01 5.554545506621169082e-01 7.176250223496598579e-01 5.261422474049943787e-01 4.846497466811772181e-01 6.643241961231780568e-01
5.280705475777787150e-01 5.637240155352218896e-01 5.243627148977143548e-01 6.494934809592004532e-01 6.314824450014231427e-01 4.520056206827364198e-01 4.615707699285336862e-01 5.583273211029082805e-01 4.959901411382675041e-01 7.339635553799562784e-01
5.221897611184961319e-01 5.023554884331141723e-01 6.942806451510905585e-01 7.382464071903089842e-01 5.511881957441238100e-01 4.920277874858893230e-01 6.597808615377556141e-01 6.192784695939673734e-01 6.732529995167144676e-01 4.703177526111184670e-01
7.282684568536937908e-01 5.858344751608510759e-01 7.134675121172597834e-01 6.713215860733279250e-01 7.267577602725640018e-01 7.379819520045939329e-01 7.367375932073598754e-01 6.396544695712220729e-01 6.178328243562106747e-01 6.824640889770289265e-01
7.366017291841970849e-01 5.222294350944873820e-01 6.602980095668495863e-01 5.093432563705247995e-01 5.164592528156135565e-01 4.307898515844601484e-01 6.465594745236197260e-01 7.207911634913434229e-01 4.675060818171428156e-01 5.847352352711582268e-01
6.193196061066295055e-01 7.380078689964777450e-01 5.143460831048861648e-01 5.681739562338896654e-01 4.745410751445494624e-01 6.020372588804432379e-01 6.600349760958110767e-01 5.664707687539307646e-01 4.292691662556211152e-01 6.436018305596655775e-01
5.461908788020253258e-01 4.578829984506010975e-01 7.056597771068049418e-01 4.791742567374803197e-01 5.762646352334703792e-01 6.277873371059927710e-01 5.483176436427114053e-01 4.935345662092146535e-01 6.357321197718570627e-01 7.028323044285805787e-01
6.448976762826402753e-01 7.218014990443909484e-01 4.502060159455579802e-01 4.647352652785954330e-01 6.004404288587562588e-01 6.581047604766704362e-01 6.763026517423551542e-01 4.518305152850894957e-01 6.035841937550403546e-01 5.337962006748934174e-01
6.423203627520279735e-01 5.784370461334173985e-01 6.212057227055675090e-01 6.976024855263190938e-01 6.333151980770902467e-01 4.928313919890686123e-01 4.261393562852431316e-01 7.371575688182455677e-01 5.382214205568282006e-01 7.221726503722749602e-01
4.480598604733250778e-01 6.177158635386266194e-01 5.684264245281405170e-01 7.471210508799049910e-01 4.705564436715943821e-01 6.769681053577447649e-01 6.099481482581593506e-01 5.893022811098831415e-01 7.221962766524028243e-01 6.958034403481279107e-01
7.202435805010658498e-01 4.562224107549872620e-01 6.880607411199054502e-01 5.398176224829559500e-01 5.438638838618764515e-01 7.090298546852703554e-01 5.583393531942567600e-01 6.969881378135591721e-01 5.139954415931481391e-01 5.865123591094618671e-01
4.930635065531023264e-01 5.248177101528060939e-01 6.717344087342469461e-01 5.859027881129990067e-01 6.746940635684259835e-01 6.939192109640989203e-01 6.742362083295387887e-01 5.263186450840198205e-01 5.922615250486172878e-01 5.727765938685733804e-01
6.385526065009027308e-01 7.442361590267444482e-01 7.085024232359951046e-01 4.709788940210158370e-01 6.314040156127225245e-01 6.834474335910085685e-01 5.102529657126012586e-01 6.194080043752411280e-01 5.216825489239013125e-01 4.167705427657255601e-01
5.696223812070162484e-01 7.312432213448399887e-01 5.481356234275536199e-01 6.754659939982975425e-01 5.019875968744633710e-01 6.388917349639701149e-01 6.069253421391573866e-01 7.313784975556826273e-01 6.175760450006185787e-01 6.897583003390477252e-01
7.252349943156134460e-01 6.917457251568437382e-01 4.832812315571489159e-01 4.994776302271671797e-01 7.411988912664446705e-01 5.230886649601520499e-01 5.379901409448981653e-01 5.004317943236534783e-01 4.462162775170921414e-01 7.076304123705391413e-01
5.399923360283654938e-01 5.568651678358386148e-01 4.512533266092696449e-01 7.058361635268554091e-01 6.164587049471244029e-01 6.961230217386086272e-01 7.337348431300464435e-01 5.955746846308561659e-01 5.747173373053808820e-01 7.001006683071983039e-01
7.073106793429265737e-01 7.241865601068957492e-01 6.006285571605708418e-01 6.642332978665601573e-01 4.808523022657382184e-01 6.134297384660621910e-01 5.132753407581092109e-01 6.214563683818737916e-01 7.060958038009435001e-01 7.013535406184332466e-01
6.207787818040372274e-01 6.481399220494843405e-01 6.979255271126578730e-01 5.481984922376479386e-01 5.120541716478660410e-01 6.599669143136288607e-01 4.573722488426598121e-01 5.695384218860749526e-01 7.478119756253344130e-01 4.882100782321791566e-01
5.419724099062658285e-01 7.237539448806695752e-01 6.348556421350539658e-01 7.308656580608555720e-01 6.957241828472375822e-01 6.473944835839535727e-01 7.041955893278173395e-01 5.685440515481112733e-01 7.475839539513993159e-01 6.653654033305828053e-01
6.011167394121972318e-01 6.834717383413053682e-01 7.032040383529488681e-01 6.488915946419161473e-01 5.477214241378771664e-01 5.536997380570675142e-01 6.097981471026312494e-01 6.217173435119591751e-01 7.190427764771327723e-01 6.397471731850870036e-01
6.943252944827235096e-01 6.781264974778545840e-01 6.482234715338939246e-01 5.996897262739157020e-01 6.238654518880316635e-01 7.147204719090890501e-01 7.214864787476252816e-01 4.441489351018519938e-01 7.122082483440194123e-01 6.807677601755109942e-01
5.381971824925430026e-01 6.580500255358351369e-01 6.362701463502593580e-01 6.862479465476094553e-01 6.968245269271149400e-01 6.968818138551814423e-01 6.651738999722561774e-01 6.974403944221904128e-01 4.659059808478293596e-01 5.433775563502595274e-01
5.680985779577354400e-01 7.541741567742883401e-01 6.068937486367708134e-01 4.800626728488163741e-01 6.869974700132991385e-01 6.417627387280224749e-01 4.688898128795175868e-01 6.417337710807999862e-01 7.074839439994903278e-01 5.499701312299758449e-01
5.270984242710561318e-01 6.833708152156633409e-01 6.576307482745463728e-01 5.808537185370764577e-01 5.919460963530559505e-01 7.469034628901758399e-01 5.125835612867299940e-01 5.384616158803129382e-01 5.792089359190581987e-01 4.832977156816304909e-01
7.295653398286994218e-01 6.666399502902288221e-01 4.762249660554669362e-01 5.659179594652472556e-01 6.098500924583571958e-01 5.405575048531339188e-01 7.261282469870379286e-01 5.859108373160752947e-01 6.083623882845156094e-01 5.174110050582249043e-01
6.937567207439547801e-01 5.532532323825148923e-01 4.839341459521147026e-01 5.074299822325721854e-01 6.004163795602230902e-01 5.681292675438595063e-01 5.861555429775600068e-01 7.146078082156392952e-01 5.372694589545082833e-01 7.476879169109471590e-01
6.773624179849419003e-01 5.359754092535414793e-01 5.091512642227349339e-01 5.027060225603210419e-01 6.256117226024495714e-01 6.581678643218406011e-01 6.826637318889129391e-01 5.629969668601848554e-01 5.429595844356792655e-01 6.826405384126056353e-01
6.793049689485746168e-01 6.947757888601945320e-01 5.836870282451197545e-01 6.026442521005933584e-01 7.488368418394836246e-01 7.148423915092172454e-01 6.161349968962505086e-01 7.076737181667206444e-01 5.892427999755587287e-01 4.806816941090448214e-01
6.265638544740824711e-01 6.085542367364442651e-01 4.424323912408095749e-01 7.088747719290218186e-01 7.087786170194618762e-01 6.691648248281891753e-01 6.402614668189411384e-01 7.064732843982983734e-01 6.594333356149456593e-01 5.857011789019591630e-01
4.901030637498061115e-01 5.056073443313665594e-01 5.744355948451679295e-01 7.191213971766360347e-01 7.223899176977420789e-01 4.667445147294875807e-01 4.953021454188809014e-01 5.809566273314857865e-01 6.333255521143278388e-01 6.159963871478750796e-01
4.447556670422704306e-01 5.110688093776314389e-01 4.373621212964767802e-01 6.449072514442805160e-01 7.488616864162146447e-01 5.888249362223590966e-01 5.034556862366029728e-01 4.684086377074464513e-01 6.787542199106972873e-01 5.185649820817013200e-01
5.953772756687158996e-01 7.045422926639681727e-01 6.447363761902151769e-01 5.782638069556740312e-01 7.040219142692082377e-01 6.733333639454717190e-01 7.368589552789307495e-01 5.615597227281381443e-01 7.532258399454938580e-01 6.367187384085007951e-01
5.587981009253765174e-01 7.415533862519337882e-01 5.146296163207603191e-01 4.499262254913697356e-01 6.845400402147817642e-01 6.925760465385458753e-01 5.397397616709337376e-01 7.036252973225243235e-01 5.450181618402185624e-01 5.938851962844349242e-01
6.095394582928033156e-01 7.040624217134873186e-01 7.397071062450434331e-01 4.740136583506368018e-01 4.467773085721800097e-01 7.617657374156667771e-01 7.357723983132542500e-01 6.713187599023610064e-01 4.704102169983435111e-01 5.400422080439392092e-01
6.592061457082127873e-01 5.460930571423618929e-01 5.791482743371507702e-01 7.060471219954688182e-01 4.950311437737548448e-01 4.981623377798952701e-01 5.230665019773356184e-01 5.630498930742188213e-01 6.811111165126320088e-01 6.343065429727078319e-01
6.455972929034313745e-01 4.803461397089761609e-01 7.236874007581971524e-01 7.267046184302327072e-01 6.469501446461459748e-01 5.108740468471320018e-01 6.647446757916232185e-01 4.867460433527973085e-01 6.896957291407439516e-01 7.529894886581098845e-01
4.313684208149026755e-01 6.148777750824876431e-01 7.474116544677419371e-01 4.594346858964590830e-01 7.056563291432627061e-01 4.870349515233970972e-01 4.953078461414001654e-01 7.512864569217194699e-01 6.822021450404734955e-01 6.140277957151620836e-01
6.896687574668309839e-01 4.883763808112016602e-01 6.346290460697873170e-01 4.923427345645873809e-01 6.863815716068879524e-01 5.636850298056277353e-01 6.405234860253559148e-01 7.159300086509104988e-01 6.590233574012586137e-01 6.772082155533477588e-01
6.942844570653130543e-01 5.805214384684743711e-01 6.506679391275781432e-01 6.739036772983570955e-01 6.957146339817064096e-01 5.313941217660356209e-01 6.482348657578760331e-01 5.087450445138802513e-01 6.776623641426020583e-01 6.952925174899958760e-01
5.100017464103738796e-01 7.482967346023147170e-01 5.951538083502956322e-01 4.812200644763692803e-01 6.264365750792775245e-01 6.630402629116090019e-01 5.546145020648183266e-01 6.282351833718708978e-01 6.224029568945177449e-01 5.584809433195099260e-01
6.814600036073885647e-01 6.019676717349117245e-01 6.067393242498962946e-01 6.416228794859195617e-01 7.072395971140014170e-01 7.162713051673644804e-01 6.645156070276682092e-01 4.829477302486784862e-01 5.729817445983017565e-01 7.017857111180082486e-01
6.018908534665108334e-01 5.211970607668544586e-01 6.271056236333932832e-01 5.664745443573336869e-01 6.622225451562762100e-01 5.075416847345197713e-01 7.181734337401600721e-01 5.549667400940300199e-01 6.687136876965001919e-01 7.372354726843276529e-01
7.045306313868873183e-01 4.312901345654568952e-01 7.599172061412119428e-01 7.398408275729229100e-01 6.098638662028647017e-01 6.463187203692324356e-01 5.957121050614032631e-01 6.658039864831132304e-01 5.058987833305789161e-01 4.792921380449577939e-01
4.464125245289318755e-01 7.415920281492413002e-01 5.066052679187389440e-01 7.700771550622439454e-01 5.499301331116839275e-01 6.301644783685992346e-01 5.920813611655241226e-01 5.608730949615591266e-01 5.651673711184443949e-01 6.229754139144397795e-01
7.074167808570513971e-01 5.980027339770224160e-01 6.785604734190621157e-01 5.482846724772334479e-01 6.746142375336821040e-01 6.551047373248329864e-01 6.822519815910256247e-01 5.465300062766821343e-01 5.349223823487800900e-01 7.457435391573852268e-01
5.381919253926540359e-01 6.235646889144654814e-01 6.158817843014080529e-01 5.230930304898075978e-01 6.830307119312093445e-01 5.846659015626288758e-01 5.583891903756283970e-01 7.240300463036266621e-01 4.486277336693156870e-01 6.081318330733243016e-01
5.236895097040183966e-01 7.176547551834634442e-01 6.782189576673781639e-01 6.715511333284536200e-01 5.634165445933422278e-01 7.311517074350493139e-01 4.368744587470271834e-01 5.203348605937431204e-01 6.478279664966325457e-01 6.966600563911223842e-01
5.076056655922460692e-01 5.778785949443094871e-01 4.538216980476813545e-01 6.551827871154933813e-01 4.613216779358869646e-01 7.264096977753007334e-01 6.115055767981767421e-01 5.177536920347769467e-01 5.575787458961007914e-01 6.774411587239553834e-01
6.496030868820903414e-01 4.926149719568921337e-01 4.679878145568715508e-01 7.328534615898240068e-01 7.356179994548676104e-01 6.975859031693876222e-01 6.936620053329553004e-01 7.121465723537404591e-01 5.692065015053245913e-01 5.957381847438018019e-01
5.589661973805366557e-01 5.187777742763652888e-01 6.468967227174019508e-01 7.440626399852334760e-01 6.048238240996649528e-01 7.487713904794285336e-01 6.837264531567960324e-01 6.850243025848549161e-01 6.951272854773780097e-01 7.214967574450305010e-01
7.285173731275800257e-01 6.752909258901584888e-01 5.447673355226808622e-01 7.367226048830231022e-01 7.164508423884157207e-01 5.385400555318837768e-01 5.348456337297008423e-01 7.206047372793519257e-01 7.429745466263893983e-01 6.548352132369515965e-01
6.276780396604617618e-01 7.369133974110514407e-01 6.491021641195950931e-01 6.348551842890677310e-01 5.305704145314227294e-01 5.418151210225167214e-01 6.530047974905741626e-01 6.050027798104583576e-01 7.017349509634830396e-01 5.680861126189111765e-01
6.020799089317991903e-01 6.816511017907203041e-01 7.326802194230062071e-01 4.569332366459586958e-01 7.046681221749431234e-01 5.192924934403484460e-01 5.063695107578013443e-01 4.538035218995394859e-01 6.998052611542364687e-01 7.281594937401467682e-01
7.072795217794441980e-01 6.227140673879772992e-01 4.865110675752156166e-01 5.432821205262032827e-01 5.810970545412298405e-01 7.329501452623914393e-01 6.795489126449426598e-01 7.236874827539973021e-01 6.611878104044228710e-01 6.839366598540654874e-01
4.618944398969244136e-01 6.438846211593161062e-01 7.254312034688439326e-01 5.014028401177612615e-01 7.310066200136068337e-01 7.296846416921013434e-01 7.399051282413648956e-01 7.456847986427977970e-01 7.252407979232515789e-01 7.179318136061055844e-01
4.901251016122534221e-01 5.323097778056071760e-01 6.163269435671092644e-01 5.928255298661904149e-01 5.147062468252062706e-01 6.063686656815263643e-01 4.986884152793100711e-01 6.456358401380564160e-01 6.614856472590164849e-01 7.163632861849277278e-01
5.500319928671270064e-01 6.610216999788597336e-01 7.408965195648160584e-01 6.765979629028923137e-01 7.326921700374262603e-01 7.080274157561038395e-01 6.502523528909934791e-01 7.310522184492742603e-01 6.547078833498777284e-01 4.769298742619286768e-01
5.858299602001816320e-01 5.264807857120719081e-01 7.265942278068096005e-01 6.309470413625649643e-01 5.713483972873293348e-01 5.346214520710861340e-01 6.331728235206076638e-01 6.795431879040227940e-01 7.144978571535555156e-01 6.241696610646781940e-01
5.438659816822014603e-01 7.468160839210064017e-01 6.739036207349801133e-01 7.146837009673135954e-01 5.699591620812379800e-01 7.154351690224286520e-01 6.002111757291856975e-01 6.882511078781707869e-01 6.003841943214599519e-01 6.994233560310856301e-01
5.957284515059075858e-01 4.833786641758723301e-01 6.894198360512014956e-01 7.118267520798201575e-01 4.482784898475187796e-01 6.957305403437947788e-01 5.860158630962633008e-01 5.478612865846562707e-01 7.163231880218803305e-01 6.834804326516952244e-01
6.646128934434571978e-01 6.957597610693956325e-01 5.231389319298114238e-01 5.747313232477643252e-01 6.620327178280575042e-01 6.104859756396610049e-01 5.499430665734771351e-01 6.317950344885073788e-01 6.263018132129550830e-01 4.848932054969783967e-01
6.694102658382814486e-01 7.133557477931956603e-01 7.414053573830831079e-01 5.696748794346954137e-01 6.241400441540004840e-01 7.116419669617499721e-01 4.776276139180719027e-01 6.752252876081425992e-01 6.003421108664078742e-01 6.350136397732681903e-01
6.338744410705700050e-01 6.035996246151609235e-01 6.657250000434055126e-01 6.321957981578842922e-01 4.685696009689847008e-01 5.168293973693551813e-01 7.120631687289794565e-01 7.328194813982674694e-01 7.469584130646090836e-01 4.728577029180919822e-01
5.729618648514469559e-01 6.380386290994167764e-01 5.448676453648164664e-01 6.606213965915717079e-01 4.891995110476332620e-01 5.613992388666537714e-01 4.683417572744876245e-01 6.257135798560192752e-01 6.565504924803623465e-01 4.937995074561605247e-01
7.136294738988772091e-01 6.096664165604384067e-01 5.929245982673718718e-01 6.921169573105057093e-01 6.248117894049871612e-01 6.322088088820738694e-01 5.246612435845977584e-01 7.397660049425067719e-01 5.713597564753846170e-01 6.069512394927100152e-01
5.205859927490350536e-01 4.703620017152155830e-01 5.858180204568937954e-01 6.602862116596165398e-01 5.200399418923529193e-01 6.019210378995770716e-01 7.060451494867683309e-01 6.848752040867385205e-01 7.118992742401764051e-01 6.641283592374643829e-01
6.989478748585319368e-01 7.441561887997777403e-01 6.926332644609078937e-01 6.302105546138990766e-01 7.071621961927657685e-01 7.391790975708200095e-01 6.116566877360322119e-01 7.268945058371604206e-01 4.654949897464182862e-01 6.980185535583339762e-01
4.616891202610644562e-01 5.646464787264378060e-01 5.911825428883884515e-01 6.852249331964407331e-01 5.364926955166999800e-01 6.102287623715740850e-01 6.975857460908058139e-01 5.477503990966536840e-01 5.027080549235873885e-01 6.753703718817145596e-01
6.231140884718270323e-01 7.223663026340559901e-01 5.933588050992903984e-01 6.366581587992535818e-01 7.394420257469256352e-01 5.987165331803512291e-01 6.241938920372626098e-01 4.701536402066004428e-01 6.754131219606821501e-01 4.918871262752324003e-01
6.065815620562521326e-01 6.648389555110364446e-01 5.666239926641856162e-01 6.477399104211887249e-01 6.740345120615200969e-01 6.826987464647719106e-01 6.497122941015798236e-01 6.590149811746963682e-01 6.381061588789292971e-01 6.362366197121913647e-01
6.703186303411496905e-01 7.002189599110701934e-01 6.286469614429104347e-01 5.986678098788078550e-01 6.096221703062119079e-01 4.407144466426032858e-01 6.878617493528723648e-01 5.849300377543724672e-01 5.763742036017273085e-01 4.864807242648729324e-01
4.618327121690692372e-01 5.902976873667649116e-01 6.230950003056032749e-01 5.616064605261783527e-01 6.129570148654066575e-01 5.634658130607529403e-01 6.351770733803973057e-01 6.380437618839713831e-01 5.487486995399574186e-01 5.894458093656611553e-01
6.321213293168150837e-01 5.876147441930665849e-01 6.686390476882848599e-01 6.657488941770952628e-01 5.770845359420789800e-01 7.200187641457520549e-01 7.414075198176306447e-01 6.734004468340054617e-01 7.361191757026718241e-01 5.415215225521587961e-01
5.967415458411374773e-01 4.976888960287977892e-01 4.369470666149842808e-01 6.814232127239095993e-01 6.146817331379754723e-01 6.730843049554744439e-01 5.855922356784490912e-01 7.573122317316467456e-01 4.689987014300298074e-01 5.265083226094722235e-01
6.843460441832174279e-01 6.845131600334803945e-01 6.866215602090983694e-01 6.355538293158426999e-01 4.594153222995072672e-01 5.894174021636713334e-01 4.842265980705139361e-01 5.764016910443608976e-01 7.236845180063747884e-01 5.694290396719874359e-01
7.382389033363920827e-01 7.153017426865262429e-01 7.075404097678110737e-01 6.594748768179994336e-01 7.024469499752769019e-01 4.824952812633009347e-01 6.763769482134471822e-01 6.904673619114878313e-01 5.433469356892384194e-01 4.770011859421696143e-01
6.493451398905902838e-01 5.796034917497846495e-01 7.470652764080267794e-01 6.083789262797260067e-01 7.106789581100452224e-01 7.103170983435410646e-01 6.838685513096715018e-01 7.412594783209990323e-01 5.591416159854449841e-01 6.777880880630428040e-01
5.536687938740686432e-01 6.489395275214381309e-01 6.985781395463230847e-01 5.713050365022697141e-01 4.997278666611318365e-01 5.941045753176211752e-01 6.950303081807217565e-01 7.073111507756197902e-01 7.189539670381546177e-01 5.590846051272793105e-01
5.667559232620245080e-01 6.225050929675498557e-01 6.897309762586155690e-01 6.866485683071931190e-01 6.491098562956746365e-01 6.592736527876075225e-01 6.717117898909267248e-01 5.730379941603975791e-01 5.837585552808952638e-01 6.789498002025563528e-01
7.263479691789387349e-01 6.196858140846973617e-01 7.456515783742051484e-01 4.846337795277468885e-01 4.617288511375506332e-01 4.960673873992281213e-01 4.741686839841362522e-01 6.807990998530694116e-01 5.018495341987581071e-01 4.670731885712530729e-01
4.816189874857663700e-01 6.686019516710994814e-01 4.557323748512065453e-01 6.301353814867404202e-01 5.584327838308913439e-01 5.515915207249986185e-01 6.257979590054630892e-01 6.869038011153000278e-01 7.223100737582843767e-01 6.761439520900491829e-01
6.228087687489417545e-01 5.029774277647044434e-01 6.589906809167804802e-01 5.581006071051556328e-01 6.456523599035506322e-01 6.838173304176072831e-01 6.533910045551617474e-01 7.005751868756635581e-01 7.244300322929978497e-01 6.302667499574751142e-01
6.261633527179080172e-01 5.563881968007144962e-01 6.397694414886224701e-01 7.371650663143815008e-01 7.385243026350393203e-01 7.296079957271681682e-01 7.308656580608555720e-01 6.301042346451304343e-01 5.971471546071698278e-01 6.411593079277398965e-01
5.359518762725087315e-01 6.814930500654139411e-01 6.292797184862348736e-01 5.158061055197291633e-01 6.470053159843307533e-01 5.069185524041289748e-01 5.580618975076447885e-01 6.602012235346844671e-01 4.563478640737108627e-01 7.178563671210512753e-01
7.208843921384794351e-01 4.926333871087968941e-01 5.404204456623383779e-01 7.600814641221169676e-01 6.853854514144072096e-01 6.675007553637325453e-01 4.793043685867134363e-01 6.428682905517327795e-01 6.590010205605015825e-01 6.640563171817510657e-01
6.272371371266290963e-01 7.363125001804599057e-01 7.458219026371949445e-01 6.332932255843595204e-01 5.433311469139400218e-01 5.058322617461760151e-01 6.342993425473361091e-01 7.000019641884238641e-01 6.717117898909267248e-01 4.978992551863733462e-01
5.905816759972628560e-01 7.315220319724117237e-01 7.117162797717658806e-01 7.107815020820883456e-01 5.993774526160130511e-01 4.811635866385485794e-01 6.224872855071048594e-01 5.656477085195492638e-01 5.481698311527201106e-01 5.265284902065916484e-01
7.411724601803388879e-01 6.514683018253215607e-01 6.874001380752173818e-01 7.134153054728336052e-01 6.809201990744326860e-01 6.009635875246204240e-01 5.758974515968169339e-01 6.149057343238348849e-01 5.907923182727564670e-01 6.097257961057365172e-01
7.174618320489301038e-01 5.599472287829263539e-01 6.809259277791516185e-01 6.922232920165729553e-01 5.765936638754948218e-01 6.622393498667835665e-01 6.713922115679378244e-01 7.153759111239751389e-01 5.499618292097722128e-01 4.858434357807716042e-01
6.508673606120040089e-01 5.628959556218144922e-01 5.857692262219393875e-01 6.513970064295475648e-01 7.311740868213387756e-01 5.315723756776860043e-01 6.959176931326077620e-01 5.878581007637776468e-01 7.028503935041934270e-01 6.354580663773745641e-01
6.960189172209590991e-01 7.064260323551239118e-01 6.728853158616712182e-01 5.246070766006173391e-01 7.427404405168182011e-01 6.134312459518661553e-01 7.250683109110130919e-01 5.675614885678601507e-01 6.735196507273218947e-01 6.341520542150607120e-01
6.520850979259854574e-01 7.309875493636156518e-01 5.384037806025919748e-01 6.715557100708327010e-01 5.671378380648701700e-01 5.599150388657553323e-01 5.745566430313339135e-01 4.743468592985812804e-01 6.156045279746527044e-01 6.138007853088107701e-01
6.479210367791938818e-01 4.843796918164648413e-01 6.589091781422535821e-01 4.863677257165761603e-01 7.357484336395601066e-01 5.563292729664742753e-01 4.776125791394489339e-01 7.089249420533783042e-01 5.018915121783276145e-01 7.309523896422114309e-01
4.390626385130959042e-01 6.302098626474129661e-01 6.518890566072256254e-01 5.009944769327535630e-01 4.882089504175733952e-01 5.633006986773653191e-01 4.484057935570898712e-01 5.460967336000353001e-01 6.815129465599333303e-01 6.986035594404857996e-01
6.332078730496376595e-01 6.690975721144696298e-01 4.467271249867154070e-01 7.309446125851014608e-01 7.012317438418531612e-01 6.819587143664821438e-01 6.821907917472490590e-01 7.396364843992117022e-01 5.528733392851413742e-01 5.127539487541487029e-01
6.893698592701478223e-01 4.986162057983740126e-01 7.692179415001091369e-01 6.360030707245043491e-01 6.957568688249867739e-01 6.925433410551288249e-01 6.539284707554601228e-01 5.042623683165089465e-01 6.828230466476485905e-01 5.939812288507122506e-01
7.135834107302005958e-01 6.635568781173855069e-01 6.164815547735423840e-01 5.796502342554874510e-01 5.622911687166226580e-01 6.949625785554949253e-01 5.599874939547329067e-01 6.692023534911817340e-01 6.251594437306408070e-01 5.647662384660840917e-01
5.299149551063176977e-01 6.581377074338606858e-01 7.010272558197595538e-01 5.153825458705321161e-01 6.467109408549251981e-01 7.184033784484333829e-01 6.577369328047476538e-01 5.494261650480315451e-01 6.763212640592131120e-01 5.004703383094490921e-01
6.525461541831686363e-01 5.081694004788821495e-01 7.392944313304011805e-01 5.858726532583867774e-01 6.465497230269597884e-01 7.403923492021972086e-01 5.940686690438623518e-01 6.836435101403355308e-01 6.665557244056737884e-01 6.825408892404045691e-01
5.198195070130836593e-01 7.135297417049423219e-01 5.705725519248403543e-01 7.325540064131959017e-01 5.973740548427681762e-01 6.661084103570684700e-01 6.271882656160229219e-01 7.105189291599447454e-01 5.128671916508678041e-01 5.613567253879035990e-01
4.901406587720882335e-01 5.332664316483799460e-01 6.471042227054355500e-01 6.825480318601842011e-01 6.984815817438471131e-01 6.146910317800732271e-01 7.286588134919754767e-01 4.981657725018305838e-01 5.855375516447616224e-01 6.287253604017956077e-01
6.722971903169365770e-01 5.399820261517320752e-01 6.211357125211741659e-01 6.463655144213689141e-01 5.581487461244404313e-01 7.101247724087812463e-01 4.866072154713123044e-01 4.985535955441500189e-01 6.737635426702347496e-01 6.261596492707782735e-01
5.377805192975045889e-01 5.469602455654508644e-01 5.988737375786921113e-01 6.163375319487555126e-01 5.791953445301014636e-01 5.613044777571679633e-01 5.803975502366806039e-01 5.584572710858294320e-01 6.304753100516446995e-01 7.178267562929669943e-01
5.500307605330251315e-01 7.313882687541489735e-01 5.382404427610892883e-01 6.636835401717672278e-01 6.711841889348096890e-01 7.236816335135177747e-01 6.020379056427979103e-01 7.189228874617126230e-01 6.985789116884559835e-01 6.788698098415137938e-01
7.269903691791556044e-01 4.594645155523228164e-01 5.292251553388032104e-01 4.857089189687628372e-01 5.696006550576629968e-01 7.103046421613465888e-01 6.603772344309867259e-01 5.565736577663310536e-01 6.844492246649025446e-01 4.883232663125273709e-01
6.439756323429053353e-01 6.147804211469219959e-01 6.331836993216599652e-01 7.121019362895758542e-01 6.555433450960329589e-01 5.889401234382789507e-01 5.743259173611867663e-01 6.611716770804899612e-01 7.265364486546262990e-01 7.437351324375091055e-01
4.966644469637488402e-01 7.372045063879160143e-01 6.640129641141208072e-01 6.354789417922510619e-01 6.420679410669546394e-01 5.944469480434914077e-01 7.121527451382422269e-01 5.391718846649969921e-01 5.503342794019394635e-01 6.517575998783109448e-01
6.034407800513188480e-01 6.357217360205685841e-01 6.914523358778699169e-01 4.809713368920672250e-01 6.277514228448114464e-01 4.557782263406123802e-01 7.311770706877570580e-01 6.672954730731345263e-01 5.210634187103598824e-01 6.893065145230489188e-01
4.521242001227595564e-01 7.339550001922312550e-01 6.617224120932755360e-01 6.858423315897156369e-01 6.262261015558986399e-01 7.135268030042933862e-01 5.279828707341133187e-01 6.816667524218349428e-01 6.645125535385517646e-01 6.213235541026245201e-01
6.940302164851276379e-01 5.580395509135647192e-01 6.018508069909028757e-01 6.165267942707080007e-01 4.848873323481114883e-01 4.982081321253857831e-01 6.208810401857544070e-01 6.173614715860729074e-01 5.762518335435067307e-01 6.387423036141099963e-01
4.745774764399984247e-01 7.295683195132766086e-01 6.394832353811873427e-01 7.495448306726508747e-01 5.889905679331649546e-01 7.035195039305252029e-01 5.443327632876137079e-01 6.731743160379203283e-01 4.376151366695278933e-01 6.619711075987277926e-01
5.664908538955295558e-01 4.797502956180892952e-01 4.916789110740667490e-01 6.327903856502082869e-01 7.188813942836634885e-01 7.773566134438280040e-01 7.020618102591973386e-01 5.581703718986081864e-01 4.686555436603577207e-01 6.812893420056186367e-01
6.928531302382269219e-01 6.186195718009085409e-01 6.188748024353646349e-01 6.479061626492386150e-01 6.314669096793461556e-01 6.204587954117251059e-01 5.844071569864791593e-01 6.364634729746280195e-01 5.794480186634306529e-01 5.746972511964428820e-01
5.747653778376958789e-01 7.208962334306238118e-01 6.192708109199474009e-01 6.766750954170226429e-01 6.921761708074110064e-01 7.106427199489309121e-01 5.179443633199115604e-01 7.296094856398303019e-01 5.609801252830828311e-01 6.140518245652528684e-01
6.837590879547856826e-01 7.385546935465251428e-01 6.941628602244787061e-01 6.929012286445034308e-01 7.220853948824980106e-01 4.683543701021167238e-01 4.463250619685480980e-01 6.558042926994642752e-01 7.149998127719003893e-01 5.366411755044535603e-01
6.856581224916815653e-01 5.859174360187068276e-01 5.483404420477677732e-01 7.047124182997589470e-01 5.248773207023091913e-01 4.431921676035023849e-01 5.225183778557472847e-01 6.364919192767262146e-01 7.294889615475197431e-01 6.822191355976930938e-01
5.057389352169686658e-01 5.746855498068468293e-01 4.844737770140805089e-01 6.443367924332736862e-01 5.268443810496472590e-01 6.434559023522042898e-01 6.147430565984902673e-01 6.036035723296553357e-01 7.075004848674282254e-01 4.937881289572276233e-01
5.531597256408162799e-01 6.674283864372473341e-01 4.406212771837200171e-01 4.612886903944198314e-01 5.254705389365993407e-01 6.967320486137883462e-01 6.949914762098293730e-01 5.022150706752728233e-01 6.176039006979280321e-01 7.044901427076557532e-01
6.747747357783924205e-01 7.122654949142182002e-01 5.778732974491563867e-01 5.392736149003400925e-01 5.071422420115880847e-01 7.224401422300246178e-01 4.804917580869374483e-01 6.151138306595512750e-01 6.549639245296955403e-01 6.131797768025569750e-01
6.656999818939963731e-01 6.234733882602067068e-01 5.058614856740453192e-01 6.481838864937728983e-01 6.339390350009977970e-01 7.337378331759651928e-01 6.865534385873244272e-01 7.251864061756123636e-01 6.456454818081053260e-01 6.320546094928543024e-01
6.676604682526955381e-01 6.081672065394273519e-01 6.106843073164641700e-01 7.147963600213891322e-01 7.294430515283135685e-01 6.209392804996105575e-01 7.086337325205407378e-01 4.430414808769078117e-01 4.926149719568921892e-01 6.853614836530931287e-01
4.515331399357124242e-01 4.518961197125682672e-01 7.178474056653232349e-01 7.500100271989044165e-01 6.234055374638390878e-01 4.864351865691274868e-01 7.083127434676677048e-01 6.132706473751234899e-01 7.122032492832114370e-01 5.209177548781073197e-01
6.276467476687052072e-01 6.178556734565149311e-01 5.467743889909888466e-01 6.918476415497266663e-01 5.231654743866220869e-01 6.474027628680927293e-01 4.581301694814257641e-01 4.755965709735794911e-01 6.663411238685051918e-01 4.924304307576426454e-01
4.908357317844257439e-01 5.649787425656399575e-01 6.338649187895603054e-01 6.668353089356180430e-01 7.293063928338386903e-01 6.943325158072105596e-01 5.243197699156374458e-01 7.543749229757977792e-01 5.466550059102985859e-01 5.826580183641095756e-01
7.205218312226128186e-01 6.806865233631378409e-01 4.684435935759807546e-01 6.371392660431135502e-01 5.908002869927970746e-01 7.442421920206325758e-01 6.809287570216139285e-01 7.021733241034036066e-01 6.325935627342125223e-01 7.388499537782187154e-01
6.101998409825604153e-01 7.280462838131612768e-01 6.639101836502877552e-01 5.631219026816871587e-01 4.845803777300948245e-01 6.395631261790855060e-01 4.529732336884872423e-01 6.409895648028466342e-01 6.920462104078671794e-01 6.497365339417292551e-01
5.894936466681180987e-01 4.855395721777657214e-01 6.000423629331065323e-01 7.193716912216305825e-01 5.613309822566788787e-01 7.587743212938873327e-01 5.683549829898330019e-01 4.846710555127212161e-01 4.520910476172112502e-01 5.110846105490582936e-01
6.264190302368295438e-01 7.210205099255020400e-01 7.616465109651731069e-01 6.913122290338054032e-01 7.366836505711662486e-01 7.177998671521759189e-01 6.228790247443005690e-01 6.810569997156959987e-01 6.510072305508322055e-01 5.347199880068920219e-01
6.731929935493932149e-01 4.293001307428634394e-01 5.632477861317092271e-01 6.779694390290160744e-01 6.057272035200526039e-01 6.426007208126039982e-01 7.356579605790279919e-01 4.775672852858289796e-01 7.673225610431567700e-01 5.694456708216711904e-01
6.177837068325710002e-01 6.895597771637916873e-01 5.344455622780008852e-01 7.028576709174959580e-01 5.153505411309337036e-01 7.103284530979323552e-01 5.633207527267120041e-01 5.101506051771571570e-01 5.495273267268570017e-01 5.124493035943680219e-01
5.517720780646144796e-01 5.823337058224103968e-01 5.486584069833363442e-01 6.752415356689107639e-01 4.406881606870620693e-01 6.599387685746311849e-01 4.734247156653382804e-01 6.721574766162731196e-01 6.051158018298561370e-01 6.449388477280757481e-01
6.499157154918648871e-01 6.611976047533177914e-01 6.538607663880393606e-01 5.138799349331812927e-01 4.556973293464335328e-01 5.891781349463711681e-01 6.079357295320479970e-01 5.657734125047688689e-01 7.162758895741013765e-01 6.847717194838917054e-01
6.947570103358355897e-01 7.295566745778944151e-01 7.070565747472814522e-01 5.075739814431642349e-01 6.892439351630602618e-01 6.801548477107530744e-01 7.060495283374214059e-01 6.822704729706414728e-01 7.309419488395665354e-01 6.334065114911329175e-01
4.966363394821534660e-01 7.146254565568547212e-01 4.880193344764814922e-01 6.998749486477069404e-01 5.974846699747501377e-01 6.145629222163255800e-01 7.031930017314771408e-01 5.849208171032388437e-01 6.412795008185149248e-01 6.941340814256097280e-01
4.501833814657127397e-01 4.466741036975292456e-01 7.089652816249868428e-01 6.309689291982825132e-01 5.257163704581634400e-01 6.478003619949327385e-01 4.970547319472329861e-01 6.818333255782170754e-01 6.364030592153147037e-01 4.722116134582631242e-01
5.297745213115783169e-01 5.955355711348169212e-01 5.714256049663694048e-01 6.377043775861748198e-01 6.729781633893644477e-01 6.203960120080097562e-01 5.063250478506361452e-01 5.266095763738172231e-01 6.996898395191110120e-01 5.481016142128291024e-01
6.854878080706650056e-01 6.657258437051192246e-01 7.315649717236253347e-01 4.934265301650824775e-01 6.531023737607785096e-01 4.647962089830677823e-01 6.377415582822977269e-01 6.191271026349406403e-01 6.207693916034646708e-01 6.623437015029446373e-01
7.383302843275452165e-01 6.726984539731545309e-01 4.557271472100924981e-01 5.715309872266518543e-01 6.987437889117699141e-01 6.687352778895607752e-01 6.377176731913992702e-01 4.963187135658454485e-01 4.913596003842009563e-01 6.396117866925588036e-01
5.534990453378082487e-01 5.694561744922308488e-01 5.581067895452772598e-01 5.178884015129909812e-01 6.063189518114726617e-01 7.278387167574831285e-01 4.632893750099084662e-01 5.276304093177085486e-01 7.517662403611341526e-01 5.725354480533140222e-01
6.676938232074582924e-01 5.923320820815882737e-01 6.820298484826816665e-01 6.140878970676202364e-01 4.863531072301593983e-01 6.607384880789364257e-01 5.446437265109720371e-01 4.719409143282356500e-01 6.130503307844004102e-01 7.606174329928069300e-01
4.619186123397441834e-01 7.266161659601089173e-01 6.254171835496056264e-01 5.731145559014363400e-01 6.626959044415725586e-01 7.175002928464211394e-01 6.416273335602084016e-01 6.424604918546313881e-01 6.597076282445472062e-01 5.572391699404543042e-01
7.298301933501287753e-01 6.981865394201526298e-01 6.545882601818199253e-01 7.109334548408238197e-01 6.043160317540391402e-01 7.115570576365729538e-01 7.121436370527903792e-01 5.529626278301025266e-01 7.412919261626855771e-01 6.897946286822622675e-01
7.072644367115760167e-01 5.579376747961360961e-01 4.848002888606311456e-01 6.431053993177618944e-01 7.368035223829987324e-01 5.664130233819626437e-01 7.208045012464626700e-01 6.544521861355641068e-01 7.433217601348591774e-01 5.628362887367592826e-01
5.860340604873974790e-01 7.188605639335683417e-01 4.883190393144796748e-01 6.581354486998270970e-01 7.414453284063401428e-01 6.438474321231519859e-01 6.519425747254085080e-01 5.382808746829763624e-01 6.456096841458266455e-01 4.828048875729865075e-01
7.045233429906951894e-01 5.939976226405142556e-01 5.372108434906835983e-01 6.396339366970333895e-01 6.259066043425741688e-01 7.178133697073122432e-01 6.290126172140183547e-01 4.594423822680254732e-01 5.577639790936874675e-01 6.005212612805124195e-01
5.135506387474496615e-01 5.014149139372594544e-01 4.613478818596875031e-01 5.533655762815591350e-01 6.473642092320605057e-01 4.837391496649441347e-01 6.273622056022939431e-01 6.811896017424575733e-01 5.246722152808976913e-01 6.715863936784687294e-01
6.019755317417474494e-01 5.879435987500372107e-01 4.649061532441846056e-01 5.158446836039504158e-01 7.468522173574326795e-01 6.399795799432059784e-01 4.828957405286526394e-01 7.236860003817042752e-01 6.209073453277007548e-01 6.488900685324826556e-01
4.811307123428379962e-01 7.293989012599816357e-01 6.432820436971969924e-01 7.129692207790178093e-01 6.246927326621488641e-01 5.675773753420739753e-01 6.482510931237962515e-01 6.585822124185465309e-01 7.499461332005460390e-01 6.426392880813507347e-01
6.638724339784535244e-01 6.451813463063923448e-01 5.810279040621225688e-01 6.559398950888959412e-01 7.114736079349122111e-01 7.478910742545532564e-01 5.734545730317578416e-01 6.666181460374365209e-01 5.985369832651796784e-01 4.975216370304228475e-01
7.516401086447765945e-01 5.053768359893573425e-01 5.827200239461284292e-01 5.556739109062107662e-01 5.717679037087802785e-01 5.316013191224401302e-01 6.740614316458166666e-01 6.276793910154478962e-01 5.098808283106660566e-01 6.715687664458037665e-01
5.224799212181822083e-01 5.987393904908854259e-01 7.280112451674154439e-01 6.587651283122917256e-01 5.995575519098106376e-01 7.470185716816774013e-01 7.527870142066634962e-01 5.127539487541487029e-01 5.195092617270075097e-01 6.452998352304385454e-01
7.282304635167913265e-01 6.234985687177194702e-01 5.944472354525559554e-01 6.759910745818846767e-01 6.749923149631630315e-01 4.201463010193378644e-01 6.477399104211887249e-01 7.191791235284983319e-01 5.036312692247607581e-01 5.371704006136889253e-01
6.801448719761599149e-01 6.469667610880727171e-01 5.566450151918606037e-01 6.956246784605164546e-01 7.207985862251163889e-01 6.952013370045100338e-01 4.802516715180361606e-01 4.449425372732532802e-01 7.341411463332102594e-01 6.276021550813052352e-01
7.361541475417893166e-01 5.332358331834640142e-01 4.682039829849440893e-01 5.763601136051913487e-01 6.970508022020889261e-01 5.631975161947896380e-01 4.853318676545091970e-01 7.240462627643116100e-01 5.989376287164016599e-01 5.993928568971955695e-01
6.333228327125801638e-01 7.226735729338173986e-01 6.483665047944061621e-01 4.795901958248299235e-01 6.129557954322327751e-01 4.760869535171867173e-01 7.040300673560799805e-01 6.145736865147776173e-01 7.238174385879415640e-01 6.785516101732325112e-01
6.687465547115423181e-01 6.549077134928293908e-01 5.414943228741161407e-01 4.900818536538475989e-01 6.369595573461914739e-01 6.145656246489564767e-01 5.730092291659508730e-01 6.637051096960808749e-01 6.580036584751285389e-01 5.968003894205056170e-01
4.770516672161626559e-01 7.221889052313421598e-01 6.375425342056453282e-01 7.239665647986192054e-01 6.582572587725846747e-01 6.068889639000116798e-01 4.613204451680351093e-01 6.079541355955797588e-01 7.111233805910053274e-01 6.666670324312428120e-01
7.465713747407224377e-01 7.292962301342204023e-01 6.392422563614007514e-01 6.175240196828670758e-01 7.311258350116955906e-01 7.115168003184730861e-01 5.697806613823299671e-01 6.926246130877028451e-01 5.482386242676462462e-01 7.540375640938946633e-01
