0.000000000000000000e+00 0.000000000000000000e+00 0.000000000000000000e+00 0.000000000000000000e+00 0.000000000000000000e+00
9.802614379131475708e-01 9.608330831646842984e-01 9.802614379131475708e-01 7.900526719339185933e-01 9.610256413181585966e-01
9.308070493157879488e-01 9.802614379131475708e-01 9.515873026942033297e-01 9.802614379131475708e-01 9.404389739723582053e-01
9.610256413181585966e-01 9.305585027027278855e-01 9.507609132177048394e-01 8.408974361533887443e-01 9.800653398673927486e-01
9.900660066007335169e-01 9.200613394673482492e-01 9.604483138441105572e-01 8.800000000000000044e-01 9.802614379131475708e-01
9.305585027027278855e-01 9.700646731340519802e-01 9.300620062006890176e-01 9.608330831646842984e-01 9.002400960426865106e-01
9.802614379131475708e-01 9.802614379131475708e-01 8.705224702702937245e-01 9.222159807293192069e-01 9.404389739723582053e-01
8.912486227203959555e-01 9.131711662921516703e-01 9.504436439082343258e-01 9.505705135135391615e-01 9.702587701793399244e-01
9.311802429355867661e-01 8.621292146744145013e-01 9.000600060006668235e-01 9.304343040364820849e-01 9.300620062006890176e-01
8.545123456538323836e-01 9.405645081081335235e-01 8.031729730866213890e-01 9.122530062252525163e-01 8.836006455520517555e-01
6.030257095773644549e-01 6.923256303211928753e-01 6.390391542964968252e-01 5.895715452911599597e-01 8.119421795964467670e-01
