0.000000000000000000e+00 0.000000000000000000e+00 0.000000000000000000e+00 0.000000000000000000e+00 0.000000000000000000e+00
5.420000000000000373e-01 5.560000000000000497e-01 5.600000000000000533e-01 5.380000000000000338e-01 5.420000000000000373e-01
4.520000000000000129e-01 4.440000000000000058e-01 4.560000000000000164e-01 4.580000000000000182e-01 4.560000000000000164e-01
4.199999999999999845e-01 4.400000000000000022e-01 4.219999999999999862e-01 4.460000000000000075e-01 4.339999999999999969e-01
4.219999999999999862e-01 4.339999999999999969e-01 4.119999999999999774e-01 4.239999999999999880e-01 4.319999999999999951e-01
3.980000000000000204e-01 4.040000000000000258e-01 3.800000000000000044e-01 3.820000000000000062e-01 3.579999999999999849e-01
3.499999999999999778e-01 3.479999999999999760e-01 3.320000000000000173e-01 3.300000000000000155e-01 3.499999999999999778e-01
2.979999999999999871e-01 3.140000000000000013e-01 3.280000000000000138e-01 2.999999999999999889e-01 3.079999999999999960e-01
2.919999999999999818e-01 2.839999999999999747e-01 2.800000000000000266e-01 2.899999999999999800e-01 2.999999999999999889e-01
2.919999999999999818e-01 2.959999999999999853e-01 2.839999999999999747e-01 2.899999999999999800e-01 2.879999999999999782e-01
2.899999999999999800e-01 2.939999999999999836e-01 2.959999999999999853e-01 2.859999999999999765e-01 2.899999999999999800e-01
