0.000000000000000000e+00 0.000000000000000000e+00 0.000000000000000000e+00 0.000000000000000000e+00 0.000000000000000000e+00
5.520000000000000462e-01 5.400000000000000355e-01 5.580000000000000515e-01 5.480000000000000426e-01 5.560000000000000497e-01
5.500000000000000444e-01 5.460000000000000409e-01 5.380000000000000338e-01 5.520000000000000462e-01 5.480000000000000426e-01
5.500000000000000444e-01 5.400000000000000355e-01 5.400000000000000355e-01 5.460000000000000409e-01 5.540000000000000480e-01
5.380000000000000338e-01 5.420000000000000373e-01 5.560000000000000497e-01 5.580000000000000515e-01 5.420000000000000373e-01
5.580000000000000515e-01 5.600000000000000533e-01 5.400000000000000355e-01 5.280000000000000249e-01 5.719999999999999529e-01
5.360000000000000320e-01 5.620000000000000551e-01 5.380000000000000338e-01 5.300000000000000266e-01 5.200000000000000178e-01
5.260000000000000231e-01 5.320000000000000284e-01 5.100000000000000089e-01 5.280000000000000249e-01 5.300000000000000266e-01
4.699999999999999734e-01 4.660000000000000253e-01 4.460000000000000075e-01 4.799999999999999822e-01 4.759999999999999787e-01
3.599999999999999867e-01 3.800000000000000044e-01 4.000000000000000222e-01 3.860000000000000098e-01 3.420000000000000262e-01
3.599999999999999867e-01 3.459999999999999742e-01 3.479999999999999760e-01 3.539999999999999813e-01 3.499999999999999778e-01
