0.000000000000000000e+00 0.000000000000000000e+00 0.000000000000000000e+00 0.000000000000000000e+00 0.000000000000000000e+00
6.855158650511914420e-01 6.764472701206954985e-01 6.899657855833355447e-01 6.824298075064360036e-01 6.884373714579954395e-01
6.840985949313288517e-01 6.810555112655124477e-01 6.749878743833838124e-01 6.855512781934599564e-01 6.824895483671559182e-01
6.840857179025010559e-01 6.765973923739443396e-01 6.765302162694866173e-01 6.810455247482456453e-01 6.870523964505197423e-01
6.751025220683141148e-01 6.781837888954329596e-01 6.886058275159718800e-01 6.901933418836169176e-01 6.779353028841343942e-01
6.901336590117252978e-01 6.915925930972151026e-01 6.766689570823393174e-01 6.674383108345045557e-01 7.005947103581503521e-01
6.736377259681801677e-01 6.932320867024296396e-01 6.750279841896635880e-01 6.690716271997494413e-01 6.614051359491016635e-01
6.660425701425062295e-01 6.706221923621723535e-01 6.537979014716480686e-01 6.673133581222456812e-01 6.690800897657855906e-01
6.225329779696768817e-01 6.192350222400352378e-01 6.033454220088961817e-01 6.303757542460021179e-01 6.272697952593025983e-01
5.320210567992130768e-01 5.491253520020434875e-01 5.660989852485033280e-01 5.541999718444589051e-01 5.165214323931117679e-01
5.324978075080751827e-01 5.204562897776677799e-01 5.221972224442179566e-01 5.274106881960018978e-01 5.239027412861669841e-01
