0.000000000000000000e+00 0.000000000000000000e+00 0.000000000000000000e+00 0.000000000000000000e+00 0.000000000000000000e+00
4.730763916624102228e-01 5.025253059337373429e-01 5.529526371733193280e-01 5.331246635422326463e-01 4.544093137028376583e-01
5.362653879940927348e-01 4.833595425452746897e-01 4.713575608427340580e-01 4.666474511918429213e-01 4.872874371511045632e-01
5.138684566029918521e-01 4.875406344735218611e-01 4.881883597373305461e-01 5.015172562637681963e-01 4.731970001916809831e-01
5.386159159427966747e-01 4.783881400695633168e-01 4.456282501683874742e-01 4.194955767477390740e-01 5.564438833859890465e-01
4.683975636386781827e-01 4.835855880489750014e-01 4.574743838010332242e-01 5.047523498123481778e-01 4.871000901928451698e-01
4.679423334256183065e-01 4.751440499228109515e-01 4.206435032627314774e-01 4.631752483476462290e-01 4.612332833522135855e-01
4.857164652952087325e-01 5.126235611513075829e-01 5.328774232368513886e-01 4.820955564237896507e-01 4.680016860442611781e-01
4.740625866815083578e-01 4.897732178958403293e-01 4.760765900438893583e-01 4.592044376295856267e-01 4.639402545138442413e-01
3.971758424464683079e-01 4.435918008708558680e-01 4.447353472220348936e-01 4.656709177408950295e-01 4.118876972329652553e-01
2.780935332289102835e-01 2.494352413760247411e-01 1.743385800365347404e-01 2.457645574584875481e-01 2.098699969852151626e-01
