0.000000000000000000e+00 0.000000000000000000e+00 0.000000000000000000e+00 0.000000000000000000e+00 0.000000000000000000e+00
6.427801700102561133e-01 6.612166136038482023e-01 6.990343249768442568e-01 6.840133400261171337e-01 6.287314988058005927e-01
6.884078214079832891e-01 6.505483730325207770e-01 6.428919641070418578e-01 6.396519793338222293e-01 6.567133975508377963e-01
6.747344044204680591e-01 6.503648108824365837e-01 6.580866258539620484e-01 6.687469999035592361e-01 6.473091792262269939e-01
6.869049853487779744e-01 6.472733850636955832e-01 6.175720348750590727e-01 6.096950527047716450e-01 6.976600911982041575e-01
6.441218165124670270e-01 6.535674031646705462e-01 6.286317908233146623e-01 6.672682275820400744e-01 6.520257595385955396e-01
6.519217808998403196e-01 6.550443582965908007e-01 6.096171232741510737e-01 6.488008182928274303e-01 6.393664654361602695e-01
6.611128252687207274e-01 6.806879353072767813e-01 7.002958715194099737e-01 6.595253827235528776e-01 6.515822927635396278e-01
6.578052607791676776e-01 6.670933786764607909e-01 6.561957655931373035e-01 6.438156697834900299e-01 6.503073021644495411e-01
6.108711195871897592e-01 6.407156206384219121e-01 6.546236339507605084e-01 6.465003709122388864e-01 6.297791013350971800e-01
5.515820659160645123e-01 4.976334358935570190e-01 4.596978437001643103e-01 5.259728906988745400e-01 4.925239863631871162e-01
