0.000000000000000000e+00 0.000000000000000000e+00 0.000000000000000000e+00 0.000000000000000000e+00 0.000000000000000000e+00
6.566423867654559432e-01 6.566057232723980785e-01 6.627245711010462115e-01 6.582447015504371279e-01 6.764386049280441959e-01
6.595892638389155849e-01 6.673631290422189499e-01 6.688741412681019627e-01 6.536177464977851459e-01 7.064177680749812449e-01
6.793178611415968682e-01 6.302403393270484822e-01 7.182669750705690248e-01 6.580801829837706896e-01 6.672376665122780048e-01
6.763556463666873242e-01 6.610595688932838776e-01 6.732504378412353940e-01 6.440790706127378362e-01 6.473091792262269939e-01
6.345536390415652539e-01 6.253134915663898230e-01 6.393804130595313051e-01 6.564135448793726457e-01 6.792764877541069835e-01
6.595413377319300219e-01 6.639653998176960892e-01 6.911412378084220709e-01 6.562366335136821105e-01 6.156392139652990814e-01
6.684287400229014242e-01 7.135074428869937480e-01 6.608520138899061092e-01 6.776324039129071330e-01 6.637186020898202532e-01
6.437425118246147271e-01 6.435825044947057760e-01 6.092334623587950526e-01 6.637206528150221274e-01 6.123071568989553182e-01
6.043705551548247401e-01 6.059876938000827717e-01 6.187004344219984020e-01 5.993347774177056886e-01 6.265568036983386602e-01
5.345955418271454151e-01 4.743764002021166881e-01 4.540927948511868095e-01 5.173250124592488897e-01 4.483524552165090160e-01
