0.000000000000000000e+00 0.000000000000000000e+00 0.000000000000000000e+00 0.000000000000000000e+00 0.000000000000000000e+00
8.905344810811051115e-01 9.604483138441105572e-01 9.319279787971898044e-01 9.305585027027278855e-01 9.012626521891644593e-01
9.705825243243505485e-01 8.103782648059681959e-01 9.118865168875727178e-01 8.500566723339630926e-01 9.610256413181585966e-01
9.222159807293192069e-01 9.410042737906969545e-01 9.513327995330069786e-01 9.802614379131475708e-01 9.313047405954699709e-01
9.600640064007112118e-01 9.100606727340074809e-01 9.300620062006890176e-01 8.800000000000000044e-01 9.209829062632353125e-01
9.701940582194068519e-01 9.202454315103018034e-01 9.505705135135391615e-01 9.700646731340519802e-01 9.704529837799866776e-01
9.704529837799866776e-01 9.410042737906969545e-01 8.310533350930505714e-01 9.317408759720555711e-01 9.705825243243505485e-01
9.202454315103018034e-01 8.721539729845820821e-01 9.001800540180063814e-01 9.402507669779170962e-01 9.604483138441105572e-01
8.701740522174060688e-01 9.505705135135391615e-01 9.900660066007335169e-01 9.801960588196069191e-01 9.507609132177048394e-01
9.117034377791082278e-01 8.709294874445812074e-01 9.405645081081335235e-01 8.045045677667231887e-01 8.408974361533887443e-01
8.413506648388799913e-01 7.414148819287907921e-01 8.483550214091156727e-01 7.996460820276943826e-01 7.831914812847732277e-01
