0.000000000000000000e+00 0.000000000000000000e+00 0.000000000000000000e+00 0.000000000000000000e+00 0.000000000000000000e+00
7.491093572299639680e-01 7.507558840892173402e-01 7.216858854026995118e-01 7.494259471871411726e-01 7.378478902141849538e-01
7.563555847137936050e-01 7.115848753016894568e-01 7.438491257264113754e-01 7.278973906956848205e-01 6.894000323748755710e-01
7.395301484853723517e-01 7.201964626344677933e-01 7.641513787931232260e-01 7.678984370082414523e-01 7.416100885375594975e-01
6.666434370235773121e-01 6.741091860084994503e-01 7.345751192935282559e-01 7.507091374099047476e-01 7.472212567103078129e-01
6.575476130244660711e-01 7.374404922040400656e-01 7.211660855250365820e-01 6.973900873247780297e-01 6.799572010708362368e-01
7.552633250746457749e-01 6.703970461939120495e-01 7.268654259101626769e-01 6.955812955812955556e-01 6.699331545911141328e-01
7.615633306354956389e-01 7.355877616747182879e-01 7.416204485170001526e-01 7.140056698630551368e-01 7.261464272990485469e-01
6.048619184788326386e-01 6.435292328159443187e-01 6.639410374078709154e-01 7.198560583653751399e-01 6.566692566692565736e-01
5.988175675675675436e-01 6.195013066202089691e-01 6.700348083039090463e-01 7.125228022467400280e-01 5.761212523509238181e-01
5.790321265492498481e-01 6.377716531008575940e-01 5.712268518518518468e-01 5.680000000000000604e-01 4.975833025905245233e-01
