0.000000000000000000e+00 0.000000000000000000e+00 0.000000000000000000e+00 0.000000000000000000e+00 0.000000000000000000e+00
7.782092010257591896e-01 7.840241529904324880e-01 7.892803310204564715e-01 8.027187166062516033e-01 7.908742346123415201e-01
8.097153180631531111e-01 7.955558670788390740e-01 7.919962875971147120e-01 8.155460215052771078e-01 7.992496405516426039e-01
7.904964133870951981e-01 7.511951853451246386e-01 7.922756643956176958e-01 8.133990477309208655e-01 7.984568322815830399e-01
7.794552466952956449e-01 7.676782205312816521e-01 8.074170986332591671e-01 8.103129157734541010e-01 8.135900088904320926e-01
7.132886588505330527e-01 7.900243645331556097e-01 8.011672874643942510e-01 7.853315841795925900e-01 7.524861273595166988e-01
8.240333809193504111e-01 7.763008980540734294e-01 7.950365506185586018e-01 7.682330600899530682e-01 7.305213037916953311e-01
7.514873170956130055e-01 7.518552423647040239e-01 7.979919773234709357e-01 7.821240901515162935e-01 7.747434443309242358e-01
7.372183376953456158e-01 7.537762610744674907e-01 7.440890232961703266e-01 7.615146962990635426e-01 7.381365221095262941e-01
7.284047431907182402e-01 7.108929442889299066e-01 7.373197065447165688e-01 7.619566208413137698e-01 7.015691247253172946e-01
6.686692275782640804e-01 7.306299688309090268e-01 7.127509026701643879e-01 7.121069860024605847e-01 6.634299343959733086e-01
