0.000000000000000000e+00 0.000000000000000000e+00 0.000000000000000000e+00 0.000000000000000000e+00 0.000000000000000000e+00
8.972126819678978293e-01 7.923917291835054222e-01 9.250252163295641372e-01 8.567729561256293147e-01 8.353802161141610227e-01
9.177174818571224302e-01 8.272948257025015684e-01 9.317168338907469982e-01 8.762136255647564598e-01 8.974412326472250845e-01
7.956375903244973236e-01 8.412100081535297535e-01 9.380868597824575383e-01 8.428103777568579646e-01 9.051413006469185563e-01
8.895578061039076667e-01 7.697712418300654003e-01 8.199129821981188115e-01 7.763778257083401302e-01 9.318384832740861379e-01
8.837196049065264569e-01 8.571847110616372944e-01 9.114296331687636865e-01 8.360970677451972088e-01 8.422459445220976670e-01
8.504529580208554096e-01 8.336402445419156537e-01 9.384536610343062746e-01 7.968327333255912359e-01 8.792197360872059386e-01
8.622122039572147623e-01 8.310594749284558880e-01 8.332112332112332487e-01 7.589808211854779385e-01 7.972467254744720622e-01
6.489746732026144826e-01 7.766244837856092209e-01 8.167447844867199436e-01 8.035300372142476499e-01 7.694816665404901057e-01
6.722222222222221655e-01 7.549771689497717375e-01 6.864197893729603317e-01 6.809329281078445595e-01 7.513127141748809912e-01
6.994355749072730388e-01 5.710193361457348571e-01 6.054311476991889318e-01 6.244972855142346679e-01 6.523129059207158909e-01
