0.000000000000000000e+00 0.000000000000000000e+00 0.000000000000000000e+00 0.000000000000000000e+00 0.000000000000000000e+00
9.215071064415196744e-01 8.421409554753223059e-01 9.425148793730029340e-01 8.898784639238975780e-01 8.740073734751262480e-01
9.372684899334993158e-01 8.687080880732898081e-01 9.477576687980066028e-01 9.057110466368398782e-01 9.215071064415196744e-01
8.421409554753223059e-01 8.793021442044077762e-01 9.529969176235566497e-01 8.793021442044077762e-01 9.267646664140687385e-01
9.162456945817023524e-01 8.261408357874313602e-01 8.634042048702649241e-01 8.314794192830980979e-01 9.477576687980066028e-01
9.109803640943268110e-01 8.898784639238975780e-01 9.320184396853853359e-01 8.740073734751262480e-01 8.793021442044077762e-01
8.845924813295054090e-01 8.740073734751262480e-01 9.529969176235566497e-01 8.474641048154295531e-01 9.109803640943267000e-01
8.951601691290009821e-01 8.740073734751262480e-01 8.740073734751262480e-01 8.261408357874313602e-01 8.474641048154295531e-01
7.453559924999298980e-01 8.368127593050923574e-01 8.634042048702648131e-01 8.580956386091238564e-01 8.314794192830980979e-01
7.724426394062147150e-01 8.207969065051324842e-01 7.778397792747695494e-01 7.832305143316664608e-01 8.261408357874313602e-01
7.939932916733126733e-01 7.235564598683947857e-01 7.290178419551122113e-01 7.507872668484251166e-01 7.616286004346213279e-01
