0.000000000000000000e+00 0.000000000000000000e+00 0.000000000000000000e+00 0.000000000000000000e+00 0.000000000000000000e+00
8.798505112669490202e-01 7.750497160234496308e-01 8.549090976340064651e-01 6.920708265979731433e-01 8.571480602572680851e-01
7.526726385557938048e-01 8.364857768130284921e-01 8.204316717694924987e-01 7.415708143712728129e-01 6.770812646569173143e-01
7.351470441147051060e-01 8.364857768130284921e-01 7.735802118490102686e-01 8.255624737463860274e-01 7.775349386684166086e-01
8.287523881774084833e-01 7.641291466841659830e-01 7.446096069646066518e-01 7.556613093835889972e-01 8.004583807338691015e-01
6.811594901485873432e-01 7.179853659791545217e-01 8.121929086567268863e-01 8.410962422488457157e-01 6.801330286097955202e-01
7.242791209514017892e-01 7.886439691266303731e-01 7.634272501305823244e-01 8.204316717694924987e-01 8.313180020619019839e-01
7.020217340010246332e-01 8.089379856655070089e-01 7.822825629325116381e-01 6.688743706032597158e-01 7.277550186257756293e-01
6.484430105233625063e-01 5.295174148028611860e-01 6.484430105233625063e-01 6.882648895674228218e-01 7.603264629586619083e-01
5.607016300203206960e-01 6.025845050045613993e-01 5.387490376586634433e-01 6.129298982014905750e-01 5.789476767127872403e-01
5.860021612650716527e-01 5.664582163806992643e-01 5.535869174331754516e-01 5.815010969388016981e-01 5.069878141077396316e-01
