0.000000000000000000e+00 0.000000000000000000e+00 0.000000000000000000e+00 0.000000000000000000e+00 0.000000000000000000e+00
9.989473684210525839e-01 9.968421052631578627e-01 9.947368421052631415e-01 9.943859649122807065e-01 9.964912280701754277e-01
9.961403508771929927e-01 9.950877192982455766e-01 9.964912280701754277e-01 9.971929824561402977e-01 9.954385964912281226e-01
9.975438596491228438e-01 9.919298245614035503e-01 9.940350877192982715e-01 9.919298245614035503e-01 9.866666666666666918e-01
9.947368421052631415e-01 9.947368421052631415e-01 9.978947368421052788e-01 9.887719298245614130e-01 9.926315789473684204e-01
9.985964912280701489e-01 9.961403508771929927e-01 9.578947368421052433e-01 9.905263157894736992e-01 9.978947368421052788e-01
9.922807017543859853e-01 9.908771929824561342e-01 9.978947368421052788e-01 9.859649122807017108e-01 9.950877192982455766e-01
9.649122807017543879e-01 9.954385964912281226e-01 9.947368421052631415e-01 9.922807017543859853e-01 9.894736842105262831e-01
9.442105263157895001e-01 9.887719298245614130e-01 9.498245614035087936e-01 9.308771929824561919e-01 9.936842105263158365e-01
9.368421052631579204e-01 9.154385964912280516e-01 9.449122807017543701e-01 9.319298245614034970e-01 9.968421052631578627e-01
8.722807017543859898e-01 9.017543859649123084e-01 7.856140350877193201e-01 7.863157894736841902e-01 7.024561403508772228e-01
