0.000000000000000000e+00 0.000000000000000000e+00 0.000000000000000000e+00 0.000000000000000000e+00 0.000000000000000000e+00
8.319327731092437395e-01 8.235294117647058432e-01 8.403361344537815247e-01 8.319327731092437395e-01 8.403361344537815247e-01
8.487394957983193100e-01 8.151260504201680579e-01 8.319327731092437395e-01 7.983193277310924874e-01 8.571428571428570953e-01
8.235294117647058432e-01 8.487394957983193100e-01 7.983193277310924874e-01 8.319327731092437395e-01 8.655462184873949916e-01
8.319327731092437395e-01 8.319327731092437395e-01 8.655462184873949916e-01 8.235294117647058432e-01 8.151260504201680579e-01
8.739495798319327768e-01 7.310924369747898721e-01 8.739495798319327768e-01 7.815126050420168058e-01 7.815126050420168058e-01
7.731092436974790205e-01 7.310924369747898721e-01 8.319327731092437395e-01 6.722689075630252642e-01 8.487394957983193100e-01
5.966386554621848637e-01 8.487394957983193100e-01 8.655462184873949916e-01 7.899159663865545911e-01 7.647058823529411242e-01
7.394957983193277684e-01 6.890756302521008347e-01 7.394957983193277684e-01 6.386554621848739011e-01 7.647058823529411242e-01
5.714285714285713969e-01 8.235294117647058432e-01 6.722689075630252642e-01 6.890756302521008347e-01 6.386554621848739011e-01
6.134453781512605453e-01 5.798319327731092931e-01 5.966386554621848637e-01 6.050420168067226490e-01 5.882352941176470784e-01
