0.000000000000000000e+00 0.000000000000000000e+00 0.000000000000000000e+00 0.000000000000000000e+00 0.000000000000000000e+00
7.026888051225297360e-01 6.641286228564934335e-01 6.738756021643282912e-01 6.982379478974612974e-01 6.458084543149822387e-01
6.833254864725265554e-01 7.026888051225297360e-01 6.758940798325885346e-01 7.367498918066768265e-01 7.026888051225297360e-01
6.641286228564934335e-01 7.061076346552460636e-01 5.887004719956340226e-01 6.005055450700885755e-01 7.259966134311665042e-01
6.057726750666170279e-01 7.603206487900496802e-01 7.229648557311093571e-01 7.077213895435062740e-01 6.528210673059381408e-01
7.407008040763964907e-01 6.178590029452690757e-01 6.881699394863510788e-01 5.860869565217391441e-01 5.147369787678128805e-01
5.646609591863304134e-01 4.593683964657316321e-01 5.142179458578884921e-01 3.683635293234884256e-01 6.882602095705599998e-01
1.572350487551566478e-01 5.115364211682469353e-01 6.556994386200440950e-01 5.550959031053814829e-01 5.251980910032563177e-01
2.714788590132759527e-01 2.092884124461941442e-01 3.594202898550724612e-01 2.758386421836852009e-01 4.025362318840579601e-01
1.876629726513673047e-01 2.213266979972746129e-01 2.573475010568396226e-01 3.360194799547950861e-01 2.300724637681159368e-01
0.000000000000000000e+00 1.633115200238599851e-01 4.256282653793742356e-03 0.000000000000000000e+00 1.896622200410196246e-01
