0.000000000000000000e+00 0.000000000000000000e+00 0.000000000000000000e+00 0.000000000000000000e+00 0.000000000000000000e+00 0.000000000000000000e+00 0.000000000000000000e+00 0.000000000000000000e+00 0.000000000000000000e+00 0.000000000000000000e+00
5.964915814538092054e-01 6.644839716097624693e-01 7.060703807614255867e-01 6.756146584166025093e-01 6.491550019735103927e-01 6.824353706854402457e-01 6.658971414306924519e-01 6.841966458405143170e-01 7.163996571495334642e-01 6.821501340819783321e-01
7.169767140195774102e-01 6.345884382991101580e-01 6.640782430766972722e-01 6.917204907812417591e-01 6.482489701428844064e-01 6.313071440532351808e-01 6.738031921621332465e-01 6.420829554128059113e-01 7.127136759642170860e-01 6.364877514904353495e-01
7.074729801664604301e-01 6.450443310923560380e-01 6.917418618509377781e-01 6.987792934483521012e-01 6.877788730716980492e-01 6.669968598145588068e-01 6.478029783665657515e-01 6.956114961508954586e-01 6.855180307389457939e-01 6.689241124875539013e-01
6.669475767600432370e-01 6.932688858285336320e-01 7.068003435762012510e-01 6.597450728527476382e-01 6.793019053277010721e-01 6.920049760757281954e-01 6.680332478476930236e-01 7.039726755624804433e-01 7.017127697932840080e-01 5.891040205472686253e-01
7.333509902868438068e-01 5.549954997503702137e-01 6.467600562741606662e-01 7.593398592885755027e-01 6.009630537364870628e-01 6.651337623692777923e-01 6.907613681839031017e-01 5.675355162846538182e-01 6.437281889012614888e-01 6.818477040676045320e-01
6.392608265433278314e-01 7.017815348255225238e-01 6.795258096706623396e-01 6.865706147165635542e-01 5.889376576667019192e-01 6.522556569173252328e-01 6.491184422787669162e-01 6.666865351911830384e-01 6.759205993171397697e-01 6.716784718994145420e-01
6.780659284245089680e-01 6.648315999987505220e-01 7.176368940447598321e-01 5.887617865542252860e-01 6.959771197971328371e-01 6.661900083216850676e-01 6.513054268537795677e-01 6.263318417582917075e-01 6.428687092340999998e-01 7.032179898361843318e-01
6.682455903383591744e-01 6.422293195584620751e-01 7.072640086716738272e-01 6.827538959356012072e-01 6.995247582528780761e-01 5.691806458872559205e-01 7.067186378853910211e-01 6.651710136388262473e-01 5.293109456330864493e-01 7.063156962007832718e-01
7.057553504591089766e-01 6.324299088769480548e-01 6.593167770688245222e-01 7.354676664340721315e-01 6.677689432287935434e-01 6.992649193485949155e-01 6.059426170732290506e-01 6.246039025331521222e-01 6.604880023147594592e-01 6.665524876590085412e-01
7.669185645296767717e-01 6.219121535005782686e-01 6.797272999077578204e-01 7.236564837930833383e-01 5.975755857541388272e-01 6.696072898130215334e-01 7.495683412471393359e-01 5.495329045125884049e-01 5.842381583161622149e-01 6.993186620760740713e-01
7.582692877139931564e-01 6.650347767658296716e-01 6.501901338863326218e-01 7.007651735358745304e-01 7.397926189245574990e-01 6.140886298519238062e-01 6.979837147218794779e-01 6.526790184266371142e-01 6.304385146475637303e-01 6.293907827645653930e-01
7.074729801664604301e-01 6.326471587600405178e-01 6.420829554128059113e-01 6.671131102840524019e-01 6.966075961672737460e-01 6.983621282917160666e-01 6.527225701958386805e-01 6.491242025465506771e-01 5.728229796807967622e-01 7.081450549005967599e-01
6.100486865657639424e-01 6.667205368230548768e-01 6.031707857203028045e-01 6.771322596660991344e-01 5.129994015543460906e-01 6.414525974305232969e-01 6.906823324827783273e-01 6.590974187604157208e-01 6.620782261865321150e-01 6.584966224030494031e-01
6.302318160435538275e-01 6.965926061825719051e-01 6.190645424726419765e-01 6.632499317606512790e-01 6.027275479303763062e-01 6.392608265433278314e-01 6.616037048277920718e-01 6.985414698755222362e-01 5.580357192570345459e-01 6.820654216547690218e-01
6.283707080839233683e-01 7.340059448437530332e-01 6.893349042654375314e-01 6.189434121197360250e-01 5.492757398104988198e-01 6.064563328009637821e-01 7.588126109329755842e-01 7.154561210377220482e-01 6.561471974417816266e-01 5.331564899738279184e-01
6.642311196314178989e-01 6.311827242784783243e-01 6.860699614656103895e-01 6.587349983395546227e-01 6.139475987251243883e-01 6.583099663660287870e-01 6.677116936165051753e-01 6.434110834924556821e-01 7.039726755624804433e-01 5.679895175263565132e-01
6.741686042290150338e-01 6.648315999987505220e-01 6.676452777717477582e-01 6.806232384718658990e-01 6.589563164849091548e-01 5.335991387271522557e-01 6.621067779713618595e-01 6.496349479839462759e-01 5.911957026219881728e-01 5.837008328741872809e-01
6.338485372828266406e-01 5.381458423771694477e-01 7.092337242352462212e-01 5.929695509292017830e-01 6.927346387157761187e-01 6.024874124459934643e-01 6.806528286489088586e-01 6.708817000034117406e-01 7.071247971736868143e-01 6.734485108267597164e-01
6.672922453248354424e-01 5.987477162540336684e-01 6.182497995782254563e-01 6.317654442588237496e-01 6.022253386074161163e-01 7.039726755624804433e-01 6.790731250253203566e-01 6.782132409595246214e-01 6.414857809811405076e-01 6.756213943547944023e-01
6.783335156205700933e-01 5.960578608067540474e-01 6.079962140828348849e-01 6.733943713784011909e-01 6.672789149839395417e-01 6.606197179412188758e-01 5.750457059425203576e-01 6.810770272431195815e-01 5.939308202928021974e-01 6.589719852463187255e-01
5.267341524351926152e-01 6.354260899183551414e-01 6.382049272749287239e-01 6.676715475068721872e-01 5.854771980912683027e-01 6.095041691245917104e-01 6.907065522203609254e-01 6.321256558516320512e-01 6.820504617993811136e-01 5.629359893650784930e-01
6.312765498775109174e-01 6.216016755462058230e-01 6.796762198553408796e-01 5.844325582613145720e-01 6.810102124073043051e-01 6.143603236730178496e-01 6.416254001954604380e-01 5.522833009160432738e-01 6.937341595914635617e-01 5.212730121851398835e-01
6.822532618817059857e-01 5.457865735183277112e-01 6.446368798206036921e-01 6.686436015279492162e-01 6.116286651808215957e-01 6.906823324827783273e-01 6.221757295606772376e-01 6.714387270244587258e-01 6.597450728527476382e-01 6.575253296552937554e-01
6.263740763808890444e-01 6.457153443963079553e-01 6.356405509878554350e-01 7.027675027543630604e-01 5.548620723208741445e-01 6.050454335183597099e-01 7.224915754511113120e-01 6.518376935413381368e-01 6.352316102160455724e-01 6.867015108038327931e-01
6.136922448669953623e-01 6.137162849417213684e-01 6.909119260944334151e-01 6.056175572501794058e-01 6.693042469856684828e-01 6.315312936561198187e-01 6.993626426413408481e-01 6.778873844227571999e-01 6.002958490189963525e-01 6.585018623784345548e-01
5.789245293598889175e-01 5.984432732339761696e-01 6.846007387859743831e-01 5.631629351502236425e-01 6.699990093092244026e-01 6.980229568243803140e-01 6.612839635184191156e-01 5.618421358963990864e-01 6.219981701672638863e-01 5.688109582165504774e-01
6.893113492116735852e-01 5.311904597816730078e-01 5.782705515441119992e-01 5.882993208228978199e-01 6.145049391223444957e-01 6.072081928553668684e-01 6.946335152651912370e-01 5.408214642339442824e-01 5.830220624191684298e-01 6.663982862841801857e-01
6.002352488160306310e-01 5.868037369878478238e-01 6.059426170732290506e-01 6.168512255873344063e-01 5.639437528943505029e-01 5.280421800575556546e-01 5.327651126184433927e-01 6.529778687935612336e-01 6.894371921212149035e-01 6.589719852463187255e-01
6.446878825995711049e-01 7.065975840194906876e-01 7.004132149035908750e-01 5.997637191096845122e-01 6.032280894420701811e-01 6.042910400170028451e-01 6.171951108753147563e-01 6.317386810898426575e-01 6.250758047846685095e-01 5.718582904180739002e-01
5.716539526599018206e-01 6.783947978906629261e-01 4.381807563779231973e-01 6.009562812684656752e-01 5.810237122035483148e-01 5.562575649286415347e-01 5.470108738305449192e-01 5.217077727495690320e-01 6.220077751661008403e-01 7.041774506435798386e-01
6.213034156571510813e-01 6.290639178940720111e-01 5.603380904056279865e-01 3.645938909697210573e-01 5.752935352580461625e-01 5.564805684738741709e-01 6.881699193379128277e-01 5.524974061751359855e-01 5.172558196583436629e-01 5.150363181189738793e-01
5.657092764025745124e-01 4.502194100412909017e-01 6.194455758290124958e-01 5.311904597816730078e-01 5.569634758280618270e-01 5.258070667730546655e-01 6.012819542306658827e-01 5.750661643412338098e-01 5.536274719649010301e-01 6.290082791510789306e-01
6.105323285229413699e-01 5.812245046375709157e-01 6.439252468616863956e-01 5.905088601508963198e-01 5.978145076983077955e-01 6.002838487020415448e-01 5.727820834230754610e-01 5.567984998774136995e-01 4.892630802176149429e-01 6.550783257464670717e-01
6.499688069017067749e-01 5.885642712062784110e-01 6.418169396992629006e-01 5.830220624191684298e-01 6.152574803899291123e-01 6.463466029490024800e-01 6.613125201529678199e-01 7.126082579418043794e-01 5.559082356830840066e-01 6.426918266860394136e-01
5.396231245130838072e-01 5.672412352758900989e-01 6.315633497455177547e-01 5.502940976745533952e-01 7.350768464745233155e-01 5.536965583815960379e-01 5.776602336702449936e-01 6.189794778173264289e-01 6.671280938266137550e-01 5.649782281414508223e-01
5.495661173867825156e-01 6.638315783764628941e-01 6.372488199019581412e-01 5.957093326593255744e-01 5.810726645194984608e-01 6.460589044542455195e-01 5.855618236179568337e-01 6.534463805664667557e-01 6.132843727588713767e-01 5.990378651124526055e-01
6.656682265072914051e-01 6.400337102513543597e-01 6.726164760623105643e-01 6.564232750142844353e-01 7.092337242352462212e-01 6.898027593475419827e-01 6.637164461317951458e-01 6.308558698810142751e-01 6.372486670611314796e-01 7.110182420368802436e-01
6.831215652032189833e-01 7.071247971736868143e-01 6.915227666357465219e-01 6.532290075846541866e-01 6.270073007072360927e-01 6.442863691460144482e-01 7.148531362449613846e-01 6.615179329349180071e-01 6.636472322642259503e-01 7.017127697932840080e-01
6.782841499619121084e-01 6.628330969818103657e-01 7.006193501554871528e-01 6.176348878141515453e-01 6.496985076795721570e-01 7.024310074036895779e-01 7.172012502894752339e-01 6.638793142851865392e-01 6.822841649574405976e-01 6.180698120833238995e-01
6.163430917331090830e-01 6.248491337567874115e-01 6.972040754581774191e-01 7.118953525726188225e-01 6.282546288637615994e-01 7.251719328027791400e-01 6.081058463072431808e-01 5.685909351927793676e-01 7.104522917795634829e-01 6.953370931831566182e-01
6.649295253607641065e-01 6.330311637105030531e-01 6.713461387575524464e-01 7.106809756886229845e-01 6.583099663660287870e-01 6.669795017394987147e-01 6.807219133509342379e-01 7.340179785868755635e-01 6.741686042290150338e-01 6.787325082563387957e-01
5.276570878120441233e-01 7.495683412471393359e-01 6.118437583467208896e-01 5.402922328342951719e-01 6.847616881183533621e-01 6.648476344404673499e-01 7.110182420368802436e-01 7.011010410684609395e-01 6.752401511253047772e-01 6.997575441422233533e-01
6.995247582528780761e-01 6.361179662310597616e-01 6.751228056665083965e-01 6.732727428044462670e-01 6.665524876590085412e-01 5.666897639060899383e-01 6.161315155646028829e-01 6.799468034714247766e-01 6.244998772745644633e-01 6.886463264003991336e-01
6.481680507229741206e-01 7.337086906902896555e-01 5.942428968729130956e-01 7.039726755624804433e-01 6.368764949135506948e-01 6.707912721930809896e-01 6.944790820429506129e-01 7.331557854772021710e-01 6.418367388722002742e-01 7.160579451046249488e-01
6.510445031697220664e-01 6.280068025145945088e-01 6.316805145012837075e-01 5.795304942045496066e-01 6.581047190285440607e-01 7.416425465869125322e-01 5.896822686634146660e-01 6.781953216181194621e-01 6.591687030929553881e-01 6.790718365588973571e-01
6.768206049522155210e-01 6.732287520007211867e-01 6.813696760338229241e-01 7.049032466331207614e-01 6.992064815958460855e-01 7.008487229872502056e-01 6.675293249990102984e-01 6.520726111375976242e-01 6.540349238356443218e-01 6.252792501416967186e-01
6.649060564655745464e-01 7.377852463118261817e-01 6.181809143939973605e-01 6.023189484380006009e-01 6.860161247656288985e-01 6.715192642603405870e-01 7.147806630440036724e-01 5.707329247751459222e-01 5.659936813543641199e-01 6.629860910395677376e-01
7.145684465032154931e-01 6.586599030125568355e-01 6.577599997233136708e-01 5.875927380732970384e-01 6.998765135729893005e-01 6.889868153280033214e-01 6.412587129420258547e-01 6.094549755805842572e-01 6.470623902384615711e-01 5.830578208560261988e-01
6.300192423816779463e-01 6.107460529000381388e-01 6.018152669734466720e-01 5.623626551605056534e-01 6.334006956760178664e-01 7.125694682971477345e-01 6.350331697821572918e-01 6.203538271999350373e-01 6.217058200782966670e-01 6.019126057900736626e-01
6.805343543159374509e-01 6.579995578298672987e-01 6.638315783764628941e-01 6.353265879992069376e-01 6.804011867095246524e-01 6.500355373402268988e-01 6.122685089528463465e-01 6.048245228025926901e-01 5.691589257891872533e-01 6.455316766341664403e-01
6.595193716331103628e-01 6.578601199145648337e-01 6.413447196327535238e-01 6.683103295132623023e-01 6.489284091235061336e-01 6.354155323497369112e-01 4.586817921733375436e-01 6.622423802280398286e-01 6.500996660887512490e-01 6.661918079285262806e-01
5.719569304133215182e-01 6.307613875941389114e-01 6.857666783024760626e-01 6.577663319813409348e-01 6.514027651477067860e-01 5.884185027932204992e-01 5.468348852534840043e-01 5.898479804710782259e-01 6.368691474254417617e-01 6.191515092319409552e-01
6.624921148781768299e-01 6.449002311937960252e-01 6.543041991342675168e-01 6.234104007856081653e-01 6.252122934337501770e-01 5.533773818624398988e-01 6.483720771442328390e-01 6.721370044783683273e-01 5.944490465734024731e-01 6.247906993017999788e-01
5.919731657768628752e-01 6.181809143939973605e-01 5.715717172846921379e-01 6.736828883872141294e-01 6.619982110843720680e-01 6.667122565820990943e-01 6.859006160992084933e-01 6.220859220493820674e-01 5.765199925756538946e-01 6.893969692026866714e-01
5.652464965225129090e-01 5.867550549578565144e-01 6.490014487963408074e-01 6.138737697193544784e-01 6.395995758245021090e-01 6.755408475748295727e-01 5.908326467405042859e-01 5.530416844997571024e-01 5.126034355343819238e-01 6.624921148781768299e-01
6.988135777492135992e-01 5.193337280637145836e-01 6.774768165134720244e-01 6.139291910015206577e-01 7.131401457544090938e-01 6.682617979956605447e-01 5.570419192231855776e-01 6.778112573772612226e-01 6.482884382503124598e-01 5.685762399835114778e-01
6.322670068243968489e-01 5.329804145890126854e-01 6.184602816319118013e-01 6.482580246374899380e-01 5.930756370431777835e-01 5.676105084092163411e-01 6.516612557061728372e-01 6.202341315127402055e-01 6.246517044651461736e-01 6.407774617153920715e-01
6.327284667076636948e-01 6.342747967653787899e-01 5.569417397404952119e-01 5.217077727495690320e-01 5.456611291818741494e-01 6.349756026469866033e-01 7.253546203311375118e-01 6.606934848908058155e-01 6.240761191720726186e-01 5.219650909341122524e-01
6.144089182313513531e-01 6.312956515891333664e-01 6.209519667620144734e-01 6.882146697098174837e-01 5.338799596734442598e-01 5.908466325716382750e-01 5.861837942126729706e-01 5.758076437861427976e-01 5.832162545098712458e-01 7.390985517849489872e-01
5.359220051253845707e-01 5.328324619022158926e-01 6.378826975924347664e-01 6.192107992105532199e-01 5.623279096542344035e-01 6.583443450623949200e-01 7.245083407717890500e-01 6.437639777346556569e-01 5.645697382230926431e-01 5.482991543441538829e-01
5.917287903110591829e-01 7.076868409313115116e-01 5.623888628777836685e-01 5.648182054508128491e-01 5.970628461404692278e-01 6.527600890419135160e-01 4.870326464487642060e-01 5.740904482848443457e-01 5.731625109729145962e-01 4.917677305155934708e-01
5.854041944594594593e-01 5.445151190299787336e-01 5.781908999751854683e-01 7.091382088815776363e-01 6.476422819667099207e-01 4.993921532305186095e-01 6.249966611163353392e-01 5.977557377656983473e-01 6.497819679584904140e-01 5.641618768033047626e-01
5.848426897651474166e-01 5.647901578412153345e-01 5.560065988605540355e-01 5.429048844181944000e-01 5.434010780918725469e-01 6.501759478563629013e-01 5.618222206706799948e-01 5.625269674682409349e-01 6.208132408430854232e-01 5.932813620870660554e-01
5.475176351993934487e-01 5.290746793586452723e-01 5.688970918939443289e-01 6.440347976335859537e-01 5.473227256571855381e-01 5.625898639731250483e-01 5.784168651849508347e-01 5.512182226239613625e-01 4.666424103940192691e-01 6.454552638872809167e-01
5.709001803765026972e-01 4.733485344678116102e-01 5.901412698069814500e-01 5.929355299979763849e-01 6.032280894420701811e-01 4.401157308767434384e-01 5.714727995461197363e-01 5.410660455668490076e-01 6.161683018059538330e-01 6.141615394234933856e-01
4.129590305150853125e-01 6.202190448047180116e-01 6.149008588838048572e-01 5.957072558268461382e-01 4.917326936553662597e-01 5.098271523998221255e-01 3.089308216232559690e-01 5.727383732546441619e-01 6.010266215534764145e-01 6.136671347843511981e-01
