0.000000000000000000e+00 0.000000000000000000e+00 0.000000000000000000e+00 0.000000000000000000e+00 0.000000000000000000e+00
3.857142857142857317e-01 3.842857142857142860e-01 3.842857142857142860e-01 3.857142857142857317e-01 3.842857142857142860e-01
3.671428571428571597e-01 3.785714285714285587e-01 3.714285714285714413e-01 3.842857142857142860e-01 3.785714285714285587e-01
3.742857142857142771e-01 3.757142857142857229e-01 3.742857142857142771e-01 3.714285714285714413e-01 3.642857142857142683e-01
3.442857142857143060e-01 3.642857142857142683e-01 3.742857142857142771e-01 3.828571428571428403e-01 3.528571428571428692e-01
3.571428571428571508e-01 3.442857142857143060e-01 3.257142857142857340e-01 3.585714285714285965e-01 3.471428571428571419e-01
3.099999999999999978e-01 3.242857142857142883e-01 3.499999999999999778e-01 3.414285714285714146e-01 3.428571428571428603e-01
3.099999999999999978e-01 3.242857142857142883e-01 3.371428571428571330e-01 3.485714285714285876e-01 3.171428571428571153e-01
3.157142857142857251e-01 3.485714285714285876e-01 3.042857142857142705e-01 3.057142857142857162e-01 3.385714285714285787e-01
2.928571428571428714e-01 3.242857142857142883e-01 2.942857142857142616e-01 3.257142857142857340e-01 3.014285714285714346e-01
2.399999999999999911e-01 2.485714285714285821e-01 2.657142857142857362e-01 2.514285714285714457e-01 2.785714285714285809e-01
