0.000000000000000000e+00 0.000000000000000000e+00 0.000000000000000000e+00 0.000000000000000000e+00 0.000000000000000000e+00
9.341229341229341232e-01 9.341229341229341232e-01 9.173789173789174134e-01 9.341229341229341232e-01 9.341229341229341232e-01
9.341229341229341232e-01 9.341229341229341232e-01 9.341229341229341232e-01 9.341229341229341232e-01 9.341229341229341232e-01
9.173789173789174134e-01 9.341229341229341232e-01 9.341229341229341232e-01 9.173789173789174134e-01 9.506533178503802084e-01
9.341229341229341232e-01 9.175466163838258415e-01 9.341229341229341232e-01 9.341229341229341232e-01 9.173789173789174134e-01
9.341229341229341232e-01 9.506533178503802084e-01 9.003556829643786230e-01 9.173789173789174134e-01 9.506533178503802084e-01
9.506533178503802084e-01 9.173789173789174134e-01 9.506533178503802084e-01 8.997171590194845692e-01 9.173789173789174134e-01
8.673846478724528408e-01 9.173789173789174134e-01 9.341229341229341232e-01 9.341229341229341232e-01 9.665831244778613218e-01
8.994708994708995320e-01 9.173789173789174134e-01 9.173789173789174134e-01 9.497171590194845026e-01 9.497171590194845026e-01
9.160731917396693902e-01 8.659932659932660926e-01 9.175466163838258415e-01 9.499358151476252621e-01 9.330968599261281193e-01
9.335593007563632861e-01 9.661959777492512558e-01 9.340434419381787867e-01 8.828408828408829123e-01 8.659932659932660926e-01
