0.000000000000000000e+00 0.000000000000000000e+00 0.000000000000000000e+00 0.000000000000000000e+00 0.000000000000000000e+00
9.506533178503802084e-01 9.003556829643786230e-01 9.173789173789174134e-01 9.341229341229341232e-01 9.341229341229341232e-01
9.341229341229341232e-01 9.341229341229341232e-01 9.341229341229341232e-01 9.173789173789174134e-01 9.341229341229341232e-01
9.173789173789174134e-01 9.341229341229341232e-01 9.341229341229341232e-01 9.173789173789174134e-01 9.173789173789174134e-01
9.506533178503802084e-01 9.341229341229341232e-01 9.173789173789174134e-01 9.341229341229341232e-01 9.341229341229341232e-01
9.173789173789174134e-01 9.341229341229341232e-01 9.173789173789174134e-01 9.173789173789174134e-01 9.670329670329670391e-01
9.341229341229341232e-01 9.341229341229341232e-01 9.506533178503802084e-01 8.656330749354005372e-01 9.173789173789174134e-01
8.673846478724528408e-01 9.003556829643786230e-01 9.341229341229341232e-01 9.341229341229341232e-01 9.665831244778613218e-01
9.164495505958919486e-01 9.008417508417508879e-01 9.008417508417508879e-01 9.665831244778613218e-01 9.665831244778613218e-01
9.160731917396693902e-01 8.827965799037835737e-01 9.175466163838258415e-01 9.332497911445279959e-01 9.160731917396693902e-01
9.335593007563632861e-01 9.499164578111946033e-01 9.340434419381787867e-01 8.995215311004783887e-01 8.659932659932660926e-01
