0.000000000000000000e+00 0.000000000000000000e+00 0.000000000000000000e+00 0.000000000000000000e+00 0.000000000000000000e+00
5.679999999999999494e-01 5.493333333333333401e-01 5.759999999999999565e-01 5.600000000000000533e-01 5.546666666666666412e-01
5.813333333333333686e-01 5.573333333333333472e-01 5.733333333333333615e-01 5.573333333333333472e-01 5.706666666666666554e-01
5.546666666666666412e-01 5.759999999999999565e-01 5.866666666666666696e-01 5.653333333333333544e-01 5.679999999999999494e-01
5.573333333333333472e-01 5.679999999999999494e-01 5.679999999999999494e-01 5.333333333333333259e-01 5.386666666666666270e-01
5.200000000000000178e-01 5.280000000000000249e-01 5.280000000000000249e-01 5.120000000000000107e-01 5.280000000000000249e-01
4.613333333333333175e-01 4.719999999999999751e-01 4.693333333333333246e-01 4.719999999999999751e-01 4.666666666666666741e-01
4.426666666666666528e-01 4.213333333333333375e-01 4.213333333333333375e-01 3.946666666666666656e-01 4.053333333333333233e-01
3.920000000000000151e-01 3.653333333333333433e-01 3.466666666666666785e-01 3.679999999999999938e-01 3.786666666666666514e-01
3.333333333333333148e-01 3.333333333333333148e-01 3.360000000000000209e-01 3.413333333333333219e-01 3.333333333333333148e-01
3.333333333333333148e-01 3.333333333333333148e-01 3.333333333333333148e-01 3.333333333333333148e-01 3.333333333333333148e-01
