0.000000000000000000e+00 0.000000000000000000e+00 0.000000000000000000e+00 0.000000000000000000e+00 0.000000000000000000e+00
5.669453152211773039e-01 5.486320774938834299e-01 5.761098200140973846e-01 5.604299357879664045e-01 5.505917208237431915e-01
5.771061378244585205e-01 5.510975813959718694e-01 5.683504038461197894e-01 5.519299115629390240e-01 5.591184569245997160e-01
5.483039747064136771e-01 5.667075292724786939e-01 5.768427195556530274e-01 5.564092544765243398e-01 5.510716569553167909e-01
5.403064060184306072e-01 5.474898154185988686e-01 5.546511024840202753e-01 5.147868013136738252e-01 5.140141509066398218e-01
4.871412441254773795e-01 5.060210044278812269e-01 5.010327862435230983e-01 4.787710091140169877e-01 4.948077885222639805e-01
4.060028578703545055e-01 4.146026428534707597e-01 4.111310548436297174e-01 4.213207121929232191e-01 4.048135404366943746e-01
3.740957966764418274e-01 3.229738456570875882e-01 3.279206616567332255e-01 2.848582693596037330e-01 3.041392823133993173e-01
2.784631783354792334e-01 2.326182400187950527e-01 2.002846319716523882e-01 2.368802185091223589e-01 2.523148148148148251e-01
1.666666666666666574e-01 1.666666666666666574e-01 1.722916732936773110e-01 1.832977028839704869e-01 1.666666666666666574e-01
1.666666666666666574e-01 1.666666666666666574e-01 1.666666666666666574e-01 1.666666666666666574e-01 1.666666666666666574e-01
