0.000000000000000000e+00 0.000000000000000000e+00 0.000000000000000000e+00 0.000000000000000000e+00 0.000000000000000000e+00 0.000000000000000000e+00 0.000000000000000000e+00 0.000000000000000000e+00 0.000000000000000000e+00 0.000000000000000000e+00
7.537783614444090174e-01 8.323148993037752241e-01 6.619684638946263799e-01 7.792323356072560214e-01 6.862435664967209137e-01 7.461285782300156599e-01 8.380206380834700486e-01 7.879092800517907280e-01 8.053872662568292151e-01 7.667979486648716092e-01
7.172417274099839313e-01 8.323148993037752241e-01 8.380206380834700486e-01 7.461285782300156599e-01 6.862435664967209137e-01 8.380206380834700486e-01 7.461285782300156599e-01 8.094999088258616471e-01 7.872315085026536652e-01 7.461285782300156599e-01
8.380206380834700486e-01 7.684732793678399343e-01 8.053872662568292151e-01 8.380206380834700486e-01 7.083124202226289690e-01 7.461285782300156599e-01 8.323148993037752241e-01 7.818715720732434260e-01 7.537783614444090174e-01 7.289592816971104394e-01
7.832012865918626110e-01 8.168511940089083767e-01 8.094999088258616471e-01 8.105379514521363626e-01 6.602586845506127622e-01 7.056083544523754636e-01 8.023435915451344602e-01 8.323148993037752241e-01 8.600936531274780972e-01 8.820104430654692740e-01
7.879092800517907280e-01 7.083124202226289690e-01 8.380206380834700486e-01 7.759774130632280942e-01 6.354107097191861175e-01 8.380206380834700486e-01 7.667979486648716092e-01 6.827243455226342794e-01 7.892700915666699402e-01 7.667979486648716092e-01
7.289592816971104394e-01 7.461285782300156599e-01 8.380206380834700486e-01 7.289592816971104394e-01 8.600936531274780972e-01 8.323148993037752241e-01 8.295053895174014924e-01 8.323148993037752241e-01 6.892181949450164602e-01 8.380206380834700486e-01
7.461285782300156599e-01 6.403943994731999823e-01 7.961815202531468127e-01 7.128891149634438706e-01 7.128891149634438706e-01 7.818715720732434260e-01 8.380206380834700486e-01 7.441607631687251478e-01 8.323148993037752241e-01 7.961815202531468127e-01
8.094999088258616471e-01 6.381649953194596936e-01 8.323148993037752241e-01 7.441607631687251478e-01 8.380206380834700486e-01 8.323148993037752241e-01 7.128891149634438706e-01 8.542821429703302272e-01 7.792323356072560214e-01 7.402713945705732268e-01
7.232784198342051551e-01 6.619684638946263799e-01 8.105379514521363626e-01 7.461285782300156599e-01 8.094999088258616471e-01 8.380206380834700486e-01 8.380206380834700486e-01 6.619684638946263799e-01 8.380206380834700486e-01 6.862435664967209137e-01
8.323148993037752241e-01 6.619684638946263799e-01 8.323148993037752241e-01 6.602586845506127622e-01 8.380206380834700486e-01 9.026365404882762400e-01 8.094999088258616471e-01 8.323148993037752241e-01 7.461285782300156599e-01 8.094999088258616471e-01
8.323148993037752241e-01 8.380206380834700486e-01 6.862435664967209137e-01 6.381649953194596936e-01 7.892700915666699402e-01 8.094999088258616471e-01 8.794080883518105018e-01 6.645582221762220687e-01 7.792323356072560214e-01 8.380206380834700486e-01
7.598793294863778192e-01 7.684732793678399343e-01 6.619684638946263799e-01 8.323148993037752241e-01 8.281112618270177750e-01 6.827243455226342794e-01 7.107423155935334025e-01 7.667979486648716092e-01 6.892181949450164602e-01 8.380206380834700486e-01
7.461285782300156599e-01 7.056083544523754636e-01 7.667979486648716092e-01 8.546419164724743389e-01 6.965181499962360689e-01 7.684732793678399343e-01 7.684732793678399343e-01 6.403943994731999823e-01 7.461285782300156599e-01 6.094695549697963788e-01
8.053872662568292151e-01 7.537783614444090174e-01 7.461285782300156599e-01 8.597269536210950802e-01 8.323148993037752241e-01 8.600936531274780972e-01 0.000000000000000000e+00 7.745966692414832933e-01 8.514202182000767394e-01 8.510644963469901070e-01
6.892181949450164602e-01 6.862435664967209137e-01 6.862435664967209137e-01 7.684732793678399343e-01 7.792323356072560214e-01 6.838913965377400039e-01 6.619684638946263799e-01 7.402713945705732268e-01 7.107423155935334025e-01 7.550505621157773684e-01
6.134383589318973540e-01 7.461285782300156599e-01 6.577186759210126299e-01 8.380206380834700486e-01 8.323148993037752241e-01 8.053872662568292151e-01 6.602586845506127622e-01 8.820104430654692740e-01 8.600936531274780972e-01 8.316098463188710266e-01
8.380206380834700486e-01 7.402713945705732268e-01 8.168511940089083767e-01 7.792323356072560214e-01 8.600936531274780972e-01 6.821430560638803708e-01 7.461285782300156599e-01 8.053872662568292151e-01 6.577186759210126299e-01 6.862435664967209137e-01
8.053872662568292151e-01 8.820104430654692740e-01 7.047138579747255216e-01 9.045340337332907765e-01 8.380206380834700486e-01 6.110478128258090003e-01 6.354107097191861175e-01 6.348641197602045150e-01 6.892181949450164602e-01 6.660101754521280393e-01
6.892181949450164602e-01 7.461285782300156599e-01 8.820104430654692740e-01 6.619684638946263799e-01 6.619684638946263799e-01 7.954821951113958400e-01 7.345500185034985474e-01 8.380206380834700486e-01 8.597269536210950802e-01 7.818715720732434260e-01
6.619684638946263799e-01 6.381649953194596936e-01 7.062065812274456178e-01 7.745966692414832933e-01 0.000000000000000000e+00 6.619684638946263799e-01 6.354107097191861175e-01 8.380206380834700486e-01 5.907153214781412087e-01 7.537783614444090174e-01
7.056083544523754636e-01 7.461285782300156599e-01 8.094999088258616471e-01 8.323148993037752241e-01 5.907153214781412087e-01 8.168511940089083767e-01 7.289592816971104394e-01 8.542821429703302272e-01 8.380206380834700486e-01 7.792323356072560214e-01
8.323148993037752241e-01 8.820104430654692740e-01 6.354107097191861175e-01 9.026365404882762400e-01 7.537783614444090174e-01 8.600936531274780972e-01 6.862435664967209137e-01 7.537783614444090174e-01 7.258661863112977342e-01 8.168511940089083767e-01
7.759774130632280942e-01 8.380206380834700486e-01 8.380206380834700486e-01 6.602586845506127622e-01 8.380206380834700486e-01 8.323148993037752241e-01 8.094999088258616471e-01 7.759774130632280942e-01 6.354107097191861175e-01 8.094999088258616471e-01
7.550505621157773684e-01 8.600936531274780972e-01 8.094999088258616471e-01 8.094999088258616471e-01 8.820104430654692740e-01 8.600936531274780972e-01 8.179178119091964350e-01 8.820104430654692740e-01 8.323148993037752241e-01 8.380206380834700486e-01
5.690501029130339283e-01 8.105379514521363626e-01 8.053872662568292151e-01 7.402713945705732268e-01 7.326721713278715464e-01 7.548398491282626299e-01 7.062065812274456178e-01 8.380206380834700486e-01 8.094999088258616471e-01 6.892181949450164602e-01
7.448149705593953840e-01 7.818715720732434260e-01 6.381649953194596936e-01 7.684732793678399343e-01 8.380206380834700486e-01 8.323148993037752241e-01 6.134383589318973540e-01 7.345500185034985474e-01 8.524900660167054056e-01 8.380206380834700486e-01
9.015037604471400901e-01 8.323148993037752241e-01 7.308086528256745318e-01 6.134383589318973540e-01 8.105379514521363626e-01 7.242455855256795250e-01 7.326721713278715464e-01 6.147786234942720363e-01 8.820104430654692740e-01 6.316139407998891953e-01
8.316098463188710266e-01 8.053872662568292151e-01 6.602586845506127622e-01 6.348641197602045150e-01 7.818715720732434260e-01 8.323148993037752241e-01 8.094999088258616471e-01 7.832012865918626110e-01 6.381649953194596936e-01 7.832012865918626110e-01
8.820104430654692740e-01 8.323148993037752241e-01 7.961815202531468127e-01 6.348641197602045150e-01 8.546419164724743389e-01 8.546419164724743389e-01 8.380206380834700486e-01 6.354107097191861175e-01 8.380206380834700486e-01 8.380206380834700486e-01
7.759774130632280942e-01 8.323148993037752241e-01 7.879092800517907280e-01 8.380206380834700486e-01 6.602586845506127622e-01 6.094695549697963788e-01 7.441607631687251478e-01 7.792323356072560214e-01 8.600936531274780972e-01 8.600936531274780972e-01
9.045340337332907765e-01 6.577186759210126299e-01 8.380206380834700486e-01 7.194481453189082165e-01 8.323148993037752241e-01 7.461285782300156599e-01 6.403943994731999823e-01 5.917571482513916958e-01 6.619684638946263799e-01 8.323148993037752241e-01
6.619684638946263799e-01 7.461285782300156599e-01 7.289592816971104394e-01 7.879092800517907280e-01 8.380206380834700486e-01 6.615701550312039769e-01 6.166698388447784396e-01 8.380206380834700486e-01 7.684732793678399343e-01 6.403943994731999823e-01
7.667979486648716092e-01 8.323148993037752241e-01 7.402713945705732268e-01 7.879092800517907280e-01 7.759774130632280942e-01 6.507240078691919338e-01 8.305556183273551385e-01 7.550505621157773684e-01 6.354107097191861175e-01 7.027819284987273374e-01
7.657979943833516101e-01 8.281112618270177750e-01 8.380206380834700486e-01 8.820104430654692740e-01 6.862435664967209137e-01 8.600936531274780972e-01 7.289592816971104394e-01 9.015037604471400901e-01 6.134383589318973540e-01 7.232784198342051551e-01
7.128891149634438706e-01 8.600936531274780972e-01 7.461285782300156599e-01 8.281112618270177750e-01 8.600936531274780972e-01 8.775633032524907673e-01 8.597269536210950802e-01 8.597269536210950802e-01 8.040302522073695668e-01 8.094999088258616471e-01
8.053872662568292151e-01 6.619684638946263799e-01 5.690501029130339283e-01 6.126383955066813103e-01 6.619684638946263799e-01 7.832012865918626110e-01 8.380206380834700486e-01 7.056083544523754636e-01 8.575365629190411232e-01 8.597269536210950802e-01
7.027819284987273374e-01 8.323148993037752241e-01 8.820104430654692740e-01 7.684732793678399343e-01 7.021479347490223732e-01 8.070932356885093251e-01 7.954821951113958400e-01 8.820104430654692740e-01 8.094999088258616471e-01 8.600936531274780972e-01
8.323148993037752241e-01 7.461285782300156599e-01 7.107423155935334025e-01 6.660101754521280393e-01 7.314282448427116279e-01 6.892181949450164602e-01 7.461285782300156599e-01 7.759774130632280942e-01 8.775633032524907673e-01 5.874155549698462098e-01
8.524900660167054056e-01 7.961815202531468127e-01 8.820104430654692740e-01 8.323148993037752241e-01 7.402713945705732268e-01 7.062065812274456178e-01 7.667979486648716092e-01 8.168511940089083767e-01 6.134383589318973540e-01 7.258661863112977342e-01
7.461285782300156599e-01 6.892181949450164602e-01 8.542821429703302272e-01 6.354107097191861175e-01 8.094999088258616471e-01 5.690501029130339283e-01 7.461285782300156599e-01 8.323148993037752241e-01 8.797784434275470744e-01 7.461285782300156599e-01
8.094999088258616471e-01 7.537783614444090174e-01 7.448149705593953840e-01 7.759774130632280942e-01 7.308086528256745318e-01 6.892181949450164602e-01 8.380206380834700486e-01 6.619684638946263799e-01 6.602586845506127622e-01 7.879092800517907280e-01
8.094999088258616471e-01 6.134383589318973540e-01 8.380206380834700486e-01 8.600936531274780972e-01 8.380206380834700486e-01 6.619684638946263799e-01 7.402713945705732268e-01 7.667979486648716092e-01 8.524900660167054056e-01 8.380206380834700486e-01
7.461285782300156599e-01 7.550505621157773684e-01 7.027819284987273374e-01 8.387421368293256352e-01 7.035264706814483571e-01 8.094999088258616471e-01 7.289592816971104394e-01 6.619684638946263799e-01 7.537783614444090174e-01 8.168511940089083767e-01
7.107423155935334025e-01 8.764619893236084147e-01 7.667979486648716092e-01 7.667979486648716092e-01 6.134383589318973540e-01 7.548398491282626299e-01 8.380206380834700486e-01 6.602586845506127622e-01 8.600936531274780972e-01 7.370764232742558208e-01
6.827243455226342794e-01 6.147786234942720363e-01 7.667979486648716092e-01 6.716156755603334139e-01 7.308086528256745318e-01 8.597269536210950802e-01 7.684732793678399343e-01 6.602586845506127622e-01 9.026365404882762400e-01 8.524900660167054056e-01
5.682901870125898203e-01 6.147786234942720363e-01 5.601271617569916206e-01 8.380206380834700486e-01 6.660101754521280393e-01 6.892181949450164602e-01 8.053872662568292151e-01 7.461285782300156599e-01 7.954821951113958400e-01 6.619684638946263799e-01
6.619684638946263799e-01 8.168511940089083767e-01 6.147786234942720363e-01 8.600936531274780972e-01 8.094999088258616471e-01 7.548398491282626299e-01 8.323148993037752241e-01 8.775633032524907673e-01 8.820104430654692740e-01 8.600936531274780972e-01
6.599750073368524372e-01 5.776155346615541308e-01 8.168511940089083767e-01 8.380206380834700486e-01 7.537783614444090174e-01 6.348641197602045150e-01 8.600936531274780972e-01 8.820104430654692740e-01 8.557239703978810619e-01 8.094999088258616471e-01
7.537783614444090174e-01 5.690501029130339283e-01 8.323148993037752241e-01 8.380206380834700486e-01 8.094999088258616471e-01 7.289592816971104394e-01 7.083124202226289690e-01 8.323148993037752241e-01 7.537783614444090174e-01 6.354107097191861175e-01
7.667979486648716092e-01 6.519028566758683363e-01 8.164965809277259234e-01 8.760958050630780480e-01 7.461285782300156599e-01 8.600936531274780972e-01 5.475983996077293803e-01 5.917571482513916958e-01 8.597269536210950802e-01 6.354107097191861175e-01
8.546419164724743389e-01 6.415178992833837635e-01 7.107423155935334025e-01 7.383494404978525605e-01 7.083124202226289690e-01 6.619684638946263799e-01 6.680589920818432725e-01 8.164965809277259234e-01 7.550505621157773684e-01 5.986660872396566413e-01
6.381649953194596936e-01 7.961815202531468127e-01 7.684732793678399343e-01 7.954821951113958400e-01 8.380206380834700486e-01 6.354107097191861175e-01 6.099942813304186640e-01 7.345500185034985474e-01 8.260331876309021659e-01 6.660101754521280393e-01
5.690501029130339283e-01 8.094999088258616471e-01 8.380206380834700486e-01 9.045340337332907765e-01 6.725137579881309557e-01 8.546419164724743389e-01 7.566499084579775269e-01 8.323148993037752241e-01 6.862435664967209137e-01 8.094999088258616471e-01
8.380206380834700486e-01 6.782402329135959196e-01 8.094999088258616471e-01 7.684732793678399343e-01 8.510644963469901070e-01 8.380206380834700486e-01 8.291561975888499525e-01 7.759774130632280942e-01 6.619684638946263799e-01 8.281112618270177750e-01
8.775633032524907673e-01 8.316098463188710266e-01 7.461285782300156599e-01 7.289592816971104394e-01 7.537783614444090174e-01 6.619684638946263799e-01 7.818715720732434260e-01 8.380206380834700486e-01 7.818715720732434260e-01 7.879092800517907280e-01
8.597269536210950802e-01 6.619684638946263799e-01 6.716156755603334139e-01 6.405126152203485246e-01 7.879092800517907280e-01 7.289592816971104394e-01 7.461285782300156599e-01 5.845778529416512104e-01 8.316098463188710266e-01 8.600936531274780972e-01
7.759774130632280942e-01 7.441607631687251478e-01 8.013366759530133887e-01 6.199529312864615616e-01 6.725137579881309557e-01 8.323148993037752241e-01 6.602586845506127622e-01 7.654655446197431434e-01 8.358672624350156344e-01 9.045340337332907765e-01
6.946714349038076719e-01 9.026365404882762400e-01 8.380206380834700486e-01 6.240873164395929207e-01 6.619684638946263799e-01 8.600936531274780972e-01 8.094999088258616471e-01 8.380206380834700486e-01 6.126383955066813103e-01 7.852086404692570909e-01
7.541588928785796231e-01 7.242455855256795250e-01 6.809849176121797187e-01 7.242455855256795250e-01 8.775633032524907673e-01 6.602586845506127622e-01 6.403943994731999823e-01 8.542821429703302272e-01 8.600936531274780972e-01 8.794080883518105018e-01
6.619684638946263799e-01 6.585620855548607322e-01 8.316098463188710266e-01 6.636915951322380769e-01 6.449242129594778827e-01 6.507240078691919338e-01 8.542821429703302272e-01 6.305415903816479206e-01 6.725137579881309557e-01 7.954821951113958400e-01
8.323148993037752241e-01 8.094999088258616471e-01 5.466081666101212377e-01 5.871365639519861013e-01 5.243825752662805151e-01 6.619684638946263799e-01 6.507240078691919338e-01 7.341356053727927655e-01 6.507240078691919338e-01 5.917571482513916958e-01
5.243825752662805151e-01 8.094999088258616471e-01 8.316098463188710266e-01 8.168511940089083767e-01 7.461285782300156599e-01 7.618369437122454180e-01 6.134383589318973540e-01 8.094999088258616471e-01 8.070932356885093251e-01 6.403943994731999823e-01
5.690501029130339283e-01 7.537783614444090174e-01 8.380206380834700486e-01 6.432142915775996839e-01 7.654655446197431434e-01 6.816973478461646474e-01 8.094999088258616471e-01 7.749411641080770075e-01 5.646324263033042357e-01 7.461285782300156599e-01
6.123724356957944703e-01 8.380206380834700486e-01 6.381649953194596936e-01 7.954821951113958400e-01 8.380206380834700486e-01 8.380206380834700486e-01 7.654655446197431434e-01 6.619684638946263799e-01 7.232784198342051551e-01 8.600936531274780972e-01
7.289592816971104394e-01 7.548398491282626299e-01 6.403943994731999823e-01 8.380206380834700486e-01 6.619684638946263799e-01 7.667979486648716092e-01 8.820104430654692740e-01 7.954821951113958400e-01 8.557239703978810619e-01 6.619684638946263799e-01
6.821430560638803708e-01 7.229568912920510959e-01 4.875536034553716869e-01 8.597269536210950802e-01 6.838913965377400039e-01 8.600936531274780972e-01 8.053872662568292151e-01 6.519028566758683363e-01 5.981260184899079846e-01 7.537783614444090174e-01
6.838913965377400039e-01 5.475983996077293803e-01 7.289592816971104394e-01 7.537783614444090174e-01 8.323148993037752241e-01 7.792323356072560214e-01 6.619684638946263799e-01 8.597269536210950802e-01 7.144957674337002462e-01 8.358672624350156344e-01
8.380206380834700486e-01 8.168511940089083767e-01 7.364423789218372818e-01 7.654655446197431434e-01 8.380206380834700486e-01 6.838913965377400039e-01 6.821430560638803708e-01 7.961815202531468127e-01 6.292590903195366403e-01 8.094999088258616471e-01
7.461285782300156599e-01 6.864325102135437895e-01 7.341356053727927655e-01 8.524900660167054056e-01 8.380206380834700486e-01 6.585620855548607322e-01 6.809849176121797187e-01 7.461285782300156599e-01 8.164965809277259234e-01 8.323148993037752241e-01
7.550505621157773684e-01 7.954821951113958400e-01 6.680589920818432725e-01 6.354107097191861175e-01 7.954821951113958400e-01 6.094695549697963788e-01 6.381649953194596936e-01 6.292590903195366403e-01 8.064095479455719584e-01 7.550505621157773684e-01
8.380206380834700486e-01 8.316098463188710266e-01 7.759774130632280942e-01 7.954821951113958400e-01 8.053872662568292151e-01 7.092207075206192757e-01 5.690501029130339283e-01 8.094999088258616471e-01 5.896618941607871811e-01 8.524900660167054056e-01
8.164965809277259234e-01 8.820104430654692740e-01 7.818715720732434260e-01 8.164965809277259234e-01 8.380206380834700486e-01 8.597269536210950802e-01 5.552007772648460682e-01 7.759774130632280942e-01 8.291561975888499525e-01 8.164965809277259234e-01
7.654655446197431434e-01 7.954821951113958400e-01 6.619684638946263799e-01 5.907153214781412087e-01 8.323148993037752241e-01 8.168511940089083767e-01 8.510644963469901070e-01 6.660101754521280393e-01 7.684732793678399343e-01 7.144345083117602524e-01
8.760958050630780480e-01 6.628090515377523806e-01 7.638097660322612503e-01 5.917571482513916958e-01 5.933302759227195855e-01 7.083124202226289690e-01 7.872315085026536652e-01 7.298822100452514450e-01 5.027933178237149470e-01 8.600936531274780972e-01
9.026365404882762400e-01 6.147786234942720363e-01 5.907153214781412087e-01 7.550505621157773684e-01 7.566499084579775269e-01 6.838913965377400039e-01 5.690501029130339283e-01 6.365081383602176901e-01 7.107423155935334025e-01 7.402713945705732268e-01
6.585620855548607322e-01 6.892181949450164602e-01 7.759774130632280942e-01 0.000000000000000000e+00 8.013366759530133887e-01 5.287626450141391654e-01 7.337993857053428659e-01 5.690501029130339283e-01 8.040302522073695668e-01 8.557239703978810619e-01
7.749411641080770075e-01 8.380206380834700486e-01 6.147786234942720363e-01 6.609533062676739013e-01 6.838913965377400039e-01 8.820104430654692740e-01 8.295053895174014924e-01 7.975857215562236480e-01 7.138295707690878178e-01 9.060606745389327976e-01
7.818715720732434260e-01 6.549786415250666849e-01 8.380206380834700486e-01 6.619684638946263799e-01 7.289592816971104394e-01 6.432142915775996839e-01 7.975857215562236480e-01 8.168511940089083767e-01 7.289592816971104394e-01 6.354107097191861175e-01
8.323148993037752241e-01 6.354107097191861175e-01 7.083124202226289690e-01 6.629260947655161162e-01 7.872315085026536652e-01 4.714045207910316782e-01 6.239810142805082283e-01 7.448149705593953840e-01 7.792323356072560214e-01 8.597269536210950802e-01
8.380206380834700486e-01 7.059778609847102704e-01 9.060606745389327976e-01 7.448149705593953840e-01 5.243825752662805151e-01 7.954821951113958400e-01 8.775633032524907673e-01 6.619684638946263799e-01 7.289592816971104394e-01 6.094695549697963788e-01
8.380206380834700486e-01 8.514202182000767394e-01 6.619684638946263799e-01 7.868932779785547948e-01 7.035264706814483571e-01 8.168511940089083767e-01 7.308086528256745318e-01 5.475983996077293803e-01 8.323148993037752241e-01 7.056083544523754636e-01
4.714045207910316782e-01 5.433748894153189735e-01 9.045340337332907765e-01 6.147786234942720363e-01 5.416058943045167773e-01 8.168511940089083767e-01 6.619684638946263799e-01 6.166698388447784396e-01 9.049149703826198099e-01 8.820104430654692740e-01
5.207738061220602566e-01 8.380206380834700486e-01 7.035264706814483571e-01 5.986660872396566413e-01 6.725137579881309557e-01 6.289709020331510914e-01 6.928393312260544556e-01 6.826365409636548920e-01 8.600936531274780972e-01 8.524900660167054056e-01
7.537783614444090174e-01 5.222329678670935005e-01 5.860528507952449395e-01 6.147786234942720363e-01 8.164965809277259234e-01 5.340141408816783120e-01 5.690501029130339283e-01 8.820104430654692740e-01 7.657979943833516101e-01 8.094999088258616471e-01
6.636915951322380769e-01 7.258661863112977342e-01 5.860528507952449395e-01 8.380206380834700486e-01 5.421936382585821335e-01 8.179178119091964350e-01 7.749411641080770075e-01 4.500351603704095815e-01 6.094695549697963788e-01 7.314282448427116279e-01
5.765566601970550931e-01 7.598793294863778192e-01 6.809849176121797187e-01 8.600936531274780972e-01 5.917571482513916958e-01 8.070932356885093251e-01 5.690501029130339283e-01 8.775633032524907673e-01 8.380206380834700486e-01 6.354107097191861175e-01
6.619684638946263799e-01 8.575365629190411232e-01 8.775633032524907673e-01 8.164965809277259234e-01 9.015037604471400901e-01 7.368421052631578538e-01 7.548398491282626299e-01 7.107423155935334025e-01 7.027819284987273374e-01 6.354107097191861175e-01
8.524900660167054056e-01 4.077862096248240920e-01 7.537783614444090174e-01 7.441607631687251478e-01 8.542821429703302272e-01 6.417326403548866409e-01 6.619684638946263799e-01 5.243825752662805151e-01 7.779227005041682297e-01 8.380206380834700486e-01
6.619684638946263799e-01 6.501369766194651234e-01 7.289592816971104394e-01 6.838913965377400039e-01 7.144345083117602524e-01 7.550505621157773684e-01 8.600936531274780972e-01 8.820104430654692740e-01 7.326721713278715464e-01 7.954821951113958400e-01
8.775633032524907673e-01 8.380206380834700486e-01 8.820104430654692740e-01 7.027819284987273374e-01 7.116599948854883673e-01 8.295053895174014924e-01 8.820104430654692740e-01 7.461285782300156599e-01 8.274168287809199329e-01 6.826365409636548920e-01
7.654655446197431434e-01 5.083422507289528935e-01 8.775633032524907673e-01 7.541588928785796231e-01 7.144345083117602524e-01 6.403943994731999823e-01 5.499266813300748291e-01 5.871365639519861013e-01 6.203390706384861453e-01 5.703234321017338626e-01
5.083422507289528935e-01 6.629260947655161162e-01 7.818715720732434260e-01 7.461285782300156599e-01 6.405126152203485246e-01 6.403943994731999823e-01 5.046784644963954181e-01 7.654655446197431434e-01 6.408169690580139966e-01 5.083422507289528935e-01
8.013366759530133887e-01 5.871117956939029270e-01 6.099942813304186640e-01 7.080104323938429811e-01 6.585620855548607322e-01 4.714045207910316782e-01 5.721784249161624425e-01 8.387421368293256352e-01 5.937393699957592696e-01 5.997506281417989138e-01
8.514202182000767394e-01 6.381649953194596936e-01 5.083422507289528935e-01 6.577186759210126299e-01 6.305415903816479206e-01 9.015037604471400901e-01 5.242965552319166500e-01 5.721784249161624425e-01 6.278031600888845931e-01 7.818715720732434260e-01
5.552007772648460682e-01 7.838686930074690862e-01 7.975857215562236480e-01 3.771682545706786516e-01 6.080770417662599847e-01 8.542821429703302272e-01 6.740186015747764436e-01 6.203390706384861453e-01 5.917571482513916958e-01 7.229568912920510959e-01
8.094999088258616471e-01 5.552007772648460682e-01 8.600936531274780972e-01 7.772703543093489875e-01 4.906399210184636539e-01 7.289592816971104394e-01 8.013366759530133887e-01 6.809849176121797187e-01 6.585620855548607322e-01 6.619684638946263799e-01
5.222329678670935005e-01 4.919673490283274497e-01 8.030169811655929468e-01 6.636915951322380769e-01 7.954821951113958400e-01 7.654655446197431434e-01 4.714045207910316782e-01 7.961815202531468127e-01 6.843111268141987003e-01 6.209416342294447055e-01
9.060606745389327976e-01 6.619684638946263799e-01 6.700703342736218371e-01 7.461285782300156599e-01 7.308086528256745318e-01 8.344408667498863785e-01 8.760958050630780480e-01 6.094695549697963788e-01 5.601271617569916206e-01 6.452262347571491308e-01
5.466081666101212377e-01 8.305556183273551385e-01 6.295662366690627509e-01 8.380206380834700486e-01 7.909810627737344779e-01 7.802189141863032917e-01 8.070932356885093251e-01 6.354107097191861175e-01 6.838913965377400039e-01 7.056083544523754636e-01
6.278031600888845931e-01 5.243825752662805151e-01 8.775633032524907673e-01 5.896618941607871811e-01 8.094999088258616471e-01 6.725137579881309557e-01 7.289592816971104394e-01 7.954821951113958400e-01 7.351470441147052171e-01 8.295053895174014924e-01
6.619684638946263799e-01 8.597269536210950802e-01 7.107423155935334025e-01 7.537783614444090174e-01 8.323148993037752241e-01 8.094999088258616471e-01 7.461285782300156599e-01 8.600936531274780972e-01 7.461285782300156599e-01 8.380206380834700486e-01
7.537783614444090174e-01 6.381649953194596936e-01 8.380206380834700486e-01 8.380206380834700486e-01 8.094999088258616471e-01 8.380206380834700486e-01 8.323148993037752241e-01 6.403943994731999823e-01 7.818715720732434260e-01 8.168511940089083767e-01
8.323148993037752241e-01 6.602586845506127622e-01 6.838913965377400039e-01 7.242455855256795250e-01 7.759774130632280942e-01 8.053872662568292151e-01 6.619684638946263799e-01 8.043688625623287569e-01 6.619684638946263799e-01 8.105379514521363626e-01
8.316098463188710266e-01 8.775633032524907673e-01 7.792323356072560214e-01 8.380206380834700486e-01 8.380206380834700486e-01 8.094999088258616471e-01 8.380206380834700486e-01 8.094999088258616471e-01 6.862435664967209137e-01 6.602586845506127622e-01
7.892700915666699402e-01 7.461285782300156599e-01 7.481120870329942552e-01 8.323148993037752241e-01 9.045340337332907765e-01 8.094999088258616471e-01 6.602586845506127622e-01 8.094999088258616471e-01 7.667979486648716092e-01 8.600936531274780972e-01
6.602586845506127622e-01 7.258661863112977342e-01 8.164965809277259234e-01 8.820104430654692740e-01 0.000000000000000000e+00 6.619684638946263799e-01 6.354107097191861175e-01 6.381649953194596936e-01 9.045340337332907765e-01 6.619684638946263799e-01
8.820104430654692740e-01 5.591614245528837568e-01 8.053872662568292151e-01 6.381649953194596936e-01 6.403943994731999823e-01 8.323148993037752241e-01 8.380206380834700486e-01 6.862435664967209137e-01 8.380206380834700486e-01 7.961815202531468127e-01
6.862435664967209137e-01 6.892181949450164602e-01 6.619684638946263799e-01 6.619684638946263799e-01 7.461285782300156599e-01 6.354107097191861175e-01 8.053872662568292151e-01 7.759774130632280942e-01 7.258661863112977342e-01 6.680589920818432725e-01
8.094999088258616471e-01 7.345500185034985474e-01 7.461285782300156599e-01 8.094999088258616471e-01 7.879092800517907280e-01 7.550505621157773684e-01 9.045340337332907765e-01 7.872315085026536652e-01 7.872315085026536652e-01 6.403943994731999823e-01
8.546419164724743389e-01 8.380206380834700486e-01 6.838913965377400039e-01 6.507240078691919338e-01 6.892181949450164602e-01 8.094999088258616471e-01 6.645582221762220687e-01 8.380206380834700486e-01 7.615096238502143677e-01 6.602586845506127622e-01
8.323148993037752241e-01 7.818715720732434260e-01 7.461285782300156599e-01 7.092207075206192757e-01 8.380206380834700486e-01 6.892181949450164602e-01 9.045340337332907765e-01 8.168511940089083767e-01 8.380206380834700486e-01 7.172417274099839313e-01
6.403943994731999823e-01 8.532055424884424921e-01 7.289592816971104394e-01 7.667979486648716092e-01 6.134383589318973540e-01 6.403943994731999823e-01 8.094999088258616471e-01 8.323148993037752241e-01 5.997506281417989138e-01 8.323148993037752241e-01
6.838913965377400039e-01 8.600936531274780972e-01 6.507240078691919338e-01 8.600936531274780972e-01 8.323148993037752241e-01 7.461285782300156599e-01 7.232784198342051551e-01 6.065548512226350830e-01 8.094999088258616471e-01 8.380206380834700486e-01
7.818715720732434260e-01 7.128891149634438706e-01 8.775633032524907673e-01 7.341356053727927655e-01 7.954821951113958400e-01 8.600936531274780972e-01 7.892700915666699402e-01 7.537783614444090174e-01 7.062065812274456178e-01 8.094999088258616471e-01
6.577186759210126299e-01 9.026365404882762400e-01 8.053872662568292151e-01 7.035264706814483571e-01 7.461285782300156599e-01 6.354107097191861175e-01 7.745966692414832933e-01 9.045340337332907765e-01 8.053872662568292151e-01 6.403943994731999823e-01
7.345500185034985474e-01 7.461285782300156599e-01 8.091547798786776768e-01 7.521971170735635148e-01 7.654655446197431434e-01 7.879092800517907280e-01 6.619684638946263799e-01 7.289592816971104394e-01 7.461285782300156599e-01 6.619684638946263799e-01
6.134383589318973540e-01 6.432142915775996839e-01 6.619684638946263799e-01 8.164965809277259234e-01 7.872315085026536652e-01 6.147786234942720363e-01 6.602586845506127622e-01 8.380206380834700486e-01 8.380206380834700486e-01 6.372519687281490430e-01
7.745966692414832933e-01 7.461285782300156599e-01 7.759774130632280942e-01 6.602586845506127622e-01 7.341356053727927655e-01 8.542821429703302272e-01 7.537783614444090174e-01 8.323148993037752241e-01 7.461285782300156599e-01 8.347967809766698721e-01
7.684732793678399343e-01 7.550505621157773684e-01 8.820104430654692740e-01 7.461285782300156599e-01 8.820104430654692740e-01 6.354107097191861175e-01 7.892700915666699402e-01 7.759774130632280942e-01 6.221710168382551531e-01 8.546419164724743389e-01
7.027819284987273374e-01 6.415178992833837635e-01 8.168511940089083767e-01 7.879092800517907280e-01 8.380206380834700486e-01 9.045340337332907765e-01 5.466081666101212377e-01 8.380206380834700486e-01 7.537783614444090174e-01 7.961815202531468127e-01
8.600936531274780972e-01 6.619684638946263799e-01 6.354107097191861175e-01 7.289592816971104394e-01 8.510644963469901070e-01 8.600936531274780972e-01 8.600936531274780972e-01 7.832012865918626110e-01 8.820104430654692740e-01 9.045340337332907765e-01
7.975857215562236480e-01 7.040550852099378698e-01 7.759774130632280942e-01 6.403943994731999823e-01 8.542821429703302272e-01 7.548398491282626299e-01 8.380206380834700486e-01 6.725137579881309557e-01 5.917571482513916958e-01 8.775633032524907673e-01
8.323148993037752241e-01 8.820104430654692740e-01 7.027819284987273374e-01 8.380206380834700486e-01 7.792323356072560214e-01 6.619684638946263799e-01 7.550505621157773684e-01 6.403943994731999823e-01 7.461285782300156599e-01 6.134383589318973540e-01
7.759774130632280942e-01 6.094695549697963788e-01 8.323148993037752241e-01 8.524900660167054056e-01 8.380206380834700486e-01 7.027819284987273374e-01 6.365081383602176901e-01 7.194481453189082165e-01 7.759774130632280942e-01 7.461285782300156599e-01
7.461285782300156599e-01 8.105379514521363626e-01 8.380206380834700486e-01 7.128891149634438706e-01 6.354107097191861175e-01 8.380206380834700486e-01 6.619684638946263799e-01 5.917571482513916958e-01 6.519028566758683363e-01 9.045340337332907765e-01
6.821430560638803708e-01 7.128891149634438706e-01 7.083124202226289690e-01 7.521971170735635148e-01 7.461285782300156599e-01 6.403943994731999823e-01 8.820104430654692740e-01 7.684732793678399343e-01 7.759774130632280942e-01 8.053872662568292151e-01
8.323148993037752241e-01 7.512531337059500380e-01 8.094999088258616471e-01 6.862435664967209137e-01 6.619684638946263799e-01 7.615096238502143677e-01 7.772703543093489875e-01 6.040404496926219391e-01 8.600936531274780972e-01 6.619684638946263799e-01
8.347967809766698721e-01 7.461285782300156599e-01 7.759774130632280942e-01 7.289592816971104394e-01 8.094999088258616471e-01 8.600936531274780972e-01 5.871117956939029270e-01 8.323148993037752241e-01 6.166698388447784396e-01 7.759774130632280942e-01
8.094999088258616471e-01 6.381649953194596936e-01 7.954821951113958400e-01 7.832012865918626110e-01 8.597269536210950802e-01 6.403943994731999823e-01 7.759774130632280942e-01 7.961815202531468127e-01 6.381649953194596936e-01 7.172417274099839313e-01
8.094999088258616471e-01 7.461285782300156599e-01 6.507240078691919338e-01 7.461285782300156599e-01 6.619684638946263799e-01 7.062065812274456178e-01 9.045340337332907765e-01 6.403943994731999823e-01 7.461285782300156599e-01 6.916259514310559853e-01
6.786862277869648574e-01 7.461285782300156599e-01 6.381649953194596936e-01 8.323148993037752241e-01 8.053872662568292151e-01 8.274168287809199329e-01 6.134383589318973540e-01 8.164965809277259234e-01 6.166698388447784396e-01 7.229568912920510959e-01
6.403943994731999823e-01 7.107423155935334025e-01 8.542821429703302272e-01 7.975857215562236480e-01 5.981260184899079846e-01 7.961815202531468127e-01 8.597269536210950802e-01 7.548398491282626299e-01 8.600936531274780972e-01 8.094999088258616471e-01
5.933302759227195855e-01 7.940890553467679913e-01 7.550505621157773684e-01 8.600936531274780972e-01 8.323148993037752241e-01 8.023435915451344602e-01 7.615096238502143677e-01 7.258661863112977342e-01 8.164965809277259234e-01 5.981260184899079846e-01
5.337605126836237890e-01 7.749411641080770075e-01 7.402713945705732268e-01 8.281112618270177750e-01 7.308086528256745318e-01 6.965181499962360689e-01 7.759774130632280942e-01 7.461285782300156599e-01 7.172417274099839313e-01 8.323148993037752241e-01
8.597269536210950802e-01 8.575365629190411232e-01 8.295053895174014924e-01 8.323148993037752241e-01 6.354107097191861175e-01 7.402713945705732268e-01 7.759774130632280942e-01 7.548398491282626299e-01 7.345500185034985474e-01 7.289592816971104394e-01
6.786862277869648574e-01 8.064095479455719584e-01 6.680589920818432725e-01 5.690501029130339283e-01 7.961815202531468127e-01 6.403943994731999823e-01 5.871117956939029270e-01 7.289592816971104394e-01 7.832012865918626110e-01 7.402713945705732268e-01
6.809849176121797187e-01 6.147786234942720363e-01 7.232784198342051551e-01 7.759774130632280942e-01 8.380206380834700486e-01 8.323148993037752241e-01 6.123724356957944703e-01 7.657979943833516101e-01 7.062065812274456178e-01 6.354107097191861175e-01
6.619684638946263799e-01 8.820104430654692740e-01 8.820104430654692740e-01 6.619684638946263799e-01 7.589061645242453080e-01 8.597269536210950802e-01 7.172417274099839313e-01 9.045340337332907765e-01 7.461285782300156599e-01 7.289592816971104394e-01
8.820104430654692740e-01 6.862435664967209137e-01 7.461285782300156599e-01 8.820104430654692740e-01 7.289592816971104394e-01 7.402713945705732268e-01 8.380206380834700486e-01 6.827243455226342794e-01 7.461285782300156599e-01 7.172417274099839313e-01
8.575365629190411232e-01 5.744562646538028394e-01 7.779227005041682297e-01 7.759774130632280942e-01 7.336092923734371940e-01 9.045340337332907765e-01 6.786862277869648574e-01 6.403943994731999823e-01 8.316098463188710266e-01 8.600936531274780972e-01
9.060606745389327976e-01 6.403943994731999823e-01 7.792323356072560214e-01 5.768208327929086332e-01 7.144345083117602524e-01 7.035264706814483571e-01 7.341356053727927655e-01 6.619684638946263799e-01 7.954821951113958400e-01 7.345500185034985474e-01
8.820104430654692740e-01 8.775633032524907673e-01 8.557239703978810619e-01 7.961815202531468127e-01 8.164965809277259234e-01 8.820104430654692740e-01 8.524900660167054056e-01 6.892181949450164602e-01 8.168511940089083767e-01 6.619684638946263799e-01
7.961815202531468127e-01 6.821430560638803708e-01 8.760958050630780480e-01 8.295053895174014924e-01 6.403943994731999823e-01 7.289592816971104394e-01 7.562073137440072923e-01 8.094999088258616471e-01 8.164965809277259234e-01 7.779227005041682297e-01
8.380206380834700486e-01 8.380206380834700486e-01 7.461285782300156599e-01 6.147786234942720363e-01 7.954821951113958400e-01 7.562073137440072923e-01 7.128891149634438706e-01 7.759774130632280942e-01 8.164965809277259234e-01 6.862435664967209137e-01
8.094999088258616471e-01 8.168511940089083767e-01 6.203390706384861453e-01 8.380206380834700486e-01 7.667979486648716092e-01 6.892181949450164602e-01 6.574382586514256888e-01 5.251050315105036947e-01 7.759774130632280942e-01 8.053872662568292151e-01
6.965181499962360689e-01 7.521971170735635148e-01 7.258661863112977342e-01 6.680589920818432725e-01 8.380206380834700486e-01 6.619684638946263799e-01 8.380206380834700486e-01 9.045340337332907765e-01 5.663965427568786737e-01 8.524900660167054056e-01
7.961815202531468127e-01 6.147786234942720363e-01 7.172417274099839313e-01 7.684732793678399343e-01 8.380206380834700486e-01 7.913245941961299934e-01 7.961815202531468127e-01 6.403943994731999823e-01 8.820104430654692740e-01 6.147786234942720363e-01
5.907153214781412087e-01 6.619684638946263799e-01 7.892700915666699402e-01 8.323148993037752241e-01 8.775633032524907673e-01 8.380206380834700486e-01 7.402713945705732268e-01 8.600936531274780972e-01 7.021479347490223732e-01 7.913245941961299934e-01
7.624928516630232744e-01 7.314282448427116279e-01 7.818715720732434260e-01 6.403943994731999823e-01 7.461285782300156599e-01 7.144345083117602524e-01 8.030169811655929468e-01 7.537783614444090174e-01 7.657979943833516101e-01 8.820104430654692740e-01
8.323148993037752241e-01 5.997506281417989138e-01 7.550505621157773684e-01 7.961815202531468127e-01 7.351470441147052171e-01 5.475983996077293803e-01 8.380206380834700486e-01 8.820104430654692740e-01 8.820104430654692740e-01 6.892181949450164602e-01
7.913245941961299934e-01 0.000000000000000000e+00 7.759774130632280942e-01 9.026365404882762400e-01 7.759774130632280942e-01 8.091547798786776768e-01 7.954821951113958400e-01 8.532055424884424921e-01 7.550505621157773684e-01 8.820104430654692740e-01
7.242455855256795250e-01 8.597269536210950802e-01 5.800982631511161225e-01 8.380206380834700486e-01 7.040550852099378698e-01 6.952103603844604907e-01 7.550505621157773684e-01 7.540958086521831749e-01 6.354107097191861175e-01 6.408169690580139966e-01
8.043688625623287569e-01 8.775633032524907673e-01 8.168511940089083767e-01 7.759705701987262838e-01 8.597269536210950802e-01 7.657979943833516101e-01 6.557632539969138197e-01 5.703234321017338626e-01 7.035264706814483571e-01 8.323148993037752241e-01
8.380206380834700486e-01 5.690501029130339283e-01 8.557239703978810619e-01 8.575365629190411232e-01 8.323148993037752241e-01 6.147786234942720363e-01 6.405126152203485246e-01 8.064095479455719584e-01 7.271238798377781531e-01 8.380206380834700486e-01
8.600936531274780972e-01 7.289592816971104394e-01 6.619684638946263799e-01 6.348641197602045150e-01 8.380206380834700486e-01 6.619684638946263799e-01 6.003970880646445352e-01 7.777137710478189137e-01 7.684732793678399343e-01 7.027819284987273374e-01
6.619684638946263799e-01 8.168511940089083767e-01 8.775633032524907673e-01 8.164965809277259234e-01 8.295053895174014924e-01 7.667979486648716092e-01 7.289592816971104394e-01 6.892181949450164602e-01 7.892700915666699402e-01 7.562073137440072923e-01
8.094999088258616471e-01 8.380206380834700486e-01 6.660101754521280393e-01 6.862435664967209137e-01 6.126383955066813103e-01 7.562073137440072923e-01 8.316098463188710266e-01 6.086445426287075966e-01 8.053872662568292151e-01 6.968731476445666484e-01
7.038227547420377039e-01 7.667979486648716092e-01 8.782998231498673203e-01 5.251050315105036947e-01 7.745966692414832933e-01 8.323148993037752241e-01 5.475983996077293803e-01 5.917571482513916958e-01 6.619684638946263799e-01 7.047138579747255216e-01
7.364423789218372818e-01 8.179178119091964350e-01 7.289592816971104394e-01 7.289592816971104394e-01 9.045340337332907765e-01 7.289592816971104394e-01 6.166698388447784396e-01 6.609533062676739013e-01 5.690501029130339283e-01 7.792323356072560214e-01
7.961815202531468127e-01 6.862435664967209137e-01 6.619684638946263799e-01 6.432142915775996839e-01 9.026365404882762400e-01 6.354107097191861175e-01 7.579367289598670787e-01 7.562073137440072923e-01 7.667979486648716092e-01 6.827243455226342794e-01
6.619684638946263799e-01 5.690501029130339283e-01 8.524900660167054056e-01 8.542821429703302272e-01 7.258661863112977342e-01 7.537783614444090174e-01 8.387421368293256352e-01 7.537783614444090174e-01 5.703234321017338626e-01 7.062065812274456178e-01
6.619684638946263799e-01 8.775633032524907673e-01 6.405126152203485246e-01 5.917571482513916958e-01 8.600936531274780972e-01 7.537783614444090174e-01 9.045340337332907765e-01 8.380206380834700486e-01 6.725137579881309557e-01 8.380206380834700486e-01
5.703234321017338626e-01 7.035264706814483571e-01 5.475983996077293803e-01 7.615096238502143677e-01 8.323148993037752241e-01 7.521971170735635148e-01 8.281112618270177750e-01 7.540958086521831749e-01 8.295053895174014924e-01 7.258661863112977342e-01
5.337605126836237890e-01 7.961815202531468127e-01 8.597269536210950802e-01 6.381649953194596936e-01 6.619684638946263799e-01 9.026365404882762400e-01 7.027819284987273374e-01 5.360585960683461604e-01 6.965181499962360689e-01 6.405126152203485246e-01
6.934484208656440662e-01 5.248164916893669485e-01 6.804080560790762844e-01 7.872315085026536652e-01 8.600936531274780972e-01 5.776155346615541308e-01 9.045340337332907765e-01 7.562073137440072923e-01 8.380206380834700486e-01 7.892700915666699402e-01
7.194481453189082165e-01 8.094999088258616471e-01 6.449242129594778827e-01 5.623184956875725282e-01 9.026365404882762400e-01 6.615701550312039769e-01 7.961815202531468127e-01 8.546419164724743389e-01 7.062065812274456178e-01 5.721784249161624425e-01
6.403943994731999823e-01 8.597269536210950802e-01 5.263157894736841813e-01 8.094999088258616471e-01 5.690501029130339283e-01 7.684732793678399343e-01 4.824506406770077138e-01 6.301260378126044559e-01 5.986170410734132918e-01 5.457607401403548053e-01
6.804080560790762844e-01 7.128891149634438706e-01 6.965181499962360689e-01 6.166698388447784396e-01 8.542821429703302272e-01 8.775633032524907673e-01 8.274168287809199329e-01 7.562073137440072923e-01 9.045340337332907765e-01 6.403943994731999823e-01
8.316098463188710266e-01 8.542821429703302272e-01 5.466081666101212377e-01 7.521971170735635148e-01 7.364423789218372818e-01 7.789043068258892921e-01 5.263157894736841813e-01 6.403943994731999823e-01 7.684732793678399343e-01 9.026365404882762400e-01
5.023245127634321516e-01 6.381649953194596936e-01 6.094695549697963788e-01 4.077862096248240920e-01 8.524900660167054056e-01 7.027819284987273374e-01 5.023245127634321516e-01 7.537783614444090174e-01 6.619684638946263799e-01 7.461285782300156599e-01
6.403943994731999823e-01 7.232784198342051551e-01 5.466081666101212377e-01 5.466081666101212377e-01 5.466081666101212377e-01 6.381649953194596936e-01 9.026365404882762400e-01 5.690501029130339283e-01 7.749411641080770075e-01 6.609533062676739013e-01
6.804080560790762844e-01 6.838913965377400039e-01 8.316098463188710266e-01 9.015037604471400901e-01 6.134383589318973540e-01 5.981260184899079846e-01 6.003970880646445352e-01 7.657979943833516101e-01 9.045340337332907765e-01 5.280250078565721372e-01
8.064095479455719584e-01 5.901964673407130713e-01 0.000000000000000000e+00 5.295290690121257082e-01 8.760958050630780480e-01 7.759774130632280942e-01 5.933302759227195855e-01 7.370764232742558208e-01 7.872315085026536652e-01 6.381649953194596936e-01
6.003970880646445352e-01 8.524900660167054056e-01 8.094999088258616471e-01 7.879092800517907280e-01 7.194481453189082165e-01 6.628090515377523806e-01 5.023245127634321516e-01 4.803844614152614212e-01 8.387421368293256352e-01 7.739090555513734593e-01
5.461150603603507347e-01 7.562073137440072923e-01 8.358672624350156344e-01 7.879092800517907280e-01 6.403943994731999823e-01 6.432142915775996839e-01 8.274168287809199329e-01 6.097843274147322079e-01 7.481120870329942552e-01 6.938886664887109479e-01
7.521971170735635148e-01 5.123155195785600302e-01 8.023435915451344602e-01 6.003970880646445352e-01 8.295053895174014924e-01 8.164965809277259234e-01 6.660101754521280393e-01 6.680589920818432725e-01 6.619684638946263799e-01 8.600936531274780972e-01
8.094999088258616471e-01 6.420818711718926375e-01 7.562073137440072923e-01 7.092207075206192757e-01 8.820104430654692740e-01 7.537783614444090174e-01 7.341356053727927655e-01 7.779227005041682297e-01 7.205766921228921040e-01 8.760958050630780480e-01
7.618369437122454180e-01 7.961815202531468127e-01 7.341356053727927655e-01 6.354107097191861175e-01 7.178549574029903235e-01 6.519028566758683363e-01 8.179178119091964350e-01 6.602586845506127622e-01 7.940890553467679913e-01 5.051571922465487585e-01
6.123724356957944703e-01 5.475983996077293803e-01 7.749411641080770075e-01 5.234091697351088701e-01 9.045340337332907765e-01 7.540958086521831749e-01 6.381649953194596936e-01 6.619684638946263799e-01 4.871773518462231833e-01 5.466081666101212377e-01
6.000991981489790517e-01 7.684732793678399343e-01 5.937393699957592696e-01 6.301260378126044559e-01 7.548398491282626299e-01 6.203390706384861453e-01 6.629260947655161162e-01 8.387421368293256352e-01 6.191272444410986786e-01 5.703234321017338626e-01
5.139516917604364243e-01 7.289592816971104394e-01 7.326721713278715464e-01 7.718571498931195984e-01 5.690501029130339283e-01 6.615701550312039769e-01 6.843111268141987003e-01 6.934484208656440662e-01 6.619684638946263799e-01 8.164965809277259234e-01
5.416058943045167773e-01 5.029086923675210041e-01 8.514202182000767394e-01 5.610662910931731862e-01 7.842030366750535331e-01 8.764619893236084147e-01 7.022753459139792209e-01 9.049149703826198099e-01 5.933302759227195855e-01 7.341356053727927655e-01
6.381649953194596936e-01 4.585114869936636750e-01 7.047138579747255216e-01 7.040550852099378698e-01 8.380206380834700486e-01 8.820104430654692740e-01 4.714045207910316782e-01 8.820104430654692740e-01 6.615701550312039769e-01 4.815434123430767932e-01
5.466303878092527713e-01 7.818715720732434260e-01 7.083124202226289690e-01 6.892181949450164602e-01 6.742815985200936169e-01 6.628090515377523806e-01 7.144957674337002462e-01 8.542821429703302272e-01 5.557189302262113273e-01 8.274168287809199329e-01
5.011574089560727474e-01 6.432675209026769148e-01 6.838913965377400039e-01 6.892181949450164602e-01 8.514202182000767394e-01 7.512531337059500380e-01 7.144345083117602524e-01 8.122769321068953330e-01 6.354107097191861175e-01 6.856532493410208984e-01
8.274168287809199329e-01 4.815434123430767932e-01 5.703234321017338626e-01 7.144957674337002462e-01 6.221710168382551531e-01 7.383494404978525605e-01 5.744562646538028394e-01 7.975857215562236480e-01 8.274168287809199329e-01 6.141162620139301032e-01
7.308086528256745318e-01 8.782998231498673203e-01 6.619684638946263799e-01 8.542821429703302272e-01 8.179178119091964350e-01 4.792338382985230072e-01 5.992081817731276239e-01 6.000991981489790517e-01 5.800603329198266156e-01 8.179178119091964350e-01
5.690501029130339283e-01 6.210956689336346592e-01 5.461150603603507347e-01 6.507240078691919338e-01 6.457843034233975432e-01 5.703234321017338626e-01 5.871117956939029270e-01 7.205766921228921040e-01 6.660101754521280393e-01 8.274168287809199329e-01
7.258661863112977342e-01 5.871365639519861013e-01 7.351470441147052171e-01 5.475983996077293803e-01 8.820104430654692740e-01 8.274168287809199329e-01 6.174857199144957454e-01 4.871773518462231833e-01 6.134383589318973540e-01 6.111111111111111605e-01
9.284883844727168656e-01 5.295290690121257082e-01 6.619684638946263799e-01 5.744562646538028394e-01 2.565501604600342600e-01 6.809183883785541180e-01 9.515873026942034407e-01 8.600936531274780972e-01 5.981260184899079846e-01 7.258661863112977342e-01
