0.000000000000000000e+00 0.000000000000000000e+00 0.000000000000000000e+00 0.000000000000000000e+00 0.000000000000000000e+00 0.000000000000000000e+00 0.000000000000000000e+00 0.000000000000000000e+00 0.000000000000000000e+00 0.000000000000000000e+00
7.792323356072560214e-01 8.600936531274780972e-01 8.323148993037752241e-01 6.619684638946263799e-01 8.323148993037752241e-01 7.337993857053428659e-01 7.461285782300156599e-01 8.323148993037752241e-01 8.820104430654692740e-01 7.128891149634438706e-01
8.094999088258616471e-01 8.094999088258616471e-01 6.619684638946263799e-01 7.566499084579775269e-01 7.402713945705732268e-01 7.172417274099839313e-01 6.619684638946263799e-01 7.879092800517907280e-01 8.323148993037752241e-01 8.600936531274780972e-01
7.961815202531468127e-01 7.461285782300156599e-01 7.242455855256795250e-01 8.380206380834700486e-01 6.862435664967209137e-01 7.759774130632280942e-01 8.094999088258616471e-01 7.550505621157773684e-01 8.323148993037752241e-01 7.667979486648716092e-01
7.402713945705732268e-01 8.597269536210950802e-01 7.879092800517907280e-01 7.684732793678399343e-01 7.879092800517907280e-01 7.684732793678399343e-01 7.027819284987273374e-01 8.820104430654692740e-01 7.615096238502143677e-01 7.461285782300156599e-01
6.432142915775996839e-01 7.954821951113958400e-01 7.667979486648716092e-01 8.323148993037752241e-01 7.879092800517907280e-01 6.207819304505824975e-01 8.597269536210950802e-01 7.402713945705732268e-01 7.062065812274456178e-01 8.600936531274780972e-01
8.053872662568292151e-01 6.862435664967209137e-01 8.053872662568292151e-01 7.667979486648716092e-01 8.380206380834700486e-01 6.619684638946263799e-01 7.684732793678399343e-01 6.862435664967209137e-01 7.441607631687251478e-01 8.168511940089083767e-01
7.461285782300156599e-01 8.597269536210950802e-01 7.598793294863778192e-01 7.461285782300156599e-01 8.380206380834700486e-01 8.380206380834700486e-01 8.597269536210950802e-01 0.000000000000000000e+00 7.657979943833516101e-01 7.258661863112977342e-01
8.380206380834700486e-01 7.402713945705732268e-01 7.461285782300156599e-01 7.242455855256795250e-01 7.326721713278715464e-01 8.323148993037752241e-01 7.461285782300156599e-01 8.380206380834700486e-01 7.667979486648716092e-01 7.667979486648716092e-01
8.380206380834700486e-01 7.892700915666699402e-01 6.892181949450164602e-01 8.380206380834700486e-01 8.094999088258616471e-01 7.879092800517907280e-01 8.053872662568292151e-01 6.348641197602045150e-01 8.820104430654692740e-01 8.380206380834700486e-01
5.690501029130339283e-01 8.380206380834700486e-01 7.879092800517907280e-01 9.045340337332907765e-01 8.164965809277259234e-01 8.797784434275470744e-01 8.105379514521363626e-01 8.597269536210950802e-01 8.600936531274780972e-01 8.323148993037752241e-01
8.764619893236084147e-01 8.380206380834700486e-01 8.323148993037752241e-01 7.892700915666699402e-01 8.597269536210950802e-01 8.094999088258616471e-01 8.323148993037752241e-01 8.168511940089083767e-01 7.667979486648716092e-01 7.345500185034985474e-01
7.232784198342051551e-01 7.027819284987273374e-01 8.164965809277259234e-01 8.380206380834700486e-01 7.461285782300156599e-01 8.380206380834700486e-01 6.147786234942720363e-01 8.323148993037752241e-01 8.323148993037752241e-01 7.954821951113958400e-01
8.164965809277259234e-01 8.380206380834700486e-01 6.403943994731999823e-01 0.000000000000000000e+00 7.548398491282626299e-01 8.820104430654692740e-01 8.380206380834700486e-01 7.258661863112977342e-01 6.938886664887109479e-01 6.619684638946263799e-01
8.546419164724743389e-01 7.954821951113958400e-01 6.826365409636548920e-01 8.597269536210950802e-01 7.107423155935334025e-01 8.323148993037752241e-01 7.027819284987273374e-01 8.380206380834700486e-01 6.147786234942720363e-01 7.667979486648716092e-01
8.380206380834700486e-01 8.380206380834700486e-01 8.380206380834700486e-01 7.461285782300156599e-01 7.172417274099839313e-01 7.975857215562236480e-01 7.749411641080770075e-01 6.239810142805082283e-01 6.826365409636548920e-01 7.027819284987273374e-01
8.094999088258616471e-01 8.380206380834700486e-01 7.954821951113958400e-01 8.380206380834700486e-01 8.094999088258616471e-01 7.548398491282626299e-01 8.600936531274780972e-01 5.901964673407130713e-01 7.351470441147052171e-01 7.818715720732434260e-01
8.094999088258616471e-01 9.045340337332907765e-01 7.954821951113958400e-01 7.461285782300156599e-01 7.021479347490223732e-01 8.094999088258616471e-01 7.954821951113958400e-01 8.597269536210950802e-01 7.027819284987273374e-01 5.557189302262113273e-01
6.405126152203485246e-01 5.768208327929086332e-01 6.742815985200936169e-01 7.242455855256795250e-01 8.820104430654692740e-01 7.954821951113958400e-01 8.380206380834700486e-01 8.164965809277259234e-01 8.380206380834700486e-01 6.952103603844604907e-01
8.380206380834700486e-01 7.954821951113958400e-01 8.380206380834700486e-01 7.027819284987273374e-01 7.172417274099839313e-01 8.380206380834700486e-01 8.820104430654692740e-01 8.820104430654692740e-01 8.775633032524907673e-01 5.690501029130339283e-01
7.872315085026536652e-01 5.466081666101212377e-01 8.380206380834700486e-01 7.027819284987273374e-01 7.448149705593953840e-01 7.879092800517907280e-01 6.892181949450164602e-01 8.380206380834700486e-01 6.615701550312039769e-01 7.654655446197431434e-01
8.094999088258616471e-01 8.380206380834700486e-01 7.954821951113958400e-01 8.597269536210950802e-01 8.597269536210950802e-01 8.380206380834700486e-01 8.380206380834700486e-01 7.144957674337002462e-01 7.954821951113958400e-01 8.323148993037752241e-01
6.816973478461646474e-01 6.892181949450164602e-01 7.954821951113958400e-01 8.380206380834700486e-01 6.086445426287075966e-01 8.600936531274780972e-01 6.203390706384861453e-01 7.954821951113958400e-01 8.168511940089083767e-01 7.684732793678399343e-01
7.341356053727927655e-01 7.759774130632280942e-01 8.597269536210950802e-01 8.380206380834700486e-01 7.027819284987273374e-01 7.541588928785796231e-01 7.879092800517907280e-01 7.548398491282626299e-01 6.816973478461646474e-01 8.168511940089083767e-01
7.879092800517907280e-01 8.164965809277259234e-01 7.138295707690878178e-01 8.380206380834700486e-01 8.597269536210950802e-01 8.164965809277259234e-01 8.600936531274780972e-01 8.094999088258616471e-01 8.094999088258616471e-01 7.351470441147052171e-01
8.094999088258616471e-01 7.667979486648716092e-01 4.700510740679313404e-01 6.749365589450485592e-01 7.351470441147052171e-01 6.203390706384861453e-01 8.380206380834700486e-01 7.759774130632280942e-01 8.094999088258616471e-01 8.380206380834700486e-01
7.749411641080770075e-01 7.954821951113958400e-01 5.690501029130339283e-01 7.258661863112977342e-01 8.323148993037752241e-01 6.549786415250666849e-01 6.942183831461817833e-01 8.380206380834700486e-01 7.954821951113958400e-01 8.168511940089083767e-01
8.323148993037752241e-01 6.816973478461646474e-01 7.461285782300156599e-01 7.341356053727927655e-01 8.168511940089083767e-01 7.745966692414832933e-01 5.806513267897975838e-01 7.461285782300156599e-01 8.820104430654692740e-01 5.557189302262113273e-01
7.879092800517907280e-01 5.557189302262113273e-01 8.600936531274780972e-01 8.168511940089083767e-01 8.380206380834700486e-01 8.820104430654692740e-01 8.380206380834700486e-01 7.879092800517907280e-01 7.954821951113958400e-01 6.405126152203485246e-01
8.380206380834700486e-01 8.380206380834700486e-01 5.646324263033042357e-01 7.027819284987273374e-01 8.380206380834700486e-01 8.094999088258616471e-01 7.548398491282626299e-01 7.759774130632280942e-01 7.954821951113958400e-01 7.954821951113958400e-01
8.168511940089083767e-01 7.759774130632280942e-01 7.667979486648716092e-01 8.380206380834700486e-01 5.253512004288644066e-01 8.542821429703302272e-01 5.466081666101212377e-01 7.745966692414832933e-01 8.380206380834700486e-01 8.380206380834700486e-01
8.380206380834700486e-01 8.380206380834700486e-01 7.158337756607726643e-01 6.609533062676739013e-01 8.164965809277259234e-01 8.820104430654692740e-01 6.203390706384861453e-01 6.027962867863101426e-01 6.816973478461646474e-01 8.094999088258616471e-01
7.548398491282626299e-01 7.759774130632280942e-01 6.203390706384861453e-01 8.597269536210950802e-01 7.954821951113958400e-01 6.609533062676739013e-01 5.825517280354629568e-01 7.954821951113958400e-01 7.749411641080770075e-01 6.203390706384861453e-01
8.820104430654692740e-01 6.816973478461646474e-01 8.380206380834700486e-01 6.210956689336346592e-01 7.351470441147052171e-01 6.240873164395929207e-01 6.782402329135959196e-01 6.203390706384861453e-01 8.380206380834700486e-01 8.094999088258616471e-01
6.507240078691919338e-01 8.387421368293256352e-01 6.012934265901780373e-01 6.952103603844604907e-01 8.305556183273551385e-01 8.380206380834700486e-01 8.164965809277259234e-01 7.548398491282626299e-01 6.619684638946263799e-01 6.725137579881309557e-01
8.380206380834700486e-01 9.045340337332907765e-01 6.762522260005742192e-01 8.820104430654692740e-01 6.381649953194596936e-01 7.562073137440072923e-01 5.721784249161624425e-01 8.380206380834700486e-01 9.026365404882762400e-01 7.158337756607726643e-01
7.654655446197431434e-01 7.541588928785796231e-01 6.012934265901780373e-01 5.836336336535248304e-01 7.954821951113958400e-01 5.892556509887896254e-01 8.094999088258616471e-01 6.609533062676739013e-01 7.954821951113958400e-01 7.158337756607726643e-01
5.303300858899105963e-01 8.168511940089083767e-01 5.553157971080657784e-01 8.164965809277259234e-01 5.836336336535248304e-01 6.240873164395929207e-01 7.548398491282626299e-01 5.721784249161624425e-01 7.158337756607726643e-01 8.380206380834700486e-01
7.954821951113958400e-01 7.759774130632280942e-01 6.816973478461646474e-01 8.164965809277259234e-01 5.825517280354629568e-01 8.164965809277259234e-01 6.405126152203485246e-01 7.541588928785796231e-01 8.164965809277259234e-01 5.825517280354629568e-01
5.892556509887896254e-01 7.341356053727927655e-01 7.749411641080770075e-01 6.012934265901780373e-01 8.380206380834700486e-01 7.562073137440072923e-01 6.240873164395929207e-01 7.759774130632280942e-01 5.620744208813469589e-01 5.986170410734132918e-01
8.820104430654692740e-01 6.203390706384861453e-01 6.968731476445666484e-01 7.258661863112977342e-01 7.158337756607726643e-01 5.836336336535248304e-01 5.121475197315839001e-01 5.937393699957592696e-01 5.445288127427020397e-01 6.559564653711033033e-01
6.628090515377523806e-01 7.548398491282626299e-01 8.597269536210950802e-01 8.168511940089083767e-01 7.548398491282626299e-01 6.032092391024974631e-01 8.316098463188710266e-01 4.803844614152614212e-01 7.341356053727927655e-01 8.164965809277259234e-01
6.749365589450485592e-01 5.986660872396566413e-01 6.549786415250666849e-01 8.597269536210950802e-01 7.548398491282626299e-01 6.209416342294447055e-01 6.065548512226350830e-01 6.942183831461817833e-01 7.954821951113958400e-01 8.380206380834700486e-01
5.470476064693476914e-01 5.416058943045167773e-01 7.158337756607726643e-01 5.121475197315839001e-01 7.657979943833516101e-01 6.065548512226350830e-01 6.005722461958789005e-01 6.210956689336346592e-01 5.806513267897975838e-01 6.749365589450485592e-01
5.083422507289528935e-01 7.027819284987273374e-01 8.380206380834700486e-01 6.628090515377523806e-01 6.240873164395929207e-01 6.742815985200936169e-01 8.380206380834700486e-01 6.599120175960897505e-01 7.749411641080770075e-01 7.158337756607726643e-01
6.968731476445666484e-01 5.295290690121257082e-01 6.005722461958789005e-01 5.507910552258941106e-01 5.625439504630119769e-01 5.721784249161624425e-01 6.968731476445666484e-01 7.144957674337002462e-01 6.106440313576270151e-01 5.721784249161624425e-01
5.124540148752712021e-01 5.806513267897975838e-01 5.690501029130339283e-01 8.380206380834700486e-01 6.203390706384861453e-01 5.937393699957592696e-01 5.986170410734132918e-01 6.968731476445666484e-01 5.721784249161624425e-01 6.813851438692469786e-01
5.416058943045167773e-01 6.549786415250666849e-01 7.158337756607726643e-01 6.968731476445666484e-01 5.261367915016469388e-01 8.380206380834700486e-01 5.721784249161624425e-01 5.521714861007721575e-01 6.418674080138396798e-01 6.549786415250666849e-01
6.239810142805082283e-01 6.405126152203485246e-01 7.954821951113958400e-01 7.548398491282626299e-01 8.387421368293256352e-01 6.289709020331510914e-01 5.721784249161624425e-01 7.341356053727927655e-01 5.121475197315839001e-01 5.937393699957592696e-01
7.027819284987273374e-01 6.032092391024974631e-01 7.954821951113958400e-01 7.749411641080770075e-01 7.232784198342051551e-01 5.721784249161624425e-01 8.164965809277259234e-01 5.721784249161624425e-01 7.341356053727927655e-01 7.441607631687251478e-01
5.295290690121257082e-01 5.029086923675210041e-01 5.647163833638758623e-01 7.441607631687251478e-01 5.083422507289528935e-01 7.961815202531468127e-01 4.618847771991883566e-01 5.416058943045167773e-01 6.210956689336346592e-01 6.599120175960897505e-01
7.144957674337002462e-01 7.749411641080770075e-01 6.549786415250666849e-01 5.721784249161624425e-01 5.721784249161624425e-01 7.351470441147052171e-01 6.065548512226350830e-01 4.906399210184636539e-01 6.203390706384861453e-01 6.749365589450485592e-01
5.620744208813469589e-01 8.347967809766698721e-01 8.164965809277259234e-01 5.721784249161624425e-01 6.418674080138396798e-01 6.432675209026769148e-01 6.549786415250666849e-01 7.954821951113958400e-01 8.380206380834700486e-01 6.003970880646445352e-01
6.032092391024974631e-01 6.782402329135959196e-01 7.158337756607726643e-01 7.954821951113958400e-01 7.541588928785796231e-01 7.749411641080770075e-01 6.106440313576270151e-01 5.855400437691199445e-01 5.416058943045167773e-01 5.721784249161624425e-01
6.782402329135959196e-01 6.599120175960897505e-01 5.261367915016469388e-01 5.620744208813469589e-01 5.892556509887896254e-01 5.825517280354629568e-01 5.083422507289528935e-01 6.418674080138396798e-01 6.615701550312039769e-01 5.553157971080657784e-01
5.445288127427020397e-01 5.892556509887896254e-01 6.210956689336346592e-01 4.642383454426296518e-01 8.094999088258616471e-01 5.721784249161624425e-01 5.721784249161624425e-01 5.892556509887896254e-01 7.027819284987273374e-01 5.669467095138408519e-01
5.507910552258941106e-01 5.825517280354629568e-01 6.599120175960897505e-01 5.721784249161624425e-01 7.872315085026536652e-01 5.416058943045167773e-01 7.749411641080770075e-01 5.721784249161624425e-01 5.673521058541753925e-01 5.937393699957592696e-01
5.470476064693476914e-01 6.032092391024974631e-01 5.663965427568786737e-01 5.242965552319166500e-01 5.647163833638758623e-01 6.938886664887109479e-01 5.680718281230219269e-01 5.242965552319166500e-01 7.548398491282626299e-01 6.742815985200936169e-01
8.387421368293256352e-01 5.721784249161624425e-01 5.553157971080657784e-01 5.620744208813469589e-01 5.721784249161624425e-01 8.164965809277259234e-01 5.680718281230219269e-01 5.721784249161624425e-01 7.351470441147052171e-01 5.302382935766501992e-01
5.207738061220602566e-01 6.032092391024974631e-01 7.954821951113958400e-01 5.470476064693476914e-01 5.391380680858384178e-01 6.005722461958789005e-01 6.171729202024904826e-01 6.405126152203485246e-01 5.721784249161624425e-01 5.553157971080657784e-01
6.405126152203485246e-01 5.860528507952449395e-01 7.749411641080770075e-01 5.721784249161624425e-01 6.813851438692469786e-01 5.721784249161624425e-01 5.806513267897975838e-01 5.295290690121257082e-01 5.011574089560727474e-01 5.721784249161624425e-01
5.295290690121257082e-01 6.065548512226350830e-01 5.416058943045167773e-01 5.083422507289528935e-01 6.968731476445666484e-01 5.295290690121257082e-01 6.032092391024974631e-01 5.620744208813469589e-01 6.782402329135959196e-01 5.620744208813469589e-01
5.222329678670935005e-01 5.391380680858384178e-01 5.892556509887896254e-01 6.968731476445666484e-01 5.507910552258941106e-01 6.388888888888888395e-01 5.673521058541753925e-01 5.721784249161624425e-01 5.721784249161624425e-01 5.507910552258941106e-01
5.295290690121257082e-01 5.553157971080657784e-01 5.892556509887896254e-01 7.158337756607726643e-01 5.721784249161624425e-01 3.396831102433787719e-01 5.892556509887896254e-01 5.937393699957592696e-01 5.721784249161624425e-01 5.507910552258941106e-01
4.642383454426296518e-01 5.802588531856593956e-01 5.874155549698462098e-01 5.507910552258941106e-01 7.368421052631578538e-01 5.721784249161624425e-01 6.203390706384861453e-01 5.553157971080657784e-01 6.599120175960897505e-01 5.770839022692476616e-01
5.222329678670935005e-01 5.680718281230219269e-01 5.892556509887896254e-01 5.083422507289528935e-01 5.507910552258941106e-01 5.721784249161624425e-01 5.721784249161624425e-01 5.721784249161624425e-01 5.222329678670935005e-01 7.341356053727927655e-01
6.392177892395748406e-01 6.240873164395929207e-01 5.937393699957592696e-01 5.721784249161624425e-01 5.507910552258941106e-01 5.892556509887896254e-01 5.721784249161624425e-01 4.906399210184636539e-01 5.470476064693476914e-01 5.336877381387777897e-01
5.553157971080657784e-01 5.083422507289528935e-01 5.121475197315839001e-01 5.295290690121257082e-01 5.721784249161624425e-01 5.721784249161624425e-01 5.721784249161624425e-01 5.721784249161624425e-01 5.721784249161624425e-01 5.440409098323898407e-01
5.770839022692476616e-01 5.553157971080657784e-01 5.121475197315839001e-01 7.158337756607726643e-01 5.222329678670935005e-01 4.815434123430767932e-01 6.629260947655161162e-01 7.144957674337002462e-01 5.261367915016469388e-01 5.825517280354629568e-01
5.669467095138408519e-01 4.871773518462231833e-01 5.295290690121257082e-01 5.892556509887896254e-01 5.721784249161624425e-01 5.721784249161624425e-01 5.625439504630119769e-01 5.721784249161624425e-01 8.168511940089083767e-01 5.553157971080657784e-01
5.083422507289528935e-01 5.553157971080657784e-01 5.553157971080657784e-01 5.507910552258941106e-01 5.721784249161624425e-01 5.937393699957592696e-01 5.721784249161624425e-01 5.721784249161624425e-01 5.391380680858384178e-01 5.507910552258941106e-01
6.278031600888845931e-01 5.669467095138408519e-01 5.083422507289528935e-01 7.368421052631578538e-01 5.553157971080657784e-01 5.721784249161624425e-01 6.417326403548866409e-01 6.155209008485765798e-01 5.669467095138408519e-01 5.669467095138408519e-01
5.553157971080657784e-01 5.721784249161624425e-01 5.507910552258941106e-01 5.553157971080657784e-01 5.770839022692476616e-01 7.351470441147052171e-01 5.721784249161624425e-01 6.418674080138396798e-01 5.990422978731537729e-01 5.721784249161624425e-01
5.721784249161624425e-01 5.553157971080657784e-01 5.222329678670935005e-01 4.421297585599224811e-01 6.155209008485765798e-01 5.721784249161624425e-01 5.770839022692476616e-01 5.083422507289528935e-01 5.721784249161624425e-01 5.222329678670935005e-01
5.669467095138408519e-01 5.507910552258941106e-01 5.521714861007721575e-01 5.295290690121257082e-01 5.083422507289528935e-01 5.052911526399114228e-01 5.721784249161624425e-01 5.336877381387777897e-01 4.871773518462231833e-01 5.000000000000000000e-01
5.521714861007721575e-01 6.032092391024974631e-01 5.470476064693476914e-01 5.721784249161624425e-01 5.553157971080657784e-01 5.553157971080657784e-01 4.906399210184636539e-01 5.553157971080657784e-01 5.222329678670935005e-01 5.121475197315839001e-01
5.892556509887896254e-01 7.022753459139792209e-01 5.507910552258941106e-01 6.065548512226350830e-01 5.222329678670935005e-01 5.046784644963954181e-01 5.295290690121257082e-01 4.871773518462231833e-01 5.445288127427020397e-01 5.222329678670935005e-01
5.553157971080657784e-01 5.721784249161624425e-01 5.721784249161624425e-01 5.121475197315839001e-01 5.416058943045167773e-01 5.222329678670935005e-01 5.770839022692476616e-01 5.295290690121257082e-01 4.906399210184636539e-01 5.553157971080657784e-01
5.553157971080657784e-01 5.083422507289528935e-01 5.445288127427020397e-01 4.642383454426296518e-01 4.642383454426296518e-01 5.620744208813469589e-01 5.121475197315839001e-01 5.770839022692476616e-01 6.418674080138396798e-01 5.553157971080657784e-01
5.721784249161624425e-01 5.507910552258941106e-01 5.336877381387777897e-01 5.553157971080657784e-01 5.046784644963954181e-01 6.076822535350564491e-01 5.721784249161624425e-01 5.083422507289528935e-01 5.721784249161624425e-01 5.553157971080657784e-01
5.336877381387777897e-01 5.669467095138408519e-01 5.222329678670935005e-01 5.553157971080657784e-01 5.553157971080657784e-01 5.083422507289528935e-01 5.222329678670935005e-01 5.721784249161624425e-01 5.222329678670935005e-01 5.620744208813469589e-01
5.222329678670935005e-01 5.222329678670935005e-01 5.336877381387777897e-01 5.937393699957592696e-01 5.121475197315839001e-01 5.721784249161624425e-01 5.507910552258941106e-01 5.721784249161624425e-01 5.553157971080657784e-01 5.553157971080657784e-01
5.391380680858384178e-01 5.721784249161624425e-01 5.445288127427020397e-01 5.336877381387777897e-01 5.721784249161624425e-01 5.222329678670935005e-01 5.721784249161624425e-01 4.871773518462231833e-01 5.386656129458061715e-01 5.445288127427020397e-01
4.871773518462231833e-01 5.222329678670935005e-01 5.222329678670935005e-01 5.083422507289528935e-01 4.906399210184636539e-01 5.083422507289528935e-01 5.553157971080657784e-01 4.871773518462231833e-01 5.669467095138408519e-01 5.222329678670935005e-01
5.222329678670935005e-01 5.083422507289528935e-01 5.553157971080657784e-01 5.553157971080657784e-01 5.553157971080657784e-01 4.714045207910316782e-01 5.121475197315839001e-01 5.222329678670935005e-01 5.445288127427020397e-01 5.222329678670935005e-01
4.714045207910316782e-01 5.669467095138408519e-01 5.553157971080657784e-01 5.669467095138408519e-01 5.391380680858384178e-01 6.968731476445666484e-01 4.906399210184636539e-01 5.163382283461689370e-01 5.445288127427020397e-01 5.391380680858384178e-01
5.121475197315839001e-01 5.669467095138408519e-01 5.121475197315839001e-01 5.069794004195823378e-01 0.000000000000000000e+00 5.391380680858384178e-01 5.721784249161624425e-01 5.669467095138408519e-01 5.222329678670935005e-01 5.295290690121257082e-01
5.721784249161624425e-01 5.222329678670935005e-01 5.445288127427020397e-01 5.669467095138408519e-01 5.669467095138408519e-01 5.553157971080657784e-01 5.222329678670935005e-01 5.553157971080657784e-01 5.222329678670935005e-01 5.121475197315839001e-01
5.553157971080657784e-01 5.391380680858384178e-01 5.680718281230219269e-01 5.336877381387777897e-01 5.445288127427020397e-01 5.553157971080657784e-01 5.507910552258941106e-01 5.295290690121257082e-01 5.222329678670935005e-01 5.669467095138408519e-01
5.222329678670935005e-01 5.721784249161624425e-01 5.553157971080657784e-01 5.721784249161624425e-01 5.553157971080657784e-01 5.222329678670935005e-01 5.445288127427020397e-01 5.222329678670935005e-01 5.222329678670935005e-01 5.553157971080657784e-01
5.990422978731537729e-01 5.445288127427020397e-01 5.445288127427020397e-01 5.553157971080657784e-01 5.391380680858384178e-01 5.445288127427020397e-01 5.222329678670935005e-01 5.721784249161624425e-01 5.669467095138408519e-01 5.553157971080657784e-01
5.222329678670935005e-01 4.906399210184636539e-01 5.669467095138408519e-01 4.906399210184636539e-01 5.222329678670935005e-01 5.222329678670935005e-01 5.391380680858384178e-01 5.121475197315839001e-01 5.336877381387777897e-01 4.906399210184636539e-01
5.553157971080657784e-01 5.770839022692476616e-01 0.000000000000000000e+00 4.691054041892088189e-01 5.445288127427020397e-01 4.554632899703754401e-01 5.669467095138408519e-01 5.553157971080657784e-01 5.553157971080657784e-01 4.906399210184636539e-01
5.669467095138408519e-01 5.669467095138408519e-01 5.669467095138408519e-01 5.222329678670935005e-01 5.445288127427020397e-01 5.521714861007721575e-01 5.553157971080657784e-01 5.669467095138408519e-01 5.553157971080657784e-01 0.000000000000000000e+00
5.669467095138408519e-01 5.553157971080657784e-01 5.553157971080657784e-01 5.222329678670935005e-01 5.669467095138408519e-01 5.222329678670935005e-01 5.553157971080657784e-01 5.553157971080657784e-01 5.121475197315839001e-01 5.669467095138408519e-01
4.906399210184636539e-01 5.553157971080657784e-01 5.669467095138408519e-01 0.000000000000000000e+00 5.000000000000000000e-01 5.553157971080657784e-01 5.669467095138408519e-01 5.222329678670935005e-01 5.553157971080657784e-01 5.083422507289528935e-01
5.553157971080657784e-01 5.553157971080657784e-01 5.222329678670935005e-01 5.222329678670935005e-01 5.553157971080657784e-01 5.553157971080657784e-01 5.669467095138408519e-01 5.553157971080657784e-01 5.222329678670935005e-01 0.000000000000000000e+00
4.691054041892088189e-01 5.553157971080657784e-01 5.222329678670935005e-01 5.553157971080657784e-01 5.222329678670935005e-01 0.000000000000000000e+00 5.521714861007721575e-01 5.222329678670935005e-01 5.669467095138408519e-01 5.295290690121257082e-01
5.222329678670935005e-01 5.336877381387777897e-01 0.000000000000000000e+00 5.669467095138408519e-01 5.445288127427020397e-01 5.553157971080657784e-01 5.445288127427020397e-01 5.222329678670935005e-01 5.222329678670935005e-01 5.553157971080657784e-01
5.222329678670935005e-01 5.445288127427020397e-01 5.669467095138408519e-01 5.445288127427020397e-01 5.445288127427020397e-01 5.669467095138408519e-01 5.669467095138408519e-01 5.222329678670935005e-01 5.121475197315839001e-01 5.222329678670935005e-01
5.770839022692476616e-01 5.553157971080657784e-01 5.669467095138408519e-01 5.669467095138408519e-01 5.222329678670935005e-01 5.336877381387777897e-01 5.222329678670935005e-01 5.222329678670935005e-01 5.553157971080657784e-01 5.669467095138408519e-01
8.323148993037752241e-01 7.879092800517907280e-01 7.954821951113958400e-01 8.094999088258616471e-01 8.820104430654692740e-01 8.323148993037752241e-01 7.792323356072560214e-01 8.053872662568292151e-01 7.258661863112977342e-01 6.094695549697963788e-01
8.053872662568292151e-01 7.667979486648716092e-01 8.323148993037752241e-01 8.094999088258616471e-01 7.832012865918626110e-01 8.168511940089083767e-01 8.820104430654692740e-01 7.684732793678399343e-01 8.600936531274780972e-01 8.323148993037752241e-01
8.323148993037752241e-01 7.172417274099839313e-01 7.062065812274456178e-01 8.323148993037752241e-01 8.164965809277259234e-01 8.380206380834700486e-01 7.684732793678399343e-01 6.577186759210126299e-01 8.546419164724743389e-01 6.862435664967209137e-01
8.323148993037752241e-01 8.380206380834700486e-01 7.056083544523754636e-01 7.461285782300156599e-01 7.892700915666699402e-01 6.403943994731999823e-01 7.461285782300156599e-01 6.619684638946263799e-01 7.684732793678399343e-01 8.597269536210950802e-01
7.961815202531468127e-01 8.168511940089083767e-01 8.168511940089083767e-01 7.954821951113958400e-01 8.380206380834700486e-01 8.164965809277259234e-01 8.323148993037752241e-01 8.094999088258616471e-01 6.862435664967209137e-01 8.380206380834700486e-01
8.323148993037752241e-01 7.107423155935334025e-01 6.892181949450164602e-01 7.892700915666699402e-01 7.461285782300156599e-01 6.619684638946263799e-01 6.619684638946263799e-01 7.441607631687251478e-01 7.158337756607726643e-01 8.380206380834700486e-01
9.045340337332907765e-01 8.820104430654692740e-01 8.600936531274780972e-01 8.164965809277259234e-01 8.380206380834700486e-01 7.341356053727927655e-01 8.168511940089083767e-01 7.461285782300156599e-01 7.461285782300156599e-01 8.387421368293256352e-01
8.600936531274780972e-01 8.164965809277259234e-01 6.838913965377400039e-01 8.053872662568292151e-01 7.749411641080770075e-01 7.027819284987273374e-01 8.105379514521363626e-01 8.380206380834700486e-01 6.292590903195366403e-01 6.403943994731999823e-01
7.684732793678399343e-01 8.380206380834700486e-01 7.667979486648716092e-01 7.461285782300156599e-01 8.597269536210950802e-01 8.323148993037752241e-01 8.168511940089083767e-01 6.892181949450164602e-01 8.094999088258616471e-01 6.838913965377400039e-01
8.380206380834700486e-01 7.684732793678399343e-01 7.548398491282626299e-01 7.289592816971104394e-01 8.380206380834700486e-01 7.745966692414832933e-01 7.745966692414832933e-01 8.597269536210950802e-01 8.760958050630780480e-01 8.094999088258616471e-01
7.892700915666699402e-01 7.872315085026536652e-01 8.387421368293256352e-01 8.164965809277259234e-01 8.380206380834700486e-01 8.597269536210950802e-01 7.461285782300156599e-01 7.954821951113958400e-01 8.323148993037752241e-01 7.194481453189082165e-01
7.461285782300156599e-01 7.954821951113958400e-01 8.820104430654692740e-01 6.942183831461817833e-01 8.380206380834700486e-01 6.203390706384861453e-01 8.597269536210950802e-01 6.749365589450485592e-01 6.816973478461646474e-01 7.461285782300156599e-01
7.341356053727927655e-01 7.258661863112977342e-01 7.879092800517907280e-01 6.816973478461646474e-01 7.879092800517907280e-01 6.680589920818432725e-01 8.094999088258616471e-01 7.654655446197431434e-01 7.954821951113958400e-01 8.323148993037752241e-01
8.600936531274780972e-01 7.879092800517907280e-01 7.461285782300156599e-01 6.147786234942720363e-01 7.461285782300156599e-01 7.954821951113958400e-01 8.094999088258616471e-01 8.597269536210950802e-01 8.380206380834700486e-01 8.380206380834700486e-01
8.168511940089083767e-01 7.654655446197431434e-01 7.258661863112977342e-01 7.383494404978525605e-01 8.168511940089083767e-01 6.147786234942720363e-01 8.164965809277259234e-01 8.168511940089083767e-01 8.094999088258616471e-01 7.027819284987273374e-01
7.759774130632280942e-01 6.405126152203485246e-01 6.838913965377400039e-01 8.597269536210950802e-01 6.619684638946263799e-01 8.094999088258616471e-01 8.820104430654692740e-01 8.164965809277259234e-01 7.128891149634438706e-01 8.323148993037752241e-01
6.740186015747764436e-01 5.027933178237149470e-01 8.164965809277259234e-01 8.820104430654692740e-01 7.548398491282626299e-01 6.405126152203485246e-01 8.094999088258616471e-01 8.380206380834700486e-01 8.380206380834700486e-01 6.826365409636548920e-01
7.961815202531468127e-01 7.759774130632280942e-01 7.341356053727927655e-01 8.323148993037752241e-01 7.461285782300156599e-01 7.441607631687251478e-01 7.872315085026536652e-01 7.337993857053428659e-01 6.749365589450485592e-01 7.258661863112977342e-01
7.759774130632280942e-01 6.619684638946263799e-01 8.380206380834700486e-01 7.667979486648716092e-01 8.380206380834700486e-01 7.027819284987273374e-01 7.749411641080770075e-01 7.158337756607726643e-01 5.647163833638758623e-01 8.820104430654692740e-01
8.094999088258616471e-01 7.144957674337002462e-01 8.380206380834700486e-01 8.164965809277259234e-01 8.380206380834700486e-01 8.600936531274780972e-01 5.029086923675210041e-01 7.667979486648716092e-01 8.597269536210950802e-01 8.168511940089083767e-01
9.045340337332907765e-01 7.242455855256795250e-01 8.094999088258616471e-01 6.609533062676739013e-01 8.094999088258616471e-01 8.164965809277259234e-01 7.351470441147052171e-01 8.179178119091964350e-01 8.164965809277259234e-01 8.597269536210950802e-01
7.749411641080770075e-01 6.408169690580139966e-01 7.548398491282626299e-01 8.164965809277259234e-01 6.203390706384861453e-01 7.040550852099378698e-01 7.749411641080770075e-01 6.938886664887109479e-01 5.917571482513916958e-01 6.147786234942720363e-01
7.461285782300156599e-01 7.368421052631578538e-01 7.341356053727927655e-01 8.380206380834700486e-01 8.094999088258616471e-01 7.138295707690878178e-01 6.609533062676739013e-01 7.351470441147052171e-01 6.086445426287075966e-01 8.387421368293256352e-01
6.742815985200936169e-01 6.826365409636548920e-01 6.742815985200936169e-01 8.597269536210950802e-01 7.759774130632280942e-01 7.541588928785796231e-01 6.952103603844604907e-01 6.942183831461817833e-01 7.341356053727927655e-01 7.961815202531468127e-01
7.351470441147052171e-01 6.372519687281490430e-01 8.380206380834700486e-01 5.986170410734132918e-01 7.667979486648716092e-01 7.749411641080770075e-01 7.341356053727927655e-01 5.882549203253126802e-01 4.909902530309828705e-01 7.749411641080770075e-01
7.337993857053428659e-01 5.625439504630119769e-01 8.820104430654692740e-01 8.820104430654692740e-01 8.380206380834700486e-01 7.144957674337002462e-01 8.380206380834700486e-01 6.187983455093131191e-01 7.548398491282626299e-01 8.597269536210950802e-01
8.380206380834700486e-01 7.745966692414832933e-01 8.380206380834700486e-01 8.380206380834700486e-01 7.027819284987273374e-01 7.144957674337002462e-01 6.408169690580139966e-01 7.461285782300156599e-01 7.954821951113958400e-01 7.759774130632280942e-01
7.961815202531468127e-01 8.168511940089083767e-01 5.892556509887896254e-01 8.380206380834700486e-01 8.820104430654692740e-01 5.647163833638758623e-01 8.597269536210950802e-01 6.000991981489790517e-01 5.601171041273753648e-01 7.954821951113958400e-01
7.258661863112977342e-01 7.258661863112977342e-01 6.003970880646445352e-01 7.541588928785796231e-01 8.094999088258616471e-01 6.203390706384861453e-01 8.179178119091964350e-01 7.954821951113958400e-01 7.027819284987273374e-01 5.336877381387777897e-01
7.954821951113958400e-01 8.323148993037752241e-01 7.138295707690878178e-01 5.802588531856593956e-01 6.713171133426188986e-01 7.879092800517907280e-01 7.961815202531468127e-01 6.826365409636548920e-01 5.416058943045167773e-01 4.815434123430767932e-01
6.762522260005742192e-01 6.000991981489790517e-01 8.168511940089083767e-01 6.575959492214291657e-01 6.359514531507306501e-01 7.242455855256795250e-01 6.742815985200936169e-01 7.138295707690878178e-01 6.301260378126044559e-01 6.549786415250666849e-01
8.380206380834700486e-01 5.458155346042222744e-01 6.742815985200936169e-01 7.759774130632280942e-01 6.221520479205283616e-01 7.351470441147052171e-01 8.820104430654692740e-01 7.541588928785796231e-01 8.380206380834700486e-01 7.759774130632280942e-01
5.680718281230219269e-01 7.975857215562236480e-01 5.647163833638758623e-01 5.207738061220602566e-01 6.599120175960897505e-01 7.178549574029903235e-01 8.094999088258616471e-01 6.353041741502862827e-01 0.000000000000000000e+00 6.628090515377523806e-01
5.806513267897975838e-01 6.003970880646445352e-01 7.144957674337002462e-01 6.209416342294447055e-01 7.341356053727927655e-01 7.027819284987273374e-01 7.144957674337002462e-01 6.546536707079770867e-01 8.600936531274780972e-01 7.027819284987273374e-01
7.759774130632280942e-01 7.954821951113958400e-01 5.680718281230219269e-01 6.003970880646445352e-01 4.700510740679313404e-01 5.721784249161624425e-01 6.942183831461817833e-01 5.261367915016469388e-01 6.942183831461817833e-01 6.065548512226350830e-01
5.124540148752712021e-01 6.295662366690627509e-01 6.162037917529487041e-01 7.144957674337002462e-01 7.341356053727927655e-01 6.405126152203485246e-01 7.541588928785796231e-01 7.027819284987273374e-01 7.954821951113958400e-01 7.021479347490223732e-01
5.690501029130339283e-01 5.610662910931731862e-01 5.222329678670935005e-01 6.000991981489790517e-01 6.106440313576270151e-01 8.164965809277259234e-01 5.620744208813469589e-01 7.204000065669117214e-01 5.986170410734132918e-01 7.138295707690878178e-01
7.242455855256795250e-01 7.954821951113958400e-01 8.168511940089083767e-01 8.164965809277259234e-01 6.000991981489790517e-01 8.820104430654692740e-01 7.745966692414832933e-01 6.278031600888845931e-01 5.620744208813469589e-01 6.609533062676739013e-01
6.609533062676739013e-01 7.258661863112977342e-01 7.961815202531468127e-01 8.597269536210950802e-01 8.387421368293256352e-01 8.597269536210950802e-01 8.179178119091964350e-01 8.380206380834700486e-01 8.380206380834700486e-01 7.541588928785796231e-01
8.347967809766698721e-01 6.938886664887109479e-01 7.441607631687251478e-01 8.179178119091964350e-01 6.452262347571491308e-01 6.968731476445666484e-01 8.380206380834700486e-01 7.961815202531468127e-01 8.164965809277259234e-01 8.164965809277259234e-01
5.892556509887896254e-01 6.549786415250666849e-01 0.000000000000000000e+00 4.618847771991883566e-01 5.721784249161624425e-01 7.158337756607726643e-01 5.553157971080657784e-01 6.968731476445666484e-01 6.968731476445666484e-01 6.171729202024904826e-01
7.158337756607726643e-01 5.721784249161624425e-01 7.548398491282626299e-01 5.295290690121257082e-01 7.954821951113958400e-01 5.029086923675210041e-01 5.669467095138408519e-01 7.144957674337002462e-01 6.968731476445666484e-01 6.372519687281490430e-01
6.203390706384861453e-01 6.418674080138396798e-01 8.775633032524907673e-01 7.491097919711411368e-01 6.615701550312039769e-01 6.203390706384861453e-01 7.351470441147052171e-01 7.954821951113958400e-01 7.138295707690878178e-01 7.461285782300156599e-01
6.749365589450485592e-01 6.938886664887109479e-01 5.986170410734132918e-01 7.232784198342051551e-01 6.032092391024974631e-01 5.052911526399114228e-01 7.541588928785796231e-01 8.380206380834700486e-01 5.083422507289528935e-01 7.351470441147052171e-01
5.295290690121257082e-01 6.952103603844604907e-01 7.745966692414832933e-01 6.742815985200936169e-01 7.759774130632280942e-01 5.620744208813469589e-01 5.625439504630119769e-01 5.083422507289528935e-01 5.786375623578446925e-01 7.144957674337002462e-01
4.792338382985230072e-01 8.380206380834700486e-01 7.548398491282626299e-01 4.830273210653686089e-01 7.759774130632280942e-01 7.759774130632280942e-01 5.440409098323898407e-01 7.954821951113958400e-01 4.835481053902881410e-01 7.321251891693292269e-01
7.718571498931195984e-01 5.986170410734132918e-01 4.815434123430767932e-01 7.954821951113958400e-01 6.742815985200936169e-01 7.909810627737344779e-01 6.742815985200936169e-01 6.392177892395748406e-01 5.620744208813469589e-01 5.049596619838558897e-01
5.295290690121257082e-01 6.322813738224616342e-01 5.445288127427020397e-01 4.906399210184636539e-01 7.954821951113958400e-01 5.721784249161624425e-01 5.892556509887896254e-01 8.168511940089083767e-01 5.083422507289528935e-01 5.892556509887896254e-01
5.069794004195823378e-01 6.952103603844604907e-01 7.541588928785796231e-01 6.615701550312039769e-01 5.440409098323898407e-01 6.938886664887109479e-01 9.015037604471400901e-01 5.892556509887896254e-01 7.144957674337002462e-01 4.871773518462231833e-01
7.541588928785796231e-01 4.815434123430767932e-01 7.351470441147052171e-01 5.973241301880030107e-01 4.871773518462231833e-01 5.234694141590801042e-01 6.942183831461817833e-01 6.418674080138396798e-01 6.609533062676739013e-01 5.986170410734132918e-01
6.713171133426188986e-01 4.618847771991883566e-01 6.162037917529487041e-01 5.553157971080657784e-01 5.601171041273753648e-01 7.392350109992010809e-01 5.553157971080657784e-01 6.493272902487998710e-01 5.647163833638758623e-01 6.106440313576270151e-01
5.802588531856593956e-01 5.083422507289528935e-01 5.507910552258941106e-01 5.721784249161624425e-01 5.234694141590801042e-01 4.871773518462231833e-01 8.164965809277259234e-01 5.892556509887896254e-01 5.207738061220602566e-01 5.417363388859613993e-01
5.083422507289528935e-01 8.380206380834700486e-01 7.749411641080770075e-01 7.232784198342051551e-01 7.337993857053428659e-01 7.337993857053428659e-01 0.000000000000000000e+00 0.000000000000000000e+00 8.380206380834700486e-01 7.961815202531468127e-01
5.802588531856593956e-01 4.642383454426296518e-01 5.470476064693476914e-01 5.083422507289528935e-01 8.597269536210950802e-01 6.968731476445666484e-01 5.440409098323898407e-01 4.554632899703754401e-01 5.261367915016469388e-01 5.222329678670935005e-01
7.954821951113958400e-01 5.507910552258941106e-01 7.954821951113958400e-01 5.416058943045167773e-01 5.507910552258941106e-01 5.336877381387777897e-01 5.207738061220602566e-01 7.698214791400604939e-01 6.742815985200936169e-01 5.786375623578446925e-01
5.083422507289528935e-01 5.553157971080657784e-01 8.380206380834700486e-01 6.106440313576270151e-01 8.380206380834700486e-01 8.387421368293256352e-01 5.721784249161624425e-01 5.553157971080657784e-01 6.164647075317321034e-01 5.295290690121257082e-01
7.954821951113958400e-01 5.721784249161624425e-01 5.620744208813469589e-01 5.000000000000000000e-01 5.937393699957592696e-01 5.052911526399114228e-01 5.669467095138408519e-01 5.507910552258941106e-01 5.046784644963954181e-01 5.507910552258941106e-01
7.441607631687251478e-01 7.954821951113958400e-01 8.820104430654692740e-01 6.417326403548866409e-01 4.871773518462231833e-01 8.168511940089083767e-01 5.601171041273753648e-01 6.968731476445666484e-01 6.162037917529487041e-01 0.000000000000000000e+00
5.802588531856593956e-01 5.601171041273753648e-01 5.470476064693476914e-01 5.721784249161624425e-01 5.721784249161624425e-01 7.954821951113958400e-01 4.181238885867399890e-01 4.621370295029600950e-01 0.000000000000000000e+00 5.083422507289528935e-01
5.620744208813469589e-01 0.000000000000000000e+00 5.083422507289528935e-01 5.417363388859613993e-01 6.240873164395929207e-01 7.749411641080770075e-01 6.992212226653672369e-01 4.871773518462231833e-01 6.155209008485765798e-01 5.507910552258941106e-01
5.620744208813469589e-01 5.083422507289528935e-01 5.470476064693476914e-01 6.372519687281490430e-01 7.961815202531468127e-01 4.618847771991883566e-01 6.749365589450485592e-01 8.164965809277259234e-01 5.199041581908301346e-01 6.952103603844604907e-01
5.806513267897975838e-01 6.388888888888888395e-01 5.207738061220602566e-01 5.721784249161624425e-01 6.171729202024904826e-01 6.240873164395929207e-01 5.521714861007721575e-01 5.770839022692476616e-01 5.470476064693476914e-01 5.222329678670935005e-01
5.222329678670935005e-01 7.341356053727927655e-01 5.234694141590801042e-01 4.691054041892088189e-01 6.762522260005742192e-01 7.232784198342051551e-01 5.507910552258941106e-01 0.000000000000000000e+00 8.168511940089083767e-01 6.942183831461817833e-01
4.618847771991883566e-01 4.777665429529546204e-01 5.721784249161624425e-01 4.777665429529546204e-01 5.553157971080657784e-01 5.445288127427020397e-01 4.871773518462231833e-01 5.121475197315839001e-01 5.295290690121257082e-01 5.336877381387777897e-01
5.083422507289528935e-01 4.871773518462231833e-01 5.083422507289528935e-01 7.759774130632280942e-01 0.000000000000000000e+00 5.234694141590801042e-01 5.669467095138408519e-01 5.083422507289528935e-01 7.961815202531468127e-01 5.825517280354629568e-01
7.088917925391799990e-01 5.295290690121257082e-01 5.588235294117647189e-01 5.440409098323898407e-01 4.906399210184636539e-01 0.000000000000000000e+00 7.138295707690878178e-01 4.714045207910316782e-01 5.083422507289528935e-01 5.083422507289528935e-01
4.871773518462231833e-01 5.445288127427020397e-01 4.618847771991883566e-01 6.493272902487998710e-01 5.083422507289528935e-01 4.777665429529546204e-01 4.659768412094903445e-01 5.052911526399114228e-01 4.691054041892088189e-01 4.906399210184636539e-01
5.295290690121257082e-01 4.777665429529546204e-01 5.417363388859613993e-01 4.871773518462231833e-01 4.777665429529546204e-01 6.106440313576270151e-01 5.647163833638758623e-01 4.871773518462231833e-01 5.553157971080657784e-01 6.546536707079770867e-01
5.892556509887896254e-01 5.937393699957592696e-01 4.871773518462231833e-01 5.721784249161624425e-01 6.968731476445666484e-01 5.445288127427020397e-01 5.398540647201178766e-01 4.871773518462231833e-01 4.871773518462231833e-01 5.673521058541753925e-01
5.121475197315839001e-01 5.295290690121257082e-01 5.721784249161624425e-01 4.254814716983815748e-01 5.669467095138408519e-01 0.000000000000000000e+00 5.083422507289528935e-01 5.721784249161624425e-01 5.222329678670935005e-01 5.669467095138408519e-01
4.777665429529546204e-01 5.295290690121257082e-01 4.906399210184636539e-01 5.507910552258941106e-01 5.083422507289528935e-01 5.121475197315839001e-01 0.000000000000000000e+00 5.121475197315839001e-01 5.121475197315839001e-01 5.336877381387777897e-01
5.553157971080657784e-01 5.770839022692476616e-01 5.295290690121257082e-01 5.770839022692476616e-01 5.336877381387777897e-01 5.620744208813469589e-01 6.162037917529487041e-01 5.721784249161624425e-01 8.133257084405581816e-01 4.635863249727653623e-01
5.391380680858384178e-01 5.553157971080657784e-01 5.445288127427020397e-01 5.121475197315839001e-01 5.669467095138408519e-01 4.871773518462231833e-01 4.871773518462231833e-01 5.721784249161624425e-01 5.680718281230219269e-01 4.777665429529546204e-01
4.871773518462231833e-01 5.553157971080657784e-01 5.553157971080657784e-01 5.553157971080657784e-01 4.777665429529546204e-01 5.295290690121257082e-01 5.121475197315839001e-01 5.083422507289528935e-01 4.691054041892088189e-01 4.691054041892088189e-01
4.691054041892088189e-01 7.749411641080770075e-01 5.000000000000000000e-01 4.589925460215784070e-01 4.330127018922192983e-01 5.620744208813469589e-01 5.721784249161624425e-01 3.771682545706786516e-01 4.446773094237895796e-01 5.417363388859613993e-01
5.669467095138408519e-01 5.121475197315839001e-01 0.000000000000000000e+00 4.871773518462231833e-01 4.691054041892088189e-01 6.278031600888845931e-01 5.440409098323898407e-01 4.330127018922192983e-01 5.261367915016469388e-01 5.553157971080657784e-01
5.295290690121257082e-01 0.000000000000000000e+00 4.777665429529546204e-01 5.669467095138408519e-01 4.777665429529546204e-01 5.770839022692476616e-01 4.871773518462231833e-01 5.000000000000000000e-01 6.155209008485765798e-01 5.222329678670935005e-01
5.069794004195823378e-01 5.381733108533891530e-01 4.446773094237895796e-01 6.032092391024974631e-01 5.773502691896257311e-01 4.871773518462231833e-01 4.330127018922192983e-01 4.691054041892088189e-01 6.203390706384861453e-01 4.792338382985230072e-01
5.336877381387777897e-01 4.871773518462231833e-01 5.222329678670935005e-01 5.391380680858384178e-01 5.669467095138408519e-01 5.222329678670935005e-01 5.553157971080657784e-01 4.777665429529546204e-01 4.691054041892088189e-01 4.906399210184636539e-01
4.691054041892088189e-01 4.777665429529546204e-01 5.553157971080657784e-01 4.691054041892088189e-01 4.777665429529546204e-01 4.871773518462231833e-01 5.121475197315839001e-01 5.669467095138408519e-01 4.554632899703754401e-01 5.121475197315839001e-01
5.721784249161624425e-01 5.336877381387777897e-01 5.295290690121257082e-01 4.777665429529546204e-01 4.691054041892088189e-01 4.635863249727653623e-01 5.721784249161624425e-01 5.083422507289528935e-01 5.121475197315839001e-01 5.167567630479275032e-01
5.553157971080657784e-01 4.554632899703754401e-01 4.554632899703754401e-01 0.000000000000000000e+00 5.445288127427020397e-01 0.000000000000000000e+00 5.445288127427020397e-01 5.121475197315839001e-01 4.691054041892088189e-01 4.554632899703754401e-01
4.330127018922192983e-01 5.336877381387777897e-01 4.554632899703754401e-01 0.000000000000000000e+00 5.669467095138408519e-01 5.770839022692476616e-01 5.391380680858384178e-01 5.222329678670935005e-01 4.330127018922192983e-01 5.121475197315839001e-01
4.446773094237895796e-01 4.554632899703754401e-01 5.295290690121257082e-01 4.777665429529546204e-01 4.871773518462231833e-01 4.906399210184636539e-01 4.691054041892088189e-01 0.000000000000000000e+00 4.871773518462231833e-01 5.553157971080657784e-01
4.691054041892088189e-01 4.777665429529546204e-01 4.777665429529546204e-01 4.330127018922192983e-01 0.000000000000000000e+00 5.222329678670935005e-01 5.669467095138408519e-01 5.669467095138408519e-01 4.777665429529546204e-01 5.553157971080657784e-01
5.669467095138408519e-01 4.474784540339842298e-01 4.330127018922192983e-01 4.446773094237895796e-01 4.691054041892088189e-01 4.777665429529546204e-01 4.330127018922192983e-01 4.906399210184636539e-01 5.222329678670935005e-01 4.554632899703754401e-01
5.937393699957592696e-01 0.000000000000000000e+00 4.871773518462231833e-01 6.629260947655161162e-01 4.777665429529546204e-01 4.014848107786495590e-01 4.906399210184636539e-01 4.014848107786495590e-01 4.014848107786495590e-01 5.470476064693476914e-01
4.906399210184636539e-01 4.871773518462231833e-01 4.554632899703754401e-01 4.906399210184636539e-01 5.222329678670935005e-01 4.330127018922192983e-01 4.871773518462231833e-01 5.770839022692476616e-01 4.330127018922192983e-01 5.669467095138408519e-01
3.872983346207417021e-01 4.871773518462231833e-01 0.000000000000000000e+00 0.000000000000000000e+00 5.445288127427020397e-01 5.669467095138408519e-01 3.771682545706786516e-01 0.000000000000000000e+00 4.474784540339842298e-01 5.553157971080657784e-01
5.669467095138408519e-01 0.000000000000000000e+00 0.000000000000000000e+00 0.000000000000000000e+00 2.995211489365768864e-01 0.000000000000000000e+00 4.330127018922192983e-01 4.554632899703754401e-01 0.000000000000000000e+00 0.000000000000000000e+00
