0.000000000000000000e+00 0.000000000000000000e+00 0.000000000000000000e+00 0.000000000000000000e+00 0.000000000000000000e+00
7.691228070175438747e-01 7.673684210526315885e-01 7.684210526315788936e-01 7.684210526315788936e-01 7.680701754385964586e-01
7.670175438596491535e-01 7.694736842105263097e-01 7.680701754385964586e-01 7.677192982456140236e-01 7.659649122807017374e-01
7.684210526315788936e-01 7.677192982456140236e-01 7.663157894736841724e-01 7.659649122807017374e-01 7.666666666666667185e-01
7.684210526315788936e-01 7.680701754385964586e-01 7.673684210526315885e-01 7.680701754385964586e-01 7.670175438596491535e-01
7.607017543859648789e-01 7.680701754385964586e-01 7.691228070175438747e-01 7.568421052631578716e-01 7.635087719298245812e-01
7.364912280701754188e-01 7.663157894736841724e-01 7.659649122807017374e-01 7.680701754385964586e-01 7.680701754385964586e-01
7.568421052631578716e-01 7.164912280701754010e-01 7.670175438596491535e-01 7.417543859649122773e-01 7.178947368421052522e-01
6.529824561403508865e-01 7.077192982456140813e-01 7.361403508771929838e-01 7.101754385964912375e-01 7.508771929824561431e-01
6.505263157894737303e-01 6.512280701754386003e-01 6.571929824561403288e-01 6.992982456140350855e-01 7.098245614035088025e-01
6.645614035087719085e-01 5.564912280701754810e-01 6.666666666666666297e-01 5.000000000000000000e-01 5.557894736842104999e-01
