0.000000000000000000e+00 0.000000000000000000e+00 0.000000000000000000e+00 0.000000000000000000e+00 0.000000000000000000e+00
5.387892877632566302e-01 5.350036694763410372e-01 5.374188373659471996e-01 5.369949780406672035e-01 5.363021407777694982e-01
5.340540240425735163e-01 5.394099085966910234e-01 5.361880141524685284e-01 5.354385964912280471e-01 5.327912518564518196e-01
5.368949876447042246e-01 5.354813180346468249e-01 5.328415424984768167e-01 5.319592968070178118e-01 5.335132047325356064e-01
5.369182608439787563e-01 5.361700564123503820e-01 5.347843806075667228e-01 5.362514088370675669e-01 5.345745084587201212e-01
5.248912364429212385e-01 5.361510443010590876e-01 5.390127558661017559e-01 5.176932858663103598e-01 5.288961909446825427e-01
4.914531500657247087e-01 5.336042196157740891e-01 5.321721663112297662e-01 5.361700564123503820e-01 5.361404828908707954e-01
5.196326986475438003e-01 4.593682758885034301e-01 5.341871611620231386e-01 4.993423600779972604e-01 4.616207340250305657e-01
3.600203878945928415e-01 4.463402717612324211e-01 4.908251228779868525e-01 4.483893439492198096e-01 5.117302694915587535e-01
3.562674427461950954e-01 3.575532474621603840e-01 3.662468520207959322e-01 4.324908757672402682e-01 4.498076926106152618e-01
3.788930792629933153e-01 2.378709812135255119e-01 3.823414713609042948e-01 0.000000000000000000e+00 2.430757941353629548e-01
