0.000000000000000000e+00 0.000000000000000000e+00 0.000000000000000000e+00 0.000000000000000000e+00 0.000000000000000000e+00
9.045340337332907765e-01 8.775633032524907673e-01 9.045340337332907765e-01 9.045340337332907765e-01 9.045340337332907765e-01
9.045340337332907765e-01 9.045340337332907765e-01 9.045340337332907765e-01 8.775633032524907673e-01 9.045340337332907765e-01
9.045340337332907765e-01 9.045340337332907765e-01 9.015037604471400901e-01 9.015037604471400901e-01 9.045340337332907765e-01
9.045340337332907765e-01 9.045340337332907765e-01 9.045340337332907765e-01 8.775633032524907673e-01 9.045340337332907765e-01
9.045340337332907765e-01 9.045340337332907765e-01 9.045340337332907765e-01 9.011271137791659891e-01 8.820104430654692740e-01
9.045340337332907765e-01 8.775633032524907673e-01 9.045340337332907765e-01 8.532055424884424921e-01 9.015037604471400901e-01
8.260331876309021659e-01 9.261584224952539302e-01 9.015037604471400901e-01 9.015037604471400901e-01 9.045340337332907765e-01
9.045340337332907765e-01 7.618369437122454180e-01 8.514202182000767394e-01 8.316098463188710266e-01 9.261584224952539302e-01
9.515873026942034407e-01 7.879092800517907280e-01 7.258661863112977342e-01 9.015037604471400901e-01 7.772703543093489875e-01
7.537783614444090174e-01 7.667979486648716092e-01 6.864325102135437895e-01 8.775633032524907673e-01 6.295662366690627509e-01
