0.000000000000000000e+00 0.000000000000000000e+00 0.000000000000000000e+00 0.000000000000000000e+00 0.000000000000000000e+00
9.023148148148147918e-01 9.157407407407407440e-01 9.115740740740740922e-01 8.925925925925926041e-01 9.157407407407407440e-01
8.976851851851852526e-01 9.203703703703703942e-01 9.060185185185185563e-01 9.055555555555555580e-01 9.064814814814814437e-01
8.763888888888888840e-01 8.805555555555555358e-01 7.731481481481481399e-01 9.009259259259259078e-01 9.152777777777777457e-01
8.578703703703702832e-01 8.157407407407406552e-01 8.625000000000000444e-01 6.791666666666666963e-01 8.249999999999999556e-01
8.018518518518518157e-01 9.194444444444445086e-01 8.476851851851852082e-01 8.249999999999999556e-01 9.124999999999999778e-01
7.782407407407407884e-01 7.694444444444443754e-01 6.064814814814815103e-01 7.504629629629629983e-01 7.601851851851851860e-01
5.185185185185184897e-01 7.777777777777777901e-01 5.000000000000000000e-01 7.736111111111111382e-01 5.138888888888888395e-01
5.416666666666666297e-01 5.000000000000000000e-01 5.000000000000000000e-01 8.152777777777777679e-01 5.416666666666666297e-01
6.759259259259259300e-01 7.731481481481481399e-01 5.000000000000000000e-01 5.000000000000000000e-01 5.000000000000000000e-01
5.601851851851852304e-01 5.740740740740740700e-01 7.134259259259259078e-01 5.000000000000000000e-01 5.000000000000000000e-01
