0.000000000000000000e+00 0.000000000000000000e+00 0.000000000000000000e+00 0.000000000000000000e+00 0.000000000000000000e+00 0.000000000000000000e+00 0.000000000000000000e+00 0.000000000000000000e+00 0.000000000000000000e+00 0.000000000000000000e+00
8.114354255538396288e-01 7.432451436624480934e-01 7.661198704676964732e-01 7.608047385620916314e-01 8.005314275242807476e-01 7.952661993561217502e-01 7.545280248021538627e-01 7.825396825396824241e-01 8.009324009324010341e-01 7.663212786130298992e-01
7.956139715368258924e-01 7.943314667452598954e-01 7.829644617830679998e-01 8.125876737824353491e-01 7.894766561433228524e-01 7.829304422224776516e-01 7.948277031610365695e-01 7.576516076516076614e-01 8.003116286698376269e-01 8.070238551131638793e-01
7.041808732074218424e-01 7.887031801289490218e-01 7.945533056853558707e-01 8.063917751849486448e-01 7.719283833250552007e-01 7.733854463135307888e-01 7.770677315260955398e-01 7.774646441313107781e-01 7.491266380179318896e-01 7.370632111251579355e-01
7.841750997335305007e-01 8.012304389115983971e-01 7.606678489604932203e-01 7.605232153774710291e-01 7.792646011396011652e-01 8.010037348272643909e-01 8.017043091521740550e-01 7.892941982494221520e-01 6.998389447043485978e-01 7.775298492855743371e-01
8.069584736251403934e-01 7.496843362457902282e-01 7.479889377375376069e-01 8.123377724166894742e-01 8.176767323066084225e-01 7.334224650490117625e-01 7.502805836139169182e-01 8.122995269412713881e-01 7.220187220187218591e-01 7.840260428495723355e-01
8.121715465465465522e-01 7.782378922106768515e-01 7.638024579201049269e-01 8.239159023518970448e-01 7.891926984847339455e-01 7.899171553522020828e-01 7.787749287749287097e-01 7.048139474368980695e-01 8.066245349827440014e-01 7.714786674459380711e-01
7.618127846454131324e-01 7.597892580914651361e-01 7.832793234287865891e-01 7.343708729847344685e-01 7.825328333418948290e-01 7.660053857120227017e-01 7.955343085943816783e-01 7.947786131996658066e-01 7.545893719806763267e-01 7.158910629296668660e-01
7.562978693553220610e-01 7.816760124217595473e-01 7.832347695484841443e-01 7.880063709423886786e-01 7.565855424252102557e-01 7.364582935553264376e-01 8.122320702966274730e-01 7.779391372311726949e-01 7.585498512327779608e-01 7.736732061034743424e-01
7.829156405427591947e-01 7.774297863672243736e-01 7.893989371449513515e-01 8.296019043682595351e-01 8.064741292483544877e-01 7.772984373502062061e-01 7.774107875802792611e-01 7.098407957166225080e-01 7.713512991403458363e-01 7.839781774208004483e-01
7.826956269764279162e-01 7.770518249647105913e-01 7.578714728175436344e-01 7.838150668418654154e-01 7.585496628974889299e-01 8.349360021001812626e-01 7.893875388554952854e-01 8.016091646891415623e-01 7.737745098039215952e-01 7.764892457131530312e-01
8.113686061404520311e-01 7.948001316422369511e-01 8.129737413319503281e-01 8.015873015873017371e-01 7.603199278580848874e-01 7.885843403084781267e-01 7.348388750080081522e-01 8.181436980407061910e-01 7.825040414455010085e-01 7.238019759450171620e-01
7.229959607460419990e-01 7.136243386243386055e-01 7.541235910406903775e-01 7.844388566728149881e-01 8.006085988715829771e-01 8.121617965367966541e-01 8.165622389306600448e-01 7.782378922106768515e-01 7.819819093078960170e-01 7.844388426314941043e-01
7.773624993963977881e-01 7.589991928974978430e-01 7.661332484713477831e-01 7.364968394437422239e-01 7.722857046550037907e-01 7.599594950882314626e-01 7.109795808910851500e-01 7.391675447393923903e-01 7.941749464250925650e-01 8.128620178898412485e-01
7.703396268601728769e-01 7.365270795619164312e-01 7.778584880279796332e-01 8.128121019904680500e-01 7.540209874752163977e-01 6.913119639059641663e-01 7.658339019890312294e-01 7.983231988207113439e-01 7.623861566484517738e-01 7.846695222571801187e-01
7.770309760374050079e-01 7.772374496512427511e-01 7.220395347854102752e-01 8.004266774175937682e-01 7.362500882142768432e-01 7.891207904819519392e-01 8.062237788668690230e-01 7.544449379525692834e-01 8.233051205187428279e-01 7.719104924846552640e-01
7.946795509808121105e-01 7.278114175053868040e-01 7.825192575376805904e-01 6.812750544093827409e-01 7.997911445279867193e-01 7.783613445378151363e-01 7.437869441572851903e-01 7.958123747597430908e-01 8.065292878213231598e-01 7.583200720738926259e-01
7.710670117917745037e-01 7.780550316746458472e-01 7.487886046631236914e-01 7.427504735027444793e-01 7.421381737171209858e-01 7.558623400563869721e-01 7.648289736729769750e-01 6.895104895104894327e-01 7.654589371980676793e-01 6.832478632478632408e-01
7.222005324935757420e-01 6.999601614105430691e-01 7.775949877719788850e-01 8.225749559082893292e-01 7.882680708030745942e-01 7.257112950804073259e-01 7.847442499319488007e-01 7.413614163614163921e-01 7.954887218045113562e-01 7.949512012012011075e-01
7.561241546994909024e-01 7.649714051772477097e-01 7.793711059190032708e-01 7.557777777777777706e-01 7.568007224257223831e-01 8.192474525807859065e-01 7.044973544973544000e-01 7.715190439648643705e-01 7.294977178261928819e-01 7.470797121764319870e-01
7.414141414141414144e-01 7.940775375024351490e-01 7.446791268817259946e-01 7.883885663373910724e-01 7.500285838421256734e-01 7.838267750478022933e-01 8.238083415248770303e-01 7.654391473974687665e-01 7.944671731930643688e-01 7.305394763021881843e-01
7.439365687397184734e-01 7.310985129419096396e-01 6.825545560553057944e-01 7.588328446192195154e-01 7.172448293916519058e-01 6.964494569757727627e-01 7.448980497859523098e-01 6.645999986961085293e-01 7.311988407060141526e-01 6.956203954235450349e-01
7.596764271782695532e-01 7.476418318523582185e-01 8.126367875154629772e-01 8.398894114220611939e-01 7.377390032257288288e-01 7.422509888529305044e-01 7.718071160694112143e-01 7.525252525252524860e-01 6.684009237200726483e-01 7.409361471861471982e-01
7.081601686252848582e-01 7.595517232685374820e-01 7.154874537227478015e-01 8.006734006734007592e-01 8.183888986486458350e-01 7.319092701762355269e-01 6.663200815494393359e-01 7.106676003734827551e-01 6.985466318403474872e-01 8.127494866226419035e-01
7.542372881355933201e-01 7.948179271708682991e-01 7.043895994715666520e-01 7.890714707962080965e-01 7.405065907413265203e-01 7.939001087691449632e-01 7.474006162530751896e-01 8.121662947351020456e-01 7.102330933004076252e-01 7.576400992040671634e-01
7.933846468121165119e-01 7.076923076923077316e-01 7.943624595061589133e-01 7.444938271604938373e-01 7.473970944309927811e-01 7.711830180313642424e-01 7.943624595061589133e-01 7.171530977982589761e-01 7.477298007887552833e-01 7.666023750094547173e-01
7.424589670578974898e-01 7.768115942028984700e-01 6.962383957694013858e-01 7.017358411821200681e-01 6.591871896219723137e-01 6.918980865176473927e-01 7.780612406549133331e-01 6.565840315840315577e-01 7.263347763347763886e-01 7.602108519918973073e-01
7.512091983391887551e-01 8.015909933596252479e-01 6.702031623955758688e-01 7.649245063879209772e-01 6.919871108891584299e-01 7.885252289109682122e-01 6.730927791678756877e-01 7.827506414859796147e-01 6.886710239651416821e-01 6.995670995670996151e-01
7.394653606774820309e-01 7.766926599046425350e-01 7.313138997721903012e-01 7.058289386372367247e-01 8.003117085525032204e-01 6.628616962996164430e-01 7.146680391147709477e-01 7.697150932445048221e-01 6.492261519296137484e-01 7.490365699194222460e-01
6.794181420394981297e-01 7.150370008799794563e-01 6.595443288886219113e-01 7.882715839372186339e-01 8.008446043927498481e-01 7.237684277127490740e-01 7.827389723941449162e-01 7.201658943703438398e-01 7.419361353787582436e-01 7.243304843304843033e-01
7.948142992723821187e-01 7.091437032478896674e-01 7.296944292570318735e-01 7.081105790142533385e-01 6.887445150092058599e-01 7.763451708366962967e-01 7.062899859032748529e-01 6.912253031656017122e-01 6.759850182180279221e-01 7.186000394041408557e-01
6.863709766006453883e-01 7.480789239863830931e-01 7.474503848992934962e-01 7.885298968890300797e-01 6.742618344449008427e-01 6.570158363972796733e-01 6.874035576003710846e-01 6.247882552230379360e-01 6.923450188156071716e-01 6.598769837665287019e-01
7.256038647342996084e-01 6.800232671721705424e-01 6.585537585253843362e-01 7.449068802862718330e-01 6.868046457462515519e-01 6.767115382959115744e-01 8.006902502157031698e-01 7.312014922634390013e-01 6.691334991708125512e-01 7.049977885891198781e-01
6.429367068464811874e-01 6.323228564467184842e-01 7.715441399534835876e-01 7.117870477005814323e-01 7.896377251568508226e-01 7.375405844155844548e-01 7.346845533197239320e-01 7.831044379580589521e-01 6.796583565257896531e-01 7.242523051856917249e-01
6.761229314420803549e-01 6.829693900645993354e-01 7.096838436644260506e-01 7.140291806958473098e-01 7.598814994361123842e-01 7.645430950214041621e-01 7.831301417385271302e-01 6.440094354072848359e-01 7.128205128205128416e-01 7.002911140889978014e-01
7.125205069130302604e-01 7.936983262754586654e-01 6.686105671577230458e-01 7.366908650937689096e-01 7.143111133634442167e-01 6.655468458379992791e-01 5.321887925661510366e-01 6.720449822760053982e-01 7.128303877269579480e-01 6.324718759501367638e-01
6.672715894868584963e-01 7.031384880996424114e-01 6.525935620595325615e-01 6.774380495603518071e-01 7.764799127028229053e-01 7.882478928602925095e-01 7.478767934533904205e-01 7.769918459573631475e-01 6.774380495603518071e-01 6.885306099526088408e-01
7.620746559222469907e-01 7.899903002833439380e-01 7.605314989564041506e-01 7.959354549536933332e-01 7.966742862265250302e-01 7.894766561433228524e-01 7.843516132989817313e-01 7.606509591273024062e-01 7.658143939393938782e-01 8.068325142803791650e-01
7.447104110777212904e-01 8.189775910364146538e-01 8.246264940666602206e-01 7.621749196334298704e-01 7.620090557590556424e-01 8.156629092860976371e-01 7.942024601734219980e-01 8.121737121737121479e-01 8.301907968574635532e-01 7.960475197317302687e-01
8.243324456074739848e-01 7.342076932871844930e-01 8.171935966533078188e-01 7.819432455022541362e-01 8.188279763501001840e-01 7.710924259460468777e-01 8.060024312050840800e-01 7.558080913726649142e-01 7.987167449139280784e-01 8.004830917874397045e-01
7.752190237797246253e-01 8.065826696122936346e-01 7.475400895273244251e-01 7.989358136416959688e-01 8.171658234011113242e-01 7.778037668307367092e-01 8.118890049924533114e-01 7.898947590424970633e-01 7.990897465414938949e-01 7.948056737047561882e-01
7.683602458147912317e-01 8.018958157983222534e-01 7.779510845766623994e-01 7.343173623517946780e-01 7.888576065436788687e-01 7.952709451141616315e-01 8.006456820016142339e-01 8.365579509858117602e-01 7.549870226177234356e-01 8.469963792704606753e-01
8.244409110968932142e-01 8.186350136180328141e-01 7.603199278580848874e-01 8.203713343744577502e-01 7.634535513601400369e-01 7.840016324864809150e-01 8.185953413695666869e-01 7.803223789904221164e-01 7.210882195961404451e-01 6.786293205727010891e-01
7.559480825147198990e-01 7.685092724984191603e-01 7.356088126578573805e-01 8.229469998326446323e-01 8.062237788668690230e-01 7.077841662980981496e-01 8.015536034789073616e-01 6.999253174010456879e-01 7.368032108909950972e-01 7.394511636477170136e-01
7.535707720607566218e-01 7.563278020585343375e-01 8.358716972424137248e-01 7.700692680172845916e-01 7.253724022234780966e-01 7.364421739381442622e-01 7.381177744814109154e-01 7.523736246629842972e-01 7.938186925659290738e-01 7.892999061598526822e-01
7.529696969696968445e-01 7.804899753651798333e-01 7.627001194743131540e-01 6.813725490196079759e-01 7.290915300546448874e-01 7.370779098283343211e-01 8.018485980455265505e-01 6.721823836327653900e-01 7.835300460821729152e-01 8.012365220795357734e-01
8.000781584852380002e-01 6.889589169000934765e-01 7.457124941679221797e-01 7.897986837011227168e-01 8.059238090197841098e-01 7.612231718898385679e-01 7.684578968789494979e-01 7.842923113223446707e-01 7.513588765048314633e-01 7.570231687140801524e-01
7.159761184054086458e-01 7.887900506314163840e-01 7.950337515330024862e-01 7.905286224284561181e-01 7.258989353726196248e-01 8.131821034424698835e-01 7.505955207421738384e-01 7.133776530670677962e-01 7.481803682760621577e-01 7.661765490536841527e-01
8.066053448406389492e-01 6.794627383387418229e-01 7.572652757078985886e-01 7.441301217253813993e-01 7.572233619532456883e-01 7.893166139982380480e-01 7.123145554518103273e-01 7.345657321824153874e-01 7.265197535375942373e-01 7.391671330875776436e-01
7.428263040629481395e-01 7.754234070023544589e-01 7.182166612459903732e-01 7.529319998533526848e-01 7.491301822956119016e-01 7.453834533013418140e-01 8.238195876726165379e-01 7.553672888326478096e-01 7.943387784521318551e-01 7.264080650376577575e-01
7.605658709106984938e-01 7.955540394564785123e-01 7.009032829968119271e-01 7.645900558073132069e-01 6.877509461387334433e-01 7.361111111111111605e-01 7.836063989174038014e-01 7.285327454081219622e-01 7.773968316576339577e-01 7.669374209592679792e-01
7.028092094923779065e-01 7.262607034855959043e-01 7.750277332675952202e-01 7.628610914484106331e-01 7.732881136950903178e-01 7.486569215392303578e-01 7.870155938337757284e-01 8.109176875134321838e-01 7.609792166875634090e-01 7.711183125817271389e-01
7.283364958886781038e-01 7.265658499965009787e-01 7.671554252199414003e-01 6.783906733098329367e-01 8.003823150881973492e-01 7.004001798153395297e-01 7.416772484085060180e-01 6.577014995929301167e-01 6.617694570999604897e-01 7.506592392169345596e-01
6.973622782446312618e-01 8.188818696065073288e-01 7.551990130428424264e-01 8.003475006682704285e-01 7.375377113144940822e-01 6.606673691605199350e-01 7.613661202185791899e-01 7.089955223148797225e-01 6.828947368421053321e-01 7.826806935515294716e-01
8.454914167138275483e-01 6.764844355821425514e-01 7.427301587301586849e-01 7.463612768395860853e-01 7.601633428300095252e-01 6.891615884283132099e-01 7.305642782377009814e-01 7.254733915284373724e-01 7.372408293460924744e-01 7.129840290184613627e-01
7.819588849278558129e-01 7.186270519603853435e-01 6.525864486390803298e-01 7.476440358513336548e-01 7.305088702147526369e-01 7.253730837064170656e-01 7.729126639026527856e-01 7.963310858833247963e-01 6.272654233180549044e-01 8.123098166999250802e-01
7.126841773597281104e-01 7.977693935784758716e-01 6.861502924935760639e-01 6.765086765086764098e-01 7.372523329332035802e-01 7.196857276740780129e-01 6.680319822028936150e-01 6.584765395568358270e-01 6.363868217866750499e-01 6.909083546251687524e-01
7.480611301874784402e-01 8.117004369030897948e-01 7.537048794527970719e-01 6.736836343732894861e-01 7.946795509808121105e-01 7.835354760845284483e-01 6.958297791061363036e-01 6.749170812603648706e-01 6.776604636073950694e-01 7.392600803540334553e-01
7.430280761258715172e-01 7.057102888596364920e-01 7.775918036112802190e-01 7.402982541016304152e-01 6.746320346320345829e-01 7.022127783040201798e-01 7.315260145837636507e-01 7.236549165120592653e-01 7.536881419234360280e-01 7.953988859500670250e-01
6.636424160009065654e-01 6.846113719353156268e-01 6.514539809323068864e-01 7.165805175735662225e-01 6.769684126276729330e-01 6.950793650793650746e-01 7.426470588235294379e-01 8.053135712845332916e-01 6.837359098228663612e-01 7.708872151599951428e-01
7.579785633261568734e-01 7.266390081836870962e-01 6.706709956709957510e-01 6.813036565977741432e-01 8.238313049633805285e-01 6.838104415447054940e-01 7.930426321230918951e-01 7.205497915796126307e-01 7.372093295203100416e-01 7.671800304215558031e-01
6.845009715597951683e-01 7.766738679045236404e-01 6.489795918367345928e-01 6.930065206660951382e-01 6.197254205390089199e-01 6.712064135999228354e-01 7.597636077202382099e-01 6.768547975334825439e-01 6.827723950365459649e-01 7.519468186134853349e-01
7.157287157287157697e-01 5.910365498529767114e-01 6.628019323671497931e-01 7.657507962700028648e-01 7.435119649477587300e-01 6.864950462536887343e-01 7.445200302343160104e-01 6.866995073891625223e-01 7.118194936376754933e-01 6.128124575329544355e-01
7.521849860773072161e-01 6.636727913323657857e-01 7.268351614146005835e-01 6.835922937507659114e-01 7.454376663472799258e-01 6.526813487619759213e-01 7.211699973262614138e-01 6.948306595365418836e-01 7.169413826810934198e-01 6.342888401466505455e-01
6.981948334889510610e-01 6.371439828886636958e-01 6.873333510501652421e-01 7.588552145945376415e-01 7.833384348535864516e-01 6.124145990650845528e-01 6.912931839402426393e-01 7.064037741619033639e-01 7.770436191488823141e-01 7.585255653437471546e-01
6.584692911211638133e-01 6.649298070350703194e-01 6.983158058285153791e-01 7.124431448992852856e-01 6.656345340074993899e-01 6.589971139971140257e-01 6.471640265712826912e-01 7.526499865482915164e-01 5.724524867820370844e-01 6.126470448964682625e-01
7.472868217054263740e-01 6.579570308180082705e-01 6.413347763347764241e-01 5.976548603553634154e-01 7.254265627411772277e-01 5.067909013378139038e-01 6.314286988714928883e-01 6.175169036547836221e-01 4.938473290525567383e-01 6.651061210871712648e-01
