0.000000000000000000e+00 0.000000000000000000e+00 0.000000000000000000e+00 0.000000000000000000e+00 0.000000000000000000e+00
5.355277431550515832e-01 5.386324940908683301e-01 5.348065081121945452e-01 5.367339444097944945e-01 5.328415424984768167e-01
5.347949171719841299e-01 5.387233645909530466e-01 5.376880568346666944e-01 5.347962284408128708e-01 5.356095440469760272e-01
5.380370461909936841e-01 5.354391238553524168e-01 5.359800286738456432e-01 5.366577932088864022e-01 5.334942761663675759e-01
5.419088691018104642e-01 5.354398851676006599e-01 5.341871611620231386e-01 5.380139301578181765e-01 5.327202582630199412e-01
5.363273019596579427e-01 5.305954332451694455e-01 5.335331870716590874e-01 5.276510258641987638e-01 5.390090891421562835e-01
5.321501334767265723e-01 5.333912559720576096e-01 5.334942761663675759e-01 5.333555282141642095e-01 5.388458272607367094e-01
5.333555282141642095e-01 5.357429169545638858e-01 5.284210526315789025e-01 5.368767453995887395e-01 5.364943098256667042e-01
5.446717944784552623e-01 5.388204502314721811e-01 5.330144237483298575e-01 5.340557857241617912e-01 5.166759508710114801e-01
5.335156254094106654e-01 4.895941281030241621e-01 5.319592968070178118e-01 5.407522880006820909e-01 5.021807706825203166e-01
5.368061047013763520e-01 4.897938367823101435e-01 5.326572861428008343e-01 5.308686640418122105e-01 5.164737565665163954e-01
