0.000000000000000000e+00 0.000000000000000000e+00 0.000000000000000000e+00 0.000000000000000000e+00 0.000000000000000000e+00
8.933333333333333126e-01 8.911111111111110761e-01 8.866666666666667140e-01 8.888888888888888395e-01 8.911111111111110761e-01
8.888888888888888395e-01 8.977777777777777857e-01 8.911111111111110761e-01 8.911111111111110761e-01 8.822222222222222410e-01
8.866666666666667140e-01 8.888888888888888395e-01 8.822222222222222410e-01 9.066666666666666208e-01 8.866666666666667140e-01
8.866666666666667140e-01 8.800000000000000044e-01 8.911111111111110761e-01 8.555555555555555136e-01 8.888888888888888395e-01
8.622222222222222232e-01 8.733333333333332948e-01 8.733333333333332948e-01 8.933333333333333126e-01 8.577777777777777501e-01
8.399999999999999689e-01 8.577777777777777501e-01 8.199999999999999512e-01 8.399999999999999689e-01 8.199999999999999512e-01
8.355555555555556069e-01 8.288888888888888973e-01 8.488888888888889150e-01 7.933333333333333348e-01 7.911111111111110983e-01
7.444444444444444642e-01 7.555555555555555358e-01 7.488888888888889372e-01 7.622222222222222454e-01 7.711111111111110805e-01
6.666666666666666297e-01 6.622222222222222676e-01 6.422222222222222499e-01 6.666666666666666297e-01 6.755555555555555758e-01
4.533333333333333104e-01 4.155555555555555669e-01 4.311111111111111116e-01 4.222222222222222210e-01 4.199999999999999845e-01
