0.000000000000000000e+00 0.000000000000000000e+00 0.000000000000000000e+00 0.000000000000000000e+00 0.000000000000000000e+00
8.935445146952570861e-01 8.910907527524833949e-01 8.867831043466996022e-01 8.886846036159875561e-01 8.914824690438077903e-01
8.890003994871615856e-01 8.979434714329265210e-01 8.910814266741141632e-01 8.911020377133475057e-01 8.822349767060462256e-01
8.860803345711880663e-01 8.888368516559193022e-01 8.819342628013833174e-01 9.066543066948472562e-01 8.859399411281572156e-01
8.856421229954609675e-01 8.798029745341834351e-01 8.907365648347316256e-01 8.544883147688236980e-01 8.883521529278650686e-01
8.616673111323152057e-01 8.730958623906260874e-01 8.733994264335421809e-01 8.921477971559259590e-01 8.552555115389317564e-01
8.387060448398344636e-01 8.564673301554529550e-01 8.156165532975139243e-01 8.372409673531031604e-01 8.174900916888493407e-01
8.338745204015024504e-01 8.256567218601030822e-01 8.466120135147001680e-01 7.857846398858210346e-01 7.862749651069449452e-01
7.384550348248286600e-01 7.447576439968758288e-01 7.418772383437082230e-01 7.566439719655847496e-01 7.613432116745368905e-01
6.485744095347907301e-01 6.401521570250724436e-01 6.224322154537628160e-01 6.440450262578678586e-01 6.510523326366115526e-01
3.519226820664911881e-01 2.796405481401297854e-01 3.108023640545244382e-01 2.919609677801505709e-01 2.879054103127205999e-01
