0.000000000000000000e+00 0.000000000000000000e+00 0.000000000000000000e+00 0.000000000000000000e+00 0.000000000000000000e+00
8.930057026871731640e-01 8.891962514886806446e-01 8.867948175914925901e-01 8.890164693174791299e-01 8.868270083163108941e-01
8.953777767753716699e-01 8.862822467409283700e-01 8.906705057487134258e-01 8.820972296895094322e-01 8.927541193610014636e-01
8.935824305267698886e-01 8.638884665452903899e-01 8.862742561306097278e-01 8.910695872323779465e-01 9.015472844348867421e-01
8.627081110307553979e-01 8.818096273169109267e-01 8.777178448588933701e-01 8.591232499634182673e-01 8.721984833847772345e-01
8.702829315606448457e-01 8.789838892642185542e-01 8.731150942229201073e-01 8.743688491019157016e-01 8.713674471055249393e-01
8.431103585323130867e-01 8.699364265608540148e-01 8.044720776923955929e-01 8.424754330636684552e-01 8.289538421439772709e-01
8.225084751544343709e-01 8.375901421686346993e-01 8.392500692800985984e-01 7.849308223536898277e-01 7.831549222537128596e-01
7.332084754644631053e-01 7.720010429343633351e-01 7.696865214057577731e-01 7.577418839380485327e-01 7.508060418258590829e-01
6.552171343905752732e-01 6.247642152256779324e-01 6.254160625013526209e-01 6.105290967162995130e-01 6.450349039767812043e-01
3.095193906487422875e-01 3.309372332131778061e-01 3.199708254630402871e-01 2.882278911564625790e-01 2.763636584357803128e-01
