0.000000000000000000e+00 0.000000000000000000e+00 0.000000000000000000e+00 0.000000000000000000e+00 0.000000000000000000e+00
8.668646768929174629e-01 8.612865762499135602e-01 8.584870268674994476e-01 8.612759389455755255e-01 8.584817257160060056e-01
8.695732796595613268e-01 8.585082324555589617e-01 8.642357197286847370e-01 8.528356883400657340e-01 8.670253253972514118e-01
8.669289255782018921e-01 8.308017555181457237e-01 8.586089804627161648e-01 8.642463980722602246e-01 8.783255466121139277e-01
8.318041990401466856e-01 8.530885271103380019e-01 8.479658269538435933e-01 8.260459673016404825e-01 8.427494108347528545e-01
8.406133963566008171e-01 8.509881401820389435e-01 8.422647830491249987e-01 8.453319871516716821e-01 8.426868312073722000e-01
8.069364989794924892e-01 8.402749296010747493e-01 7.692881040031896989e-01 8.080483893157531794e-01 7.909176068295303841e-01
7.869796281387180237e-01 8.046877979636007927e-01 8.067063429359289106e-01 7.492295060818762176e-01 7.421072509023290964e-01
6.860488120419775404e-01 7.340501703545937451e-01 7.371258065022451289e-01 7.177479547391383274e-01 7.143839813962050700e-01
6.224133577197904499e-01 5.960816276582320272e-01 5.886716547639715413e-01 5.870906689710686521e-01 6.167086473880222242e-01
3.542803710651553084e-01 3.650896402095941129e-01 3.582528596868725934e-01 3.370421009176228777e-01 3.291626773633257730e-01
