0.000000000000000000e+00 0.000000000000000000e+00 0.000000000000000000e+00
6.957894736842105132e-01 6.922807017543859409e-01 6.929824561403509220e-01
6.908771929824560898e-01 6.908771929824560898e-01 6.936842105263157920e-01
7.045614035087719440e-01 6.884210526315789336e-01 7.126315789473683937e-01
6.971929824561403644e-01 7.028070175438596578e-01 7.161403508771929660e-01
6.926315789473683759e-01 7.098245614035088025e-01 7.024561403508772228e-01
6.961403508771929483e-01 6.870175438596490824e-01 7.147368421052631149e-01
7.196491228070175383e-01 7.256140350877192668e-01 6.985964912280702155e-01
6.975438596491227994e-01 7.108771929824561076e-01 6.996491228070175206e-01
7.017543859649122417e-01 7.203508771929824084e-01 6.936842105263157920e-01
7.154385964912280960e-01 7.164912280701754010e-01 7.136842105263158098e-01
6.947368421052632081e-01 7.087719298245613864e-01 7.129824561403508287e-01
7.140350877192982448e-01 7.147368421052631149e-01 7.189473684210526683e-01
6.768421052631579116e-01 7.133333333333333748e-01 6.999999999999999556e-01
