0.000000000000000000e+00 0.000000000000000000e+00 0.000000000000000000e+00 0.000000000000000000e+00 0.000000000000000000e+00 0.000000000000000000e+00 0.000000000000000000e+00 0.000000000000000000e+00 0.000000000000000000e+00 0.000000000000000000e+00
6.880701754385964986e-01 6.908771929824560898e-01 6.891228070175439147e-01 6.887719298245613686e-01 6.936842105263157920e-01 6.954385964912280782e-01 6.968421052631579293e-01 6.957894736842105132e-01 6.880701754385964986e-01 6.933333333333333570e-01
6.971929824561403644e-01 6.950877192982456432e-01 6.887719298245613686e-01 6.887719298245613686e-01 6.961403508771929483e-01 6.947368421052632081e-01 6.919298245614035059e-01 7.007017543859649367e-01 6.922807017543859409e-01 6.919298245614035059e-01
6.901754385964912197e-01 6.915789473684210709e-01 6.936842105263157920e-01 6.929824561403509220e-01 6.936842105263157920e-01 6.919298245614035059e-01 6.891228070175439147e-01 6.915789473684210709e-01 6.915789473684210709e-01 6.915789473684210709e-01
6.943859649122806621e-01 6.863157894736842124e-01 6.919298245614035059e-01 7.164912280701754010e-01 7.126315789473683937e-01 6.926315789473683759e-01 6.947368421052632081e-01 7.049122807017543790e-01 6.954385964912280782e-01 6.933333333333333570e-01
7.077192982456140813e-01 6.943859649122806621e-01 6.985964912280702155e-01 7.217543859649122595e-01 7.115789473684210886e-01 7.010526315789473717e-01 6.919298245614035059e-01 6.807017543859649189e-01 7.119298245614035237e-01 6.936842105263157920e-01
6.898245614035087847e-01 6.947368421052632081e-01 6.845614035087719262e-01 7.080701754385965163e-01 6.919298245614035059e-01 6.940350877192982271e-01 6.978947368421052344e-01 6.912280701754386358e-01 6.989473684210526505e-01 6.982456140350876694e-01
7.133333333333333748e-01 7.010526315789473717e-01 6.929824561403509220e-01 7.284210526315789691e-01 7.105263157894736725e-01 6.912280701754386358e-01 6.971929824561403644e-01 7.014035087719298067e-01 7.214035087719298245e-01 6.978947368421052344e-01
7.228070175438596756e-01 6.873684210526316285e-01 6.817543859649123350e-01 7.235087719298245457e-01 7.056140350877192491e-01 6.873684210526316285e-01 7.129824561403508287e-01 7.154385964912280960e-01 7.119298245614035237e-01 7.150877192982456609e-01
6.957894736842105132e-01 6.968421052631579293e-01 7.171929824561403821e-01 6.894736842105263497e-01 7.175438596491228171e-01 7.094736842105263674e-01 7.178947368421052522e-01 7.199999999999999734e-01 7.105263157894736725e-01 6.926315789473683759e-01
7.084210526315789513e-01 6.954385964912280782e-01 7.084210526315789513e-01 7.108771929824561076e-01 6.947368421052632081e-01 7.122807017543859587e-01 7.073684210526315352e-01 6.894736842105263497e-01 7.017543859649122417e-01 7.161403508771929660e-01
7.105263157894736725e-01 6.740350877192982093e-01 7.171929824561403821e-01 7.140350877192982448e-01 6.835087719298245101e-01 7.175438596491228171e-01 7.147368421052631149e-01 6.933333333333333570e-01 6.877192982456140635e-01 7.066666666666666652e-01
7.178947368421052522e-01 7.168421052631579471e-01 7.161403508771929660e-01 7.157894736842105310e-01 7.273684210526315530e-01 7.207017543859649544e-01 7.066666666666666652e-01 7.133333333333333748e-01 6.736842105263157743e-01 6.747368421052631904e-01
6.126315789473684159e-01 7.094736842105263674e-01 6.912280701754386358e-01 6.831578947368420751e-01 7.119298245614035237e-01 7.094736842105263674e-01 7.073684210526315352e-01 6.396491228070175783e-01 6.726315789473684692e-01 6.729824561403509042e-01
