0.000000000000000000e+00 0.000000000000000000e+00 0.000000000000000000e+00 0.000000000000000000e+00 0.000000000000000000e+00 0.000000000000000000e+00 0.000000000000000000e+00 0.000000000000000000e+00 0.000000000000000000e+00 0.000000000000000000e+00
1.122914376001656195e-01 1.762766187776575733e-01 1.615005277038364107e-01 1.374323630069464175e-01 1.843779935934880265e-01 1.298454946322391002e-01 1.623068682902988613e-01 1.527052947587226317e-01 4.052204492365538840e-02 1.212638497120115399e-01
1.938006332446036983e-01 2.006430884762820110e-01 1.298454946322391002e-01 8.043618151097335633e-02 1.046584895868848120e-01 1.128152149635532342e-01 8.020816971440401788e-02 1.231288083944630241e-01 1.039999999999999952e-01 6.446583712203042549e-02
1.532606967679300269e-01 8.164965809277259512e-02 1.043344060076666496e-01 1.136148078032092057e-01 9.738412097417932511e-02 1.282011772928418614e-01 1.776505804742200545e-01 1.306394529484361522e-01 8.043618151097335633e-02 1.377749527404283358e-01
2.109989287773885169e-01 1.059716096820678966e-01 1.122914376001656195e-01 5.611504152845288307e-02 8.094048852977200892e-02 1.147078669352808861e-01 8.031157077540444778e-02 1.723803317522482337e-01 1.048625819991100133e-01 1.377749527404283358e-01
9.712858623572641348e-02 8.115343414514943066e-02 1.048625819991100133e-01 9.637388493048533455e-02 1.723803317522482337e-01 8.138962667412649732e-02 1.063254627092485721e-01 1.536008763018812673e-01 4.869206048708966256e-02 8.138962667412649732e-02
3.202563076101742900e-02 1.298454946322391002e-01 1.539837707098904718e-01 1.071311336459427888e-01 5.706163598265194536e-02 1.611645928050760568e-01 1.289316742440608510e-01 1.855261066138100268e-01 1.553987531904402197e-01 1.050953364170766624e-01
1.453504749334527668e-01 1.059716096820678966e-01 1.529624078577547230e-01 1.539837707098904718e-01 1.499999999999999944e-01 1.215661347709661722e-01 3.217447260438933976e-02 1.286978904175573590e-01 8.020816971440401788e-02 1.371279918449900270e-01
8.914849883204185865e-02 4.916051440083466645e-02 1.523122555772292441e-01 1.302234026786023846e-01 1.362793865690998529e-01 1.298454946322391002e-01 1.923017659392627920e-01 1.632993161855451902e-01 1.529624078577547230e-01 9.832102880166933290e-02
1.222749342485398849e-01 2.012663261286246341e-01 1.205568116516231303e-01 1.136148078032092057e-01 1.706640371965722769e-01 1.219028837118373565e-01 8.031157077540444778e-02 2.425276994240230591e-02 8.855718349659483235e-02 1.226832262029791121e-01
1.381566015400823300e-01 9.712858623572641348e-02 1.390409896967096659e-01 1.130503693926854791e-01 1.215661347709661722e-01 5.706163598265194536e-02 1.717565166841707736e-01 1.796292478040997231e-01 1.151415466179595698e-01 1.143095213298816332e-01
6.446583712203042549e-02 1.143095213298816332e-01 2.104452701774072454e-01 1.903428358998899561e-01 1.469693845669906851e-01 1.763461027597039710e-01 4.089440873432637069e-02 9.029445948927289356e-02 1.147078669352808861e-01 1.053573168015040085e-01
1.226832262029791121e-01 1.385782588150118733e-01 1.627792533482529946e-01 1.048625819991100133e-01 1.395459828470581032e-01 9.869275424396534158e-02 1.289316742440608510e-01 1.292004221630691230e-01 8.058229640253802839e-02 1.465013280134276896e-01
1.166666666666666685e-01 9.029445948927289356e-02 6.511170133930119230e-02 6.511170133930119230e-02 4.075831141617995701e-02 8.138962667412649732e-02 8.996769921551801830e-02 1.390409896967096659e-01 1.706640371965722769e-01 1.281025230440697160e-01
7.387728503667781443e-02 1.215661347709661722e-01 8.075026385191820533e-02 1.280040961966184831e-01 3.265986323710903805e-02 1.469693845669906851e-01 1.321276639670101727e-01 1.063254627092485721e-01 1.362793865690998529e-01 1.644879237399422267e-01
1.298454946322391002e-01 7.448197926517433065e-02 8.138962667412649732e-02 1.056491658835923692e-01 2.438057674236747061e-02 1.222749342485398849e-01 2.088100840160515559e-01 8.294258047937003164e-02 1.315903389919537980e-01 4.818694246524266728e-02
4.934637712198267079e-02 8.966828511559590820e-02 5.706163598265194536e-02 9.690031662230184917e-02 1.295047816476352087e-01 1.644879237399422475e-02 8.164965809277259512e-02 9.712858623572641348e-02 5.725217222805692452e-02 8.892682312214179874e-02
1.302234026786023846e-01 8.872987707617001341e-02 8.939544805534739569e-02 1.717565166841707736e-01 7.275830982720692119e-02 1.420172111701476225e-01 1.315903389919537980e-01 1.133166839416808180e-01 7.314173022710240835e-02 6.554735253444622656e-02
1.215661347709661722e-01 1.816755379546390048e-01 7.275830982720692119e-02 1.130503693926854791e-01 5.706163598265194536e-02 5.706163598265194536e-02 1.559631572996531823e-01 8.224396186997111335e-02 1.215661347709661722e-01 9.909574797525763645e-02
1.745822299297866420e-01 6.579516949597689901e-02 1.754330255631235402e-01 4.916051440083466645e-02 1.613824555156852525e-01 4.954787398762881823e-02 1.136148078032092057e-01 1.044825700980733796e-01 1.852471483066803759e-01 1.864014066488147991e-01
1.565762722517625438e-01 9.869275424396534158e-02 1.400945593831559588e-01 1.161196126711180471e-01 2.216318551100334433e-01 1.151415466179595698e-01 1.381566015400823300e-01 1.327081287669920617e-01 1.395459828470581032e-01 1.056491658835923692e-01
1.315903389919537980e-01 1.071311336459427888e-01 8.224396186997111335e-02 5.819407664326221863e-02 5.878203425323465237e-02 4.898979485566355707e-02 4.954787398762881823e-02 1.236128465145493738e-01 1.447851267197520497e-01 1.166666666666666685e-01
1.236128465145493738e-01 1.632993161855451902e-01 4.120428217151645561e-02 7.518558238419580098e-02 1.651595799587627367e-01 1.005037815259212097e-01 1.572397340042569203e-01 1.723803317522482337e-01 1.684064984606185311e-01 1.333333333333333315e-01
1.553987531904402197e-01 8.855718349659483235e-02 6.606383198350508634e-02 5.819407664326221863e-02 1.310947050688924531e-01 6.736259938424740690e-02 2.123453362048490223e-01 1.644879237399422267e-01 1.056491658835923692e-01 7.293968086257969496e-02
1.666666666666666574e-01 8.294258047937003164e-02 1.465013280134276896e-01 1.139454773437770935e-01 5.111986324432477719e-02 1.292004221630691230e-01 1.097720860393947562e-01 6.511170133930119230e-02 1.212638497120115399e-01 1.321276639670101727e-01
7.644432103374565468e-02 7.314173022710240835e-02 0.000000000000000000e+00 1.086013967771717187e-01 1.247015928069904606e-01 1.632993161855451902e-01 1.080747137660584001e-01 1.486436219628864686e-01 4.916051440083466645e-02 1.016219581351153894e-01
1.347251987684948138e-01 1.080747137660584001e-01 2.060214108575822711e-01 1.737912849520734382e-01 1.075850811608073665e-01 1.241366321086238844e-01 1.075850811608073665e-01 1.226832262029791121e-01 8.468496511259615556e-02 9.797958971132711414e-02
1.310947050688924531e-01 9.909574797525763645e-02 8.996769921551801830e-02 1.071311336459427888e-01 1.947682419483586502e-01 9.144783472512633959e-02 8.257978997938136834e-02 2.255567471525874168e-01 1.447851267197520497e-01 8.138962667412649732e-02
1.413284718479225210e-01 1.651595799587627367e-01 1.790571786830782997e-01 1.730579851203691288e-01 4.075831141617995701e-02 1.790571786830782997e-01 1.208694402492448555e-01 1.253093039736596637e-01 1.000000000000000056e-01 1.623068682902988613e-01
4.856429311786320674e-02 1.333333333333333315e-01 6.606383198350508634e-02 9.103353021299084857e-02 1.259615019712171102e-01 4.120428217151645561e-02 1.253093039736596637e-01 1.241366321086238844e-01 8.996769921551801830e-02 4.176976799121989020e-02
1.730579851203691288e-01 1.231288083944630241e-01 1.587251183666355814e-01 4.954787398762881823e-02 7.482095568419427911e-02 1.703995441477492434e-01 1.282011772928418614e-01 7.314173022710240835e-02 1.192796809034244732e-01 1.247015928069904606e-01
1.222749342485398849e-01 1.693699302251923111e-01 9.738412097417932511e-02 1.632993161855451902e-02 5.725217222805692452e-02 1.222749342485398849e-01 1.548815833814838339e-01 3.368129969212370345e-02 1.492966448628660625e-01 7.448197926517433065e-02
1.973855084879306832e-01 5.819407664326221863e-02 5.847767518770784906e-02 1.315903389919537980e-01 1.208694402492448555e-01 9.869275424396534158e-02 1.406881830564404023e-01 1.651595799587627367e-01 1.000000000000000056e-01 1.266600992762247080e-01
4.104293613148767700e-02 6.579516949597689901e-02 7.557690118273026336e-02 1.752499093081953951e-01 1.627792533482529946e-01 1.385782588150118733e-01 1.000000000000000056e-01 1.953577093084611083e-01 8.164965809277259512e-02 1.623931623931623991e-01
2.519230039424342343e-02 1.097720860393947562e-01 2.506186079473193482e-02 7.360993572178746447e-02 2.519230039424342343e-02 1.143095213298816332e-01 9.766755200895178846e-02 3.350126050864040556e-02 1.200490095997561873e-01 1.931409696891995820e-01
1.086013967771717187e-01 1.521195698123601336e-01 1.016219581351153894e-01 1.247015928069904606e-01 7.557690118273026336e-02 8.333333333333332871e-02 9.909574797525763645e-02 7.416770790872961872e-02 1.274072017229094245e-01 9.832102880166933290e-02
1.515658486145566863e-01 4.104293613148767700e-02 6.774797209007692167e-02 1.623931623931623991e-01 1.075850811608073665e-01 1.427563689007127212e-01 1.151415466179595698e-01 9.401709401709401615e-02 1.874394985625241761e-01 1.253093039736596637e-01
1.684064984606185311e-01 1.554035660347433956e-01 1.274072017229094245e-01 1.413284718479225210e-01 5.793042831735781273e-02 1.533595897329743107e-01 1.374323630069464175e-01 -3.453412578549853312e-02 1.091666350417214992e-01 1.043517714080947484e-01
1.644879237399422475e-02 1.226749365157367849e-01 1.427563689007127212e-01 1.043517714080947484e-01 1.036023773564955924e-01 1.274072017229094245e-01 1.022397264886495544e-01 7.482095568419427911e-02 1.217437333094438662e-01 1.634714820912279987e-01
7.692307692307692735e-02 1.658455965793542153e-01 1.931409696891995820e-01 1.942121522235445708e-01 9.064942077733620374e-02 1.016219581351153894e-01 1.863069232477115589e-01 1.091666350417214992e-01 7.387728503667781443e-02 1.363196353181994058e-01
1.852471483066803759e-01 1.435481125130546876e-01 8.493813448193960475e-03 1.134733029227160406e-01 1.000000000000000056e-01 1.413284718479225210e-01 2.506186079473193482e-02 7.009996372327816083e-02 2.661126776305257000e-02 8.519977207387462170e-02
9.530688404824680382e-02 7.599605956573482479e-02 1.005037815259212097e-01 5.793042831735781273e-02 1.091666350417214992e-01 1.217437333094438662e-01 4.301881107663894227e-02 7.518558238419580098e-02 5.000000000000000278e-02 9.103353021299084857e-02
1.714985851425088192e-02 1.022397264886495544e-01 9.103353021299084857e-02 1.178845489224329690e-01 1.059997880006359888e-01 8.695980950674561671e-02 8.633531446374632934e-02 1.819495059102893553e-01 1.282051282051281937e-01 1.745822299297866420e-01
1.658455965793542153e-01 5.299989400031799441e-02 6.209295811378932883e-02 6.321717635021734116e-02 3.504998186163908042e-02 3.629770043203138508e-02 6.064983530342978740e-02 1.059997880006359888e-01 8.519977207387462170e-02 1.236664193340753226e-01
5.144957554275265271e-02 1.282051282051281937e-01 8.633531446374632934e-02 1.217437333094438662e-01 1.200490095997561873e-01 9.144783472512633959e-02 3.533326266687866757e-02 1.354959441801538433e-01 1.572397340042569203e-01 7.743385993795010025e-02
7.448197926517433065e-02 1.283162256436841397e-01 1.515658486145566863e-01 9.189348958068375983e-02 1.486436219628864686e-01 7.855844048495726206e-02 1.942121522235445708e-01 1.634714820912279987e-01 1.247015928069904606e-01 8.468496511259615556e-02
1.466471150213533026e-01 -2.639205402085979119e-02 1.172544117802414021e-01 9.237176811222588824e-02 1.863069232477115589e-01 7.983380328915770652e-02 5.000000000000000278e-02 1.535274282790992650e-01 1.274072017229094245e-01 1.097720860393947562e-01
1.022397264886495544e-01 5.945669413735772679e-02 2.057983021710106109e-01 1.577249183773758723e-01 6.906825157099706625e-02 1.435481125130546876e-01 8.833315666719666892e-02 2.058088297461342919e-01 9.031025192888191347e-03 1.118489087992612513e-01
1.340050420345616222e-01 3.350126050864040556e-02 5.945669413735772679e-02 1.507556722888818146e-01 8.574929257125442350e-02 7.743385993795010025e-02 1.086013967771717187e-01 -4.474104994481180320e-02 1.333333333333333315e-01 4.222003309207490729e-02
1.847443781460185452e-01 1.535274282790992650e-01 9.064942077733620374e-02 7.797835967583829908e-02 6.906825157099706625e-02 5.982905982905983161e-02 1.604361257498846394e-01 3.504998186163908042e-02 1.671496754654453465e-01 8.988968316207743281e-02
6.022633550729451779e-02 8.397433464747807233e-03 1.754330255631235402e-01 1.134733029227160406e-01 1.016219581351153894e-01 2.599278655861276405e-02 5.982905982905983161e-02 1.319602701042989490e-01 1.319602701042989490e-01 2.581128664598336675e-02
-1.918823891133340787e-02 1.996373523761726110e-01 9.288407280256479048e-02 6.906825157099706625e-02 6.110100926607786587e-02 1.028991510855053054e-01 6.110100926607786587e-02 1.208694402492448555e-01 1.174033275075464927e-01 7.448197926517433065e-02
4.515512596444095500e-02 1.618014296917393846e-01 8.468496511259615556e-02 1.814885021601569254e-02 9.288407280256479048e-02 2.661126776305257000e-02 1.472924571654723458e-01 1.521195698123601336e-01 1.118489087992612513e-01 1.051499455849172482e-01
8.762495465409769757e-02 1.589996820009539902e-01 8.695980950674561671e-02 1.088931012960941552e-01 1.003113655692617068e-01 6.158145938200618175e-02 4.301881107663894227e-02 7.066652533375733514e-02 7.009996372327816083e-02 1.126354084206553224e-01
7.599605956573482479e-02 2.119028305820664648e-01 1.217437333094438662e-01 8.762495465409769757e-02 9.464138436860568271e-02 1.381365031419941325e-01 7.191174652966195180e-02 1.684064984606185311e-01 1.028991510855053054e-01 1.028991510855053054e-01
1.342231498344353957e-01 5.257497279245862409e-02 5.393380989724646385e-02 1.003113655692617068e-01 1.185589511576346233e-01 1.524329372026730911e-01 6.158145938200618175e-02 6.956784760539649892e-02 1.043517714080947484e-01 1.163267298565106855e-01
8.053388990066125130e-02 4.767096264958562563e-02 0.000000000000000000e+00 3.666177875533832564e-02 1.658455965793542153e-01 6.158145938200618175e-02 1.466471150213533026e-01 1.134733029227160406e-01 5.345224838248487098e-02 8.291849892341732198e-02
7.259540086406277015e-02 1.051499455849172482e-01 1.915035160867723518e-01 5.756471673400022360e-02 1.197711651116027953e-01 3.387398604503846083e-02 1.118489087992612513e-01 8.728715609439694628e-03 6.110100926607786587e-02 1.342231498344353957e-01
1.290564332299168337e-01 1.852487244511431819e-02 5.945669413735772679e-02 1.413284718479225210e-01 1.978865309525391358e-01 3.533326266687866757e-02 1.099853362660149630e-01 9.464138436860568271e-02 1.299639327930638411e-01 7.983380328915770652e-02
1.247219128924647036e-01 1.153154936398944758e-01 9.757464846452608420e-02 8.833315666719666892e-02 1.739196190134912473e-02 1.618014296917393846e-01 1.059997880006359888e-01 7.743385993795010025e-02 1.671496754654453465e-01 1.819495059102893553e-01
9.757464846452608420e-02 3.563483225498991630e-02 7.580980435789033689e-02 -4.767096264958562563e-02 8.519977207387462170e-02 1.687474796635413943e-01 7.009996372327816083e-02 8.053388990066125130e-02 7.743385993795010025e-02 1.401999274465563217e-01
1.371988681140070554e-01 5.299989400031799441e-02 8.127922673599372039e-02 1.533595897329743107e-01 1.766663133343933378e-02 5.756471673400022360e-02 4.332131093102127573e-02 1.319602701042989490e-01 -2.661126776305257000e-02 1.319602701042989490e-01
1.270419515121098408e-01 6.209295811378932883e-02 6.666666666666666574e-02 1.153154936398944758e-01 8.127922673599372039e-02 1.766663133343933378e-02 5.217588570404737419e-02 9.594119455666703933e-02 1.565276571121421156e-01 1.153154936398944758e-01
9.313312603785210003e-03 1.495549727848721477e-01 7.580980435789033689e-02 -9.031025192888191347e-03 8.762495465409769757e-02 2.077135794364284027e-01 2.896827297511605712e-02 7.409948978045727275e-02 1.583263142643485666e-01 3.666177875533832564e-02
-8.547008547008547868e-03 -8.664262186204255839e-03 1.224618068393198006e-01 9.720197391996737712e-02 3.666177875533832564e-02 1.036215288640398302e-01 1.550266558797680772e-01 9.934127712177009961e-02 7.580980435789033689e-02 1.466471150213533026e-01
7.259540086406277015e-02 6.321717635021734116e-02 1.354653778933228858e-01 1.498537298530710493e-01 1.633396519441412398e-01 1.603567451474546268e-01 1.658455965793542153e-01 1.521195698123601336e-01 9.757464846452608420e-02 -2.896827297511605712e-02
-2.935960489805911761e-02 9.843030987858596148e-02 9.313312603785210003e-03 4.767096264958562563e-02 6.815981765909970291e-02 1.311220136214371612e-01 3.504998186163908042e-02 -1.007636594083711860e-02 1.024464386416373135e-01 5.619514869490164349e-02
9.476225544736292805e-02 1.185497956727638302e-01 8.988968316207743281e-02 1.934764974879737420e-01 1.048761178290883722e-01 1.413330506675146703e-01 1.451908017281255403e-01 6.302187238523514201e-02 4.606583273523184169e-02 3.022909782251135408e-02
1.123902973898032870e-01 2.763949964113910501e-02 1.166423687039608581e-01 1.896515290506520235e-01 4.893267483009853397e-02 1.896515290506520235e-01 2.935960489805911761e-02 9.934127712177009961e-02 7.776157913597391003e-02 1.199999999999999956e-01
1.601423627898797553e-01 9.855206599818043534e-02 1.481989795609145455e-01 2.684462996688708261e-02 2.763949964113910501e-02 9.855206599818043534e-02 5.499266813300748152e-02 8.444006618414981111e-03 7.332355751067665128e-02 5.756471673400022360e-02
-1.781741612749495815e-02 5.557461733534294762e-02 1.078676197944929277e-01 5.557461733534294762e-02 8.291849892341732198e-02 1.996373523761726110e-01 9.926322333149493679e-03 1.013448320175100587e-01 9.926322333149493679e-03 1.076518846262167761e-01
2.896827297511605712e-02 1.535059112906672629e-01 8.207293546575956944e-02 -3.746343246326776233e-02 -1.944039478399347751e-02 1.971041319963608845e-02 -4.710069493819992598e-02 0.000000000000000000e+00 4.364357804719847661e-02 5.557461733534294762e-02
9.365858115816939888e-02 -2.064600347538335032e-02 2.684462996688708261e-02 1.535274282790992650e-01 9.119215051751063464e-03 1.185589511576346233e-01 7.675295564533363146e-02 2.192864281880938793e-01 9.843030987858596148e-02 2.060488785479726859e-01
0.000000000000000000e+00 6.449216582932458530e-02 6.321717635021734116e-02 -5.913123959890826536e-02 1.381974982056955181e-01 -9.720197391996737712e-02 -4.000000000000000083e-02 1.224618068393198006e-01 7.675295564533363146e-02 1.895245108947258561e-01
-7.409948978045727275e-02 -6.948425633204645402e-02 4.963161166574747013e-02 7.419568342070423372e-02 -1.971041319963608845e-02 1.032300173769167412e-01 7.884165279854435382e-02 7.409948978045727275e-02 1.343176723793338412e-01 6.093333477767905876e-02
9.074425108007845575e-02 6.449216582932458530e-02 6.673934770941987449e-02 2.002180431282596096e-01 1.309927572308825505e-01 1.309927572308825505e-01 4.656656301892605349e-02 9.476225544736292805e-02 4.656656301892605349e-02 -3.942082639927217691e-02
1.834657288424016985e-01 2.735764515525319213e-02 3.123475237772121299e-02 9.934127712177009961e-02 -8.402916318031353193e-02 8.124444637023875426e-02 8.580773276925411641e-02 -1.852487244511431819e-02 6.850574476213794339e-02 5.205792062953535498e-02
1.166423687039608581e-01 1.620812730085911257e-01 -1.814885021601569254e-02 7.675295564533363146e-02 1.326671576263080965e-01 3.022909782251135408e-02 7.332355751067665128e-02 5.756471673400022360e-02 9.068729346753406917e-02 1.918823891133340787e-02
1.705720598052532788e-01 0.000000000000000000e+00 7.166400775380035726e-02 6.850574476213794339e-02 -7.053456158585982849e-02 5.118857696700025023e-02 7.409948978045727275e-02 1.224618068393198006e-01 1.166423687039608581e-01 4.828045495852675839e-02
4.767096264958562563e-02 -4.828045495852675839e-02 7.166400775380035726e-02 1.448413648755802752e-01 3.132801849267029537e-01 3.837647782266681573e-02 -1.126443300087105227e-02 1.620812730085911257e-01 6.759263694193745620e-02 9.420138987639985195e-03
1.212604439741816614e-01 -2.064600347538335032e-02 8.000000000000000167e-02 8.402916318031353193e-02 1.091895456646444357e-01 -3.888078956798695501e-02 6.193801042615004748e-02 8.402916318031353193e-02 9.594119455666703933e-02 1.511454891125567912e-01
1.048761178290883722e-01 1.152780835408469956e-02 1.811496580684253677e-01 8.258401390153340127e-02 1.309927572308825505e-01 6.193801042615004748e-02 1.620812730085911257e-01 1.048761178290883722e-01 6.850574476213794339e-02 -3.179815003744466961e-02
1.421777811479178200e-01 -4.557239513497755162e-02 8.000000000000000167e-02 2.278619756748877581e-02 9.855206599818043534e-02 3.179815003744466961e-02 1.059938334581488929e-02 1.624888927404775085e-01 8.559209850218257865e-02 -9.722488497725263745e-02
-5.299691672907444473e-02 -2.763949964113910501e-02 1.535657309010007576e-01 -5.299691672907444473e-02 1.069901231277282233e-01 5.756471673400022360e-02 -3.179815003744466961e-02 -4.767096264958562563e-02 1.498537298530710493e-01 0.000000000000000000e+00
-2.031111159255968857e-02 6.302187238523514201e-02 2.000000000000000042e-02 4.129200695076670063e-02 6.449216582932458530e-02 5.913123959890826536e-02 1.032300173769167412e-01 1.680583263606270639e-01 7.419568342070423372e-02 7.288108888134949004e-02
0.000000000000000000e+00 7.561935498230760999e-02 7.419568342070423372e-02 5.999999999999999778e-02 3.071314618020015014e-02 9.068729346753406917e-02 1.255291828921695774e-01 7.716573707447924035e-02 1.687474796635413943e-01 9.370425713316363203e-02
5.632216500435525963e-02 5.401382498736257559e-02 1.007636594083711860e-02 -1.023771539340005005e-02 3.458342506225409868e-02 2.860257758975137329e-02 1.108400253492083098e-01 9.594119455666703933e-02 0.000000000000000000e+00 6.835859270246631703e-02
1.589907501872233342e-01 0.000000000000000000e+00 1.199999999999999956e-01 7.716573707447924035e-02 2.031111159255968857e-02 9.786534966019706447e-03 7.166400775380035726e-02 1.404359449671427063e-01 2.333800140046683042e-02 0.000000000000000000e+00
-3.307103017477681928e-02 1.535657309010007576e-01 3.458342506225409868e-02 -3.179815003744466961e-02 -1.080276499747251547e-02 1.013798970078394618e-01 1.050364539753919080e-01 1.712982209942310041e-01 1.188304149721976649e-01 -1.181716128922777678e-02
1.801895168788531232e-01 -4.557239513497755162e-02 4.789131426105757566e-02 0.000000000000000000e+00 5.632216500435525963e-02 2.278619756748877581e-02 9.370425713316363203e-02 1.069901231277282233e-01 8.728715609439695322e-02 0.000000000000000000e+00
6.666666666666666574e-02 -7.885103100609736071e-02 -3.640980478146622207e-02 -1.080276499747251547e-02 0.000000000000000000e+00 7.885103100609736071e-02 1.944039478399347542e-01 5.038182970418559475e-02 -5.763904177042349780e-02 7.288108888134949004e-02
1.651680278030668025e-01 -3.071314618020015014e-02 -1.091089451179961811e-01 4.456565178215864120e-02 1.114141294553965961e-01 1.181716128922777678e-02 7.288108888134949004e-02 2.000000000000000111e-01 8.559209850218257865e-02 1.470510355655486878e-01
6.193801042615004748e-02 1.944039478399347542e-01 -1.080276499747251547e-02 1.448413648755802752e-01 4.364357804719847661e-02 1.272249545582561925e-01 5.205792062953535498e-02 -1.238760208523000950e-01 1.152780835408469956e-02 1.102367672492560527e-02
7.561935498230760999e-02 1.290421903309434126e-01 1.050364539753919080e-01 4.062222318511937713e-02 2.139802462554564466e-02 -1.212604439741816614e-01 1.213660159382207344e-02 -1.063544516030499876e-01 1.769969301404202000e-01 4.789131426105757566e-02
-2.394565713052878783e-02 3.022909782251135408e-02 3.458342506225409868e-02 9.539445011233400884e-02 -4.000000000000000083e-02 1.050364539753919080e-01 1.745743121887939064e-01 -2.031111159255968857e-02 7.716573707447924035e-02 0.000000000000000000e+00
1.181716128922777678e-02 0.000000000000000000e+00 0.000000000000000000e+00 4.201458159015676597e-02 6.193801042615004748e-02 1.336969553464759097e-01 4.557239513497755162e-02 1.230914909793327378e-01 -1.367171854049326341e-01 0.000000000000000000e+00
-2.228282589107932060e-02 7.561935498230760999e-02 -5.431254465935683728e-02 4.364357804719847661e-02 -7.716573707447924035e-02 1.310356045902398014e-01 1.723280873710658356e-01 1.114141294553965961e-01 -5.241424183609591503e-02 1.152780835408469956e-02
4.062222318511937713e-02 5.763904177042349780e-02 -8.743854137455331355e-02 2.333800140046683042e-02 1.595033829724214203e-01 1.383958774142893949e-02 6.193801042615004748e-02 -1.497861723788195265e-01 -4.000000000000000083e-02 1.283881477532738680e-01
1.297821967380098085e-01 2.245260644953277762e-01 -1.442024408200108868e-02 1.433077974240328789e-01 7.561935498230760999e-02 7.183697139158636003e-02 3.307103017477681928e-02 1.466666666666666674e-01 -9.335200560186732166e-02 7.001400420140048431e-02
2.168145451959969661e-01 1.114141294553965961e-01 6.835859270246631703e-02 3.866223365135294798e-02 -2.715627232967841864e-02 2.823912473624524966e-02 3.545148386768333382e-02 1.527525231651946647e-01 6.443705608558825126e-02 3.240829499241754813e-02
1.577758207196869600e-01 -1.417615233882941472e-01 5.511838362462802982e-02 5.073462894318409716e-02 5.632216500435525963e-02 2.620712091804795751e-02 1.676195999137015114e-01 5.632216500435525963e-02 -4.151876322428681848e-02 -1.129564989449809986e-01
7.419568342070423372e-02 -1.249122019636475858e-02 0.000000000000000000e+00 4.151876322428681848e-02 -1.199999999999999956e-01 6.835859270246631703e-02 1.299887741815055620e-01 -1.310356045902398014e-01 4.201458159015676597e-02 9.578262852211515133e-02
7.288108888134949004e-02 1.745743121887939064e-01 1.114141294553965961e-01 2.100729079507838298e-02 2.948839123097942924e-02 2.536731447159204858e-02 -1.124209817672828238e-01 1.092294143443986731e-01 -1.515873457919734157e-01 9.114479026995510325e-02
4.923659639173309788e-02 1.297821967380098085e-01 3.545148386768333382e-02 2.461829819586654894e-02 2.948839123097942924e-02 -9.687711419000258339e-02 6.443705608558825126e-02 5.897678246195885848e-02 -1.374034221600123340e-01 1.577758207196869600e-01
7.862136275414387254e-02 -4.000000000000000083e-02 -2.394565713052878783e-02 -6.189844605901729385e-02 -7.210122041000543991e-02 -3.094922302950864693e-02 1.959727420194398995e-01 1.729171253112704865e-01 0.000000000000000000e+00 4.667600280093366083e-02
1.572427255082877451e-01 -2.461829819586654894e-02 4.923659639173309788e-02 1.633660098032678198e-01 5.647824947249049932e-02 6.443705608558825126e-02 2.029385157727363886e-01 1.333333333333333419e-02 -2.620712091804795751e-02 1.037502751867623030e-01
-5.241424183609591503e-02 -1.152780835408469956e-02 -3.094922302950864693e-02 1.181716128922777678e-02 -1.684303842133038145e-02 8.743854137455331355e-02 1.288741121711764991e-02 -1.199999999999999956e-01 1.152780835408469956e-02 -8.471737420873574897e-02
-3.545148386768333382e-02 1.498615086031011012e-01 -9.007912422186249712e-02 2.823912473624524966e-02 -7.944518544589529441e-02 -4.923659639173309788e-02 8.471737420873574897e-02 0.000000000000000000e+00 -6.068300796911037243e-02 -1.230914909793327378e-01
2.948839123097942924e-02 4.000000000000000083e-02 1.309307341415954229e-01 -6.443705608558825126e-02 -8.146881698903525593e-02 -1.509444709505753865e-02 5.647824947249049932e-02 1.307440900921226778e-01 -9.284766908852593037e-02 -4.528334128517261942e-02
-1.383958774142893949e-02 9.722488497725263745e-02 4.766711126753717803e-02 6.666666666666666574e-02 -6.189844605901729385e-02 1.249122019636475858e-02 1.307440900921226778e-01 4.766711126753717803e-02 -9.578262852211515133e-02 6.666666666666666574e-02
0.000000000000000000e+00 -3.747366058909427228e-02 -6.666666666666666574e-02 0.000000000000000000e+00 1.801582484437249873e-02 -5.647824947249049932e-02 1.335026175320428166e-01 6.919793870714470441e-02 1.442024408200108868e-02 -4.151876322428681848e-02
-1.430013338026115410e-01 -3.866223365135294798e-02 1.547461151475432173e-01 -8.471737420873574897e-02 -1.442024408200108868e-02 0.000000000000000000e+00 -5.897678246195885848e-02 7.862136275414387254e-02 1.179535649239177170e-01 2.358640882624316315e-01
-1.365220330210116240e-01 -6.189844605901729385e-02 8.846517369293828426e-02 1.694347484174714979e-01 2.715627232967841864e-02 2.857142857142857054e-02 -3.268602252303066946e-02 -2.147188754669436192e-02 7.210122041000543991e-02 2.857142857142857054e-02
-3.479445003196104946e-02 1.112232596242534177e-01 -5.897678246195885848e-02 1.852734226346341717e-01 -9.007912422186249712e-02 1.043833500958831623e-01 6.443705608558825126e-02 -1.621424235993524920e-01 -9.007912422186249712e-02 -8.846517369293828426e-02
-3.094922302950864693e-02 -9.805806756909200839e-02 1.586226849020119789e-01 0.000000000000000000e+00 4.923659639173309788e-02 -1.224744871391589135e-01 -9.284766908852593037e-02 0.000000000000000000e+00 7.547223547528769672e-02 -1.852734226346341717e-01
1.962278122357480059e-01 -8.421519210665190380e-02 -1.950314757443023100e-02 -2.620712091804795751e-02 -5.404747453311749966e-02 -3.094922302950864693e-02 0.000000000000000000e+00 -9.751573787215116196e-02 -1.212321612422179867e-01 2.435611502237273740e-01
2.041241452319315086e-01 -1.122721782847679595e-01 1.045416746978633377e-01 0.000000000000000000e+00 9.090909090909091161e-02 8.421519210665190380e-02 -1.950314757443023100e-02 3.479445003196104946e-02 -1.363636363636363535e-01 0.000000000000000000e+00
1.739722501598052751e-01 1.509444709505753865e-02 -6.375767130633383517e-02 -1.212321612422179867e-01 1.496962377130239552e-01 -9.284766908852593037e-02 3.479445003196104946e-02 -2.147188754669436192e-02 3.094922302950864693e-02 5.227083734893166883e-02
1.950314757443023100e-02 -4.545454545454545581e-02 3.742405942825598880e-02 -2.857142857142857054e-02 -2.147188754669436192e-02 1.179012689493126598e-01 1.568125120467950273e-01 -2.715627232967841864e-02 5.850944272329069301e-02 -6.537204504606133892e-02
-1.179012689493126598e-01 -1.632993161855452180e-01 -1.755283281698720999e-01 0.000000000000000000e+00 -2.147188754669436192e-02 -9.751573787215116196e-02 -9.090909090909091161e-02 1.112232596242534177e-01 -6.537204504606133892e-02 9.751573787215116196e-02
1.365220330210116240e-01 0.000000000000000000e+00 -2.424643224844359735e-02 6.441566264008309617e-02 1.733333333333333393e-01 -5.227083734893166883e-02 1.307440900921226778e-01 -8.980265101338745504e-02 -5.850944272329069301e-02 6.375767130633383517e-02
-2.147188754669436192e-02 3.673591791853225708e-02 0.000000000000000000e+00 2.245443565695359189e-01 9.090909090909091161e-02 -1.224744871391589135e-01 6.375767130633383517e-02 -2.424643224844359735e-02 1.391778001278441979e-01 -2.857142857142857054e-02
2.857142857142857054e-02 1.515873457919734157e-01 -8.571428571428571508e-02 -2.424643224844359735e-02 0.000000000000000000e+00 1.932469879202492746e-01 -8.571428571428571508e-02 -7.273929674533079204e-02 0.000000000000000000e+00 -6.337242505244779223e-02
0.000000000000000000e+00 -6.375767130633383517e-02 -3.673591791853225708e-02 8.980265101338745504e-02 -5.850944272329069301e-02 3.673591791853225708e-02 6.375767130633383517e-02 -1.043833500958831623e-01 -1.045416746978633377e-01 -6.375767130633383517e-02
0.000000000000000000e+00 3.673591791853225708e-02 -8.980265101338745504e-02 -1.275153426126676703e-01 -1.212321612422179867e-01 -6.441566264008309617e-02 -1.568125120467950273e-01 0.000000000000000000e+00 0.000000000000000000e+00 -6.337242505244779223e-02
