0.000000000000000000e+00 0.000000000000000000e+00 0.000000000000000000e+00 0.000000000000000000e+00 0.000000000000000000e+00
1.490159773140932176e-01 1.084602697053884401e-01 1.447679559006418704e-01 1.165018838086714636e-01 1.371919802982127234e-01
1.214160358470440793e-01 1.092768188704506954e-01 6.865414067667902076e-02 1.245150634763702857e-01 9.641535211752121082e-02
1.129142416509341107e-01 1.294680318753003989e-01 1.094418734274317656e-01 1.059481449083685134e-01 8.866739902386784611e-02
1.216034135620205903e-01 5.288807790079209231e-02 7.676282099339114262e-02 8.963354785298122129e-02 1.013928353584363645e-01
1.471673761121139734e-01 1.669815231905878716e-01 1.030258659812370720e-01 9.087909456472516301e-02 9.398172845919672280e-02
1.629700870054203998e-01 5.798406485524594534e-02 1.101878674792921009e-01 1.066302368026843111e-01 7.399704565841253023e-02
5.589205420514672951e-02 1.117180454002917045e-01 6.818291876725633693e-02 8.575034343974555218e-02 9.314010341605441501e-02
6.121304421556385961e-02 3.022073913529492104e-02 8.206852118932836393e-02 4.725253315514203745e-02 6.948907071725328455e-02
5.338731917038115615e-02 6.213289688108758480e-02 9.154346918143296818e-02 7.195924662691095819e-02 7.010803867064957506e-02
7.373141408181525802e-02 5.489591081866433686e-02 1.378605042769191075e-02 9.247111114330779785e-03 4.159422040020878397e-02
