0.000000000000000000e+00 0.000000000000000000e+00 0.000000000000000000e+00 0.000000000000000000e+00 0.000000000000000000e+00
7.855762393336042093e-01 7.788542344393839523e-01 7.735467501001583868e-01 7.982842889405737941e-01 7.793438515494336416e-01
7.913580246913580751e-01 7.590406408678503913e-01 7.647966032189951191e-01 7.817782452823957007e-01 7.694325662700500779e-01
7.866281866281866764e-01 7.006105006105004529e-01 8.288525228910966769e-01 7.270430901275738433e-01 7.442522573123303564e-01
6.979193374944032691e-01 6.956266849706552735e-01 7.462353364792390087e-01 7.589670619235837634e-01 7.528828104049342107e-01
8.178213896322726884e-01 6.983800753719343613e-01 8.227255873529509822e-01 8.649762102831172195e-01 7.573160173160173869e-01
6.341410767640275337e-01 8.108695652173913970e-01 7.597075446948221567e-01 7.825940105009872028e-01 6.936034807455030426e-01
7.319057014917218495e-01 7.455272157406650502e-01 7.510124120067890319e-01 8.180384988861598705e-01 6.791032496914851668e-01
6.470839201862542689e-01 7.479433214727332357e-01 8.643853881162387731e-01 5.960086299892125572e-01 7.145263863530116888e-01
7.049826985126563805e-01 6.365625461427977250e-01 6.544217940380773202e-01 6.493570646500139709e-01 7.097958924587436380e-01
6.689356734385766279e-01 7.597658368025879128e-01 7.228988369541365921e-01 8.215683712665603489e-01 7.145559507764233098e-01
