0.000000000000000000e+00 0.000000000000000000e+00 0.000000000000000000e+00 0.000000000000000000e+00 0.000000000000000000e+00
8.557549151878118820e-01 8.519173563842318275e-01 8.473101573044689028e-01 8.626613077759809345e-01 8.519173563842318275e-01
8.595906968353194122e-01 8.334594598327184078e-01 8.376915971523478666e-01 8.503832327193313612e-01 8.423075258926818742e-01
8.488463364306065850e-01 7.889483587846529700e-01 8.800950551516353304e-01 8.141817038525875905e-01 8.257544102765174143e-01
7.905296172595224213e-01 7.868409035162503562e-01 8.161956157615100071e-01 8.315224393325139074e-01 8.290264127312029219e-01
8.709117524537778321e-01 7.883463199344576955e-01 8.709257965354132436e-01 9.039847509704318496e-01 8.257239715463698948e-01
7.274960043257566733e-01 8.686046826032250978e-01 8.330707193918732711e-01 8.480768438428228917e-01 7.779768261925462669e-01
8.049849832907763902e-01 8.158123803297654408e-01 8.282508513965111119e-01 8.665174315748906952e-01 7.704011606339777885e-01
7.437037161125615858e-01 8.203031840060337476e-01 9.003701795041391120e-01 6.993466866438783347e-01 7.905584510699608103e-01
7.776070175418349217e-01 7.414210429065432040e-01 7.459769856330883409e-01 7.358269298419491955e-01 7.894783760137931150e-01
7.484572560566551402e-01 8.261412070815846720e-01 7.978645831039070657e-01 8.662933074757013241e-01 7.862817682515527151e-01
