0.000000000000000000e+00 0.000000000000000000e+00 0.000000000000000000e+00 0.000000000000000000e+00 0.000000000000000000e+00
7.141635815070068727e-01 7.071018750090209970e-01 6.987929408751091254e-01 7.252085239873585776e-01 7.075698564462814533e-01
7.200798646848221019e-01 6.749415797732735145e-01 6.792883357907566477e-01 7.043169047345884115e-01 6.868040518888151036e-01
7.065221792190868877e-01 5.866918542465375808e-01 7.557489123801259812e-01 6.420099587239288530e-01 6.592721801535336157e-01
5.896281843803319322e-01 5.902385342232043808e-01 6.374398332808649537e-01 6.645311727364662246e-01 6.670061655100132381e-01
7.386242555557421818e-01 5.856148055691059451e-01 7.406263804886025204e-01 8.046001908876582176e-01 6.685246718616688621e-01
4.709650343260022853e-01 7.342052471580705619e-01 6.705158866162763687e-01 7.000016942225085748e-01 5.907981895209274414e-01
6.131663205590432986e-01 6.385847067843173352e-01 6.570750279877108913e-01 7.352926657525244991e-01 5.565156565265927391e-01
5.150617109868226295e-01 6.446878825995711049e-01 7.971873503169730757e-01 4.214997692386706629e-01 5.882079003241633686e-01
5.743054937541516303e-01 5.571530188459942190e-01 5.226018028532856130e-01 4.877056083305896239e-01 5.921832123007947368e-01
5.149953234148657577e-01 6.819325188757826561e-01 6.092811234933142028e-01 7.416425465869125322e-01 5.741036845049971582e-01
