0.000000000000000000e+00 0.000000000000000000e+00 0.000000000000000000e+00 0.000000000000000000e+00 0.000000000000000000e+00
5.813101627055116127e-01 5.720579862479744371e-01 5.557481127091695727e-01 5.733434104891746985e-01 5.872330060602769519e-01
5.630668030978294158e-01 5.725769381899600274e-01 5.808252529957234067e-01 5.849698663392189912e-01 5.956022663976324738e-01
5.677753706299647485e-01 5.722447919565177843e-01 5.687441896311710154e-01 5.728754238350000083e-01 5.467276619171389518e-01
5.931845288680220873e-01 5.511732242052340691e-01 6.080745479585942803e-01 5.489891682809618922e-01 5.749712639804441805e-01
5.277758961360261569e-01 5.025658092838237723e-01 4.889275986748910507e-01 5.137159287260706364e-01 5.383740652224192624e-01
5.265720934318873780e-01 4.964283276461493588e-01 4.839449458740819332e-01 5.439082361375354724e-01 5.050321347656551163e-01
4.706030022682671787e-01 4.707820914717466554e-01 4.743583816810361675e-01 4.964074682402084826e-01 4.381260035170884137e-01
4.579674684483678870e-01 4.639049739263430006e-01 4.459670429704540306e-01 4.506695076554176893e-01 4.770160284420753016e-01
4.652496406669722195e-01 4.481149527147869627e-01 4.417219425131196364e-01 4.396001754349505575e-01 4.509886970823254182e-01
4.220431212906232687e-01 4.424087283592577080e-01 4.260419466672180078e-01 4.365864380701175995e-01 4.337068160597572497e-01
