0.000000000000000000e+00 0.000000000000000000e+00 0.000000000000000000e+00 0.000000000000000000e+00 0.000000000000000000e+00
6.609084656743322572e-01 6.758408754203084623e-01 6.737121046856735518e-01 6.480493808345162421e-01 6.843416950292854350e-01
6.630461689974704864e-01 6.885837316953947740e-01 6.651823475976760269e-01 6.843416950292854350e-01 6.779682063997461983e-01
6.779682063997461983e-01 6.630461689974704864e-01 6.843416950292854350e-01 6.737121046856735518e-01 6.694501890025541524e-01
6.737121046856735518e-01 6.715818805046948059e-01 6.949366078203744745e-01 6.651823475976760269e-01 6.822186029581883693e-01
6.694501890025541524e-01 6.501965514792859002e-01 6.523421052041805668e-01 6.630461689974705974e-01 6.694501890025541524e-01
6.566284252824339251e-01 6.459005771444670252e-01 6.415980049844295374e-01 6.609084656743322572e-01 6.566284252824339251e-01
6.544860579110911569e-01 6.566284252824339251e-01 6.523421052041805668e-01 6.566284252824339251e-01 6.437501240560830063e-01
6.587692227851031923e-01 6.480493808345163531e-01 6.286493458200683726e-01 6.501965514792859002e-01 6.459005771444670252e-01
6.480493808345163531e-01 6.329725288053362764e-01 6.415980049844294264e-01 6.480493808345163531e-01 6.415980049844295374e-01
6.372887013660990529e-01 6.501965514792859002e-01 6.437501240560830063e-01 6.329725288053361654e-01 6.415980049844295374e-01
