0.000000000000000000e+00 0.000000000000000000e+00 0.000000000000000000e+00 0.000000000000000000e+00 0.000000000000000000e+00
8.239999999999999547e-01 8.186666666666666536e-01 8.133333333333333526e-01 8.159999999999999476e-01 8.186666666666666536e-01
8.186666666666666536e-01 8.293333333333333668e-01 8.106666666666666465e-01 8.000000000000000444e-01 8.239999999999999547e-01
7.840000000000000302e-01 8.133333333333333526e-01 8.053333333333333455e-01 7.946666666666666323e-01 8.159999999999999476e-01
8.133333333333333526e-01 8.133333333333333526e-01 8.000000000000000444e-01 7.973333333333333384e-01 7.973333333333333384e-01
8.026666666666666394e-01 7.893333333333333313e-01 7.893333333333333313e-01 7.840000000000000302e-01 8.000000000000000444e-01
8.080000000000000515e-01 7.840000000000000302e-01 7.866666666666666252e-01 7.866666666666666252e-01 7.813333333333333242e-01
7.706666666666667220e-01 7.466666666666667007e-01 7.520000000000000018e-01 7.760000000000000231e-01 7.493333333333332957e-01
7.653333333333333099e-01 7.333333333333332815e-01 7.333333333333332815e-01 7.600000000000000089e-01 7.333333333333332815e-01
6.079999999999999849e-01 6.720000000000000417e-01 6.480000000000000204e-01 6.560000000000000275e-01 6.640000000000000346e-01
3.893333333333333091e-01 4.319999999999999951e-01 3.706666666666666443e-01 4.106666666666666798e-01 4.000000000000000222e-01
