0.000000000000000000e+00 0.000000000000000000e+00 0.000000000000000000e+00 0.000000000000000000e+00 0.000000000000000000e+00 0.000000000000000000e+00 0.000000000000000000e+00 0.000000000000000000e+00 0.000000000000000000e+00 0.000000000000000000e+00
7.133431085043987485e-01 7.509920634920634885e-01 8.689830945928507244e-01 8.001089324618736454e-01 8.585470085470084944e-01 3.806818181818181768e-01 8.632246376811594235e-01 7.826820628678213820e-01 7.919884169884169323e-01 7.608789335132046805e-01
8.255681818181819231e-01 8.099264705882354143e-01 7.326678765880217936e-01 5.261313220940549984e-01 7.184927462887988892e-01 7.405977982590885578e-01 8.349190283400811374e-01 7.820220298977182960e-01 8.439542483660130712e-01 7.285251710654936375e-01
8.065532028946662546e-01 7.879790940766551177e-01 7.437996031746032521e-01 7.136946386946386722e-01 8.637328615656789665e-01 6.925925925925925375e-01 8.135087719298245146e-01 8.892230576441102485e-01 7.929736024844720177e-01 6.851351351351351315e-01
7.697023283230179924e-01 6.188888888888888218e-01 8.036686543946071071e-01 3.507362032145666664e-01 6.460454262311846607e-01 8.580086580086581094e-01 8.128434065934065922e-01 6.686602870813397326e-01 8.412162162162161172e-01 6.894936204146731029e-01
5.999658002735978046e-01 6.994505494505494081e-01 8.397435897435896468e-01 7.273809523809524613e-01 4.272222222222222254e-01 7.157862903225805651e-01 6.992851307189542620e-01 5.919936373276776242e-01 7.230180978306915973e-01 5.006832898831048428e-01
6.938692368839427527e-01 6.932479443390260343e-01 8.086627417998317746e-01 6.761583445793972746e-01 8.027950310559005542e-01 7.774122807017543879e-01 8.773302424418043532e-01 8.567431067431068303e-01 5.668693009118540571e-01 5.537602820211515731e-01
8.368805077209151566e-01 6.212121212121212155e-01 7.292207792207792139e-01 7.586580086580085869e-01 6.871428571428571663e-01 7.672693297693298220e-01 2.802937576499388017e-01 6.844772403982929410e-01 5.583333333333333481e-01 6.757317073170732158e-01
7.316337719298245945e-01 7.997023809523809978e-01 7.398284313725489447e-01 6.535560344827585633e-01 8.392288489542494290e-01 8.576822580182041911e-01 7.518132406664883582e-01 7.362834461847980183e-01 4.868421052631579093e-01 6.963454170350722450e-01
6.974880382775119347e-01 7.757168458781361631e-01 7.963118022328548040e-01 8.570261437908497371e-01 8.045753588516746380e-01 8.616298811544991221e-01 7.533866995073891237e-01 7.032905116069416707e-01 1.414473684210526272e-01 8.512806637806636934e-01
7.642357642357642256e-01 8.355836236933797956e-01 5.335249042145593368e-01 7.438725490196078649e-01 7.624771062271062938e-01 6.973386520600143301e-01 7.948963317384369898e-01 6.746031746031746490e-01 6.632868429308917957e-01 8.415950758697869905e-01
7.447499182739457657e-01 7.922771672771672380e-01 5.502242926155969105e-01 5.591005633022440025e-01 7.203812316715542119e-01 6.217280408098198041e-01 6.675894961899018210e-01 6.415043290043289659e-01 7.841938405797101996e-01 5.723060344827586299e-01
5.518925518925518192e-01 6.169208494208493487e-01 5.159523809523809401e-01 7.239388062917475608e-01 7.195344129554657187e-01 6.319560212749066874e-01 6.682539682539683223e-01 8.451571029157236570e-01 7.321331151118384284e-01 5.914566755083996430e-01
7.616448068060970300e-01 6.670324870324870759e-01 5.487012987012986898e-01 7.099082748810516819e-01 5.734691033604076837e-01 5.649835458658987175e-01 7.797652714932127305e-01 6.673793276615858083e-01 6.814280071661329430e-01 7.214285714285713080e-01
6.808641684712675168e-01 2.347729789590254357e-01 7.628837719298247055e-01 8.727306070053182374e-01 5.241889632107022967e-01 6.348484848484847731e-01 6.521095938375350842e-01 5.031549926172018683e-01 5.137163561076604212e-01 7.739898989898990056e-01
6.726190476190476719e-01 6.594298245614035325e-01 8.322344322344321643e-01 6.677109974424551009e-01 7.368307120145355382e-01 6.231169296987086881e-01 5.012820512820512775e-01 8.576599870717517282e-01 4.385531603945926338e-01 4.620868390526114977e-01
8.187782805429864030e-01 6.548290013679891608e-01 6.263197586726998445e-01 6.202876984126983739e-01 7.680921052631578538e-01 7.139318885448915353e-01 2.033023735810113308e-01 6.456196581196581574e-01 7.638549560368268487e-01 6.027777777777777457e-01
6.272379996913104439e-01 7.153594771241830186e-01 6.641219794769943618e-01 6.574229691876749548e-01 7.426794643613866542e-01 8.965968432787654319e-01 7.003341687552213646e-01 5.784722222222222765e-01 9.410866910866910739e-01 6.931596563356524632e-01
7.999249249249249516e-01 8.363613360323887136e-01 6.992773355676581426e-01 7.883983054261692880e-01 7.164822567783094565e-01 6.910360360360360277e-01 4.191576397458750547e-01 5.672771672771672602e-01 8.193693693693694380e-01 4.600000000000000200e-01
7.094419807834441150e-01 5.955915429599640820e-01 7.810015898251192468e-01 7.572023283230179258e-01 7.234217883945652794e-01 6.522788952745849356e-01 4.827355623100303417e-01 6.001521298174442576e-01 7.934005332902391849e-01 6.026595744680850464e-01
7.086240181067767763e-01 7.273504273504272089e-01 5.986071257771401477e-01 6.733893557422968579e-01 5.511879432624113839e-01 7.039848197343452352e-01 5.088383838383838675e-01 7.351779987603417332e-01 5.824792038027332142e-01 7.842948717948717841e-01
