0.000000000000000000e+00 0.000000000000000000e+00 0.000000000000000000e+00 0.000000000000000000e+00 0.000000000000000000e+00 0.000000000000000000e+00 0.000000000000000000e+00 0.000000000000000000e+00 0.000000000000000000e+00 0.000000000000000000e+00
6.889379801092536670e-01 6.752577319587629301e-01 8.063892767935244565e-01 7.207017255718918269e-01 7.455926683623816942e-01 7.281529785549388789e-01 6.984518963725359075e-01 7.805734676231500524e-01 8.070689578463869918e-01 7.175558606385568083e-01
6.607361959869733070e-01 6.652994521453647891e-01 8.030978104539205908e-01 7.065222015892846930e-01 5.369279330617048318e-01 4.563490114729383262e-01 6.893214135992624669e-01 6.849942726231386114e-01 6.851407344618646311e-01 7.916254467041509146e-01
6.606964706591784697e-01 7.196950575860916466e-01 5.262312432268710927e-01 6.446920360820120877e-01 6.224397992207260089e-01 5.031414783373679978e-01 7.396193907641240850e-01 6.020587138110248260e-01 8.040290023614536929e-01 5.521628015944032297e-01
4.874416203270550141e-01 6.735501403784773800e-01 6.674101069453826085e-01 5.962952292246137542e-01 6.229122663734451004e-01 6.150887346798247224e-01 5.680562977544535430e-01 6.115868504764390146e-01 6.533611794967365549e-01 5.941302642144953294e-01
5.567118497015214329e-01 4.942615905772089202e-01 7.207221376416670378e-01 5.028765529808632007e-01 6.898589429084659441e-01 5.691191704269183971e-01 3.432587457642327089e-01 5.360824742268041065e-01 4.109609486632390118e-01 6.798058592043071391e-01
4.619640320585545745e-01 6.557846506300114564e-01 4.943543154867599543e-01 6.063572380119433003e-01 6.055971586226364112e-01 7.444653585335213597e-01 5.976212740521387179e-01 7.174335582384062660e-01 6.817787326848310236e-01 4.398336724089187966e-01
8.093422044157164708e-01 5.085185004423105060e-01 6.383077459743059512e-01 5.111748690363643322e-01 7.744563203512460081e-01 6.845703767418210850e-01 4.656042649744072670e-01 5.684138372467171241e-01 5.408849564399903498e-01 5.753628269090508285e-01
6.839840836581591033e-01 6.065504623256233740e-01 4.349722774127830482e-01 7.763384931496354335e-01 3.529698748916872408e-01 7.005504037101155657e-01 7.777751494878658578e-01 7.616506832580213215e-01 7.136599769875954236e-01 7.236393698436386357e-01
8.409072972242608301e-01 7.228392398992875556e-01 5.758032841554282522e-01 6.452113682213874712e-01 6.716907459756079612e-01 5.928326202328133565e-01 5.054129974269272463e-01 5.646850139883394792e-01 7.647609322678741162e-01 7.249402594089277008e-01
5.522045700058889617e-01 5.151168354185752252e-01 6.250733691459497976e-01 6.443801981282503144e-01 5.700171861624663272e-01 6.251591456032414840e-01 6.590385905886911866e-01 5.661163254933965217e-01 5.336789286636806073e-01 7.506701673196012337e-01
6.797140974904416488e-01 5.440456707359663246e-01 4.724187427932590166e-01 7.101190550433498228e-01 5.206672738962440095e-01 5.620732038155726862e-01 6.120344844516111271e-01 6.684512292635909070e-01 6.672413557303129572e-01 4.563222420313161609e-01
5.411963459275113131e-01 8.674308373733102817e-01 4.904943946757565620e-01 4.782359679266895980e-01 4.849170770105752371e-01 5.686433946818192364e-01 5.168359922424634600e-01 6.412594289083779486e-01 5.857538569460927214e-01 5.621697219246065691e-01
6.630294335416341278e-01 4.897428363292332110e-01 5.608131974957298871e-01 2.566035640985619426e-01 7.205140143082477966e-01 5.675067023473153727e-01 5.269924287777398852e-01 5.283464537396167504e-01 3.158836686252795567e-01 5.130425394370238257e-01
6.400044048396618113e-01 6.586915790001647286e-01 6.213475419585177129e-01 3.707562428117737174e-01 2.299490520880351774e-01 3.834418946645494208e-01 5.830625028277101052e-01 5.634580337121445348e-01 5.452277985591302834e-01 5.877151856857401047e-01
6.367853950889102999e-01 5.697220148805307582e-01 7.158457448165559400e-01 4.822508889622054706e-01 3.844787066101432726e-01 6.821396407599316092e-01 6.071898960310051496e-01 7.050282260512571453e-01 4.821104296333887929e-01 3.838789769431451560e-01
7.130584192439862745e-01 5.311426206964411367e-01 5.348336367850378137e-01 6.695775160862760256e-01 7.540050701981192427e-01 5.157922354321520242e-01 7.569474033809391322e-01 5.937198539459600521e-01 5.540321323402832565e-01 4.328381462953326264e-01
6.085960884715458930e-01 8.580345989966914333e-01 7.043234605265966675e-01 7.506701673196012337e-01 5.910315119576323717e-01 7.769469735721733494e-01 3.469228910823186629e-01 6.048182510803763456e-01 6.888852039485110490e-01 7.054774405612884713e-01
6.391615090851940906e-01 6.607361959869733070e-01 6.411170925818958644e-01 7.399120535883622063e-01 7.331824312080428285e-01 5.696793981706322896e-01 3.280807901772707647e-01 5.811811954697900795e-01 5.764873988773447921e-01 5.784384889309185374e-01
5.124502606992917819e-01 5.152413497632711836e-01 5.780158187353034993e-01 4.313800377473843706e-01 4.995922968749926252e-01 5.539088481862292079e-01 3.931122825141418753e-01 5.706587018861107863e-01 5.938399035251487046e-01 7.210455396373669501e-01
4.750888684882829671e-01 3.880010135549918915e-01 3.644880315394574688e-01 4.964133413429527852e-01 2.538102696479293541e-01 6.329180974277004434e-01 3.130257853217936481e-01 3.587924512331885363e-01 3.436640281792598395e-01 4.162937662660895488e-01
