0.000000000000000000e+00 0.000000000000000000e+00 0.000000000000000000e+00 0.000000000000000000e+00 0.000000000000000000e+00
4.938668572109086163e-01 3.515316205533596250e-01 3.333333333333333148e-01 4.899324369523044842e-01 4.526501535847329283e-01
4.316726434426230163e-01 3.333333333333333148e-01 4.293770139634800476e-01 5.414046121593292238e-01 4.504241911058278758e-01
3.333333333333333148e-01 3.333333333333333148e-01 3.781094527363184077e-01 3.333333333333333148e-01 3.333333333333333148e-01
4.623655913978494403e-01 4.145423832923833540e-01 3.333333333333333148e-01 3.333333333333333148e-01 4.071225014448275337e-01
3.421611068669891953e-01 3.315508021390374260e-01 3.333333333333333148e-01 3.535240695918409615e-01 3.333333333333333148e-01
3.333333333333333148e-01 3.333333333333333148e-01 3.333333333333333148e-01 3.871938460312082109e-01 3.333333333333333148e-01
3.333333333333333148e-01 3.333333333333333148e-01 3.333333333333333148e-01 3.403136940322137871e-01 3.333333333333333148e-01
3.333333333333333148e-01 3.333333333333333148e-01 3.333333333333333148e-01 3.333333333333333148e-01 3.333333333333333148e-01
3.333333333333333148e-01 3.333333333333333148e-01 3.333333333333333148e-01 3.333333333333333148e-01 3.333333333333333148e-01
3.333333333333333148e-01 3.333333333333333148e-01 3.333333333333333148e-01 3.333333333333333148e-01 3.333333333333333148e-01
