0.000000000000000000e+00 0.000000000000000000e+00 0.000000000000000000e+00 0.000000000000000000e+00 0.000000000000000000e+00
4.520000000000000129e-01 5.000000000000000000e-01 4.319999999999999951e-01 5.400000000000000355e-01 5.959999999999999742e-01
5.000000000000000000e-01 5.040000000000000036e-01 4.879999999999999893e-01 5.519999999999999352e-01 5.040000000000000036e-01
5.040000000000000036e-01 5.200000000000000178e-01 5.440000000000000391e-01 5.400000000000000355e-01 5.120000000000000107e-01
5.000000000000000000e-01 3.679999999999999938e-01 5.000000000000000000e-01 5.040000000000000036e-01 4.359999999999999987e-01
4.440000000000000058e-01 5.040000000000000036e-01 4.559999999999999609e-01 6.119999999999999885e-01 4.760000000000000342e-01
5.160000000000000142e-01 4.359999999999999987e-01 5.000000000000000000e-01 5.000000000000000000e-01 5.200000000000000178e-01
5.000000000000000000e-01 5.000000000000000000e-01 5.000000000000000000e-01 5.000000000000000000e-01 4.919999999999999929e-01
5.000000000000000000e-01 5.000000000000000000e-01 5.000000000000000000e-01 4.280000000000000471e-01 5.080000000000000071e-01
3.719999999999999973e-01 5.000000000000000000e-01 5.000000000000000000e-01 5.000000000000000000e-01 5.000000000000000000e-01
5.000000000000000000e-01 5.000000000000000000e-01 5.000000000000000000e-01 5.000000000000000000e-01 5.000000000000000000e-01
