0.000000000000000000e+00 0.000000000000000000e+00 0.000000000000000000e+00 0.000000000000000000e+00 0.000000000000000000e+00
-9.766755200895178846e-02 0.000000000000000000e+00 -1.374323630069464175e-01 8.908708063747479422e-02 1.966420576033386658e-01
0.000000000000000000e+00 6.337242505244779223e-02 -8.571428571428571508e-02 1.080747137660584001e-01 6.337242505244779223e-02
1.213660159382207344e-02 7.210122041000543991e-02 1.335026175320428166e-01 8.164965809277259512e-02 5.052911526399114089e-02
0.000000000000000000e+00 -2.690048553467877523e-01 0.000000000000000000e+00 6.337242505244779223e-02 -1.782626071286345648e-01
-1.247219128924647036e-01 1.950314757443023100e-02 -1.268058918949316882e-01 2.593482142316004269e-01 -8.846517369293828426e-02
4.129200695076670063e-02 -1.651680278030668025e-01 0.000000000000000000e+00 0.000000000000000000e+00 4.301881107663894227e-02
0.000000000000000000e+00 0.000000000000000000e+00 0.000000000000000000e+00 0.000000000000000000e+00 -5.227083734893166883e-02
0.000000000000000000e+00 0.000000000000000000e+00 0.000000000000000000e+00 -1.469693845669906851e-01 3.094922302950864693e-02
-2.590095632952704174e-01 0.000000000000000000e+00 0.000000000000000000e+00 0.000000000000000000e+00 0.000000000000000000e+00
0.000000000000000000e+00 0.000000000000000000e+00 0.000000000000000000e+00 0.000000000000000000e+00 0.000000000000000000e+00
