0.000000000000000000e+00 0.000000000000000000e+00 0.000000000000000000e+00 0.000000000000000000e+00 0.000000000000000000e+00
8.911111111111110761e-01 8.955555555555555491e-01 8.977777777777777857e-01 8.955555555555555491e-01 8.888888888888888395e-01
8.755555555555555314e-01 8.822222222222222410e-01 9.066666666666666208e-01 8.933333333333333126e-01 8.977777777777777857e-01
8.777777777777777679e-01 8.888888888888888395e-01 8.933333333333333126e-01 8.888888888888888395e-01 9.000000000000000222e-01
8.800000000000000044e-01 8.688888888888889328e-01 9.000000000000000222e-01 8.666666666666666963e-01 8.911111111111110761e-01
8.599999999999999867e-01 9.000000000000000222e-01 8.511111111111111516e-01 8.666666666666666963e-01 8.444444444444444420e-01
8.555555555555555136e-01 8.333333333333333703e-01 8.377777777777777324e-01 8.444444444444444420e-01 8.177777777777778256e-01
8.000000000000000444e-01 8.333333333333333703e-01 8.111111111111111160e-01 8.333333333333333703e-01 8.022222222222221699e-01
7.266666666666666829e-01 7.733333333333333171e-01 7.888888888888888618e-01 7.488888888888889372e-01 7.666666666666667185e-01
6.688888888888888662e-01 6.177777777777777590e-01 6.355555555555555403e-01 6.600000000000000311e-01 6.511111111111110850e-01
4.777777777777778012e-01 4.422222222222222388e-01 4.488888888888888928e-01 4.422222222222222388e-01 4.066666666666666763e-01
