0.000000000000000000e+00 0.000000000000000000e+00 0.000000000000000000e+00 0.000000000000000000e+00 0.000000000000000000e+00
9.310494543362093367e-01 9.339012822232720668e-01 9.353259153371271672e-01 9.339012822232720668e-01 9.296222517045285016e-01
9.210407425205011656e-01 9.253354413467289596e-01 9.410159993916740184e-01 9.324757965283125838e-01 9.353259153371271672e-01
9.224731920893185499e-01 9.296222517045282796e-01 9.324757965283126948e-01 9.296222517045282796e-01 9.367496997597597463e-01
9.239047569960878725e-01 9.167380443590789074e-01 9.367496997597597463e-01 9.153020145163985877e-01 9.310494543362093367e-01
9.109884741312592737e-01 9.367496997597597463e-01 9.052242065905722335e-01 9.153020145163985877e-01 9.008911911388660654e-01
9.081081950005519543e-01 8.936504412303006850e-01 8.965496274986127778e-01 9.008911911388660654e-01 8.834723859805259094e-01
8.717797887081346619e-01 8.936504412303006850e-01 8.790953543133468440e-01 8.936504412303006850e-01 8.732449771532938554e-01
8.228068492125665268e-01 8.541142260325085278e-01 8.644380176853359021e-01 8.377799882081066185e-01 8.496731397687256049e-01
7.832750175298710538e-01 7.474929290718044239e-01 7.600324879345944362e-01 7.771100308193171768e-01 7.709213663444668407e-01
6.445162795212400209e-01 6.168928514121855278e-01 6.221269768372384990e-01 6.168928514121854167e-01 5.885103605243023894e-01
