0.000000000000000000e+00 0.000000000000000000e+00 0.000000000000000000e+00 0.000000000000000000e+00 0.000000000000000000e+00
8.778970064552255037e-01 8.585665559262640745e-01 8.639795581680134173e-01 8.640435772032114548e-01 8.585188358388824437e-01
8.587787415202721153e-01 8.476252015982588262e-01 8.809199620222073479e-01 8.612599837280319193e-01 8.695571721255062059e-01
8.530200277396075004e-01 8.697290319845620843e-01 8.669396350813562968e-01 8.529673471427464682e-01 8.724430536593672514e-01
8.252496503100190672e-01 8.390701890723059053e-01 8.528936107017538459e-01 8.615632845778129489e-01 8.751836998087532127e-01
8.342040376252360945e-01 8.614568267392034295e-01 8.372955332681691898e-01 8.479815580396419250e-01 8.367673527252194043e-01
8.559624986631597654e-01 8.355541134064466968e-01 8.258415637186036218e-01 8.429267955195275386e-01 8.458082349851642201e-01
7.954367401922233238e-01 8.268651020227028026e-01 7.889407885064705361e-01 8.346843483059589452e-01 8.210322953558082393e-01
7.461884141691952355e-01 8.250639097093368513e-01 7.582469602571209055e-01 7.739725298643183038e-01 7.645793118167212299e-01
7.012749105586985054e-01 6.512156824797619148e-01 6.602005158314273592e-01 6.731897193741921415e-01 6.608021499449401315e-01
4.372507015280422404e-01 3.953577614247236749e-01 3.976025327495615325e-01 4.761658013072811446e-01 4.009042529002524446e-01
