0.000000000000000000e+00 0.000000000000000000e+00 0.000000000000000000e+00 0.000000000000000000e+00 0.000000000000000000e+00
5.289236729454120933e-01 5.228073482403021721e-01 5.081905961717431142e-01 4.922096488393279956e-01 4.894072366940583341e-01
4.923033330899659332e-01 5.177696417188991651e-01 5.018461329959856831e-01 5.058545793981684691e-01 5.087749659250674350e-01
4.688539754039382501e-01 4.870385069011746171e-01 5.073889102317837851e-01 4.984272584272584905e-01 5.133170052072585365e-01
4.675746466428802317e-01 4.929941746666701707e-01 5.077668479114236799e-01 4.966688076976360500e-01 4.892034085047450298e-01
4.889065045280906463e-01 5.130201617617085041e-01 4.583677273883839942e-01 4.585528301970314136e-01 4.440579878169548245e-01
4.797332935263969866e-01 4.677079978529254389e-01 4.973442484338367886e-01 4.669286832521515884e-01 4.822077728835029720e-01
4.714443132624950294e-01 4.553074927345188150e-01 4.394577352472089360e-01 4.385726315522885943e-01 4.197675846612017314e-01
4.204175419164872252e-01 4.272499962770619497e-01 4.231669647698912962e-01 4.443649933790779216e-01 4.331782184506098865e-01
3.457317782899178571e-01 3.625495557311377293e-01 4.403807932728240893e-01 2.959788676119189943e-01 3.646256527302279005e-01
1.853930590412451729e-01 2.095217382298721898e-01 2.232433823443402965e-01 2.081443277615526444e-01 1.940617209850644398e-01
