0.000000000000000000e+00 0.000000000000000000e+00 0.000000000000000000e+00 0.000000000000000000e+00 0.000000000000000000e+00
6.221511070471545946e-01 6.156362562422716955e-01 6.134608563080632404e-01 6.199813617270191202e-01 6.134608563080632404e-01
6.134608563080632404e-01 6.308118226187232613e-01 6.264850800741831316e-01 6.199813617270191202e-01 6.069230227595222571e-01
6.003672949860684449e-01 6.178097513708317168e-01 6.156362562422716955e-01 6.199813617270191202e-01 6.329725288053362764e-01
6.025545618448175933e-01 6.091042603692737867e-01 6.091042603692737867e-01 5.959865770300536436e-01 6.264850800741830206e-01
5.717373134189822625e-01 6.134608563080632404e-01 5.805866764651845813e-01 5.915974607413012620e-01 6.069230227595222571e-01
5.959865770300535326e-01 6.112835312320753500e-01 6.112835312320753500e-01 5.561582508603103436e-01 5.805866764651845813e-01
5.827932738115634281e-01 5.827932738115634281e-01 5.761666425609869302e-01 5.539225778231305908e-01 5.871997577958931736e-01
5.717373134189822625e-01 5.827932738115634281e-01 5.449534128916179165e-01 5.915974607413012620e-01 5.805866764651844703e-01
5.017090790488050178e-01 5.583913402703242213e-01 5.871997577958931736e-01 5.109085588983175441e-01 5.336798874065072917e-01
4.714045207910316782e-01 4.784567784961237802e-01 4.784567784961237802e-01 4.761101646561317624e-01 4.737594326237737907e-01
