0.000000000000000000e+00 0.000000000000000000e+00 0.000000000000000000e+00 0.000000000000000000e+00 0.000000000000000000e+00
8.643874643874644992e-01 8.313492063492062822e-01 8.304843304843304574e-01 8.217164871227795597e-01 8.304843304843304574e-01
8.031643293779215931e-01 8.474358974358975338e-01 8.313492063492062822e-01 8.478693181818182101e-01 8.396112648081152097e-01
7.950631458094143955e-01 8.031643293779215931e-01 8.551378446115288634e-01 8.047371049439966395e-01 8.058452152940341895e-01
8.299028016009148967e-01 7.689320388349514257e-01 8.031643293779215931e-01 7.518158935634662310e-01 7.877577227652137193e-01
7.254901960784313486e-01 7.505962275059623323e-01 7.505962275059623323e-01 8.112745098039215730e-01 7.346997482919812583e-01
8.380952380952380043e-01 7.650800614169774860e-01 7.528822055137844860e-01 6.176560587515300682e-01 7.476785844849016538e-01
6.684181195764669070e-01 6.954741536886743791e-01 7.730340375586854940e-01 8.091836734693877986e-01 7.998830152811289285e-01
6.857394366197182567e-01 6.456223942823109407e-01 7.735403821268174163e-01 7.554236126969627874e-01 7.555751173708920021e-01
7.212182061579652803e-01 5.547329034312554752e-01 6.708529565672423089e-01 6.016560958421424132e-01 5.995192307692307487e-01
5.167316439246264492e-01 5.685563612392880994e-01 6.016560958421424132e-01 5.489452867501647404e-01 5.881674357284112364e-01
