0.000000000000000000e+00 0.000000000000000000e+00 0.000000000000000000e+00 0.000000000000000000e+00 0.000000000000000000e+00
8.730434782608695876e-01 8.440579710144927583e-01 8.385507246376810997e-01 8.285507246376810908e-01 8.385507246376810997e-01
8.057971014492754103e-01 8.557971014492753437e-01 8.440579710144927583e-01 8.585507246376811175e-01 8.513043478260869934e-01
7.985507246376811752e-01 8.057971014492754103e-01 8.602898550724638049e-01 8.113043478260869579e-01 8.168115942028986165e-01
8.357971014492753259e-01 7.713043478260870334e-01 8.057971014492754103e-01 7.540579710144927894e-01 7.940579710144927139e-01
7.268115942028985366e-01 7.513043478260870156e-01 7.513043478260870156e-01 8.130434782608695343e-01 7.368115942028985454e-01
8.430434782608695610e-01 7.630434782608694899e-01 7.568115942028985632e-01 6.185507246376811263e-01 7.457971014492754680e-01
6.692753623188405498e-01 6.940579710144927361e-01 7.702898550724637250e-01 8.075362318840579867e-01 7.975362318840579778e-01
6.840579710144927272e-01 6.440579710144926917e-01 7.665217391304347538e-01 7.492753623188406209e-01 7.530434782608695921e-01
7.199999999999999734e-01 5.657971014492754191e-01 6.685507246376811707e-01 6.255072463768116542e-01 6.075362318840580311e-01
5.357971014492753925e-01 5.847826086956521285e-01 6.255072463768116542e-01 5.675362318840579956e-01 6.020289855072463725e-01
