0.000000000000000000e+00 0.000000000000000000e+00 0.000000000000000000e+00 0.000000000000000000e+00 0.000000000000000000e+00
7.092288217930025063e-01 7.140006556666843585e-01 7.113704853453510779e-01 7.191153858143305433e-01 7.105144686237604423e-01
7.084069798202135004e-01 7.065660444026916620e-01 7.045779450152549472e-01 7.079091215505922685e-01 7.057796509807018337e-01
7.003272818210202200e-01 7.140980189757908381e-01 7.016374986646952694e-01 7.064818176128015992e-01 7.092265901265819572e-01
7.089456107423800502e-01 6.903776876595320022e-01 7.081625325636151658e-01 6.933641955619945785e-01 6.990839973501267179e-01
6.915677664256886237e-01 6.899894021128940569e-01 7.022640568292077834e-01 6.953027072307078615e-01 7.025647146512838948e-01
6.894809371950023635e-01 6.882628879786146792e-01 7.039807008567458002e-01 6.830220488113186716e-01 6.926959383750885824e-01
6.805413834622593416e-01 6.824980342607951389e-01 6.884643829730358044e-01 6.863304936928106281e-01 6.663714759412251443e-01
6.450354537723903547e-01 6.403024340803804559e-01 6.563440696438436195e-01 6.587107439652536423e-01 6.633007602552336568e-01
6.491997717277956381e-01 6.221763849938458657e-01 6.346234573390882039e-01 6.356174272720002127e-01 6.344053949501431422e-01
4.615117902741083244e-01 4.908466665427265729e-01 4.847314347160507353e-01 4.633132809218537540e-01 4.349233770983101932e-01
