0.000000000000000000e+00 0.000000000000000000e+00 0.000000000000000000e+00 0.000000000000000000e+00 0.000000000000000000e+00
7.164614107545282939e-01 7.132756526475471093e-01 7.125512845320345345e-01 7.076080549899241845e-01 7.152604313700222649e-01
7.052605237736051524e-01 7.082150740731345540e-01 7.140226673322012108e-01 7.160814099469696714e-01 7.093276323537741623e-01
7.048677252478341426e-01 7.103182016648099673e-01 7.074971540077716892e-01 7.082409839035287424e-01 7.102697612444999198e-01
7.083847921435982853e-01 7.017364856976111565e-01 7.112143222479765381e-01 6.973015975119831733e-01 7.074718576916356749e-01
6.924929220414695052e-01 6.963186094954616490e-01 7.063671705180353255e-01 7.112077587904386267e-01 7.100422804731595372e-01
7.079395075081904576e-01 6.959846302110070937e-01 7.078259804082491780e-01 6.878615304972843791e-01 6.958048571826724871e-01
6.846674583626891630e-01 6.992692297551497127e-01 6.930497226024343593e-01 6.984918901333212471e-01 6.823676805991581995e-01
6.770772441746011339e-01 6.652656487564553300e-01 6.819882606818125081e-01 6.733371658433126017e-01 6.667647150930819944e-01
6.598836257180878961e-01 6.289519969178810621e-01 6.469248671067052703e-01 6.557178414342308415e-01 6.417712605127061654e-01
4.669309422575373958e-01 4.942426141162076791e-01 5.198918684593639705e-01 5.016305921400289192e-01 4.575446692137264404e-01
