0.000000000000000000e+00 0.000000000000000000e+00 0.000000000000000000e+00 0.000000000000000000e+00 0.000000000000000000e+00
8.520720020981460419e-01 8.524449053659428621e-01 8.496560051250172663e-01 8.538517376212639842e-01 8.501645509753984475e-01
8.470118684961563948e-01 8.533524226028121884e-01 8.487963850128235066e-01 8.507534169189366891e-01 8.503086650942015545e-01
8.465461245081680186e-01 8.520356957244351603e-01 8.468110528416591398e-01 8.498333891757529068e-01 8.468720046640616506e-01
8.469615919966939632e-01 8.419808744262393674e-01 8.457436384237329019e-01 8.440548956642944800e-01 8.438450548854740108e-01
8.427962791862881886e-01 8.379634581240490432e-01 8.427533329348501079e-01 8.442985033133973971e-01 8.434779385937133389e-01
8.385815886064542646e-01 8.373224062197572870e-01 8.453091197375584009e-01 8.344856028869800380e-01 8.395710455159152152e-01
8.351846256166299831e-01 8.341132425547130858e-01 8.382448191172361396e-01 8.342913162649104875e-01 8.220922692831652556e-01
8.061156593307728935e-01 8.082381317756690553e-01 8.178822482732310828e-01 8.157731249018475017e-01 8.203442187343482628e-01
8.115001832815147420e-01 7.987322897759289164e-01 8.022627668389259448e-01 8.035644200130008796e-01 8.024703040460070547e-01
6.949133931486627391e-01 7.040244284808205855e-01 7.006241395094658930e-01 6.890336403803640763e-01 6.628326103654839097e-01
