0.000000000000000000e+00 0.000000000000000000e+00 0.000000000000000000e+00 0.000000000000000000e+00 0.000000000000000000e+00
8.510639662402984529e-01 8.488855890164620499e-01 8.517397562384663168e-01 8.534867075901669820e-01 8.508352342764436971e-01
8.491115476737254308e-01 8.519066944657168738e-01 8.498248223003679325e-01 8.518411897595388194e-01 8.503069703541217272e-01
8.508528622733695368e-01 8.506158158643343237e-01 8.504327985922545130e-01 8.528014629666161861e-01 8.476617896020319787e-01
8.492426501844456688e-01 8.488701230789380547e-01 8.476897084618982836e-01 8.465522354021187690e-01 8.467664227202414962e-01
8.444442441773011288e-01 8.412936802944349646e-01 8.452851680774455811e-01 8.493275670615224593e-01 8.469177752354005717e-01
8.449771232395749676e-01 8.411376718595020563e-01 8.457273708416176428e-01 8.383903942780176477e-01 8.431490017527030201e-01
8.368524367988343649e-01 8.458636382486817151e-01 8.405778299747849180e-01 8.396269200568212687e-01 8.334926397380427732e-01
8.269100052614207774e-01 8.233846503548702955e-01 8.338393409187602190e-01 8.238288622300951047e-01 8.244374773594778105e-01
8.158521975356559652e-01 8.034403630905796456e-01 8.088788617643797307e-01 8.168924294091302052e-01 8.069801676039564109e-01
6.971200964010920709e-01 7.054324045536903842e-01 7.260468197162356363e-01 7.164276158911443426e-01 6.786564999391755393e-01
