0.000000000000000000e+00 0.000000000000000000e+00 0.000000000000000000e+00 0.000000000000000000e+00 0.000000000000000000e+00 0.000000000000000000e+00 0.000000000000000000e+00 0.000000000000000000e+00 0.000000000000000000e+00 0.000000000000000000e+00
9.379297050697166238e-01 9.636842105263158098e-01 9.725373134328358926e-01 8.741105637657361482e-01 9.630719828739630062e-01 9.725373134328358926e-01 9.725373134328358926e-01 8.590398365679263737e-01 9.436274509803921351e-01 9.624183006535946827e-01
9.213675213675214248e-01 9.463869463869463150e-01 9.295918367346939215e-01 9.636842105263158098e-01 9.630719828739630062e-01 8.225391629646949809e-01 9.630719828739630062e-01 9.720628922329441757e-01 9.446079743109445648e-01 8.083333333333332371e-01
9.455263157894737702e-01 9.636842105263158098e-01 9.815359914369814476e-01 8.973214285714286031e-01 9.720628922329441757e-01 9.549696534621158195e-01 9.720628922329441757e-01 9.725373134328358926e-01 9.525936104431466100e-01 9.534381537215735891e-01
9.630719828739630062e-01 9.720628922329441757e-01 9.463869463869463150e-01 9.815359914369814476e-01 8.297197250132204438e-01 9.720628922329441757e-01 9.624183006535946827e-01 9.720628922329441757e-01 9.295918367346939215e-01 9.725373134328358926e-01
9.455263157894737702e-01 9.146684987976640979e-01 9.359203980099501941e-01 9.113047204170534599e-01 9.725373134328358926e-01 9.549696534621158195e-01 9.636842105263158098e-01 9.052375304326113481e-01 9.295918367346939215e-01 9.725373134328358926e-01
9.720628922329441757e-01 7.128148959474260860e-01 9.273684210526316196e-01 9.624183006535946827e-01 9.636842105263158098e-01 8.665377176015474081e-01 9.624183006535946827e-01 9.624183006535946827e-01 9.636842105263158098e-01 8.154114568188427503e-01
8.973214285714286031e-01 5.851922164214522493e-01 8.741105637657361482e-01 7.328983022728530194e-01 9.463869463869463150e-01 9.534381537215735891e-01 9.295918367346939215e-01 7.463659147869674548e-01 9.542288557213930433e-01 9.295918367346939215e-01
9.119897959183673741e-01 9.052375304326113481e-01 9.549696534621158195e-01 9.630719828739630062e-01 7.396226415094340201e-01 6.976998904709748039e-01 4.384611319558209264e-01 8.767857142857142794e-01 9.213675213675214248e-01 6.057142857142856496e-01
7.599191873842527922e-01 5.361344537815125877e-01 4.848309585151689971e-01 8.802083333333332593e-01 6.728448275862068950e-01 8.369565217391304879e-01 9.534381537215735891e-01 8.973214285714286031e-01 7.328983022728530194e-01 8.817625458996327659e-01
