0.000000000000000000e+00 0.000000000000000000e+00 0.000000000000000000e+00 0.000000000000000000e+00 0.000000000000000000e+00 0.000000000000000000e+00 0.000000000000000000e+00 0.000000000000000000e+00 0.000000000000000000e+00 0.000000000000000000e+00
9.673202614379085018e-01 9.656862745098039325e-01 9.379084967320261423e-01 9.763071895424836333e-01 9.754901960784313486e-01 9.665032679738562171e-01 9.656862745098039325e-01 9.509803921568626972e-01 9.607843137254901134e-01 9.485294117647058432e-01
9.714052287581699252e-01 9.812091503267974524e-01 9.754901960784313486e-01 9.665032679738562171e-01 9.558823529411764053e-01 9.436274509803921351e-01 9.068627450980392135e-01 9.607843137254901134e-01 9.803921568627451677e-01 8.333333333333332593e-01
9.019607843137255054e-01 9.264705882352941568e-01 9.763071895424836333e-01 9.812091503267974524e-01 9.264705882352941568e-01 9.901960784313725839e-01 9.117647058823529216e-01 9.665032679738562171e-01 9.509803921568626972e-01 9.852941176470588758e-01
9.656862745098039325e-01 7.990196078431373028e-01 9.705882352941176405e-01 9.852941176470588758e-01 9.624183006535946827e-01 8.692810457516340072e-01 9.901960784313725839e-01 8.823529411764705621e-01 9.803921568627451677e-01 9.852941176470588758e-01
9.411764705882352811e-01 9.387254901960784270e-01 8.480392156862744946e-01 9.264705882352941568e-01 9.616013071895423980e-01 9.575163398692809746e-01 9.076797385620914982e-01 7.802287581699346442e-01 9.901960784313725839e-01 9.460784313725489891e-01
9.901960784313725839e-01 9.754901960784313486e-01 9.387254901960784270e-01 9.477124183006535585e-01 9.509803921568626972e-01 8.578431372549020217e-01 9.321895424836601496e-01 9.901960784313725839e-01 9.901960784313725839e-01 9.616013071895423980e-01
7.401960784313725839e-01 9.665032679738562171e-01 8.529411764705883137e-01 9.803921568627451677e-01 9.607843137254901134e-01 7.843137254901960675e-01 9.665032679738562171e-01 9.616013071895423980e-01 9.338235294117647189e-01 9.264705882352941568e-01
9.575163398692809746e-01 8.431372549019607865e-01 9.321895424836601496e-01 9.705882352941176405e-01 9.616013071895423980e-01 9.158496732026144560e-01 9.526143790849672666e-01 8.774509803921568540e-01 8.235294117647058432e-01 9.852941176470588758e-01
9.616013071895423980e-01 9.166666666666667407e-01 8.039215686274510109e-01 8.627450980392157298e-01 8.782679738562091387e-01 8.578431372549020217e-01 9.313725490196078649e-01 9.084967320261437829e-01 9.803921568627451677e-01 9.754901960784313486e-01
