0.000000000000000000e+00 0.000000000000000000e+00 0.000000000000000000e+00 0.000000000000000000e+00 0.000000000000000000e+00 0.000000000000000000e+00 0.000000000000000000e+00 0.000000000000000000e+00 0.000000000000000000e+00 0.000000000000000000e+00
9.852941176470588758e-01 9.754901960784313486e-01 9.852941176470588758e-01 9.705882352941176405e-01 9.901960784313725839e-01 9.763071895424836333e-01 9.754901960784313486e-01 9.264705882352941568e-01 9.264705882352941568e-01 9.763071895424836333e-01
9.616013071895423980e-01 8.790849673202614234e-01 9.297385620915032955e-01 9.852941176470588758e-01 9.656862745098039325e-01 9.297385620915032955e-01 9.803921568627451677e-01 8.970588235294116863e-01 9.803921568627451677e-01 9.215686274509804488e-01
9.575163398692809746e-01 9.485294117647058432e-01 9.575163398692809746e-01 9.763071895424836333e-01 9.509803921568626972e-01 8.513071895424836333e-01 9.607843137254901134e-01 9.460784313725489891e-01 9.665032679738562171e-01 9.076797385620914982e-01
9.509803921568626972e-01 9.575163398692809746e-01 9.526143790849672666e-01 9.558823529411764053e-01 9.852941176470588758e-01 9.901960784313725839e-01 8.725490196078431460e-01 8.921568627450979783e-01 9.901960784313725839e-01 8.921568627450979783e-01
9.714052287581699252e-01 9.297385620915032955e-01 9.068627450980392135e-01 9.436274509803921351e-01 9.460784313725489891e-01 9.754901960784313486e-01 9.607843137254901134e-01 9.852941176470588758e-01 8.970588235294117974e-01 9.852941176470588758e-01
9.411764705882352811e-01 9.215686274509804488e-01 7.058823529411764053e-01 9.166666666666667407e-01 8.529411764705883137e-01 9.460784313725489891e-01 9.460784313725489891e-01 9.264705882352941568e-01 9.803921568627451677e-01 9.509803921568626972e-01
9.616013071895423980e-01 9.624183006535946827e-01 8.750000000000000000e-01 8.088235294117647189e-01 9.460784313725489891e-01 9.566993464052286900e-01 9.763071895424836333e-01 9.575163398692809746e-01 9.705882352941176405e-01 9.754901960784313486e-01
9.362745098039215730e-01 9.803921568627451677e-01 7.941176470588235947e-01 9.705882352941176405e-01 9.852941176470588758e-01 9.575163398692809746e-01 9.558823529411764053e-01 9.607843137254901134e-01 9.215686274509804488e-01 9.436274509803921351e-01
5.294117647058823595e-01 6.960784313725489891e-01 8.774509803921568540e-01 9.240196078431373028e-01 9.362745098039215730e-01 9.330065359477124343e-01 9.852941176470588758e-01 9.207516339869281641e-01 9.803921568627451677e-01 9.468954248366012738e-01
