0.000000000000000000e+00 0.000000000000000000e+00 0.000000000000000000e+00 0.000000000000000000e+00 0.000000000000000000e+00 0.000000000000000000e+00 0.000000000000000000e+00 0.000000000000000000e+00 0.000000000000000000e+00 0.000000000000000000e+00
9.432858253302741636e-01 8.830366707956721628e-01 8.415635332719471062e-01 9.442933254078124117e-01 9.137872693363306986e-01 9.098841956303432843e-01 8.830366707956721628e-01 8.401680504168058672e-01 8.683378922903030039e-01 9.053565001858749905e-01
9.267955267481673420e-01 9.624183006535947937e-01 9.137872693363306986e-01 9.098841956303432843e-01 8.540560664885429309e-01 8.872549019607842702e-01 7.298084138016051048e-01 8.683378922903030039e-01 9.298956298171000556e-01 5.855400437691199445e-01
7.188927059645796591e-01 7.759356446042894317e-01 9.442933254078124117e-01 9.624183006535947937e-01 7.759356446042894317e-01 9.637388493048533178e-01 7.409585736349484364e-01 9.098841956303432843e-01 8.401680504168058672e-01 9.465345222494289112e-01
8.830366707956721628e-01 5.287747631941085436e-01 8.981774262781437868e-01 9.465345222494289112e-01 9.248366013071895875e-01 7.684408206606190284e-01 9.637388493048533178e-01 6.773651374345780463e-01 9.298956298171000556e-01 9.465345222494289112e-01
8.134892168199606699e-01 8.697864764047946728e-01 6.115654433368171716e-01 7.759356446042894317e-01 8.935221613038462074e-01 9.070399009063034867e-01 7.417469093056329177e-01 4.955457480207082210e-01 9.637388493048533178e-01 8.266524014003262533e-01
9.637388493048533178e-01 9.137872693363306986e-01 8.697864764047946728e-01 8.732338690112576574e-01 8.401680504168058672e-01 6.295872381947855700e-01 8.051610483161055765e-01 9.637388493048533178e-01 9.637388493048533178e-01 8.935221613038462074e-01
4.408128045084880320e-01 9.098841956303432843e-01 6.205052279940229676e-01 9.298956298171000556e-01 8.683378922903030039e-01 5.058481520586750602e-01 9.098841956303432843e-01 8.935221613038462074e-01 8.529088816347951685e-01 7.759356446042894317e-01
9.070399009063034867e-01 6.027618097623294036e-01 8.051610483161055765e-01 8.981774262781437868e-01 8.935221613038462074e-01 8.475426623229399548e-01 8.898522041914812553e-01 6.674697830483008465e-01 5.687964589945210259e-01 9.465345222494289112e-01
8.935221613038462074e-01 7.523547938632787480e-01 5.365870820234375227e-01 6.388178420286315662e-01 7.709474511896291515e-01 6.295872381947855700e-01 7.881474929150223963e-01 7.570076935900423853e-01 9.298956298171000556e-01 9.137872693363306986e-01
