0.000000000000000000e+00 0.000000000000000000e+00 0.000000000000000000e+00 0.000000000000000000e+00 0.000000000000000000e+00
5.540000000000000480e-01 5.540000000000000480e-01 5.480000000000000426e-01 5.520000000000000462e-01 5.500000000000000444e-01
5.540000000000000480e-01 5.600000000000000533e-01 5.520000000000000462e-01 5.480000000000000426e-01 5.360000000000000320e-01
5.580000000000000515e-01 5.480000000000000426e-01 5.620000000000000551e-01 5.480000000000000426e-01 5.520000000000000462e-01
5.639999999999999458e-01 5.400000000000000355e-01 5.360000000000000320e-01 5.480000000000000426e-01 5.380000000000000338e-01
5.440000000000000391e-01 5.440000000000000391e-01 5.460000000000000409e-01 5.420000000000000373e-01 5.580000000000000515e-01
5.460000000000000409e-01 5.420000000000000373e-01 5.340000000000000302e-01 5.380000000000000338e-01 5.420000000000000373e-01
5.400000000000000355e-01 5.260000000000000231e-01 5.260000000000000231e-01 5.240000000000000213e-01 5.360000000000000320e-01
4.939999999999999947e-01 4.859999999999999876e-01 4.959999999999999964e-01 5.080000000000000071e-01 4.739999999999999769e-01
4.179999999999999827e-01 3.840000000000000080e-01 3.599999999999999867e-01 4.179999999999999827e-01 3.559999999999999831e-01
3.340000000000000191e-01 3.459999999999999742e-01 3.439999999999999725e-01 3.479999999999999760e-01 3.499999999999999778e-01
