0.000000000000000000e+00 0.000000000000000000e+00 0.000000000000000000e+00 0.000000000000000000e+00 0.000000000000000000e+00
4.926377541151858441e-01 4.998133116291684219e-01 5.095706098973848963e-01 4.886905384019600840e-01 5.055813361099374958e-01
5.013795873937383352e-01 5.007325822013644068e-01 5.044184214692882806e-01 4.800008848657788540e-01 5.137263655467538825e-01
4.779071429001833238e-01 4.862109653132374865e-01 4.636148597899386603e-01 4.939715315028800902e-01 5.170314877646730034e-01
4.862674031151618670e-01 4.941669844687985869e-01 4.644759513611972368e-01 4.990804581932631323e-01 5.197288614003270357e-01
4.720702228932572853e-01 4.724361741851678120e-01 5.080367139965211720e-01 4.440226428484256860e-01 5.037358802110412093e-01
5.118841996361089830e-01 4.597825289184820363e-01 4.765566708984464439e-01 5.060778872575022458e-01 5.011627410735259858e-01
4.908735693254521748e-01 4.532164197684550588e-01 4.818587809482068329e-01 4.940661173687150853e-01 4.870850935462959219e-01
4.575983340078514372e-01 4.777146341556000042e-01 4.760117738440587387e-01 4.647274294333118005e-01 4.425490167637845529e-01
4.716668574445451179e-01 4.317603208518144831e-01 4.869760348621435808e-01 4.776853913758112302e-01 4.467441285792242978e-01
3.158424576453062738e-01 3.023172916138018307e-01 3.258780084558731138e-01 2.810309608623514088e-01 3.236513181769056779e-01
