0.000000000000000000e+00 0.000000000000000000e+00 0.000000000000000000e+00 0.000000000000000000e+00 0.000000000000000000e+00
6.869929122527964616e-01 6.869957814359571868e-01 6.824938340202966192e-01 6.854704212925142315e-01 6.840076175496043742e-01
6.870127408909675326e-01 6.915025155210881014e-01 6.855754310994466305e-01 6.825123180137975254e-01 6.734728192597180252e-01
6.900420009073511274e-01 6.825663372640654591e-01 6.932393021802947253e-01 6.825350872342557107e-01 6.855455473093714502e-01
6.945769615614543202e-01 6.765674241706299830e-01 6.735704010694867350e-01 6.826161583939002186e-01 6.750166363207178444e-01
6.796145564323907706e-01 6.796829988436833281e-01 6.811081934717705400e-01 6.782052039489669948e-01 6.902001585992990629e-01
6.812491694219426908e-01 6.782251955539750909e-01 6.720452898379098983e-01 6.750709287187697250e-01 6.782152348895865712e-01
6.766246516842173708e-01 6.660891933053300074e-01 6.660124971484140399e-01 6.644470049756503460e-01 6.735146556802251716e-01
6.411802396937783532e-01 6.349387288590161438e-01 6.429830377546845721e-01 6.521954210937427332e-01 6.256007873732102320e-01
5.809233224290354380e-01 5.524858434323440814e-01 5.321750591896836635e-01 5.807379591975138089e-01 5.286642370073992847e-01
5.097995014804853620e-01 5.205367290566945693e-01 5.186627558880959610e-01 5.219023938964839626e-01 5.238799912304754614e-01
