0.000000000000000000e+00 0.000000000000000000e+00 0.000000000000000000e+00 0.000000000000000000e+00 0.000000000000000000e+00
4.226819378801999760e-01 4.233179624020513288e-01 4.146762612605061071e-01 4.206813948885850807e-01 4.180654341749826530e-01
4.220624380885858451e-01 4.343674168418399928e-01 4.224885353689807332e-01 4.137623135975959654e-01 4.020594352992774012e-01
4.296045967995158477e-01 4.193472794008361038e-01 4.360207808099135218e-01 4.169101478775291136e-01 4.185140820607665124e-01
4.364795407909402569e-01 4.048412135292414060e-01 4.013285442185853258e-01 4.219049456085516292e-01 4.036138059455896543e-01
4.185852587131535518e-01 4.145474604821127729e-01 4.122156828360880043e-01 4.120439098996633853e-01 4.290361877281712588e-01
4.152986230917187771e-01 4.142995498738998861e-01 3.987098193957920866e-01 4.008818413862952346e-01 4.108191310787105976e-01
4.020283311753913291e-01 3.905832869513078398e-01 3.881384109445994435e-01 3.848375402083706320e-01 4.063213560174340211e-01
3.491653049781432983e-01 3.358012030564126449e-01 3.503211178214939991e-01 3.674043084395539061e-01 3.193925100615262469e-01
2.546879278499743493e-01 2.056849863172117709e-01 1.791915173170957332e-01 2.507881471536605456e-01 1.657089436140247452e-01
1.490874478612537468e-01 1.889506908307036492e-01 1.758675271323619504e-01 1.740337133928558933e-01 1.920559437621164878e-01
