0.000000000000000000e+00 0.000000000000000000e+00 0.000000000000000000e+00 0.000000000000000000e+00 0.000000000000000000e+00
4.053333333333333233e-01 4.133333333333333304e-01 4.213333333333333375e-01 4.133333333333333304e-01 4.213333333333333375e-01
4.079999999999999738e-01 3.920000000000000151e-01 3.946666666666666656e-01 4.159999999999999809e-01 4.239999999999999880e-01
4.213333333333333375e-01 4.239999999999999880e-01 4.346666666666666456e-01 4.106666666666666798e-01 4.560000000000000164e-01
4.026666666666666727e-01 4.266666666666666941e-01 4.079999999999999738e-01 4.239999999999999880e-01 4.053333333333333233e-01
4.079999999999999738e-01 4.000000000000000222e-01 4.026666666666666727e-01 4.079999999999999738e-01 4.213333333333333375e-01
4.079999999999999738e-01 3.866666666666666585e-01 3.893333333333333091e-01 3.973333333333333162e-01 4.026666666666666727e-01
3.786666666666666514e-01 3.893333333333333091e-01 3.893333333333333091e-01 3.920000000000000151e-01 4.133333333333333304e-01
3.626666666666666927e-01 3.866666666666666585e-01 3.973333333333333162e-01 3.760000000000000009e-01 3.413333333333333219e-01
3.599999999999999867e-01 3.679999999999999938e-01 3.493333333333333290e-01 3.760000000000000009e-01 3.573333333333333361e-01
3.386666666666666714e-01 3.360000000000000209e-01 3.226666666666666572e-01 3.360000000000000209e-01 3.466666666666666785e-01
