0.000000000000000000e+00 0.000000000000000000e+00 0.000000000000000000e+00 0.000000000000000000e+00 0.000000000000000000e+00
4.022272465549410203e-01 4.108073753221004321e-01 4.199227083144632666e-01 4.123071107160184989e-01 4.201625286882259558e-01
4.023265559746246889e-01 3.863280944561732766e-01 3.931304575443864135e-01 4.136597179417574321e-01 4.215989793005412434e-01
4.165634807311885957e-01 4.204300897236279422e-01 4.272508055693896023e-01 4.055657050062165259e-01 4.514765137715957555e-01
3.953188648070912747e-01 4.193777914042230992e-01 3.904524817848109564e-01 4.210355252373411683e-01 3.968024449759608996e-01
3.977848101265823444e-01 3.821782178217822401e-01 3.851323053493241333e-01 3.925436052132884601e-01 3.967892313756975486e-01
3.832774877991074192e-01 3.639471715019708120e-01 3.584220216732688091e-01 3.647398024624813329e-01 3.761974235643943398e-01
3.399044422634986407e-01 3.463351123784759178e-01 3.499610059350553026e-01 3.576294766432884242e-01 3.706290105394509093e-01
2.902019952633070887e-01 3.441399172476062307e-01 3.559312386156648356e-01 2.925346496676098917e-01 2.770752281156197427e-01
2.638906996548631700e-01 2.635739556467464051e-01 2.387550017641847100e-01 2.722644561810637076e-01 2.404377854108472323e-01
1.778346983735466791e-01 1.814957788030003571e-01 1.812355272088473634e-01 1.770833333333333426e-01 1.946121366219863702e-01
