0.000000000000000000e+00 0.000000000000000000e+00 0.000000000000000000e+00 0.000000000000000000e+00 0.000000000000000000e+00
5.381978157600502133e-01 5.449534128916179165e-01 5.561582508603103436e-01 5.606218769267649060e-01 5.223332269729736854e-01
5.606218769267650170e-01 5.246086371975038354e-01 5.494433546781688493e-01 5.404524853202998802e-01 5.200546979779039347e-01
5.539225778231305908e-01 5.561582508603103436e-01 5.268809690580553706e-01 5.606218769267650170e-01 5.739531533341568625e-01
5.223332269729736854e-01 5.561582508603103436e-01 5.268809690580553706e-01 5.628498911788115677e-01 5.494433546781688493e-01
5.539225778231305908e-01 5.449534128916179165e-01 5.246086371975038354e-01 5.471997400909064391e-01 5.449534128916179165e-01
5.359402951822151984e-01 5.154881181947844615e-01 5.539225778231305908e-01 5.427043393966921592e-01 5.381978157600502133e-01
5.223332269729736854e-01 5.336798874065071807e-01 5.131999826794835240e-01 5.086138024080746334e-01 5.427043393966921592e-01
4.854725075177332427e-01 5.246086371975038354e-01 5.583913402703242213e-01 5.177730090386025719e-01 5.017090790488049068e-01
4.947726750741193169e-01 5.154881181947843505e-01 4.970884115415374893e-01 5.063156678946006961e-01 5.017090790488050178e-01
4.761101646561317624e-01 4.761101646561317624e-01 4.737594326237737907e-01 4.784567784961237802e-01 4.737594326237737907e-01
