0.000000000000000000e+00 0.000000000000000000e+00 0.000000000000000000e+00 0.000000000000000000e+00 0.000000000000000000e+00
5.336798874065071807e-01 5.404524853202998802e-01 5.471997400909064391e-01 5.404524853202998802e-01 5.471997400909064391e-01
5.359402951822153094e-01 5.223332269729736854e-01 5.246086371975038354e-01 5.427043393966920481e-01 5.494433546781687383e-01
5.471997400909064391e-01 5.494433546781688493e-01 5.583913402703241102e-01 5.381978157600502133e-01 5.761666425609869302e-01
5.314165555903914706e-01 5.516842897487252984e-01 5.359402951822151984e-01 5.494433546781688493e-01 5.336798874065071807e-01
5.359402951822151984e-01 5.291502622129181654e-01 5.314165555903914706e-01 5.359402951822151984e-01 5.471997400909064391e-01
5.359402951822151984e-01 5.177730090386025719e-01 5.200546979779039347e-01 5.268809690580553706e-01 5.314165555903914706e-01
5.109085588983175441e-01 5.200546979779039347e-01 5.200546979779039347e-01 5.223332269729736854e-01 5.404524853202998802e-01
4.970884115415374893e-01 5.177730090386026829e-01 5.268809690580554816e-01 5.086138024080747444e-01 4.784567784961237802e-01
4.947726750741193169e-01 5.017090790488049068e-01 4.854725075177332427e-01 5.086138024080746334e-01 4.924532690745612173e-01
4.761101646561317624e-01 4.737594326237737907e-01 4.619417952753596124e-01 4.737594326237737907e-01 4.831378915198250579e-01
