0.000000000000000000e+00 0.000000000000000000e+00 0.000000000000000000e+00 0.000000000000000000e+00 0.000000000000000000e+00
9.324757965283125838e-01 9.339012822232720668e-01 9.296222517045285016e-01 9.324757965283126948e-01 9.381726393551285126e-01
9.353259153371271672e-01 9.353259153371271672e-01 9.296222517045285016e-01 9.424364274332176494e-01 9.310494543362093367e-01
9.452747983758185146e-01 9.410159993916740184e-01 9.353259153371271672e-01 9.310494543362093367e-01 9.353259153371271672e-01
9.296222517045285016e-01 9.410159993916740184e-01 9.452747983758185146e-01 9.381726393551285126e-01 9.253354413467289596e-01
9.310494543362092257e-01 9.438560258486801136e-01 9.281941846642028926e-01 9.281941846642028926e-01 9.353259153371270562e-01
9.196074041555872824e-01 9.239047569960878725e-01 9.310494543362093367e-01 9.410159993916740184e-01 9.353259153371270562e-01
9.095487960223349599e-01 8.994449591653184140e-01 9.138650790549168734e-01 9.239047569960877615e-01 9.138650790549168734e-01
8.834723859805259094e-01 8.892943519692703136e-01 9.052242065905722335e-01 8.979977728257461100e-01 9.196074041555873935e-01
8.892943519692704246e-01 8.805553803014196657e-01 8.688462620973251838e-01 8.555923513010962322e-01 8.747091227275018976e-01
7.537756813388036825e-01 7.411835713369212542e-01 7.740186937481581264e-01 7.631513611335566383e-01 7.647084492443372294e-01
