0.000000000000000000e+00 0.000000000000000000e+00 0.000000000000000000e+00 0.000000000000000000e+00 0.000000000000000000e+00
8.667790341953928168e-01 8.695518031463964626e-01 8.613078520410398786e-01 8.669021535566161507e-01 8.780759406024887248e-01
8.724592186435176089e-01 8.723622422142195409e-01 8.613610484176209559e-01 8.862643058362650317e-01 8.643532032826424238e-01
8.917602513566955658e-01 8.834696817687111015e-01 8.723460826197280138e-01 8.641663201420864970e-01 8.726047439464102995e-01
8.613823297282706681e-01 8.837261878483448907e-01 8.917272181015019061e-01 8.781301846760912744e-01 8.535948800132647785e-01
8.647112894663566696e-01 8.891963185392389724e-01 8.589963951033893208e-01 8.588689680479215660e-01 8.729553815287967033e-01
8.427024748072561300e-01 8.510197333438298539e-01 8.646952462380330662e-01 8.841523722977296940e-01 8.729122033226850430e-01
8.246129934796142535e-01 8.051920027772239141e-01 8.332551490072441780e-01 8.505987802681678200e-01 8.325881125001773908e-01
7.758900271713262686e-01 7.887761654429084057e-01 8.171183486432374021e-01 8.035093774191239824e-01 8.433602937437394420e-01
7.873336247395418264e-01 7.719405490204204190e-01 7.534179806385564726e-01 7.263004409032304265e-01 7.621852903492395415e-01
5.725290862072809350e-01 5.532539881543109272e-01 5.981421755469001900e-01 5.813279718730280932e-01 5.836966918210501065e-01
