0.000000000000000000e+00 0.000000000000000000e+00 0.000000000000000000e+00 0.000000000000000000e+00 0.000000000000000000e+00
8.696108673869843431e-01 8.669449899817717187e-01 8.668325579065147002e-01 8.723245378905911673e-01 8.778590647879791486e-01
8.556876163042861361e-01 8.724646071712451878e-01 8.614355399066434549e-01 8.695464342667357238e-01 8.614248970821002382e-01
8.751999141707340613e-01 8.557087516996434440e-01 8.531992148075937532e-01 8.643532032826424238e-01 8.641716579782710017e-01
8.562905894983590116e-01 8.535632065379690214e-01 8.593577466663573361e-01 8.533046717284349381e-01 8.316497407544038989e-01
8.575322754468739372e-01 8.398485234183253878e-01 8.511882896542336541e-01 8.021867109095428550e-01 8.623950124899713021e-01
8.018636959441208800e-01 8.345420303130196560e-01 8.465530016278852710e-01 8.075928226202200300e-01 8.146641568913961517e-01
8.018536809728660231e-01 7.806145961900259334e-01 7.778556666007568898e-01 8.048939264260978055e-01 8.026259334977728921e-01
7.621746979543866374e-01 7.639774320698926591e-01 7.418328764618236093e-01 7.612407602775084214e-01 7.698816411800811776e-01
6.290177450667739922e-01 7.103308306897723190e-01 6.803978018619130097e-01 6.145322911695587642e-01 6.630489160043173680e-01
5.385696535780778449e-01 5.299158319985072252e-01 5.313637649537918950e-01 5.405433070900139692e-01 5.370899809704129391e-01
