0.000000000000000000e+00 0.000000000000000000e+00 0.000000000000000000e+00 0.000000000000000000e+00 0.000000000000000000e+00
9.150515463917525683e-01 9.167010309278350588e-01 9.134020618556700777e-01 9.171134020618556537e-01 9.195876288659793341e-01
9.183505154639175494e-01 9.150515463917525683e-01 9.167010309278350588e-01 9.154639175257731631e-01 9.175257731958762486e-01
9.150515463917525683e-01 9.162886597938144639e-01 9.175257731958762486e-01 9.167010309278350588e-01 9.212371134020618246e-01
9.142268041237113785e-01 9.187628865979381443e-01 9.179381443298969545e-01 9.154639175257731631e-01 9.171134020618556537e-01
9.105154639175258025e-01 9.183505154639175494e-01 9.121649484536082930e-01 9.158762886597938691e-01 9.208247422680412297e-01
9.138144329896906726e-01 9.187628865979381443e-01 9.212371134020618246e-01 9.183505154639175494e-01 9.154639175257731631e-01
9.154639175257731631e-01 9.179381443298969545e-01 9.208247422680412297e-01 9.175257731958762486e-01 9.179381443298969545e-01
9.171134020618556537e-01 9.113402061855669922e-01 9.113402061855669922e-01 9.150515463917525683e-01 9.200000000000000400e-01
9.183505154639175494e-01 9.129896907216494828e-01 9.117525773195875871e-01 9.129896907216494828e-01 9.187628865979381443e-01
9.092783505154639068e-01 8.989690721649484795e-01 8.931958762886598180e-01 9.080412371134020111e-01 9.035051546391752453e-01
