0.000000000000000000e+00 0.000000000000000000e+00 0.000000000000000000e+00 0.000000000000000000e+00 0.000000000000000000e+00
9.452261917878165276e-01 9.496092104243227805e-01 9.482663366041279573e-01 9.472961989592389997e-01 9.477542077930389830e-01
9.502194415344871192e-01 9.480540944539855852e-01 9.494262791542852353e-01 9.496567478051817224e-01 9.475451800736329755e-01
9.462375855256554003e-01 9.485941304976103217e-01 9.460567938600515925e-01 9.458693774703376134e-01 9.499564901294405006e-01
9.473821904820042272e-01 9.503217735659919008e-01 9.466352127086717916e-01 9.482828199388009249e-01 9.472717162182276995e-01
9.409495439089969882e-01 9.482893403097663043e-01 9.470824137727937853e-01 9.498115618234120872e-01 9.478536838690923005e-01
9.488873628575585917e-01 9.469610410987959748e-01 9.467547365984037011e-01 9.485025431805935714e-01 9.476871879513945052e-01
9.416948676520596750e-01 9.491735504741439788e-01 9.512109964640331761e-01 9.475479479282340467e-01 9.480432643100527024e-01
9.464139657886783130e-01 9.381666218439395077e-01 9.425031364823547309e-01 9.462155468049332496e-01 9.503267353515818527e-01
9.429221926402132636e-01 9.147119404009047550e-01 9.431556731374596270e-01 9.484633236969438608e-01 9.486499221163097184e-01
9.011659877101534377e-01 8.791614112704574380e-01 9.051009136056360482e-01 8.899509235302464072e-01 8.943307279280821032e-01
