0.000000000000000000e+00 0.000000000000000000e+00 0.000000000000000000e+00 0.000000000000000000e+00 0.000000000000000000e+00
8.266666666666666607e-01 8.106666666666666465e-01 8.159999999999999476e-01 8.266666666666666607e-01 8.293333333333333668e-01
8.159999999999999476e-01 8.239999999999999547e-01 8.080000000000000515e-01 8.133333333333333526e-01 8.106666666666666465e-01
8.159999999999999476e-01 8.186666666666666536e-01 8.213333333333333597e-01 8.213333333333333597e-01 8.239999999999999547e-01
8.053333333333333455e-01 8.080000000000000515e-01 8.186666666666666536e-01 8.026666666666666394e-01 8.133333333333333526e-01
7.893333333333333313e-01 7.973333333333333384e-01 7.946666666666666323e-01 8.106666666666666465e-01 8.026666666666666394e-01
7.786666666666666181e-01 8.053333333333333455e-01 7.760000000000000231e-01 7.920000000000000373e-01 7.920000000000000373e-01
7.573333333333333028e-01 7.760000000000000231e-01 7.520000000000000018e-01 7.813333333333333242e-01 7.680000000000000160e-01
7.600000000000000089e-01 7.520000000000000018e-01 7.359999999999999876e-01 7.973333333333333384e-01 6.959999999999999520e-01
6.480000000000000204e-01 6.239999999999999991e-01 5.839999999999999636e-01 6.720000000000000417e-01 6.400000000000000133e-01
3.466666666666666785e-01 3.493333333333333290e-01 4.346666666666666456e-01 4.159999999999999809e-01 3.840000000000000080e-01
