0.000000000000000000e+00 0.000000000000000000e+00 0.000000000000000000e+00 0.000000000000000000e+00 0.000000000000000000e+00
8.607717467482306484e-01 8.628098799207674086e-01 8.648473211433849173e-01 8.628098799207672975e-01 8.628098799207672975e-01
8.526121952890163280e-01 8.628098799207672975e-01 8.526121952890163280e-01 8.464850198845157436e-01 8.607717467482306484e-01
8.628098799207672975e-01 8.587329166989130513e-01 8.526121952890163280e-01 8.444411695842931609e-01 8.607717467482306484e-01
8.403512493131799488e-01 8.444411695842931609e-01 8.505705274827140006e-01 8.464850198845157436e-01 8.546531460188981910e-01
8.423965811896437783e-01 8.444411695842931609e-01 8.403512493131799488e-01 8.526121952890162170e-01 8.464850198845157436e-01
8.178019320104349399e-01 8.546531460188981910e-01 8.301132452864489197e-01 8.403512493131799488e-01 8.219088892463825013e-01
8.054613584772395418e-01 8.198558138816578467e-01 8.280633362786260498e-01 8.136917243171534198e-01 8.219088892463825013e-01
8.280633362786260498e-01 8.178019320104349399e-01 8.136917243171533087e-01 8.423965811896437783e-01 7.889593708733605437e-01
7.557777451076473918e-01 7.703251838599649570e-01 7.951542128557341771e-01 7.972173828734265832e-01 7.495278513837894119e-01
5.063156678946006961e-01 5.539225778231305908e-01 6.544860579110910459e-01 6.501965514792859002e-01 5.717373134189822625e-01
