0.000000000000000000e+00 0.000000000000000000e+00 0.000000000000000000e+00 0.000000000000000000e+00 0.000000000000000000e+00
8.689201472069929544e-01 8.566933847973590144e-01 8.607717467482306484e-01 8.689201472069929544e-01 8.709555416641859837e-01
8.607717467482306484e-01 8.668840752949613648e-01 8.546531460188981910e-01 8.587329166989130513e-01 8.566933847973590144e-01
8.607717467482306484e-01 8.628098799207674086e-01 8.648473211433848062e-01 8.648473211433849173e-01 8.668840752949612538e-01
8.526121952890163280e-01 8.546531460188981910e-01 8.628098799207674086e-01 8.505705274827138895e-01 8.587329166989130513e-01
8.403512493131799488e-01 8.464850198845157436e-01 8.444411695842931609e-01 8.566933847973587923e-01 8.505705274827140006e-01
8.321623773172051042e-01 8.526121952890163280e-01 8.301132452864489197e-01 8.423965811896437783e-01 8.423965811896437783e-01
8.157472375408669762e-01 8.301132452864489197e-01 8.116353861186683671e-01 8.342107380965290142e-01 8.239611641333588476e-01
8.178019320104349399e-01 8.116353861186684782e-01 7.992796757080715686e-01 8.464850198845156326e-01 7.682499593231360002e-01
7.307201926866397912e-01 7.118202020173352018e-01 6.800941111346281431e-01 7.495278513837894119e-01 7.244308110509932730e-01
4.831378915198250579e-01 4.854725075177332427e-01 5.583913402703242213e-01 5.427043393966920481e-01 5.154881181947844615e-01
