0.000000000000000000e+00 0.000000000000000000e+00 0.000000000000000000e+00 0.000000000000000000e+00 0.000000000000000000e+00
7.402922263427120786e-01 7.162139411837560310e-01 7.249595147641698656e-01 7.401500189406320374e-01 7.445004725328524531e-01
7.249052469752597094e-01 7.367154525342439753e-01 7.128216440738759374e-01 7.202997070301587756e-01 7.173095680694546727e-01
7.252155128887023405e-01 7.289102483397639221e-01 7.328760662236333268e-01 7.333388321603921955e-01 7.375830769987857805e-01
7.104672370712563634e-01 7.156351170042281051e-01 7.294096088767526576e-01 7.070459155284888331e-01 7.217187750263251989e-01
6.883308353598962537e-01 6.992370355254934333e-01 6.994101042059407414e-01 7.188194680942924242e-01 7.085263539146758882e-01
6.762815029154288782e-01 7.117220749637366284e-01 6.699069319612942497e-01 6.951627837427952761e-01 6.958147430067098682e-01
6.522604648135273964e-01 6.789683130710744141e-01 6.444247581657701618e-01 6.864828753472764777e-01 6.692028014199157271e-01
6.600384483594580187e-01 6.542878423029133694e-01 6.332104321220417553e-01 7.128354345485692356e-01 5.712672306837931480e-01
5.260593056361875242e-01 4.819236157452060354e-01 4.513808774753887976e-01 5.645243663084542618e-01 5.195382502461725061e-01
1.005105501410432645e-01 1.103070400403781126e-01 2.708855020368713951e-01 2.430195576657626366e-01 1.862387118772329819e-01
