0.000000000000000000e+00 0.000000000000000000e+00 0.000000000000000000e+00 0.000000000000000000e+00 0.000000000000000000e+00
6.719649509065726001e-01 6.063854621657922550e-01 6.176371646767646606e-01 6.023868643143753809e-01 6.046951022483350036e-01
6.481377654015431089e-01 6.363442430241611492e-01 6.407860363067043874e-01 6.133220447113154616e-01 6.060223863075356876e-01
6.207808927451683445e-01 5.790805155384846081e-01 5.706214378780287699e-01 5.977178255224376846e-01 6.442090521114132162e-01
6.243592529642681965e-01 6.124255559767594059e-01 6.084821581278222480e-01 6.005363152808588234e-01 6.162777652226899550e-01
5.933627864360756510e-01 5.903711490067624634e-01 6.477606651063523291e-01 5.966265244040286353e-01 5.734423888235602451e-01
5.888832521939464382e-01 6.087881165719456478e-01 6.018137896791578845e-01 6.322269912251843316e-01 6.009662686750963934e-01
5.575209625841325289e-01 5.679802667175748443e-01 6.108311862890906108e-01 6.113614995071682268e-01 5.797516446820099034e-01
5.621308719803185250e-01 4.875590765214698474e-01 5.020513847378935690e-01 5.052928362968100995e-01 4.239442055765332840e-01
5.632719745161455238e-01 5.409403872924406498e-01 5.574776986697346226e-01 5.409403872924406498e-01 4.520426080880347031e-01
2.255673429889441528e-01 2.658704541101911678e-01 3.126409456585231839e-01 3.349792713155729240e-01 3.413723885058598806e-01
