0.000000000000000000e+00 0.000000000000000000e+00 0.000000000000000000e+00 0.000000000000000000e+00 0.000000000000000000e+00
6.666666666666666297e-01 6.666666666666666297e-01 6.666666666666666297e-01 6.666666666666666297e-01 6.666666666666666297e-01
6.944444444444444198e-01 6.944444444444444198e-01 6.611111111111110938e-01 6.888888888888888840e-01 6.833333333333333481e-01
6.722222222222222765e-01 6.500000000000000222e-01 6.722222222222222765e-01 6.722222222222222765e-01 6.833333333333333481e-01
6.500000000000000222e-01 6.444444444444444864e-01 6.611111111111110938e-01 6.777777777777778123e-01 6.777777777777778123e-01
6.166666666666666963e-01 6.166666666666666963e-01 6.222222222222222321e-01 6.111111111111111605e-01 6.055555555555555136e-01
6.111111111111111605e-01 5.777777777777777235e-01 5.999999999999999778e-01 6.111111111111111605e-01 5.722222222222221877e-01
5.999999999999999778e-01 5.777777777777777235e-01 5.833333333333333703e-01 6.055555555555555136e-01 5.777777777777777235e-01
5.555555555555555802e-01 5.555555555555555802e-01 5.333333333333333259e-01 5.777777777777777235e-01 5.666666666666666519e-01
5.444444444444443976e-01 5.388888888888888618e-01 5.444444444444443976e-01 5.333333333333333259e-01 5.222222222222222543e-01
5.111111111111110716e-01 5.166666666666667185e-01 5.166666666666667185e-01 5.111111111111110716e-01 5.111111111111110716e-01
