0.000000000000000000e+00 0.000000000000000000e+00 0.000000000000000000e+00 0.000000000000000000e+00 0.000000000000000000e+00
6.250000000000000000e-01 6.250000000000000000e-01 6.250000000000000000e-01 6.250000000000000000e-01 6.250000000000000000e-01
6.629787234042554545e-01 6.629787234042554545e-01 6.171414623940862931e-01 6.555494805904865663e-01 6.480395183698672845e-01
6.327673847643418004e-01 6.011396011396010763e-01 6.327673847643418004e-01 6.327673847643418004e-01 6.480395183698672845e-01
6.011396011396010763e-01 5.929903900508761705e-01 6.171414623940862931e-01 6.404463424714148534e-01 6.404463424714148534e-01
5.506349723217193182e-01 5.506349723217193182e-01 5.593317972350231315e-01 5.418181818181817544e-01 5.328776636572973846e-01
5.418181818181817544e-01 4.861778846153845812e-01 5.238095238095238360e-01 5.418181818181817544e-01 4.764081447621926202e-01
5.238095238095238360e-01 4.861778846153845812e-01 4.957983193277310519e-01 5.328776636572973846e-01 4.861778846153845812e-01
4.461538461538461786e-01 4.461538461538461786e-01 4.034090909090909394e-01 4.861778846153845812e-01 4.664842681258549728e-01
4.251441034429038757e-01 4.143702716475246017e-01 4.251441034429038757e-01 4.034090909090909394e-01 3.808990561510158801e-01
3.575600259571706241e-01 3.693367162015223082e-01 3.693367162015223082e-01 3.575600259571706241e-01 3.575600259571706241e-01
