0.000000000000000000e+00 0.000000000000000000e+00 0.000000000000000000e+00 0.000000000000000000e+00 0.000000000000000000e+00
8.266666666666666607e-01 8.314752398236970876e-01 6.834415584415585165e-01 6.766386554621848237e-01 8.634453781512605453e-01
8.761904761904761862e-01 8.134566326530612290e-01 8.539452078472041796e-01 8.521963824289406908e-01 8.314752398236970876e-01
8.224650051212019086e-01 6.971773088517401185e-01 8.501108647450110745e-01 8.539452078472041796e-01 8.314752398236970876e-01
8.406862745098039325e-01 8.597626752966558428e-01 8.446568794810516145e-01 8.483333333333333837e-01 8.358585858585858563e-01
8.521963824289406908e-01 8.696563667851608948e-01 8.355679230963825033e-01 8.266666666666666607e-01 8.580166011358671962e-01
8.521963824289406908e-01 8.305637015314435434e-01 8.253229974160207760e-01 8.521963824289406908e-01 8.406862745098039325e-01
8.962305986696230686e-01 8.986524111816460714e-01 8.616887513299158474e-01 6.365173288250212114e-01 8.557692307692307265e-01
8.365412515717187691e-01 8.962305986696230686e-01 8.501108647450110745e-01 8.696563667851608948e-01 8.355679230963825033e-01
8.459575243824628554e-01 8.731707317073170715e-01 8.514285714285714235e-01 8.962305986696230686e-01 8.211477987421383906e-01
8.668487538409013204e-01 8.253229974160207760e-01 8.151158065826900057e-01 9.233490566037736436e-01 8.358585858585858563e-01
