0.000000000000000000e+00 0.000000000000000000e+00 0.000000000000000000e+00 0.000000000000000000e+00 0.000000000000000000e+00
8.922955974842767812e-01 8.808962264150943522e-01 8.301886792452830566e-01 8.254716981132075304e-01 9.111635220125786638e-01
8.883647798742138058e-01 8.989779874213836841e-01 9.064465408805031377e-01 8.352987421383648581e-01 8.808962264150943522e-01
8.761792452830188260e-01 8.396226415094338869e-01 8.903301886792452935e-01 9.064465408805031377e-01 8.808962264150943522e-01
8.856132075471698784e-01 8.950471698113207086e-01 9.017295597484276115e-01 9.178459119496855667e-01 8.144654088050313767e-01
8.352987421383648581e-01 8.997641509433962348e-01 8.970125786163521964e-01 8.922955974842767812e-01 8.238993710691824290e-01
8.352987421383648581e-01 9.084119496855346254e-01 8.097484276729559616e-01 8.352987421383648581e-01 8.856132075471698784e-01
9.414308176100629755e-01 8.541666666666667407e-01 8.675314465408805464e-01 7.971698113207547065e-01 8.789308176100629755e-01
8.419811320754717610e-01 9.414308176100629755e-01 8.903301886792452935e-01 8.997641509433962348e-01 8.970125786163521964e-01
8.742138364779874493e-01 9.158805031446540790e-01 8.628144654088050203e-01 9.414308176100629755e-01 8.211477987421383906e-01
9.272798742138365080e-01 8.097484276729559616e-01 8.050314465408805464e-01 9.233490566037736436e-01 8.144654088050313767e-01
