0.000000000000000000e+00 0.000000000000000000e+00 0.000000000000000000e+00 0.000000000000000000e+00 0.000000000000000000e+00
9.498537899183338018e-01 9.498537899183338018e-01 9.498537899183338018e-01 9.498537899183338018e-01 9.498537899183338018e-01
9.372684899334993158e-01 9.498537899183338018e-01 9.498537899183338018e-01 9.372684899334993158e-01 9.498537899183338018e-01
9.498537899183338018e-01 9.498537899183338018e-01 9.498537899183338018e-01 9.498537899183338018e-01 9.372684899334993158e-01
9.498537899183338018e-01 9.372684899334993158e-01 9.498537899183338018e-01 9.624188277460077323e-01 9.498537899183338018e-01
9.372684899334993158e-01 9.498537899183338018e-01 9.498537899183338018e-01 9.498537899183338018e-01 9.498537899183338018e-01
9.498537899183338018e-01 9.498537899183338018e-01 9.246621004453464687e-01 9.624188277460078433e-01 9.120337469389802054e-01
9.624188277460077323e-01 9.246621004453464687e-01 9.624188277460078433e-01 9.372684899334993158e-01 9.498537899183338018e-01
8.867073925484099117e-01 8.993825042154693916e-01 8.740073734751262480e-01 9.498537899183338018e-01 9.372684899334993158e-01
9.498537899183338018e-01 8.740073734751262480e-01 9.498537899183338018e-01 7.843079043901628467e-01 9.372684899334993158e-01
9.372684899334993158e-01 7.972173828734264722e-01 8.612813451802816545e-01 8.740073734751262480e-01 9.749643868139776792e-01
