0.000000000000000000e+00 0.000000000000000000e+00 0.000000000000000000e+00 0.000000000000000000e+00 0.000000000000000000e+00
4.148856018818939950e-01 3.690699207047083430e-01 3.663180348180717361e-01 3.805574451449712514e-01 4.212402472159203493e-01
3.243375540624131581e-01 3.771040794354433845e-01 3.653699532105211811e-01 3.860549980747063903e-01 3.491002633342796813e-01
3.358973385899123310e-01 3.452374015313707800e-01 3.485860242160226941e-01 3.382044343030400912e-01 3.701183510100821694e-01
3.123100010611394306e-01 3.424391873595568625e-01 3.710040827849870326e-01 3.303571428571428492e-01 3.365390996918047883e-01
3.326495719295577969e-01 2.781575147270707316e-01 2.781954799845642867e-01 3.120140150195692130e-01 3.175175286385234497e-01
2.605910933598897250e-01 2.634154812895095898e-01 2.707207522625710294e-01 3.111272796815840458e-01 2.743894591444344666e-01
1.530666107655634101e-01 1.662663687249294198e-01 2.021918921179171047e-01 1.082456586744155597e-01 2.730305932415175163e-01
1.705237437899376762e-01 8.576097105855015612e-02 1.384259363878925231e-01 9.565270967151187631e-02 1.074337606483850016e-01
6.337242505244779223e-02 0.000000000000000000e+00 4.478110755198990572e-02 0.000000000000000000e+00 4.478110755198990572e-02
0.000000000000000000e+00 0.000000000000000000e+00 0.000000000000000000e+00 0.000000000000000000e+00 0.000000000000000000e+00
