0.000000000000000000e+00 0.000000000000000000e+00 0.000000000000000000e+00 0.000000000000000000e+00 0.000000000000000000e+00
6.736111111111111605e-01 7.083333333333332593e-01 7.592592592592593004e-01 7.333333333333333925e-01 7.111111111111110272e-01
6.976851851851851860e-01 7.037037037037037202e-01 7.111111111111110272e-01 7.115740740740741366e-01 7.486111111111111160e-01
7.129629629629630205e-01 6.773148148148148140e-01 7.097222222222222543e-01 6.722222222222222765e-01 7.296296296296296280e-01
6.416666666666667185e-01 6.370370370370370683e-01 6.981481481481481843e-01 6.675925925925926263e-01 6.745370370370370461e-01
6.092592592592592782e-01 6.166666666666666963e-01 5.800925925925926041e-01 6.314814814814815325e-01 5.972222222222222099e-01
6.175925925925925819e-01 6.087962962962962798e-01 5.523148148148148140e-01 5.500000000000000444e-01 5.912037037037036757e-01
5.712962962962963021e-01 6.259259259259258856e-01 5.564814814814814659e-01 5.347222222222222099e-01 5.374999999999999778e-01
5.282407407407407884e-01 5.189814814814814881e-01 5.328703703703703276e-01 5.231481481481481399e-01 5.194444444444443754e-01
5.287037037037036757e-01 5.324074074074074403e-01 5.046296296296296502e-01 5.009259259259258856e-01 5.046296296296296502e-01
5.046296296296296502e-01 5.092592592592593004e-01 5.046296296296296502e-01 4.958333333333333481e-01 5.000000000000000000e-01
