0.000000000000000000e+00 0.000000000000000000e+00 0.000000000000000000e+00 0.000000000000000000e+00 0.000000000000000000e+00
3.480827494954007451e-01 4.184137043778615173e-01 5.259572504024528916e-01 4.719399037242694717e-01 4.276179870598790234e-01
4.010424034318703645e-01 4.238850187419440085e-01 4.276179870598790234e-01 4.273398865600906982e-01 5.122236578519993033e-01
4.408752184687263487e-01 3.959727250917937091e-01 4.540455083898191080e-01 3.614223499293586217e-01 4.804902401411196844e-01
3.195781060988264755e-01 3.107707889186979711e-01 4.543432254462504982e-01 3.821360038365740897e-01 4.182619657804332869e-01
3.026760596826664762e-01 3.496662765244677451e-01 2.655730491237373037e-01 3.600768665080258391e-01 2.552637351213154493e-01
3.337629968471710895e-01 2.589337147015981500e-01 1.988801781967194926e-01 1.570869624928328545e-01 2.588634266885539437e-01
2.364060668500320705e-01 3.668881537754843380e-01 2.208058900712269179e-01 1.320001182721589617e-01 1.828670745992210245e-01
1.532682668270298199e-01 1.184160280072860533e-01 1.685752381395492494e-01 1.578379079367928095e-01 1.055289706022172619e-01
1.399723287055765764e-01 1.875994792245685161e-01 6.996258002685225297e-02 7.042952122737637655e-03 6.996258002685225297e-02
6.996258002685225297e-02 9.916068621812160200e-02 6.996258002685225297e-02 -6.296632202416702073e-02 0.000000000000000000e+00
