0.000000000000000000e+00 0.000000000000000000e+00 0.000000000000000000e+00 0.000000000000000000e+00 0.000000000000000000e+00
8.844444444444444775e-01 8.977777777777777857e-01 9.022222222222222587e-01 8.911111111111110761e-01 8.888888888888888395e-01
8.933333333333333126e-01 8.866666666666667140e-01 9.022222222222222587e-01 8.777777777777777679e-01 8.933333333333333126e-01
8.755555555555555314e-01 8.977777777777777857e-01 9.066666666666666208e-01 8.977777777777777857e-01 8.844444444444444775e-01
8.800000000000000044e-01 8.911111111111110761e-01 8.777777777777777679e-01 8.822222222222222410e-01 8.644444444444444597e-01
8.977777777777777857e-01 8.666666666666666963e-01 9.111111111111110938e-01 8.688888888888889328e-01 8.755555555555555314e-01
8.844444444444444775e-01 9.000000000000000222e-01 8.333333333333333703e-01 8.777777777777777679e-01 8.733333333333332948e-01
8.444444444444444420e-01 8.622222222222222232e-01 8.244444444444444242e-01 8.399999999999999689e-01 8.577777777777777501e-01
8.022222222222221699e-01 8.644444444444444597e-01 8.088888888888888795e-01 8.222222222222221877e-01 8.155555555555555891e-01
7.977777777777778079e-01 7.288888888888889195e-01 7.622222222222222454e-01 7.577777777777777724e-01 7.155555555555555003e-01
4.022222222222222032e-01 4.511111111111111294e-01 4.088888888888889128e-01 4.488888888888888928e-01 5.200000000000000178e-01
