0.000000000000000000e+00 0.000000000000000000e+00 0.000000000000000000e+00 0.000000000000000000e+00 0.000000000000000000e+00
8.955555555555555491e-01 9.022222222222222587e-01 8.866666666666667140e-01 8.977777777777777857e-01 8.977777777777777857e-01
8.977777777777777857e-01 9.000000000000000222e-01 8.955555555555555491e-01 8.888888888888888395e-01 8.822222222222222410e-01
8.844444444444444775e-01 9.022222222222222587e-01 8.955555555555555491e-01 8.933333333333333126e-01 8.933333333333333126e-01
8.644444444444444597e-01 8.844444444444444775e-01 8.622222222222222232e-01 8.911111111111110761e-01 8.399999999999999689e-01
9.000000000000000222e-01 8.711111111111110583e-01 8.866666666666667140e-01 8.666666666666666963e-01 8.533333333333333881e-01
8.266666666666666607e-01 8.666666666666666963e-01 8.355555555555556069e-01 8.399999999999999689e-01 8.577777777777777501e-01
8.399999999999999689e-01 8.288888888888888973e-01 8.244444444444444242e-01 8.133333333333333526e-01 8.244444444444444242e-01
7.533333333333332993e-01 7.733333333333333171e-01 7.955555555555555713e-01 7.822222222222222632e-01 7.555555555555555358e-01
7.199999999999999734e-01 6.711111111111111027e-01 6.511111111111110850e-01 7.022222222222221921e-01 6.511111111111110850e-01
4.600000000000000200e-01 4.199999999999999845e-01 3.644444444444444597e-01 3.777777777777777679e-01 5.288888888888888529e-01
