0.000000000000000000e+00 0.000000000000000000e+00 0.000000000000000000e+00 0.000000000000000000e+00 0.000000000000000000e+00
9.267652492192907099e-01 9.353259153371271672e-01 9.381726393551285126e-01 9.310494543362093367e-01 9.296222517045285016e-01
9.324757965283126948e-01 9.281941846642028926e-01 9.381726393551285126e-01 9.224731920893186610e-01 9.324757965283125838e-01
9.210407425205010545e-01 9.353259153371271672e-01 9.410159993916740184e-01 9.353259153371271672e-01 9.267652492192907099e-01
9.239047569960878725e-01 9.310494543362093367e-01 9.224731920893185499e-01 9.253354413467289596e-01 9.138650790549167624e-01
9.353259153371270562e-01 9.153020145163985877e-01 9.438560258486801136e-01 9.167380443590789074e-01 9.210407425205010545e-01
9.267652492192905989e-01 9.367496997597597463e-01 8.936504412303006850e-01 9.224731920893185499e-01 9.196074041555873935e-01
9.008911911388661764e-01 9.124272336959937668e-01 8.878403537951855551e-01 8.979977728257458880e-01 9.095487960223349599e-01
8.732449771532938554e-01 9.138650790549167624e-01 8.776343061370389664e-01 8.863853633412946964e-01 8.820143891774382405e-01
8.703135521249487638e-01 8.243096625377422937e-01 8.467067648714117212e-01 8.437358137810615499e-01 8.152739447193634303e-01
5.849037063303774708e-01 6.238658846060654017e-01 5.903085612888094857e-01 6.221269768372384990e-01 6.764613810115104320e-01
