0.000000000000000000e+00 0.000000000000000000e+00 0.000000000000000000e+00 0.000000000000000000e+00 0.000000000000000000e+00
8.558355969688342668e-01 8.723191519577243591e-01 8.778644847249718053e-01 8.640115659068007270e-01 8.613929709751253494e-01
8.670521088323382974e-01 8.585188358388824437e-01 8.778482252151513787e-01 8.473686936679023507e-01 8.667041176537337854e-01
8.446582430332727487e-01 8.722868384553902343e-01 8.833715045316902215e-01 8.724538302156307212e-01 8.556242195135019823e-01
8.502572154709286956e-01 8.640862644669786707e-01 8.474210233120349489e-01 8.529094097578436839e-01 8.311406382358894618e-01
8.723730157761354631e-01 8.338224467416263108e-01 8.891249225127446643e-01 8.369122439218003029e-01 8.447260667449015825e-01
8.564653724066936258e-01 8.750108026691857388e-01 7.929992418296278878e-01 8.482543693774887705e-01 8.419369614246051681e-01
8.075870485072832450e-01 8.301177032634315944e-01 7.818549004657571189e-01 8.015799769603868530e-01 8.228980889471112503e-01
7.602336563378470080e-01 8.315210912236262741e-01 7.639030446056526147e-01 7.818033291464833168e-01 7.736005797799603290e-01
7.495904119152700940e-01 6.670755719920988813e-01 7.094035453766569521e-01 7.091097177980052457e-01 6.570619351960721444e-01
3.206006608402159896e-01 3.553304515251126117e-01 3.229344492054357363e-01 3.633147986240499172e-01 4.656825229434326530e-01
