0.000000000000000000e+00 0.000000000000000000e+00 0.000000000000000000e+00 0.000000000000000000e+00 0.000000000000000000e+00
8.296014227413393005e-01 8.411807262386116202e-01 8.253883613065495783e-01 8.359548103223517490e-01 8.318760126762019258e-01
8.297481966637618722e-01 8.354091300820452037e-01 8.421698768619787501e-01 8.401013836581153749e-01 8.414283042599427498e-01
8.356840221365393617e-01 8.339772115812328357e-01 8.282044789441032062e-01 8.452754607043772017e-01 8.278128476925766810e-01
8.256867276473874862e-01 8.128715047457155674e-01 8.202799998411229865e-01 8.294132685686591566e-01 7.723449671946043260e-01
8.076530612130410347e-01 8.136116794560963594e-01 8.030616795655257656e-01 8.051998199208652007e-01 8.094582854719540865e-01
7.532720757192558070e-01 7.775250524172953037e-01 8.080190773676410032e-01 7.772274402342800315e-01 7.793846684441806394e-01
7.681307821562389782e-01 7.870662999320956477e-01 7.340817440196910626e-01 7.958272887934689788e-01 7.846314833712628722e-01
7.784076988480149728e-01 7.434788831882060967e-01 7.068819849457764759e-01 7.454627854936091147e-01 7.178043432223635278e-01
6.743501049716510432e-01 7.307284585440040336e-01 6.559823182145316789e-01 6.465604304692753601e-01 6.971186126987137799e-01
5.982689285071807195e-01 6.031840272602186914e-01 6.049190555065986352e-01 5.758578183354980951e-01 6.061586647414254347e-01
