0.000000000000000000e+00 0.000000000000000000e+00 0.000000000000000000e+00 0.000000000000000000e+00 0.000000000000000000e+00
9.008561537715528145e-01 9.074628893482612479e-01 9.008289062997159036e-01 9.039210394644038304e-01 9.038837274600962646e-01
9.044991929521131180e-01 9.070582415493073647e-01 9.065859315288296028e-01 9.055471206097194248e-01 9.067861714492654324e-01
9.012922868268501420e-01 8.992338302525049176e-01 9.027996709191685731e-01 8.989269669390571593e-01 9.028991309746196015e-01
8.921640419079851503e-01 8.960843536238530804e-01 8.981209470735126432e-01 8.920567460342460064e-01 8.855968711020869577e-01
8.847276238097367962e-01 8.945674414716989764e-01 8.774718149986662219e-01 9.000836596323003036e-01 8.803785436865191327e-01
8.585813898936454081e-01 8.711803437677081430e-01 8.800038295433292301e-01 8.719467052359414216e-01 8.743526879108515226e-01
8.586929779466359047e-01 8.753236746950768810e-01 8.529720156719539093e-01 8.719728585249371111e-01 8.716681408908267814e-01
8.858115296113447945e-01 8.522813081786736467e-01 8.301713244225886745e-01 8.610649294328599490e-01 8.659072129450563482e-01
8.594607918235509514e-01 8.595894542404854954e-01 8.032813815663087942e-01 8.161948793063380503e-01 8.360820585672181782e-01
8.231993227056929596e-01 8.062613652673782383e-01 7.964571857794916498e-01 7.981915883913260901e-01 8.152314527302439995e-01
