0.000000000000000000e+00 0.000000000000000000e+00 0.000000000000000000e+00 0.000000000000000000e+00 0.000000000000000000e+00
8.991784392739186060e-01 9.049408135379649609e-01 8.970337061638857801e-01 9.023053948101792399e-01 9.003976085509247662e-01
8.986645751740187649e-01 9.026577344726121055e-01 9.060686631791148304e-01 9.046370539146413314e-01 9.063445343749529926e-01
9.022264229108576394e-01 9.002790356438583608e-01 8.982854599143613727e-01 9.078046558846830649e-01 8.971604889630054869e-01
8.915537433251549126e-01 8.904124775741377729e-01 8.944137395320592709e-01 8.969358120375757748e-01 8.709933527012290178e-01
8.843510890636847588e-01 8.918800678270040194e-01 8.840580155748956059e-01 8.867723571205196054e-01 8.867876166640080715e-01
8.580371655935070674e-01 8.668587679194619255e-01 8.865310820881784348e-01 8.611842490041249354e-01 8.633789100138121730e-01
8.588857901527111594e-01 8.715815067386365467e-01 8.457087921371172490e-01 8.782108406638452491e-01 8.748517089154442816e-01
8.677751669856750283e-01 8.536688138417307670e-01 8.201412764888610374e-01 8.531923169846689081e-01 8.301178475834990467e-01
8.132921690633138079e-01 8.336512480746467446e-01 7.895145283486644239e-01 7.897112332892521902e-01 8.215551175418610574e-01
7.645879603539628144e-01 7.560396055527934811e-01 7.541652370065355937e-01 7.498078548165372226e-01 7.549824620991448798e-01
