0.000000000000000000e+00 0.000000000000000000e+00 0.000000000000000000e+00 0.000000000000000000e+00 0.000000000000000000e+00
7.916075007460930957e-01 8.055165758408180388e-01 7.915466006451141734e-01 7.977161572223415709e-01 7.974795731809127819e-01
8.002587669226310929e-01 8.044074775801857147e-01 8.031670862974020775e-01 8.006557794722435339e-01 8.036011671542814261e-01
7.941673818763212989e-01 7.916915746842135837e-01 7.956152021657678652e-01 7.874092278782840459e-01 7.957473700705831599e-01
7.831401549925492978e-01 7.835122062023847089e-01 7.868878529278033884e-01 7.773898851768967777e-01 7.617487127938635805e-01
7.674355531155312438e-01 7.793568547782829814e-01 7.469443228565164627e-01 7.908713484512484015e-01 7.504564448073979266e-01
7.111447304667386504e-01 7.348300771118758679e-01 7.526966026870327564e-01 7.495572964391444826e-01 7.496331624133895088e-01
7.169492427799163403e-01 7.478317383428960685e-01 7.069983527942363954e-01 7.372497646337867749e-01 7.355633368103224878e-01
7.665988516395579877e-01 7.019931151361874511e-01 6.642103922219384504e-01 7.157322464757949199e-01 7.423551175961735638e-01
7.144466019516058086e-01 7.149795384690145195e-01 6.248840567115776512e-01 6.473293866890865722e-01 6.721022776978065050e-01
6.484255209748347459e-01 6.328734192010239124e-01 6.200889288302268154e-01 6.236343113641219515e-01 6.516142674288970538e-01
