0.000000000000000000e+00 0.000000000000000000e+00 0.000000000000000000e+00 0.000000000000000000e+00 0.000000000000000000e+00
7.880893341395600604e-01 8.003341000675787686e-01 7.835429946579910432e-01 7.939651251035177992e-01 7.903950534354350355e-01
7.884736656803065236e-01 7.951181276152287092e-01 8.018506348240614923e-01 7.993687364131085715e-01 8.030989992267537625e-01
7.950349317304128416e-01 7.914920405459612285e-01 7.871513848224799270e-01 8.060171072253795588e-01 7.851489817024246420e-01
7.801869424621682425e-01 7.723844307893941163e-01 7.796421252369627464e-01 7.877677021981567274e-01 7.333828636194210659e-01
7.635649060820013379e-01 7.743055323176545324e-01 7.605209439257447634e-01 7.639316646274159073e-01 7.649920251565035523e-01
7.112747345214847083e-01 7.265671437903608032e-01 7.653624922991033586e-01 7.323322239865162064e-01 7.285017722946816043e-01
7.183441949207142185e-01 7.396103907603602812e-01 6.954921993268843305e-01 7.520168635277919567e-01 7.428794202050135187e-01
7.347957312924444651e-01 7.058488605551493933e-01 6.454981037841113212e-01 7.054741719060070304e-01 6.754217189438023183e-01
6.389272985269618399e-01 6.783537708823591528e-01 6.082516930592591908e-01 6.069795706459960583e-01 6.532298721947467079e-01
5.568923765976770968e-01 5.531555745924543466e-01 5.614170289922495449e-01 5.509431014286972905e-01 5.599627221049863213e-01
