0.000000000000000000e+00 0.000000000000000000e+00 0.000000000000000000e+00 0.000000000000000000e+00 0.000000000000000000e+00 0.000000000000000000e+00 0.000000000000000000e+00 0.000000000000000000e+00 0.000000000000000000e+00 0.000000000000000000e+00
1.000000000000000000e+00 1.000000000000000000e+00 1.000000000000000000e+00 1.000000000000000000e+00 1.000000000000000000e+00 1.000000000000000000e+00 1.000000000000000000e+00 1.000000000000000000e+00 1.000000000000000000e+00 1.000000000000000000e+00
1.000000000000000000e+00 1.000000000000000000e+00 1.000000000000000000e+00 1.000000000000000000e+00 1.000000000000000000e+00 1.000000000000000000e+00 1.000000000000000000e+00 1.000000000000000000e+00 1.000000000000000000e+00 1.000000000000000000e+00
1.000000000000000000e+00 1.000000000000000000e+00 1.000000000000000000e+00 1.000000000000000000e+00 1.000000000000000000e+00 1.000000000000000000e+00 1.000000000000000000e+00 1.000000000000000000e+00 1.000000000000000000e+00 1.000000000000000000e+00
1.000000000000000000e+00 1.000000000000000000e+00 1.000000000000000000e+00 1.000000000000000000e+00 1.000000000000000000e+00 1.000000000000000000e+00 1.000000000000000000e+00 1.000000000000000000e+00 1.000000000000000000e+00 1.000000000000000000e+00
1.000000000000000000e+00 1.000000000000000000e+00 1.000000000000000000e+00 1.000000000000000000e+00 1.000000000000000000e+00 1.000000000000000000e+00 1.000000000000000000e+00 1.000000000000000000e+00 1.000000000000000000e+00 1.000000000000000000e+00
1.000000000000000000e+00 9.642401021711366482e-01 1.000000000000000000e+00 1.000000000000000000e+00 9.642401021711366482e-01 1.000000000000000000e+00 1.000000000000000000e+00 1.000000000000000000e+00 1.000000000000000000e+00 1.000000000000000000e+00
9.285714285714286031e-01 1.000000000000000000e+00 9.285714285714286031e-01 1.000000000000000000e+00 1.000000000000000000e+00 9.642401021711366482e-01 1.000000000000000000e+00 1.000000000000000000e+00 1.000000000000000000e+00 9.642401021711366482e-01
9.638709677419354804e-01 1.000000000000000000e+00 1.000000000000000000e+00 9.642401021711366482e-01 1.000000000000000000e+00 1.000000000000000000e+00 9.642401021711366482e-01 1.000000000000000000e+00 9.285714285714286031e-01 1.000000000000000000e+00
1.000000000000000000e+00 9.285714285714286031e-01 1.000000000000000000e+00 9.642401021711366482e-01 1.000000000000000000e+00 9.642401021711366482e-01 1.000000000000000000e+00 1.000000000000000000e+00 1.000000000000000000e+00 1.000000000000000000e+00
9.638709677419354804e-01 1.000000000000000000e+00 1.000000000000000000e+00 1.000000000000000000e+00 1.000000000000000000e+00 1.000000000000000000e+00 9.285714285714286031e-01 1.000000000000000000e+00 9.285714285714286031e-01 9.285714285714286031e-01
8.193548387096774022e-01 8.193548387096774022e-01 9.285714285714286031e-01 1.000000000000000000e+00 9.642401021711366482e-01 9.642401021711366482e-01 9.285714285714286031e-01 8.927203065134099447e-01 1.000000000000000000e+00 9.642401021711366482e-01
9.285714285714286031e-01 8.564102564102562543e-01 7.812500000000000000e-01 9.285714285714286031e-01 1.000000000000000000e+00 9.642401021711366482e-01 1.000000000000000000e+00 3.170731707317073211e-01 9.642401021711366482e-01 1.000000000000000000e+00
3.170731707317073211e-01 1.000000000000000000e+00 1.000000000000000000e+00 8.564102564102562543e-01 9.642401021711366482e-01 9.285714285714286031e-01 5.618776671408250989e-01 8.564102564102562543e-01 5.942028985507247230e-01 7.812500000000000000e-01
