0.000000000000000000e+00 0.000000000000000000e+00 0.000000000000000000e+00 0.000000000000000000e+00 0.000000000000000000e+00
8.989779874213836841e-01 8.856132075471698784e-01 9.091981132075471761e-01 9.111635220125786638e-01 9.064465408805031377e-01
8.761792452830188260e-01 8.352987421383648581e-01 9.064465408805031377e-01 8.922955974842767812e-01 8.922955974842767812e-01
9.111635220125786638e-01 8.922955974842767812e-01 8.533805031446540790e-01 8.970125786163521964e-01 9.017295597484276115e-01
7.810534591194968623e-01 8.706761006289308602e-01 8.950471698113207086e-01 8.352987421383648581e-01 7.830188679245282390e-01
8.659591194968554451e-01 8.258647798742138058e-01 8.742138364779874493e-01 8.144654088050313767e-01 8.659591194968554451e-01
8.761792452830188260e-01 9.017295597484276115e-01 8.789308176100629755e-01 8.144654088050313767e-01 9.044811320754717610e-01
8.580974842767294941e-01 8.883647798742138058e-01 8.419811320754717610e-01 8.372641509433962348e-01 8.820754716981131782e-01
9.319968553459119232e-01 9.319968553459119232e-01 9.064465408805031377e-01 8.714622641509434109e-01 8.675314465408805464e-01
8.514150943396225912e-01 8.305817610062893319e-01 8.305817610062893319e-01 8.305817610062893319e-01 8.352987421383648581e-01
8.580974842767294941e-01 9.044811320754717610e-01 8.769654088050313767e-01 9.205974842767294941e-01 8.258647798742138058e-01
