0.000000000000000000e+00 0.000000000000000000e+00 0.000000000000000000e+00 0.000000000000000000e+00 0.000000000000000000e+00
8.970125786163521964e-01 9.111635220125786638e-01 8.922955974842767812e-01 8.808962264150943522e-01 8.903301886792452935e-01
8.753930817610062753e-01 8.989779874213836841e-01 8.856132075471698784e-01 8.903301886792452935e-01 8.903301886792452935e-01
8.950471698113207086e-01 8.950471698113207086e-01 8.533805031446540790e-01 8.694968553459119232e-01 8.903301886792452935e-01
8.533805031446540790e-01 8.580974842767294941e-01 8.997641509433962348e-01 9.044811320754717610e-01 8.722484276729559616e-01
8.352987421383648581e-01 8.144654088050313767e-01 8.419811320754717610e-01 8.883647798742138058e-01 8.514150943396225912e-01
8.144654088050313767e-01 5.000000000000000000e-01 8.352987421383648581e-01 8.352987421383648581e-01 8.722484276729559616e-01
8.191823899371069029e-01 8.400157232704402732e-01 8.400157232704402732e-01 8.144654088050313767e-01 8.400157232704402732e-01
8.125000000000000000e-01 5.416666666666666297e-01 5.000000000000000000e-01 5.577830188679244738e-01 5.000000000000000000e-01
8.238993710691824290e-01 8.144654088050313767e-01 7.452830188679244738e-01 5.000000000000000000e-01 7.500000000000000000e-01
7.727987421383648581e-01 5.000000000000000000e-01 5.000000000000000000e-01 6.619496855345912145e-01 7.708333333333332593e-01
