0.000000000000000000e+00 0.000000000000000000e+00 0.000000000000000000e+00 0.000000000000000000e+00 0.000000000000000000e+00
6.707894662532635222e-01 6.946282192763387764e-01 7.827474784559881327e-01 7.406535345189096953e-01 7.246847860110209316e-01
6.642144277632296978e-01 7.069644521778443158e-01 7.246847860110209316e-01 6.802785953159522503e-01 6.802785953159522503e-01
7.406535345189096953e-01 6.802785953159522503e-01 6.670402374139009494e-01 6.945395656863462275e-01 7.093282603699275768e-01
4.361783721449792872e-01 6.015400894249566255e-01 7.275735066281412422e-01 7.069644521778443158e-01 4.405338589286114104e-01
5.910621483534304055e-01 6.626285834484982873e-01 6.975072156706755289e-01 6.763166647282444766e-01 5.910621483534304055e-01
6.642144277632296978e-01 7.093282603699275768e-01 7.152689531334822659e-01 6.763166647282444766e-01 7.634976688530634714e-01
6.849980334999089537e-01 7.533990064322368951e-01 6.733270173082294141e-01 6.542675582174689586e-01 6.117826518397111446e-01
7.702404060213848824e-01 7.702404060213848824e-01 7.246847860110209316e-01 6.498414748253437123e-01 7.236330588312580581e-01
7.145837799794421130e-01 6.841387972845729415e-01 6.841387972845729415e-01 6.841387972845729415e-01 7.069644521778443158e-01
6.849980334999089537e-01 7.634976688530634714e-01 7.665389765103859387e-01 7.746304995941404314e-01 6.626285834484982873e-01
