0.000000000000000000e+00 0.000000000000000000e+00 0.000000000000000000e+00 0.000000000000000000e+00 0.000000000000000000e+00 0.000000000000000000e+00 0.000000000000000000e+00 0.000000000000000000e+00 0.000000000000000000e+00 0.000000000000000000e+00
9.295918367346939215e-01 9.119897959183673741e-01 9.630719828739630062e-01 9.379297050697166238e-01 9.715561662658880326e-01 9.425797503467405747e-01 9.379297050697166238e-01 9.549696534621158195e-01 9.720628922329441757e-01 9.720628922329441757e-01
7.328983022728530194e-01 9.463869463869463150e-01 9.636842105263158098e-01 9.336310546204054095e-01 8.665377176015474081e-01 8.741105637657361482e-01 9.549696534621158195e-01 9.815359914369814476e-01 9.106449106449105990e-01 9.295918367346939215e-01
9.725373134328358926e-01 9.725373134328358926e-01 9.463869463869463150e-01 9.725373134328358926e-01 9.815359914369814476e-01 9.463869463869463150e-01 8.442530442530442603e-01 9.213675213675214248e-01 8.973214285714286031e-01 9.052375304326113481e-01
9.534381537215735891e-01 9.379297050697166238e-01 8.894979981521404788e-01 9.425797503467405747e-01 8.083333333333332371e-01 9.213675213675214248e-01 9.549696534621158195e-01 9.725373134328358926e-01 9.213675213675214248e-01 9.549696534621158195e-01
9.359203980099501941e-01 8.817625458996327659e-01 9.463869463869463150e-01 9.725373134328358926e-01 9.455263157894737702e-01 9.725373134328358926e-01 8.369565217391304879e-01 9.213675213675214248e-01 9.624183006535946827e-01 9.630719828739630062e-01
9.636842105263158098e-01 9.630719828739630062e-01 9.725373134328358926e-01 9.052375304326113481e-01 8.741105637657361482e-01 9.720628922329441757e-01 9.549696534621158195e-01 8.083333333333332371e-01 9.549696534621158195e-01 9.052375304326113481e-01
8.442530442530442603e-01 7.128148959474260860e-01 9.542288557213930433e-01 9.295918367346939215e-01 9.132511943676138166e-01 7.804545454545454009e-01 9.549696534621158195e-01 6.861598440545808586e-01 9.436274509803921351e-01 9.369575148469619919e-01
5.144672583101401742e-01 9.285159285159285680e-01 8.083333333333332371e-01 9.295918367346939215e-01 9.463869463869463150e-01 9.213675213675214248e-01 8.802083333333332593e-01 9.379297050697166238e-01 9.119897959183673741e-01 9.725373134328358926e-01
7.667342799188641145e-01 9.379297050697166238e-01 8.724976901755465697e-01 7.667342799188641145e-01 7.128148959474260860e-01 9.636842105263158098e-01 9.369575148469619919e-01 7.061425061425061767e-01 9.119897959183673741e-01 6.994773519163762776e-01
