0.000000000000000000e+00 0.000000000000000000e+00 0.000000000000000000e+00 0.000000000000000000e+00 0.000000000000000000e+00 0.000000000000000000e+00 0.000000000000000000e+00 0.000000000000000000e+00 0.000000000000000000e+00 0.000000000000000000e+00
9.558823529411764053e-01 9.477124183006535585e-01 9.558823529411764053e-01 9.754901960784313486e-01 9.166666666666667407e-01 9.575163398692809746e-01 9.665032679738562171e-01 9.575163398692809746e-01 9.803921568627451677e-01 9.166666666666667407e-01
9.330065359477124343e-01 9.656862745098039325e-01 8.823529411764705621e-01 9.901960784313725839e-01 9.754901960784313486e-01 9.852941176470588758e-01 9.485294117647058432e-01 9.534313725490195512e-01 9.665032679738562171e-01 9.297385620915032955e-01
8.529411764705883137e-01 9.852941176470588758e-01 9.714052287581699252e-01 9.705882352941176405e-01 9.068627450980392135e-01 9.714052287581699252e-01 9.624183006535946827e-01 9.411764705882352811e-01 8.929738562091502629e-01 9.803921568627451677e-01
9.207516339869281641e-01 9.763071895424836333e-01 9.248366013071895875e-01 9.346405228758170036e-01 9.763071895424836333e-01 9.665032679738562171e-01 9.714052287581699252e-01 9.485294117647058432e-01 8.382352941176470784e-01 9.215686274509804488e-01
9.714052287581699252e-01 9.754901960784313486e-01 9.436274509803921351e-01 9.607843137254901134e-01 9.460784313725489891e-01 9.264705882352941568e-01 9.436274509803921351e-01 8.529411764705883137e-01 9.624183006535946827e-01 9.215686274509804488e-01
9.803921568627451677e-01 9.705882352941176405e-01 9.558823529411764053e-01 9.616013071895423980e-01 9.901960784313725839e-01 9.616013071895423980e-01 7.557189542483659928e-01 9.607843137254901134e-01 9.558823529411764053e-01 9.901960784313725839e-01
8.529411764705883137e-01 9.901960784313725839e-01 8.529411764705883137e-01 8.529411764705883137e-01 9.460784313725489891e-01 8.341503267973855440e-01 9.624183006535946827e-01 9.803921568627451677e-01 9.534313725490195512e-01 8.529411764705883137e-01
8.872549019607842702e-01 5.784313725490195512e-01 9.566993464052286900e-01 6.666666666666666297e-01 8.823529411764705621e-01 9.803921568627451677e-01 8.382352941176470784e-01 9.068627450980392135e-01 9.068627450980392135e-01 7.205882352941176405e-01
6.078431372549020217e-01 8.823529411764705621e-01 6.568627450980392135e-01 8.488562091503267792e-01 7.941176470588235947e-01 8.480392156862744946e-01 8.088235294117647189e-01 8.823529411764705621e-01 6.372549019607842702e-01 8.782679738562091387e-01
