0.000000000000000000e+00 0.000000000000000000e+00 0.000000000000000000e+00 0.000000000000000000e+00 0.000000000000000000e+00
4.747916088793890932e-01 4.859822257729705663e-01 5.034739687027147692e-01 4.638263112644229191e-01 4.670006088385854071e-01
4.970069153722137534e-01 4.504989720766333638e-01 4.812920408168326336e-01 4.676132475300294189e-01 4.721612885948549554e-01
5.158205207615014221e-01 4.485919946831318228e-01 4.293457031819760128e-01 4.924979936181889673e-01 5.009816938413171883e-01
4.704979308586907383e-01 5.020602184659738176e-01 5.345255547377085747e-01 5.365395315412233579e-01 4.548091629606723085e-01
4.956995662727682328e-01 4.853820448418144640e-01 5.365514926212338054e-01 4.539640468524294148e-01 5.272187506287731029e-01
4.286219770699599141e-01 4.913689742958035622e-01 4.733071082117129569e-01 4.538165809397789463e-01 4.902886709245500851e-01
4.917150540040898798e-01 5.053519845421604595e-01 4.727711496948578951e-01 4.873854289368424464e-01 5.054524399697575276e-01
3.976156634800567247e-01 5.228564715044342615e-01 4.275417941402204214e-01 4.391199523296125395e-01 4.760862652810881057e-01
4.286540681582868828e-01 4.383650268592091948e-01 4.070273699244623122e-01 4.446152332505559079e-01 4.296398046398046677e-01
3.290542490261145758e-01 2.763631186115523830e-01 3.503882623064340507e-01 2.868861086101107127e-01 2.523846448271820364e-01
