0.000000000000000000e+00 0.000000000000000000e+00 0.000000000000000000e+00 0.000000000000000000e+00 0.000000000000000000e+00
5.456476441493810503e-01 4.741115141405403133e-01 5.540962504539850286e-01 5.083639768521481805e-01 5.124408484059242985e-01
4.653909434955435520e-01 5.304473866263456072e-01 4.561930070915163893e-01 5.471153846153846700e-01 4.737560885381342235e-01
5.766840590615834872e-01 5.115221929508487753e-01 4.508975519525955100e-01 4.887481396893459396e-01 4.590885973062063252e-01
5.074418399237670130e-01 4.600294985767906519e-01 5.056639696776148440e-01 5.077238042021205988e-01 4.966983121340210472e-01
4.352076247010340238e-01 5.262019939293265391e-01 5.426985757462379212e-01 5.324787480533880180e-01 5.111072708653353613e-01
4.524133910261189939e-01 5.208358684778046088e-01 4.087928715221375020e-01 4.386493699038666039e-01 4.812645113660503071e-01
4.819893073508473291e-01 4.605454060344503775e-01 4.257223200302104327e-01 3.966871235588690370e-01 4.454425176689044141e-01
4.028769620128519469e-01 4.859899458650399628e-01 3.779899446065669855e-01 3.787068521705890256e-01 4.665659928182974703e-01
3.633296836064335844e-01 3.817902336880703573e-01 3.296370314605655549e-01 3.354259590544521052e-01 3.106330763503224457e-01
3.003479979377899900e-01 2.931248804742780378e-01 2.717768233516265064e-01 1.785377712094926017e-01 2.473488307484974780e-01
