0.000000000000000000e+00 0.000000000000000000e+00 0.000000000000000000e+00 0.000000000000000000e+00 0.000000000000000000e+00
6.442693442952893701e-01 6.535451848835335253e-01 6.658422024608087186e-01 6.365612870543357893e-01 6.427801700102561133e-01
6.598229846919602126e-01 6.303777619077909344e-01 6.489297036027583676e-01 6.411222912729332979e-01 6.458657540044464573e-01
6.749477621935172644e-01 6.271626002913899267e-01 6.095996258573089799e-01 6.639457570747545612e-01 6.643296376009787396e-01
6.519273259848418212e-01 6.609817805237858668e-01 6.930310896200094772e-01 6.929575060901802530e-01 6.302836729087561984e-01
6.609824293445900611e-01 6.596285883483145041e-01 6.838996080546324574e-01 6.395010278311812346e-01 6.761769242403521396e-01
6.270559486189395404e-01 6.730899674785989495e-01 6.394745110351850448e-01 6.362792988494615498e-01 6.655965314390042131e-01
6.562278295867548517e-01 6.779681879142969159e-01 6.453383808375842134e-01 6.518521703621702468e-01 6.794847294586392472e-01
5.984214000855658799e-01 6.911947429386020580e-01 6.329844757644056408e-01 6.360987918622384996e-01 6.545771413433189023e-01
6.200379661963540956e-01 6.451179700217021251e-01 6.235623824079044031e-01 6.436707990971651805e-01 6.373922620620500190e-01
5.911732323847918025e-01 5.718419496529943968e-01 5.962634385012615112e-01 5.817258349325729050e-01 5.313790163850651282e-01
