0.000000000000000000e+00 0.000000000000000000e+00 0.000000000000000000e+00 0.000000000000000000e+00 0.000000000000000000e+00 0.000000000000000000e+00 0.000000000000000000e+00 0.000000000000000000e+00 0.000000000000000000e+00 0.000000000000000000e+00
3.048317167748999523e-01 3.599430536263213409e-01 5.015915814377320814e-01 2.819968681284648060e-01 6.292958869580395076e-01 5.016843330356385300e-01 2.899196181540101280e-01 5.549096960387283062e-01 6.231101737701952858e-01 3.803638605618803736e-01
4.747604746338627280e-01 4.791205206278074114e-01 3.782145669112021991e-01 3.916034489053585310e-01 2.727033265830374753e-01 4.032656999947584753e-01 3.170793600940334800e-01 4.217433502562353276e-01 4.537653004027754067e-01 5.136150941398381908e-01
5.583530304875302663e-01 5.929138167326321041e-01 2.829957174919039420e-01 4.395315901186429564e-01 2.684299773592631055e-01 5.457021050736259316e-01 2.624266449924344546e-01 4.459237454443509829e-01 5.801247090213835778e-01 2.915717364532019462e-01
2.190987906095268056e-01 4.938720960844443786e-01 2.266254841660494401e-01 3.598729393045059233e-01 4.112041171807527817e-01 4.328746621142173234e-01 3.953858232234896963e-01 2.900742326857607134e-01 5.818711694269983470e-01 3.542881661957966166e-01
5.079918219321573059e-01 4.361113493010484454e-01 3.380985760135795659e-01 5.638589529091512231e-01 4.709732600831315619e-01 4.110195051726200366e-01 5.433962634666860136e-01 2.671986618749147557e-01 3.721000848016976503e-01 5.633859901510540613e-01
4.195149683772551041e-01 5.513104676522641023e-01 6.307145338625499420e-01 2.828506493070583883e-01 2.036069999297327460e-01 5.046899602680938735e-01 4.901769496090363498e-01 3.471701365258462735e-01 1.468116819037749154e-01 5.852667822776518314e-01
5.227565155727806889e-01 1.170840451321690373e-01 6.282897188061377092e-01 3.711724517647703170e-01 1.844236532449087251e-01 2.484026898284126261e-01 3.614200872365892492e-01 3.701769393543739017e-01 4.282935371679442715e-01 1.829452068761597827e-01
4.678784425656897783e-01 2.224967288142673527e-01 2.968497371463770240e-01 5.522301610351297851e-01 3.971548767567714133e-01 3.004057815570502221e-01 3.180847048499904073e-01 5.279878950401388771e-01 2.477146399219794515e-01 5.354969085371567017e-01
3.142612649088968868e-01 5.964536941093141476e-01 5.121104045352619094e-01 3.973833168079361489e-01 4.686639707935396637e-01 4.752665167988562867e-01 3.414364640494897407e-01 4.353126381480737495e-01 5.091893443946446940e-01 3.231346466182818400e-01
2.188638683817928365e-01 5.926207697810689234e-01 3.239124448875523310e-01 5.068096110952338140e-01 1.395074156774157859e-01 5.467203843705452648e-01 4.981703079666505163e-01 4.515212479760446485e-01 6.484008649394039647e-01 6.189692587507639177e-01
3.435014204545454586e-01 5.238194027965193955e-01 4.659516017369700336e-01 4.185473965950019526e-01 6.170699915477396713e-01 4.425807351219395169e-01 4.476613540208342901e-01 5.148910597111127085e-01 1.906922150400965077e-01 6.156500662981221339e-01
1.745697564481446251e-01 4.803984897769891793e-01 4.051731715857909699e-01 1.824434932792670938e-01 3.999784259747359294e-01 6.012078018996572792e-01 5.030572834568568519e-01 2.497321297451277622e-01 2.868159741374027294e-01 3.218184539908776065e-01
2.514067497502597837e-01 3.450241567049204261e-01 5.443247549862839652e-01 5.119840213919728544e-01 3.408370534957733677e-01 3.811157172725946340e-01 2.631364115383672542e-01 4.142408449466458142e-01 5.102668805390504492e-01 4.449683332059869434e-01
4.406562559303496274e-01 5.313348825470179948e-01 5.964161490929212883e-01 3.919174648224064694e-01 2.605042859553828860e-01 4.353304168373954841e-01 4.714038881693893845e-01 5.297470028705564271e-01 3.923241056182698028e-01 3.568159607693417446e-01
5.946645005632851255e-01 2.957999585207742865e-01 5.503335615626946398e-01 4.169047523103374675e-01 4.039468907858436708e-01 4.368571515091365098e-01 5.607751182301069504e-01 1.461805052248738301e-01 4.597438780609694464e-01 4.391703052178846378e-01
4.516908757593234292e-01 4.617764144576810281e-01 4.715173036289349584e-01 3.245898982488788498e-01 2.520365287281171041e-01 5.211182336182336172e-01 4.838109860935724815e-01 2.585221159832988280e-01 3.332577284506452742e-01 2.989001490312965803e-01
4.515798506548956981e-01 4.132441945001644745e-01 4.408420647092234357e-01 5.915694961172360822e-01 5.419665689913639728e-01 5.494759308879239024e-01 2.994217790854872829e-01 5.105497160807056511e-01 3.970418844966768779e-01 5.506971477414346339e-01
3.749928594673944682e-01 5.397424067666283243e-01 2.687944871928934498e-01 5.801218980411577686e-01 2.345506508995863493e-01 4.844369667416008607e-01 3.717916705386405951e-01 4.041752079654057361e-01 5.754302460488935900e-01 4.668904937214359285e-01
5.999157367356079407e-01 2.501958635616791660e-01 4.743698309981537742e-01 2.683136862513083032e-01 5.438321278475275466e-01 5.857007006629380008e-01 4.143391843744665959e-01 3.381682555603968687e-01 4.245201666007155095e-01 4.847938030025835676e-01
4.581106975032861461e-01 2.568195718542813921e-01 3.379614356232003569e-01 2.144111222348032975e-01 6.288160831591230737e-01 4.548692552293346902e-01 5.477673949132639830e-01 2.182794957185201223e-01 4.857813093339409249e-01 3.400195245346974704e-01
2.497333311906037578e-01 4.784960643116011325e-01 5.248260941272532287e-01 2.596839143196758570e-01 4.367121975148443580e-01 3.837185132872812376e-01 1.233645880107906712e-01 2.862612846421847546e-01 5.521016540866300337e-01 4.039375692137319729e-01
3.113698114499570679e-01 5.539054020360891784e-01 1.512915342054577117e-01 5.077945629937237193e-01 3.297486351758301959e-01 2.663188233410766492e-01 1.572230882999560153e-01 5.646572739032496013e-01 3.222484887718065627e-01 5.404733306132777360e-01
4.050032191990798891e-01 1.576988813777612242e-01 2.770526414641339419e-01 3.822111213090489401e-01 4.338106934708223505e-01 3.353560708113328959e-01 3.137806162864228421e-01 4.548723597035260746e-01 4.464163048214312424e-01 5.621095917112740592e-01
4.634455332419158413e-01 2.695232308107596841e-01 5.082527509899321672e-01 5.390022454344433056e-01 2.864030521857283684e-01 4.335090735501523906e-01 3.694298012284180643e-01 2.433170846764682871e-01 1.821981541940089211e-01 5.510327155060215087e-01
3.765794466076976543e-01 5.903270071671393726e-01 6.124686362885923829e-01 5.017352277976792063e-01 3.989749633615092272e-01 5.702080916331484506e-01 3.448098693970139128e-01 5.450610034579500551e-01 4.316291499350148331e-01 2.403254250361962496e-01
2.929447671481110738e-01 5.490897391901166102e-01 5.637971720196025549e-01 5.137387959441485075e-01 4.561435458164902479e-01 2.816376325691091198e-01 2.947124499684010690e-01 5.071602509454171681e-01 3.889305328463250055e-01 5.117473196175021943e-01
4.467664366997380343e-01 5.689909789530933626e-01 2.092872919624804151e-01 3.827492472799161605e-01 4.867549212317484608e-01 5.154362194666139985e-01 3.462927903887477177e-01 3.988594820660328333e-01 2.995612076795833856e-01 3.467605555520291150e-01
2.534214339628352297e-01 2.022151815916673478e-01 6.132087144586514382e-01 2.136218941836862950e-01 5.784990763127729752e-01 4.790151515151515049e-01 3.854576649681630829e-01 6.502594810306375761e-01 5.397663900720686136e-01 4.632890882465671156e-01
5.295518337273461551e-01 2.665682830991911167e-01 3.611489509881131710e-01 1.286385689392131881e-01 4.407081379922709319e-01 3.709009214648709696e-01 3.785080057517345997e-01 5.454081233900920367e-01 2.478929538909819541e-01 1.979610526106875823e-01
2.156798018305146614e-01 4.349463034536524830e-01 6.127501909854851103e-01 5.245667043536320628e-01 1.227840519815894815e-01 1.945627231004589675e-01 2.398280653373420779e-01 5.438191788703967688e-01 4.485454993499396470e-01 5.831338405651930179e-01
5.998894828784226974e-01 3.961530218146879223e-01 5.757569806083693287e-01 3.521298260948697578e-01 2.892073703558621922e-01 3.102941653681438039e-01 2.713120333063397949e-01 2.431484617611231469e-01 2.701758873339266676e-01 5.636518190790498206e-01
6.013933966248582452e-01 3.286499678057717144e-01 2.250113738332034374e-01 1.920038196402782948e-01 3.346580983326220560e-01 5.376098870701777610e-01 5.932000258954148730e-01 3.255239505239505560e-01 5.572289004493813369e-01 1.648925045673777234e-01
4.187996377490191824e-01 3.919418165981013447e-01 5.327392219120072880e-01 3.936589762767773171e-01 4.052860334110334195e-01 2.015323265074343562e-01 4.548246931823675121e-01 4.256386132520433296e-01 2.869784848951515421e-01 4.477997910542063087e-01
2.371777934789558173e-01 4.345465802079165885e-01 2.713200118545057160e-01 5.726161324485727899e-01 4.973205311777614268e-01 5.534544751374161908e-01 4.056886843123338471e-01 2.825079243871000401e-01 5.973768787587333540e-01 2.610753465580818444e-01
3.270671793970354457e-01 6.437395172581975578e-01 5.379344177989497933e-01 3.542978960997965610e-01 5.424133104583526155e-01 2.602788551138499606e-01 4.696576355454860074e-01 4.660808495710251353e-01 3.028792307661878347e-01 1.907912898187497652e-01
4.875566807033694383e-01 4.328098647605443383e-01 5.157829230161437017e-01 3.500673264307709864e-01 5.785889055829370742e-01 2.536217605465713731e-01 6.009543042436307214e-01 4.099087351842243820e-01 6.030687251930196835e-01 3.368228368619818891e-01
5.693376286798326191e-01 2.292054138589555423e-01 3.154306695539420557e-01 2.951350199187873780e-01 4.639152398899462071e-01 2.433415063119300226e-01 2.120611191494632952e-01 3.898822392591825281e-01 4.803890027066939350e-01 2.040437818963201644e-01
5.789072039072038489e-01 5.830165283962809308e-01 2.481637763721302181e-01 4.143320762331648144e-01 6.081408037899098673e-01 4.370167255565676756e-01 5.722825754940861209e-01 2.220342783456416003e-01 2.074645658936488390e-01 2.635189404700336580e-01
1.967927084675643035e-01 3.764939342991723281e-01 3.851557825693867065e-01 3.193996717950897124e-01 3.317513702042849677e-01 5.079703832752613391e-01 6.160784790308441172e-01 4.525775546371714197e-01 3.706433200418888796e-01 4.165674861861302647e-01
2.140485753456874418e-01 2.307070641704771496e-01 4.747633314832145346e-01 3.059170132978623613e-01 2.630551194836909246e-01 5.051346484000214243e-01 1.845763760049474178e-01 3.598221639588334853e-01 5.542604306612927134e-01 2.126219461449588843e-01
2.982685298490769243e-01 1.576258329774185840e-01 1.756902356902356743e-01 1.532213135995699194e-01 2.402787642466729379e-01 5.172291214832811512e-01 5.637977598085150976e-01 5.124064230849286750e-01 2.727669579663339894e-01 2.121980248136649261e-01
4.110942227286894513e-01 4.761576726187085606e-01 4.428498549850741761e-01 3.495635115148386096e-01 3.472703001511135423e-01 5.009840345965459463e-01 5.371702957904586073e-01 3.615396869891651654e-01 4.197347603693312723e-01 5.336086198155163274e-01
4.645398266657452813e-01 2.400256963260176124e-01 4.168438432386505355e-01 5.339190598234052620e-01 5.077557232771808815e-01 5.238577952512637470e-01 3.178902323600397706e-01 4.754110379601080294e-01 5.452087592027243801e-01 5.871556072014921801e-01
4.062951016385160097e-01 4.844213953660772565e-01 5.556611362493715234e-01 5.450433142221949856e-01 3.719012166664446006e-01 5.190661017269542210e-01 4.749445936252382205e-01 2.834336251983310961e-01 3.795080613928453195e-01 5.636220105350080445e-01
4.425458947999882930e-01 4.745391374693099795e-01 3.665025135109659660e-01 5.505648680912416104e-01 5.489001584045194448e-01 5.001276334709707783e-01 2.702051582031958499e-01 5.656279102949183235e-01 1.636765147839307488e-01 5.081916023161958673e-01
5.002485335316355641e-01 4.362086486515759920e-01 2.932660991937119377e-01 6.030548390828236460e-01 3.731372632145724677e-01 3.975147274809643361e-01 3.362151264628044922e-01 5.431066310455310298e-01 4.066115032714895383e-01 5.263595149174141730e-01
5.036818732574432911e-01 5.560981562778919418e-01 3.753349192220155617e-01 2.081729300935709626e-01 4.102600010630209626e-01 3.585451737187427268e-01 4.808740811441778451e-01 4.858698192529790072e-01 5.762104248325150557e-01 4.667734570853148135e-01
5.123550432209238448e-01 5.310186533359217975e-01 5.397819732654456359e-01 3.176190297994020417e-01 4.640515482829070670e-01 5.972510069364038721e-01 4.562587791714926011e-01 1.339657282741738287e-01 3.323237018481754457e-01 6.138125200354975775e-01
3.702941058225424076e-01 1.672740566807605356e-01 2.535154320422542962e-01 3.809804626156593210e-01 5.485249552320059507e-01 3.016206966681393986e-01 5.695490289065028300e-01 2.689238011816068585e-01 5.862560479407414871e-01 2.850886784026975262e-01
2.902756446559171533e-01 2.750759054660589786e-01 3.478975566182365142e-01 3.530629318485407064e-01 5.886348306464200819e-01 5.163185435133579304e-01 5.792368439362640675e-01 4.022124535258926326e-01 4.901263415955644520e-01 2.373232323232323249e-01
3.933513601833901197e-01 3.669401623669915624e-01 5.673389760161171580e-01 2.320537810027838987e-01 4.752588455409209600e-01 3.747745310245310657e-01 4.612903207373711956e-01 5.920526662361872416e-01 2.408508848609279274e-01 4.585567828081624775e-01
5.614498807166360406e-01 5.820229035184594224e-01 1.398012246862139762e-01 3.948036952496796204e-01 4.566330226325228114e-01 5.671767175893207558e-01 2.957245561192421435e-01 5.489184850610480115e-01 5.763637885684206319e-01 1.857499287140005895e-01
2.854477409110283692e-01 6.522225792079265894e-01 3.396325849767947158e-01 4.893421763274947711e-01 4.426016475602002620e-01 4.703228768039256491e-01 3.691542931022672169e-01 1.641379310344827647e-01 3.235896445561350365e-01 4.869938192425148360e-01
3.675513473508386086e-01 5.036393558556717664e-01 1.513463317758878546e-01 3.916965627599722222e-01 5.392390798700006371e-01 3.472364765658590424e-01 5.134684046471926777e-01 4.150756654132566337e-01 4.211441112801609377e-01 5.354430962803048422e-01
3.324287626501282733e-01 4.940911853591163361e-01 2.965672082624551953e-01 5.225052974247944571e-01 4.490646223917327262e-01 3.237460815225792210e-01 3.711511369712990893e-01 2.983071000228490477e-01 4.714654383692928885e-01 5.499441425936858474e-01
4.375255221834733477e-01 4.857282794407484783e-01 5.614779519234414096e-01 5.744927335032739002e-01 4.679472620649091086e-01 5.501044917196462603e-01 3.374501825818578271e-01 4.990853053001930162e-01 4.323449390587983387e-01 5.514938906138056041e-01
4.186376129872705354e-01 6.161956379634077052e-01 4.940076754307565210e-01 6.368632055027814154e-01 4.169378781761933772e-01 5.568614183536844120e-01 4.832930776497125769e-01 3.050737001139166571e-01 2.802631489419609156e-01 3.330714081434296703e-01
5.807312170289222752e-01 2.395101983903044629e-01 4.017863299973777336e-01 1.790507033395019043e-01 5.313468014169868692e-01 5.829903262580060641e-01 1.323930646013025958e-01 5.633234399782305335e-01 4.967944023480376781e-01 4.513631486743614474e-01
5.034426289702651491e-01 5.639522921709381187e-01 5.700937408289845632e-01 4.232072926302805627e-01 2.716185774156931743e-01 5.459126017669366782e-01 5.853134657472915947e-01 4.680681173146409302e-01 4.521514326972420061e-01 3.662007770234648185e-01
5.571265974610880578e-01 4.649252496936572276e-01 3.665438716946100572e-01 2.920273099375716441e-01 5.958231491629815135e-01 4.651992223892298384e-01 2.311144836475194642e-01 4.946096202132136410e-01 5.173863969348948544e-01 3.074283403050526164e-01
2.844899259162793070e-01 2.423517374594400531e-01 5.737465876685907684e-01 4.827158637255097862e-01 4.299373468536963339e-01 2.175587834623006200e-01 4.324287934117256871e-01 3.356131461886073808e-01 5.250342319220675513e-01 4.400376099484379910e-01
3.980709707127885744e-01 4.045771619468020441e-01 1.762908683755560757e-01 1.394977168949771695e-01 3.807928443650493433e-01 2.095293026195149955e-01 4.528367168073050286e-01 5.130026621829899547e-01 5.347136516491355351e-01 4.738671847814767135e-01
1.687041836811422058e-01 3.901802646803066987e-01 4.083040766106540986e-01 4.751640651788135994e-01 5.394057333816371091e-01 5.244336357433838636e-01 2.326741139536584180e-01 3.932714994431060207e-01 5.813509365480877822e-01 5.872237399268722680e-01
2.570302304460641007e-01 2.452856818334791522e-01 4.050771246326023700e-01 5.011790928168611270e-01 3.049391756915843521e-01 3.081160135732172733e-01 2.081802417936871596e-01 1.354823117401891541e-01 4.582211024238863617e-01 5.925606564252587916e-01
4.507142181415403348e-01 6.067433136670268290e-01 5.361132685074387894e-01 1.816375198728139850e-01 5.324670727133921089e-01 3.397251242076044786e-01 2.557988804437262842e-01 3.498330353438112716e-01 5.435574611916155208e-01 5.699569933893455786e-01
2.391803016681743610e-01 1.925934272905079625e-01 4.659006941612093833e-01 5.030457276475172046e-01 4.497236517992407867e-01 3.800256501638361595e-01 4.670979352738365842e-01 4.184139561671046947e-01 2.776768860586197318e-01 5.057361913788599450e-01
4.073971013373823280e-01 5.639635406054759326e-01 5.148257343867205238e-01 4.567969056833562913e-01 1.637685389165609573e-01 5.082310742681784843e-01 4.813447521120247097e-01 4.294757461945254429e-01 3.824410406411242747e-01 6.100245248446399815e-01
4.995663952752147363e-01 4.734871369864356860e-01 2.580341493561535970e-01 2.787185242392412610e-01 5.844262295081966707e-01 3.476164166314069659e-01 1.287984742530197124e-01 2.220882421140213392e-01 5.266245596470288115e-01 5.756691524913748470e-01
4.098849972558997745e-01 3.670477034218438961e-01 5.132044548395889860e-01 6.381984750460116818e-01 4.838745792322229899e-01 3.570085580950440596e-01 4.081923959011798386e-01 5.838158789536376236e-01 5.558068795086215097e-01 4.552429684537861454e-01
4.446318083390211617e-01 4.535416690491685943e-01 1.196339151149788532e-01 5.818892681705060133e-01 4.205330018934789749e-01 1.340195917602118314e-01 4.605196925346850545e-01 4.291634202222951444e-01 2.498979397923944690e-01 5.769076733092733944e-01
2.744038774124662461e-01 5.884137309490666823e-01 4.526198897218005612e-01 1.754409283708117939e-01 1.501537765716869921e-01 4.921577258880350247e-01 4.508211977545879545e-01 3.387664651715203146e-01 5.569803394141863429e-01 2.177317516478403103e-01
1.343391474675869890e-01 5.828446432120184539e-01 1.742371416576612431e-01 5.708810472911778344e-01 3.335129643919693132e-01 4.088855572426042251e-01 4.378185686673884414e-01 2.736689340820774863e-01 4.320817117664944029e-01 2.946053138475415167e-01
2.219632562487391381e-01 3.161659568551692390e-01 4.372385082728010297e-01 2.503971297671876428e-01 3.711629068851171609e-01 4.772474469377614437e-01 4.753775995054380088e-01 1.801826284887678709e-01 5.215927236824284829e-01 3.174715121121648442e-01
4.351549622631216696e-01 5.278765912638525570e-01 4.327546883375243403e-01 2.572164220269888557e-01 3.743967598773818017e-01 3.044832230784968452e-01 3.126891422910080265e-01 2.801086729573664114e-01 5.072381777082334287e-01 4.623955489073089398e-01
5.235439950136310250e-01 5.907879006930240040e-01 4.165055338243439098e-01 1.887558320046411331e-01 5.447146892832064324e-01 2.580108698282310709e-01 4.573353791075310815e-01 5.537103381901929966e-01 2.239874799370696334e-01 3.925197511586431820e-01
3.587696559912365024e-01 4.788988593814245132e-01 6.454102885732773132e-01 4.518444954090115040e-01 4.405191351927973953e-01 6.056630774583353638e-01 4.159765066796600186e-01 4.836343990015589123e-01 3.887093790218790756e-01 3.298024053675111533e-01
1.475691847419596248e-01 2.084082575349022470e-01 5.127764994891951256e-01 5.291617716107933633e-01 5.376572296225443637e-01 4.416805207649809883e-01 1.800938908596675936e-01 3.861213570127504657e-01 4.888744640587332491e-01 1.285544914855259457e-01
3.957094240756401371e-01 4.072981470315431007e-01 4.404944787989409916e-01 5.217961557869345013e-01 4.769337862415649054e-01 1.872183377910421331e-01 2.703889933163168280e-01 3.811350838249897288e-01 1.846756638817740048e-01 3.256037455540918280e-01
2.519030352043317711e-01 3.549662287042337772e-01 1.434074443488008999e-01 5.261890183017844391e-01 5.836640169857474358e-01 4.885114885114885119e-01 5.236681908599131186e-01 3.975548899764790312e-01 2.273946375382919216e-01 4.989555716125455564e-01
5.013392171068519199e-01 2.833976447238525376e-01 3.750043515410982353e-01 4.343341364384059045e-01 5.200167418763717020e-01 2.745876296711744491e-01 5.994926432416159967e-01 4.618518084231525433e-01 2.883508720571921757e-01 4.464810012324711419e-01
5.125304283170281083e-01 4.182028039010861065e-01 4.106957650690817863e-01 3.862889982123572929e-01 2.553696192111528651e-01 2.514078295917918648e-01 2.584338797161199741e-01 5.436127503884513601e-01 3.177738236169653785e-01 5.010436810393957829e-01
5.034521767741880760e-01 4.664137141206330939e-01 4.929295546824801200e-01 4.762954759141058148e-01 5.903069098104951618e-01 3.208420628374395456e-01 2.741597168207876023e-01 6.302020060867805640e-01 2.759753109489296308e-01 4.682328894152860133e-01
3.705065224518675482e-01 4.085355778666949211e-01 4.222430095362608160e-01 6.071988033904681670e-01 1.377378944832570451e-01 3.303901690835844285e-01 3.137217168440147308e-01 3.059809991444944477e-01 5.592223642618234791e-01 2.959441479151070364e-01
2.920639048191055465e-01 3.037154291511620086e-01 3.526384495439197075e-01 5.398574956991137874e-01 5.088618851483471817e-01 2.877681465901451019e-01 5.179471683092150558e-01 5.413749041966341435e-01 2.466993536336601900e-01 5.444160784881708626e-01
5.576686202659384417e-01 1.990200263289864657e-01 1.062914593698175841e-01 6.213959854399795368e-01 3.213490010537168318e-01 5.669315495048672382e-01 4.240398559206262075e-01 1.916471416243706594e-01 4.933654607853445451e-01 4.923838436046033551e-01
3.349290352323807118e-01 4.518934621992231060e-01 1.851922805105902514e-01 6.063195623467270146e-01 3.674170459642313036e-01 5.933531530412643473e-01 5.091111360676209285e-01 2.184338567781050899e-01 3.045742560895576823e-01 5.529292603210549384e-01
4.622945765989069367e-01 1.939388767626417098e-01 2.332116994017507383e-01 5.153490264447790903e-01 2.817960801210419031e-01 2.667960412178827512e-01 5.226901259176772729e-01 3.452584568782763319e-01 4.781259863180408187e-01 2.046384962253635087e-01
2.908106832375920714e-01 3.268379736491039411e-01 4.585652633845405113e-01 1.495168366295106244e-01 6.082043690380407597e-01 5.787304426206398844e-01 4.652078971983598654e-01 5.776461103986374468e-01 2.014460185547718996e-01 1.499367544447068878e-01
1.962563320036041781e-01 5.278696630520718358e-01 2.838971895554674996e-01 5.784810811230445271e-01 3.868810936909198861e-01 3.529784936238798965e-01 4.905108780326158380e-01 5.279085584900280459e-01 3.428848406431628248e-01 4.494376998511169230e-01
3.499872745126995088e-01 5.739794186429645340e-01 4.429779624653279457e-01 5.291632389103202438e-01 3.775134226737033583e-01 2.889330340124275365e-01 2.038181545119534532e-01 2.639195398794893510e-01 2.917562670750042386e-01 2.584668382365905570e-01
2.097502672396601153e-01 5.132362598807894694e-01 4.852047811499122787e-01 3.886392142477335110e-01 4.710492251792653962e-01 4.485457078135973719e-01 5.864158102530194761e-01 2.906849702605897035e-01 2.944868932762165770e-01 4.065874906666390176e-01
4.223902170464789441e-01 2.072477660527408116e-01 1.838014711405269175e-01 5.358698196259635838e-01 2.923185000684518364e-01 4.681095893094135985e-01 2.459362313577441728e-01 4.362746688649764004e-01 1.980540686468033607e-01 3.286272275993220582e-01
2.955514800634210237e-01 2.648183292455738025e-01 3.729365819766232160e-01 6.124834567504393590e-01 2.286765571606644287e-01 5.060490380867282978e-01 5.128085836014638632e-01 4.897028174074763429e-01 2.159293613414934310e-01 5.081236497338192937e-01
2.789784305543145937e-01 2.761527026954768704e-01 4.261718109461754000e-01 5.671259748513156618e-01 4.846678616096439796e-01 3.166146225145500814e-01 2.618657532539375721e-01 1.970642477582838503e-01 2.681346716170382449e-01 1.692842090919266795e-01
5.343462502593336882e-01 5.678569067225043288e-01 3.828546817441499384e-01 4.714265998374597144e-01 5.281361132588373586e-01 2.882298515471571898e-01 4.436147419089735422e-01 4.709655924444339226e-01 1.855529966908240902e-01 3.418684086330928684e-01
4.946409268517896751e-01 2.229434282411951185e-01 2.265217371143103398e-01 1.082829384356101959e-01 5.600827538238817294e-01 2.905890804798408333e-01 4.954644372284238152e-01 2.404606434497738865e-01 3.974882815316080897e-01 4.505957469146635863e-01
2.874528566277730901e-01 4.291738009787384733e-01 4.055289175982731420e-01 4.186834779977762766e-01 2.792393629977242275e-01 2.743475040170317292e-01 5.527722069407019490e-01 2.488074700491012259e-01 3.053610398330895426e-01 5.923408538932642964e-01
2.287045736502514859e-01 3.262315270935960410e-01 5.531432694404909700e-01 5.154917844521937909e-01 2.911352863380206601e-01 2.125982250735010126e-01 1.214205682644589335e-01 4.587018535759406213e-01 4.319842306201867599e-01 4.927537536390796946e-01
4.168445238449293155e-01 3.398020835942784368e-01 4.505124978829072591e-01 4.351977505994722439e-01 4.828430102949841096e-01 3.127337860476247511e-01 2.467529024415922589e-01 2.359120514052469586e-01 4.624497195171095587e-01 5.634860191670698626e-01
3.873305171319475493e-01 1.911308894678019343e-01 2.354637435962567693e-01 3.542700427044589429e-01 4.956555668367101930e-01 4.782673694124537356e-01 6.038098759898401502e-01 3.265508368496773395e-01 5.809536648970853312e-01 5.225492736836642171e-01
3.111427246174167660e-01 5.484788522328236660e-01 2.879271337229155625e-01 5.013834742962864910e-01 4.030171247182925409e-01 3.339452967544262463e-01 5.317081806078917117e-01 3.519842411502234203e-01 2.686599298094929367e-01 4.397976827601982608e-01
4.048333885756245643e-01 2.879611710323944918e-01 2.521100817913843883e-01 5.463716646847951441e-01 2.666247049399222968e-01 5.505568638031324014e-01 4.939045254414321517e-01 3.808609303794130430e-01 1.667226499367053250e-01 1.499703228869895266e-01
3.146162702361282593e-01 3.826355083317730665e-01 5.838123776908024087e-01 4.846719293470058698e-01 2.644739074667636358e-01 5.218070866415389641e-01 5.237420256154140530e-01 4.081933263110011367e-01 5.498418617204506864e-01 1.327821202110763266e-01
3.878502861925762213e-01 4.976810768013427699e-01 4.557122996012168414e-01 3.028221679784464659e-01 5.379225965052437664e-01 5.649638403126036046e-01 2.737654658098691574e-01 1.566188515489416455e-01 4.188421836594784509e-01 5.306829099805797645e-01
3.403590818562767240e-01 4.130564954171511705e-01 3.952088843555260356e-01 6.109454501083586564e-01 5.999907779936257679e-01 2.400361176533409580e-01 4.332579087338921386e-01 5.485206773098656452e-01 5.141660714815304845e-01 4.263722215610080690e-01
5.980374579703540139e-01 4.593946032579342420e-01 3.238203885146978545e-01 5.572916666666667407e-01 5.064269301565922365e-01 1.676314532149772163e-01 4.692212412311439484e-01 3.049050497942124016e-01 3.424125152077863721e-01 4.424534053736532968e-01
5.170711685805469138e-01 2.718842917921574509e-01 2.857341543342252210e-01 4.922843602388289330e-01 4.044025618383080278e-01 3.681303097702032234e-01 5.029864028944911469e-01 1.629711751662971109e-01 3.001100168261028323e-01 3.585094960406771669e-01
3.620028740038405690e-01 4.310552153279526011e-01 2.672930372044685088e-01 4.110462713522318179e-01 3.683788932072284972e-01 4.410820648940351196e-01 2.074405375932093509e-01 3.140700458748881263e-01 5.437748748553372646e-01 3.215965887020941216e-01
5.895486308130364339e-01 4.320556826849732412e-01 4.116893647704861214e-01 5.664892537777644899e-01 2.695691574530824641e-01 3.076269409890924345e-01 2.583619105647659286e-01 2.474897334332165910e-01 5.524101330363311302e-01 4.731482186739391915e-01
3.402686566001498769e-01 3.943301747015612313e-01 3.101478833251859468e-01 5.627626227443048856e-01 5.159833745896650337e-01 1.853899131017503754e-01 2.859394751181274508e-01 3.599596658023624385e-01 5.221792667630343887e-01 4.884000422548052112e-01
5.212626192104488076e-01 4.837958166913739477e-01 5.638325808511163162e-01 4.981405072776158294e-01 2.917764878344478174e-01 3.245051611884324783e-01 5.525797008131652088e-01 2.619798449377631067e-01 5.901457770040865469e-01 4.969960165086838577e-01
1.751976370658370197e-01 1.616576932682701750e-01 2.431546186011059596e-01 4.421804154724785496e-01 5.474921319326595537e-01 2.515196061945414452e-01 2.357745314197484954e-01 5.826303554442568977e-01 5.754214003723752135e-01 3.528606733442593568e-01
1.958983631518842750e-01 4.243582127985848218e-01 1.955316304099921076e-01 5.744354904354904701e-01 5.553643330258699606e-01 2.346514223424336076e-01 4.893787967145836748e-01 4.529214565774473122e-01 2.869386394523950057e-01 1.245324532453245259e-01
3.230842457589341299e-01 3.769050296075353579e-01 3.668492745039976244e-01 4.744866073919607463e-01 4.321833642982414458e-01 2.893767605583906777e-01 3.281691825508173954e-01 5.202126882665095708e-01 5.458756475749781956e-01 3.231006840080706821e-01
3.860081805156612145e-01 1.905692627254401694e-01 5.480147504546373227e-01 3.087205256720169100e-01 1.048233525432222535e-01 5.433715358193331735e-01 4.909568595085670450e-01 5.296069757555783575e-01 1.753995292044723264e-01 2.740978246478508185e-01
5.557586647723415929e-01 4.844493971543151201e-01 5.168801026785593278e-01 4.999867249538213487e-01 4.793322458210331760e-01 6.066450099392008966e-01 4.785523381155235567e-01 2.042007981516488213e-01 1.849843421607886840e-01 5.096013385210778068e-01
5.641068066700445360e-01 4.981563211279365078e-01 1.189851859861591893e-01 1.962691193830840564e-01 3.344475676961179422e-01 5.765522731059797845e-01 3.706534669484532474e-01 4.309947235845096314e-01 5.472744587320468312e-01 3.741809021582745975e-01
5.700530355331678845e-01 4.704495795998572261e-01 4.622104119425547997e-01 4.421210614353381363e-01 5.290772433333497116e-01 3.006204461382956383e-01 5.447531320576278757e-01 6.143517128528329652e-01 3.836437618151827822e-01 5.533481329866829501e-01
4.764711345055581138e-01 5.673726855083118803e-01 4.152793824846843784e-01 4.994249823568919222e-01 4.965320265320265491e-01 1.735032650528842146e-01 1.517556629047749073e-01 4.911001927756541430e-01 5.200820350948647253e-01 3.518955973255459280e-01
2.725352599736836634e-01 5.036325787463961090e-01 2.836314410821799692e-01 3.069984989150005283e-01 2.285914983991816640e-01 5.477646883463723748e-01 5.985516438980256204e-01 3.915115957371517741e-01 3.274708064181748313e-01 4.302562386017512175e-01
5.009307038567467618e-01 1.657811282964281874e-01 5.525281414656864065e-01 5.692498163214905205e-01 1.708765228024372029e-01 2.191401123950973695e-01 5.307375711800490503e-01 2.433952701527468121e-01 5.846668421514433778e-01 2.419620509642201323e-01
1.825275526858882724e-01 4.238132336321069338e-01 2.090909090909091050e-01 1.768216186891805042e-01 2.030785376364077077e-01 4.387994408740140129e-01 5.070926526197185868e-01 6.178084100961767078e-01 3.185010632163349786e-01 5.772966570150039889e-01
2.371182842550372538e-01 3.784690838300940330e-01 4.717221659165494740e-01 4.657064659962775743e-01 5.311472099796588076e-01 1.603732953223689639e-01 4.396402352309541905e-01 2.127038185388872016e-01 2.914587764185218033e-01 5.745438791607297979e-01
1.830544546921133442e-01 3.139077521390692960e-01 4.290414033520653092e-01 5.547784456248252560e-01 3.241003148897885211e-01 2.720792594006324339e-01 2.753086395651505036e-01 5.262968902953517603e-01 4.428260280307775298e-01 2.241834270365037352e-01
3.022133095662507540e-01 3.289956174962584967e-01 2.600625300449281863e-01 4.724839795477848159e-01 2.093872544896178134e-01 4.358054543216242083e-01 4.344936644361303557e-01 1.777260468997442222e-01 4.039297110975089145e-01 2.185796004028474349e-01
5.260620644296150061e-01 5.568153406447216014e-01 2.787736067502107340e-01 3.739688384003151400e-01 2.578843639138963528e-01 5.928546656133792947e-01 1.374945552854490438e-01 4.272847961489510960e-01 5.261878080390305357e-01 6.043624338624338233e-01
1.724975466733854046e-01 2.894842240074513851e-01 2.592736912757088730e-01 3.406930333817126400e-01 3.961478105579840370e-01 5.143667101892308580e-01 3.909697213447338449e-01 3.100236959132664505e-01 5.754967717355161660e-01 3.913952147281197780e-01
2.545687318709871638e-01 5.243983480845941791e-01 2.950671758771160613e-01 2.343662185767448891e-01 4.249891075436014187e-01 2.883056400005552522e-01 2.107784924954642924e-01 4.811595498342062238e-01 4.837973896127397699e-01 4.080595018694049836e-01
5.516136689139137239e-01 3.026368003341687318e-01 2.219957031791553459e-01 6.299640328962877733e-01 3.495942507036214897e-01 4.831332248332877999e-01 1.639044519836599101e-01 5.579903999537719761e-01 4.183491776682486951e-01 5.530771973315621315e-01
4.667195687517095570e-01 5.531652141733056638e-01 2.882543639105194511e-01 5.376768177576460861e-01 4.890037368544475349e-01 4.716101568717904757e-01 6.161918561169573705e-01 1.389334634643376032e-01 2.928241000511228043e-01 1.323345447240585615e-01
3.870535687651460721e-01 5.715948493639356753e-01 3.738067428221026334e-01 6.223719530708322623e-01 4.167758779363280874e-01 3.650757630321149749e-01 4.993748629603428357e-01 2.067433649637151205e-01 3.161324419905655603e-01 2.871118372657408546e-01
4.341691496483043311e-01 5.289400283993010987e-01 4.221888816424175239e-01 2.044945216560898338e-01 4.721620613093072683e-01 5.456320635461081592e-01 1.849076493200035587e-01 5.555939035074728416e-01 5.283150569260901541e-01 2.266615429658907777e-01
3.193159175831692953e-01 2.330736925541196103e-01 5.294044703748207459e-01 5.391102973150238009e-01 1.560046693040162968e-01 2.139937762014491596e-01 4.394676961810349280e-01 1.488326082879041501e-01 6.122924907078580725e-01 4.286470168965661465e-01
5.374512618183504564e-01 4.345026228428326975e-01 2.976581712497205490e-01 2.180786772759319980e-01 5.443000126554045082e-01 2.128207409710475007e-01 2.196056153108115194e-01 3.777547244907317192e-01 3.000682477968441564e-01 3.576799422633524239e-01
2.596854748418211956e-01 4.097507131914266965e-01 6.172559387280249776e-01 3.536147841075287790e-01 3.560662019223123087e-01 5.685036911227623335e-01 2.049882805534468111e-01 2.516159493518837498e-01 4.601256236635780095e-01 4.128604279268111577e-01
3.664658571037041623e-01 4.903469135717377636e-01 2.198403992876755142e-01 2.051194722629534062e-01 1.496638689700130476e-01 5.020213761721744605e-01 5.134527366832266626e-01 2.670480853830918266e-01 5.440240930550176435e-01 3.250951804402137935e-01
3.429772757206930867e-01 1.858258854744144761e-01 2.500335884661006869e-01 2.860951129994104836e-01 4.829061860844870990e-01 5.110526708992182421e-01 4.817383059990587024e-01 4.447969303059594592e-01 4.408790231545403060e-01 2.955637866409654979e-01
5.183797692698417503e-01 5.046221366492316118e-01 2.706804453530138876e-01 4.413324919510431266e-01 3.706301051889286935e-01 2.343820439938953948e-01 5.131175060190770187e-01 2.564179585423542740e-01 3.258815613657686239e-01 2.047325102880658831e-01
3.589146261102850732e-01 3.559735078885183923e-01 5.669385118494892906e-01 2.784838024726068451e-01 3.883062309497514741e-01 4.477244083407004860e-01 3.226040700371057279e-01 2.470177645458382087e-01 6.448409829737281607e-01 2.555729862097101401e-01
2.296909447432709805e-01 4.835494943386097200e-01 4.930996077088725116e-01 5.797483581762041815e-01 4.527147884288822421e-01 2.305133463418476136e-01 4.563466010970940179e-01 5.751171142367426103e-01 4.193066412894912443e-01 4.928016858917479981e-01
2.625608290362033137e-01 2.281269840392382009e-01 3.568612885708104532e-01 4.709713930912902136e-01 5.802637620731326829e-01 2.178406652089032725e-01 6.231153096715802420e-01 4.210006809350923529e-01 2.513215577731706674e-01 2.941423052347111877e-01
2.434949507587179651e-01 4.467570157462567026e-01 4.456891593800588192e-01 4.975312334835974015e-01 3.300175191456478085e-01 3.596000234279209118e-01 3.867409318560180997e-01 4.431395301947581022e-01 4.830316120839686089e-01 3.111742947285615069e-01
3.977680040735438460e-01 4.988723351694014374e-01 2.246735188343410849e-01 4.116031607833606776e-01 5.907329121060613808e-01 2.360285307039870495e-01 5.121272291203006199e-01 1.414251844046364726e-01 3.232335466412611380e-01 3.811321909424724153e-01
5.253696949168500385e-01 2.960012042338325822e-01 4.712797501287674384e-01 4.018280765540293009e-01 2.641704612804477992e-01 4.898390482053561756e-01 5.319203698664191071e-01 5.625544020476532792e-01 4.883633943997794935e-01 3.696066521936741678e-01
1.755490150767163859e-01 4.059230939853379905e-01 2.888707717279776488e-01 4.764563520572867583e-01 2.541163404350111898e-01 3.839069638723886513e-01 2.767704872144438610e-01 4.424336285902868426e-01 3.183106275181959433e-01 5.428082339451006932e-01
4.837129131337689625e-01 3.993973435008801864e-01 5.194216127698710883e-01 3.255868713116831792e-01 5.143045675692690111e-01 3.116280114253271449e-01 2.464026775852372619e-01 4.966923819443413990e-01 4.340873129231986316e-01 4.083471192752533563e-01
3.121822536053880381e-01 1.631591280531913268e-01 1.388655008635578669e-01 4.128192288506551400e-01 4.557969132248505528e-01 1.758178344012023553e-01 4.722650537496824175e-01 2.890112916401129106e-01 6.014457835982527367e-01 3.727905386868495818e-01
5.636587350046058376e-01 3.565293570457081507e-01 2.582331791161257550e-01 5.677701944614006457e-01 5.006228493239764932e-01 3.612369998316973252e-01 4.524521699215789949e-01 5.034417978145907524e-01 2.333988041762796450e-01 2.278278331409261392e-01
5.156039524521517370e-01 2.346119694196810157e-01 3.535041439447418887e-01 5.704308853540731583e-01 4.152809849585349378e-01 2.439296494519015146e-01 2.653977510035476772e-01 3.717246098797655218e-01 1.039062500000000056e-01 3.749223717165224290e-01
3.276539346696146771e-01 4.884452345321910194e-01 5.448370073729684737e-01 3.003976931652516669e-01 3.792686564888854694e-01 3.627766849092475265e-01 4.768592832546321159e-01 1.560156300807102325e-01 4.150108176423966122e-01 2.621283431632440708e-01
2.788445720204902889e-01 4.519734451807115305e-01 5.095107705963499711e-01 2.571438556692538513e-01 4.493305661983822974e-01 4.739473102866177401e-01 3.145390413061592838e-01 1.440956970536559079e-01 2.126517416289242790e-01 2.369101235091897462e-01
4.470029479200786637e-01 5.280807365697008926e-01 2.559955730942413688e-01 3.843346209435617444e-01 3.531355261558048464e-01 2.568439160982570191e-01 5.688984783031338921e-01 4.408347424125438341e-01 2.967232918738744174e-01 2.328458520997591374e-01
3.406405047475053460e-01 3.555787887993738794e-01 3.842351437554251681e-01 4.966775647474209743e-01 3.563279440574875778e-01 3.557412224314125959e-01 4.753491724560103826e-01 1.875030142271521538e-01 2.148906061992645333e-01 5.636089671080355412e-01
1.824790449527526337e-01 3.370240870240870379e-01 4.078971741537150697e-01 5.648375793385809196e-01 5.300255547371228726e-01 4.020786836153988908e-01 4.880038041054990394e-01 5.446739177248018926e-01 6.139409392789374476e-01 6.033573607041009534e-01
1.888446015181469151e-01 3.622195285053616542e-01 4.576631936446474702e-01 1.729188530107184374e-01 5.177527725147547111e-01 4.242087152748577061e-01 2.358631491704387684e-01 6.000162663479718939e-01 2.332070942324257490e-01 4.840940390782250136e-01
5.463886220419522655e-01 2.932249057010271054e-01 6.083387166509829358e-01 5.710731696840838367e-01 5.709650448483830631e-01 4.162025224833975079e-01 3.091740095322811355e-01 2.167288525716675462e-01 5.561243662893693429e-01 2.544067833507488996e-01
4.434003417346141229e-01 4.812444507212796374e-01 2.774202260543124354e-01 4.642744252178551134e-01 4.795727610297146892e-01 1.879910953127975626e-01 4.053122144534276883e-01 2.270443637505800138e-01 4.047108110659401459e-01 5.577748640248640921e-01
4.674759342768565751e-01 5.228024921860037200e-01 5.454640704907889326e-01 2.266284680911363758e-01 2.454660037670172157e-01 3.742566870818371805e-01 4.394745013340807804e-01 3.409929896833072682e-01 5.917015877069468077e-01 1.821169279760108672e-01
5.258220188196892630e-01 4.690151895564771967e-01 5.347496560771002327e-01 4.423948582281915787e-01 4.889078429773958678e-01 5.640846169526940734e-01 4.811925133183984071e-01 5.545621277823711281e-01 4.814576868361375994e-01 4.423789365314028665e-01
2.573791045974101466e-01 2.224544620053564015e-01 4.333643469596980546e-01 5.429220779220779169e-01 3.141821126406795228e-01 3.428323709380184381e-01 4.564470730312726321e-01 5.752050215002773026e-01 5.244234012792964306e-01 4.882852224855330214e-01
4.062429341346348588e-01 4.283429982626121291e-01 3.920071073712826926e-01 4.447077173792416405e-01 5.307157346095399131e-01 5.588516928809683648e-01 5.035643973664325479e-01 3.446684942411590846e-01 5.418242503181136538e-01 3.509908528619296586e-01
2.681341969012849269e-01 2.727553000676998241e-01 5.994167186975527528e-01 2.564041530737825036e-01 5.008429638170586173e-01 4.230024377480852138e-01 3.808334967480472288e-01 1.442559802454286833e-01 1.824831401348789295e-01 4.239443305208353552e-01
3.178761407753619150e-01 4.594299008711552057e-01 4.561251331652977359e-01 1.358998051085586745e-01 3.226356498581630095e-01 5.009244662227334555e-01 1.324603716344330828e-01 4.972053046739477455e-01 5.160741168404227031e-01 5.674457366919842816e-01
3.815303174101996597e-01 3.879560626224578535e-01 2.085455898196256763e-01 3.418318980696743448e-01 1.515605490050826176e-01 5.271797314709083526e-01 3.084118375288832370e-01 3.200176231416372308e-01 5.790833366459852138e-01 4.147707074863088428e-01
4.619509913363797349e-01 5.072723771410627691e-01 2.486767176518775435e-01 3.743454656491062571e-01 2.881458369804457131e-01 1.697538610087573341e-01 5.026257302005829875e-01 1.997415316866533730e-01 2.133158611282128247e-01 2.258239804305546272e-01
1.769550738930482647e-01 1.189708331856682011e-01 3.284367007672635008e-01 1.654464420174129868e-01 3.843826970124810671e-01 2.653042163066715031e-01 3.498853224830381636e-01 1.409938508132116408e-01 2.214632665452337668e-01 4.966968325791855099e-01
3.634241988583235550e-01 5.555605748375180841e-01 6.001005524459418483e-01 5.808109389640938591e-01 3.414447479500291038e-01 6.029853232473126878e-01 5.953336103581943206e-01 3.486020594415277785e-01 4.744710923006582592e-01 5.740771880346716705e-01
5.092314007844002122e-01 5.389434653824024535e-01 4.731034634892993251e-01 5.884921922978465503e-01 4.587354401746226440e-01 3.892408669162856771e-01 4.669108175720371179e-01 4.088218106199459356e-01 4.896245745307901132e-01 5.724692686875658687e-01
5.846706529007562603e-01 5.195998451772305682e-01 5.201561872511227813e-01 4.290896160923232117e-01 5.281688386922916978e-01 5.694577184461078190e-01 1.798559623820253917e-01 3.985817613474466059e-01 4.210613371034372387e-01 2.748093071636106277e-01
3.967040024640329232e-01 4.075968769081133591e-01 3.581424022134638285e-01 1.386646234157544177e-01 5.417137392705573262e-01 2.397412740134574338e-01 2.973311499413032188e-01 6.424191483715540052e-01 5.179306269569960985e-01 2.377554367543201763e-01
2.928555134744399435e-01 3.416220404443235936e-01 1.305018901364416450e-01 5.350917740815254176e-01 3.247878751985217027e-01 3.436909002946738623e-01 2.420777514630180760e-01 5.317042900620760904e-01 5.545751539567507216e-01 4.265884276746990666e-01
3.143950814636143898e-01 4.415984838294367831e-01 6.363359690689899262e-01 1.257243552129953257e-01 3.710976141658484107e-01 4.177754543358421779e-01 2.624164905257582170e-01 1.657965386971458344e-01 3.063259817251054451e-01 3.581109811842245194e-01
2.011652456339030337e-01 2.401245371170183107e-01 5.414760670038427648e-01 5.805285134841401407e-01 4.945426083657042948e-01 4.434302845278247363e-01 3.357460493241462007e-01 1.822596243148655315e-01 2.004282091590653403e-01 3.859901546985082810e-01
5.598393683928046816e-01 5.113862952312562271e-01 5.625553954089808073e-01 5.689791991755346334e-01 6.008398438443662837e-01 1.929564970440395544e-01 5.480674250966767191e-01 4.978695976141581103e-01 2.297298110111576364e-01 3.581392398142502764e-01
5.549866002988718128e-01 5.657356099998346322e-01 2.741940940993073950e-01 4.371902531681630677e-01 4.263190031198615948e-01 5.337818470503159496e-01 3.575410060948150948e-01 2.548853459834468094e-01 2.941095097264299074e-01 4.291529059413955460e-01
5.963237274808479427e-01 5.426382525309412230e-01 5.513801140497861519e-01 4.907088046240470902e-01 2.261842152104141523e-01 2.905317814790989717e-01 3.030239310477494397e-01 4.246096841938202804e-01 4.703589963580079303e-01 4.074223140872175186e-01
5.657163773554965136e-01 3.101487633938557753e-01 3.683342459876686181e-01 2.712509223316543761e-01 4.180903131981217880e-01 4.741129579343253408e-01 3.919763307426207266e-01 2.932663234950169673e-01 2.372553835070872474e-01 5.624252855130329465e-01
5.472649480623344997e-01 2.137280345566942297e-01 2.271381111341158054e-01 5.715564371741254091e-01 2.964577504201273417e-01 1.712389915820902164e-01 2.231494382309877067e-01 5.499214061086370453e-01 5.720420993148265243e-01 4.707059534645741117e-01
3.819708068238123477e-01 1.402960133683456567e-01 5.445822792924572830e-01 2.586028632025451079e-01 2.459152150429987360e-01 2.385279681265858320e-01 1.380799571349936028e-01 4.488951535910249424e-01 4.110258404941885546e-01 3.389779834638024791e-01
4.056820731992345497e-01 5.139366511043215180e-01 4.805690052557375358e-01 3.970648384860385738e-01 4.812998743730665940e-01 3.780929423424226887e-01 2.641169423685615913e-01 1.226535480023852320e-01 4.093363705191661595e-01 5.295115670876138214e-01
4.525623265757832137e-01 5.202584461536206017e-01 5.511026103869024473e-01 2.310744555407349132e-01 5.228641702732095276e-01 3.300766877299632363e-01 3.659903173498409434e-01 4.162399754177162903e-01 5.349984504298981314e-01 4.027572545398932502e-01
2.510834441094143554e-01 3.834205922877417794e-01 4.170126415071047088e-01 2.699099346486264484e-01 5.337986606389821809e-01 3.920639354729413273e-01 3.472738874027015976e-01 1.604374916284980468e-01 4.055760416900312526e-01 3.161019778598670449e-01
1.243253927133585873e-01 5.194808728653997898e-01 3.253845534130844208e-01 5.533277592492531483e-01 5.167145174809854025e-01 3.840934850746197116e-01 3.603572950523462604e-01 5.235638957396878679e-01 4.179921747684066102e-01 3.904712745118694706e-01
4.821677555235665547e-01 1.894038233054922971e-01 4.211663998376857787e-01 3.464139707031044790e-01 2.135507539329301041e-01 3.233225019712951953e-01 4.616545563344334191e-01 4.784060524018671767e-01 3.042138483853866759e-01 1.485418138025132451e-01
2.697788597641862518e-01 1.963393648452410600e-01 1.929853181528114192e-01 2.763301858342842587e-01 5.434078596651821247e-01 2.124463434619031088e-01 5.141903250075778864e-01 4.579622132253711175e-01 2.588490908995464412e-01 6.281970400230874052e-01
3.287207131573475771e-01 4.597049616454905174e-01 3.215791685989392579e-01 2.404066886225226796e-01 5.004276543993944060e-01 2.282295845238976606e-01 2.538661482982195183e-01 4.300841114592197090e-01 1.734923546817484508e-01 4.509822373582993427e-01
4.792482383977229587e-01 2.046646613808100201e-01 3.702387384035723539e-01 2.950207001211894720e-01 2.987116814511312501e-01 5.255353370567833471e-01 3.575258242268525843e-01 3.046076453473116619e-01 1.766704998243596447e-01 2.347019654166579983e-01
3.002641381552347832e-01 5.597143229895134020e-01 3.174459948894458039e-01 3.138464064125862096e-01 2.031642988503111480e-01 4.849200070500983006e-01 5.286954289294170106e-01 5.962726972935802339e-01 2.394892186431473169e-01 3.993795130345281774e-01
3.308376555932158736e-01 6.077990985893650944e-01 2.917697020145279541e-01 3.515839279825225816e-01 3.157730167556404566e-01 3.720476108331896015e-01 5.829904628785466114e-01 5.036531126276897474e-01 2.747887521847873771e-01 3.802198396074853992e-01
3.929914364818749006e-01 3.642647787982851715e-01 3.393232533761442737e-01 5.178690153749750946e-01 4.322074266862345748e-01 1.851660711013377314e-01 1.928309723355336458e-01 3.297588439885678069e-01 4.162625389632834683e-01 4.144678750211536755e-01
2.405454084221207434e-01 1.529512966457403089e-01 5.564824508980126261e-01 5.175450680079449750e-01 2.379969215567041552e-01 1.080755625799653813e-01 5.631556834079480822e-01 3.178175835814430750e-01 4.447634527824757544e-01 1.993286769039539497e-01
5.482953591856916109e-01 4.226667910402850392e-01 2.765486222578918962e-01 2.111664884705833356e-01 2.403171214895323260e-01 5.352102628043530208e-01 2.870472083932686380e-01 3.487904475043029362e-01 2.823456128958569122e-01 4.661760022483421029e-01
2.769298702965786729e-01 3.569617237194705472e-01 3.011512357095039727e-01 4.576940678289648790e-01 4.331955620116466621e-01 1.437960193069358072e-01 3.345429112054330023e-01 6.157951860076303907e-01 4.623813261126894503e-01 2.836165303125655623e-01
4.987491668176693427e-01 2.722950829740934386e-01 5.700855893568559374e-01 4.665638612196382207e-01 2.144823266226144054e-01 4.500161057753753191e-01 5.601887030831724790e-01 3.538546454075193193e-01 4.414730527178724606e-01 1.367432077018965186e-01
4.919562850101167895e-01 1.196604434777354814e-01 5.529678214745907816e-01 3.424198297328218121e-01 4.078413985017360632e-01 4.066875974607834787e-01 1.641718576523049089e-01 1.175254343858398581e-01 1.806300166590943390e-01 2.454267708574986162e-01
3.791866483345909811e-01 5.270737683106498928e-01 2.092031103225133193e-01 1.363064338524461183e-01 4.691625021963318209e-01 1.495963637013091596e-01 5.450512717874873569e-01 5.187602317723561951e-01 5.275168904257312441e-01 5.451930045273923886e-01
2.639910427073539068e-01 2.105735450389791263e-01 4.555635202503709458e-01 4.729781702813545818e-01 4.949690455805881850e-01 2.034349590468672586e-01 1.319466848270449133e-01 3.904471085743072001e-01 4.858259937971348141e-01 2.623589586479494473e-01
3.112664225974615118e-01 2.197185470646838557e-01 3.078745285057259418e-01 2.653060813709345878e-01 5.684617463920065283e-01 2.545405866644557258e-01 5.019840357011409182e-01 6.085914015684770195e-01 4.479556825811672471e-01 1.876175481162188352e-01
1.429892711801701854e-01 4.794333200699839592e-01 4.387680270961094031e-01 6.243058578270919146e-01 2.873933306148704903e-01 2.700129712556680328e-01 2.318343907747881238e-01 1.765145349783521778e-01 1.717998046760092490e-01 4.963230551816979474e-01
3.703818029964684455e-01 3.817357612548363255e-01 3.677400403797941308e-01 4.910203241784486528e-01 4.194022619223972681e-01 1.884250108485969744e-01 3.636730338769710857e-01 5.255252378238073341e-01 5.198231275541559393e-01 1.575612157007505731e-01
6.001697575491563574e-01 5.390539343019542518e-01 4.357619583505109029e-01 2.396409072320926370e-01 4.787374219580170509e-01 5.089178276049082239e-01 2.241041336422387731e-01 5.540309654281364571e-01 1.546567938337322368e-01 5.885728955491209557e-01
2.839664201777604147e-01 4.649326710649290817e-01 3.189226265165727159e-01 3.250218276463859302e-01 5.016040312310234839e-01 5.889416937883398262e-01 2.042838763127808877e-01 2.254718432840772391e-01 6.253846224724707303e-01 5.626388547753431446e-01
3.720260495849141980e-01 4.562959882892477781e-01 3.295957004878894425e-01 2.956037594188298812e-01 4.648262448609575825e-01 6.016017434393152730e-01 2.540492006078460818e-01 4.290719910395366932e-01 3.505355297732976605e-01 3.796076336632575599e-01
5.051201793471802315e-01 5.559404046826513790e-01 1.924925291393330407e-01 5.793123461436738841e-01 2.333363539081996507e-01 1.515808959863369776e-01 1.207090957692401184e-01 4.029782349472869063e-01 3.154740567082083280e-01 4.647814132173974100e-01
2.446299056135121663e-01 3.225122110500497907e-01 4.301940606914309573e-01 5.697869940573656589e-01 2.494544592030360497e-01 3.886588774391658285e-01 4.878674927784568682e-01 4.485152572848907782e-01 2.693350042809401490e-01 4.613710263323238525e-01
5.075724352057446875e-01 4.753066332205296840e-01 3.444335803862977885e-01 3.613000260313726786e-01 5.763744134192732016e-01 1.454980949052566974e-01 1.947143230640255296e-01 5.423745039607817953e-01 5.394414453588186609e-01 5.399041402446174143e-01
2.750247599420942990e-01 3.249522106025989898e-01 2.734483538953822457e-01 2.037287418329796207e-01 3.522082868821999613e-01 4.895872513834303441e-01 1.951194624256258059e-01 2.191642762679006373e-01 5.297263358052667348e-01 5.220999051424495274e-01
4.654253832244106825e-01 2.756607544736809912e-01 1.902111645649803839e-01 2.829470784403512185e-01 2.949379875895896674e-01 4.376264598967827268e-01 2.448650266156600086e-01 4.817292099911777425e-01 4.638896064869535429e-01 4.908308809469502654e-01
2.321704867848837506e-01 5.279309883128472380e-01 5.924423246957583045e-01 3.946968616792692064e-01 2.181576029941787731e-01 5.349857038580152491e-01 3.393922153511279571e-01 2.448139731510184103e-01 5.189002632816319682e-01 3.498024850875170455e-01
4.898763720657892673e-01 2.440693480119983105e-01 3.631165728813491311e-01 2.688972504974510014e-01 2.475698962538123160e-01 1.396594751097792741e-01 3.915786421150008190e-01 3.318458948479716675e-01 3.623735186985382883e-01 1.014868951612903358e-01
1.692089158306396002e-01 6.140754962971903819e-01 1.918353576248312820e-01 2.842659578251185426e-01 5.551549865229110647e-01 4.816049773582009030e-01 5.732229413874457835e-01 3.178487159822862007e-01 3.334376677331875038e-01 1.780620380344934417e-01
2.751139136480730274e-01 3.442504306772882217e-01 3.123981862248444985e-01 4.543805046083299048e-01 6.004720830244412166e-01 5.410244137496997840e-01 3.301879950154164023e-01 6.033826618218258719e-01 3.501690529507374694e-01 4.716248381662239142e-01
4.353622217476552647e-01 4.502439999361336209e-01 3.323729686246479909e-01 5.035516572490654763e-01 1.937898838327016815e-01 3.546011429515318891e-01 5.095506155242066626e-01 2.200243835092973999e-01 2.711436752316290777e-01 4.533935275905834894e-01
2.709991108978700991e-01 5.504443390644828682e-01 3.823059333158989048e-01 1.943583645203243726e-01 6.004594092241012371e-01 2.459093080347745097e-01 4.418496306626694681e-01 5.581783112158460458e-01 4.054859189175358813e-01 1.875795679917889869e-01
4.714588075175430992e-01 4.913132530610482274e-01 2.202780840931323481e-01 4.739173761400316542e-01 1.984060926747813480e-01 4.591656133347937763e-01 2.538703612714089397e-01 4.398556593526354308e-01 3.732501961902711107e-01 4.100831157356121803e-01
