0.000000000000000000e+00 0.000000000000000000e+00 0.000000000000000000e+00 0.000000000000000000e+00 0.000000000000000000e+00 0.000000000000000000e+00 0.000000000000000000e+00 0.000000000000000000e+00 0.000000000000000000e+00 0.000000000000000000e+00
1.842916753840891653e-01 2.238448555468921242e-01 4.273700561562533973e-01 1.694293103560434999e-01 5.331076671244079357e-01 3.940144643264219537e-01 1.943600314897599712e-01 4.878187118897373553e-01 5.216548234292207598e-01 3.180609937680022870e-01
3.536820961617735959e-01 3.564164596090865778e-01 2.651521124532644769e-01 2.456162910808501187e-01 6.711133790805852428e-02 2.956505575655415941e-01 1.723382623982849249e-01 3.078324488947296600e-01 3.373565616204777240e-01 3.733347512187255579e-01
4.808766278576219189e-01 5.218853297786076872e-01 1.599044980277147254e-01 3.467913369178569072e-01 1.417383428331217277e-01 4.339297746123776944e-01 1.856044290808286923e-01 2.942194686568726514e-01 4.626927055306913061e-01 1.447419701460759822e-01
1.218262355422748133e-01 3.646934876522640034e-01 1.740107515043044506e-01 2.109295757428920892e-01 2.662219366922161101e-01 3.193046046361395773e-01 2.535369877563296015e-01 1.908064099693990712e-01 4.913550451490844018e-01 2.307771346102878429e-01
4.120257260948792521e-01 3.498021405679752061e-01 2.125168752397383343e-01 4.646102790926179837e-01 4.273533514342356399e-01 2.825816942787247044e-01 4.487467007002944874e-01 1.502684315728374242e-01 2.833892156762446435e-01 4.918105638166946347e-01
3.217342956786686803e-01 4.578304907846800220e-01 5.261585406028764789e-01 1.721521946357171262e-01 1.002263219597873678e-01 3.840904086795511874e-01 3.844777699794915127e-01 2.409587707283860070e-01 5.839277099105701779e-02 4.941160090809986749e-01
4.361044318003482467e-01 3.914244698491919222e-02 5.458970125690000286e-01 2.557024492977909569e-01 3.699031144146755490e-02 8.098163865028569497e-02 2.161145415825445615e-01 2.503008628692949267e-01 3.115179563242774785e-01 6.269514012971512396e-02
3.506887714868242578e-01 1.056119356193746528e-01 2.552679629409819739e-01 4.786451258894304228e-01 2.704744351249981360e-01 1.958246075455357393e-01 1.889848814894130036e-01 4.271924130717578150e-01 1.029581662831252215e-01 4.164190075437545491e-01
1.567818969965703579e-01 4.957362732584296161e-01 3.870352163393984135e-01 2.853551778264889482e-01 3.388087048198945017e-01 3.749123560825079471e-01 1.442853784566851538e-01 2.983647432619305206e-01 3.869976591172245572e-01 2.260239313377244985e-01
1.051417587963006384e-01 5.024484577120463813e-01 1.988134090750181548e-01 3.927170486883256317e-01 7.939297008688377599e-04 4.882840971025834143e-01 4.198239460837254189e-01 3.567062433496300811e-01 5.371643818212500365e-01 5.196234397590719922e-01
2.092193186062877575e-01 4.170407783539020752e-01 3.265531576994920027e-01 3.202324350815255460e-01 5.239487089779570894e-01 3.375929420886591981e-01 3.378303298985701475e-01 4.135778936675615913e-01 1.183991445951080579e-01 5.339076060088459030e-01
2.625185867506583601e-02 3.983920661823966980e-01 2.976779625052067280e-01 1.172146536263414113e-01 3.030719598304316698e-01 5.386442811349505533e-01 4.114108762010691422e-01 1.633561591880574038e-01 1.421574465174407498e-01 1.368636593789238076e-01
2.143802563633001312e-01 2.346799844782024858e-01 4.226255193117584574e-01 4.574891781016948711e-01 2.211923545177584549e-01 2.770877355363967620e-01 1.409497676256762921e-01 3.125149705333332695e-01 4.210389322582088201e-01 2.822151457026233490e-01
3.197736970852873561e-01 4.297897589104543448e-01 5.165775642728278605e-01 2.213976441674098683e-01 8.468804723752632047e-02 2.991030953913217938e-01 3.753713427182208129e-01 4.092052383089323508e-01 2.302007948081104538e-01 2.511157262920883926e-01
5.041956312427089415e-01 1.093685935106057244e-01 4.698939235634462253e-01 3.067245622007936934e-01 2.993530951435391385e-01 3.530136268814902945e-01 4.871353675542858253e-01 6.047790709458358838e-02 3.478083594043935856e-01 3.302012906728175601e-01
3.249087406297736513e-01 3.368674380123959922e-01 3.629520557705031014e-01 2.006515335495848984e-01 1.222612058531779289e-01 4.143928056999346965e-01 3.795090449288526790e-01 2.428133492757334477e-01 2.036630094394067114e-01 1.456475862761155426e-01
3.467457265857861737e-01 3.181990177690037780e-01 2.846745529439004274e-01 4.909906791123315184e-01 4.286422111889087727e-01 4.751249392438086638e-01 1.835196972563548634e-01 3.929815382740571295e-01 2.816591368387120764e-01 4.175533106724229615e-01
2.584886727545102070e-01 4.649033450858278127e-01 1.470440342040160164e-01 4.538020630563468494e-01 8.016013649335575197e-02 3.806345597072642306e-01 2.579395768116110044e-01 2.383942839601098374e-01 4.735619173688962458e-01 3.310786802407806317e-01
5.059310306801030332e-01 1.356032693494132191e-01 3.629239482454190147e-01 1.103605003477343277e-01 4.767046934410472669e-01 5.234999728405004271e-01 2.337051166615148889e-01 2.368903980999249592e-01 3.212779561235431514e-01 4.022787831548479964e-01
3.696515018724884638e-01 1.697949340578553679e-01 2.518387649533375683e-01 1.628013880528612900e-01 5.250808982781034473e-01 3.518395392232164243e-01 4.551238892811033110e-01 7.515388602823695752e-02 3.723938703355973434e-01 1.847506402339009479e-01
1.407824867958529791e-01 3.875501567695074923e-01 3.821434391843406275e-01 1.472890870959193688e-01 2.993594098870518416e-01 2.352278821415827170e-01 -6.613085264775013863e-03 9.964365693902846322e-02 4.067402737165754512e-01 2.939812896139990528e-01
1.329323438571502203e-01 4.484303957155816867e-01 4.482281580957915568e-02 4.007725140819479170e-01 2.419415202993022984e-01 6.621619430960645758e-02 5.470704182797226506e-02 4.565871688584420829e-01 1.803187331260663606e-01 4.109274916303975456e-01
3.435639437460413226e-01 5.480378690804584008e-02 1.613875709401192682e-01 2.763780733039269966e-01 2.987996751204670121e-01 3.051909961891652312e-01 1.907139075284688401e-01 2.773386064771373172e-01 3.419222672520146333e-01 4.569366470306310268e-01
3.423205879534873541e-01 1.514525599210735374e-01 3.934151304889458856e-01 4.271662126572197127e-01 1.585253513409321247e-01 2.638439881725493374e-01 2.840568588523176285e-01 1.916683696366726364e-01 6.211543428702245850e-02 4.253308419497842108e-01
2.492750972663066444e-01 5.173380817272865695e-01 5.405971621617742251e-01 3.860380560151349671e-01 3.043624614629888425e-01 4.805732198224402230e-01 2.560976982793229384e-01 4.447710730294776593e-01 3.658311705887816179e-01 1.244523776182366176e-01
1.910390063499989577e-01 4.489373349122272039e-01 4.398509890000349976e-01 4.019162170124516154e-01 3.150034704863818313e-01 1.777751244690040922e-01 1.557046304030520745e-01 4.264248083577193427e-01 2.921749897602083368e-01 3.644247902420078011e-01
3.381358910625106851e-01 4.865171704042384748e-01 9.921186417883538777e-02 2.445434204785873478e-01 3.612025780323944169e-01 3.764641205071957430e-01 2.043987288513892386e-01 2.784276412569725023e-01 1.801212699115448679e-01 1.902885665489413292e-01
1.611043737464320502e-01 1.169541266190471940e-01 5.175989352686012346e-01 6.923694092240284537e-02 4.553771013173991133e-01 3.919942971318488012e-01 2.733124352396379408e-01 5.504786304869833113e-01 4.560183917775786355e-01 3.459958678696285483e-01
4.607043155995001471e-01 2.148455796778332427e-01 2.287880292521027870e-01 5.920688464014049746e-02 2.725257017563499917e-01 2.734788030890064614e-01 2.773078491980170424e-01 4.491783402263309077e-01 1.324578156237840587e-01 7.985671619268971955e-02
9.856859242134709265e-02 2.831038909346460519e-01 5.395679449204177081e-01 4.678940075598943538e-01 6.912981107562873005e-03 8.382440359775736316e-02 7.286711942085515037e-02 4.051820229688834485e-01 3.145113661121086146e-01 4.922231260587186519e-01
4.992848041325270159e-01 2.967605790948598110e-01 4.601570085192757675e-01 2.395065063557018370e-01 1.692620530256920275e-01 1.788428051311722888e-01 1.359419858375255641e-01 1.313868199825857508e-01 1.082869286595567471e-01 4.552212905044799585e-01
4.887319338679352865e-01 2.154585954345517307e-01 1.245617334038963547e-01 7.746215735515922518e-02 2.180162255110951741e-01 4.060990242026934482e-01 4.812105762076120952e-01 2.121112213196818252e-01 4.154742020907216116e-01 4.334424904828484276e-02
3.289767457684617535e-01 2.808490667187442114e-01 4.300008327507333639e-01 2.799246904420364390e-01 3.203561028473514427e-01 9.788584814566463066e-02 3.224962737053422845e-01 3.427664808199422097e-01 1.567079883555903275e-01 3.193237809783158743e-01
1.144125441738474414e-01 3.064283602494757286e-01 9.199874174351321821e-02 4.602009992643483760e-01 3.791805281611128620e-01 4.688805774762581091e-01 3.266330847246199376e-01 1.694823348333182600e-01 5.488264337344799237e-01 1.525110437462211810e-01
1.511279180962203650e-01 5.275302726552352217e-01 4.340252215587356854e-01 2.252215012919472348e-01 4.038881878020898486e-01 1.340650196325620380e-01 3.966495901170359328e-01 3.599273070361525551e-01 1.894581788872299888e-01 7.219568937574209755e-02
3.509578791790874397e-01 3.271260685350885766e-01 4.132426077943711085e-01 2.264059462826762681e-01 4.770408165188019800e-01 1.180180203683588586e-01 4.796041614204250569e-01 2.493736733307579945e-01 4.909440310083689196e-01 1.631127689944085468e-01
4.393584481069747194e-01 1.134276657207980293e-01 1.722287966030068562e-01 1.273069649865470609e-01 3.479020483344293369e-01 1.175094052595535704e-01 2.874350472945496129e-02 3.228982903122034620e-01 3.434357500580188516e-01 8.529675221326782353e-02
4.639548998732063168e-01 5.139411200274249802e-01 8.416619771608142841e-02 3.091673809811549267e-01 4.914556744099061736e-01 3.119482419041953447e-01 5.136697810796891916e-01 1.125035665987616368e-01 5.496847945944337288e-02 1.499679847939142663e-01
8.671515555832069733e-02 2.604695238500769894e-01 2.474576412462878017e-01 2.928467481005939677e-01 2.705330651067005543e-01 3.995233612535172840e-01 5.319984035915342746e-01 3.315991101081994241e-01 2.614341077587847839e-01 3.095642200748037198e-01
9.934976970238186544e-02 1.170792820591000233e-01 3.593650866294048063e-01 9.797941440456614526e-02 9.885453917143997848e-02 4.110924726482419467e-01 8.828496106915406649e-02 2.387312305754767938e-01 4.528532596501868013e-01 1.008033722183161729e-01
2.214500007111600555e-01 3.476790323944670136e-03 8.013359483559018281e-02 5.329230248936320247e-02 1.121167669877161099e-01 3.886476062385343933e-01 4.399026373675543056e-01 4.495272946567246963e-01 1.411139559093846640e-01 9.949488401518709335e-02
2.678317992652486934e-01 3.667196814076585931e-01 3.452543514607914754e-01 2.245702953958078341e-01 3.298906613275960353e-01 3.897533597308383002e-01 4.291025726497312842e-01 2.414071501344557669e-01 3.394669890884919883e-01 4.629834443802804400e-01
3.395402098947993275e-01 1.311030925954133619e-01 3.142984590312347670e-01 4.481254760384112412e-01 4.125242515192020232e-01 4.312760556864662087e-01 1.534166541844761977e-01 4.131012586349190885e-01 4.634706445050637558e-01 4.861854661069496264e-01
2.861567525845862270e-01 3.418432301332772205e-01 4.674253069675189387e-01 3.868493427598850842e-01 2.582240275501736515e-01 4.363193117135603649e-01 3.632210851089137105e-01 1.270869170648518121e-01 2.695040720447308136e-01 4.840907508394107217e-01
3.165061769001081826e-01 3.821091249649751775e-01 2.415897965427432903e-01 4.292131393510941750e-01 4.388777285082147150e-01 4.081741285959976651e-01 1.136559959087756200e-01 4.395276868211127064e-01 8.208878388980782315e-02 4.328676702323014380e-01
4.156432644749102345e-01 3.264040767462833004e-01 1.752407446375142397e-01 5.224611894014370428e-01 2.286198931806178447e-01 2.866298893001023029e-01 2.234899042575884398e-01 4.531006904816986536e-01 2.550517142650902680e-01 4.673377384730210138e-01
4.280146711337900478e-01 4.935340039275103452e-01 2.583551792545988879e-01 8.714095692912052216e-02 3.032887051345104501e-01 2.764271720226194051e-01 3.936777372880134185e-01 3.386322160932889180e-01 4.824123544545800280e-01 3.550714562688341291e-01
4.138708241359664308e-01 4.821323419176575809e-01 4.735179577040563026e-01 1.709292315777405369e-01 3.822933592330614583e-01 5.061815337574928630e-01 3.516224494189250649e-01 3.551672780708590299e-02 1.471178608467050286e-01 4.895174929144508469e-01
2.644101093333722230e-01 6.609786390436314663e-02 1.751354474260316263e-01 3.012801713715235197e-01 4.471295823605463404e-01 1.973146298189809023e-01 4.341620492764570183e-01 1.484967134764945962e-01 5.216084388790872550e-01 4.711014803338312712e-02
1.445386934151791369e-01 1.562952619210459526e-01 2.291651822526874493e-01 2.229010132406762934e-01 4.603096977703035053e-01 4.025485781314074307e-01 4.398321034710614419e-01 2.945677825435923936e-01 3.998934802876671912e-01 1.146085722882367597e-01
2.975236476135004748e-01 2.226810119531616450e-01 4.608215783805660881e-01 5.939823781924018220e-02 3.902461069253012615e-01 2.867767839075370251e-01 3.402457576254238614e-01 4.773932276289804544e-01 1.328828680745592350e-01 3.623246742804474563e-01
4.968802429615287175e-01 4.878943922775621500e-01 2.881334187292926285e-02 3.016692299656146270e-01 3.573892587249165587e-01 4.982649448008547588e-01 1.593190616852587227e-01 4.595737171699437740e-01 5.027281507512443293e-01 9.824916813944738203e-02
9.278470598481945719e-02 5.484777639666434945e-01 2.627423969314103824e-01 3.809006464512305623e-01 3.334251178560222462e-01 3.390994457742983470e-01 1.638552251870174781e-01 5.657247037621140201e-02 1.807820474352238027e-01 3.589808949585952536e-01
2.452213266966110916e-01 4.340911415185973454e-01 4.275929277241897336e-02 2.675187699138232844e-01 3.900181711948265684e-01 2.341069467000709281e-01 4.176658067384113604e-01 3.271444006829991591e-01 2.668612181605914402e-01 4.171331128294068491e-01
1.997049600189281515e-01 4.223096467199512483e-01 1.931519661592626669e-01 4.141592907829115267e-01 3.410164835789988302e-01 1.900064032465784702e-01 2.357075159578207735e-01 1.049900670973162864e-01 3.252546554726686301e-01 4.726884374882193707e-01
3.006050289292766520e-01 4.112937273617582323e-01 4.579489327275450550e-01 4.817593652080136568e-01 3.509809123701273514e-01 4.528672631082237277e-01 2.211637620253619485e-01 3.606255841458411160e-01 3.244603435811133640e-01 4.505159277094868964e-01
3.216015025856328036e-01 4.941182808370785939e-01 4.174523964884840344e-01 5.612346128120713207e-01 2.633958654074866068e-01 4.139936166721329136e-01 3.446249575118120467e-01 1.879459256264685296e-01 1.673387965795583299e-01 3.453382393180765564e-01
4.609551830393545657e-01 7.925097139362795307e-02 2.456281874323853476e-01 7.475163885832637745e-02 4.220658444967019252e-01 4.842735652078694053e-01 2.210286526553918024e-02 4.303158210319660282e-01 4.030023568238292886e-01 3.449472670368254890e-01
3.808610848230673529e-01 4.449910099028148713e-01 4.786758299679393369e-01 3.218128564486743559e-01 1.572792362006097400e-01 4.188933056071824090e-01 5.369025663380102564e-01 3.539835747570108659e-01 3.506511992663006172e-01 2.267735467333598098e-01
4.401807341385193251e-01 4.035321705682554660e-01 2.526353228794842587e-01 8.451186378728754722e-02 5.328271428238346985e-01 3.442229708977508351e-01 1.750152643911204453e-01 3.932096374166608732e-01 3.854836763768659247e-01 2.010184922291192722e-01
1.904134261989605670e-01 1.583364829009132058e-01 4.838024493159308603e-01 3.506558039564152129e-01 3.058540871760113133e-01 9.574472819772378296e-02 3.402156690922955584e-01 1.313633290874662018e-01 4.074393360206672865e-01 3.357423073880529407e-01
2.217752606829860029e-01 2.700128833861970001e-01 4.045114869882156933e-02 5.927306791789014456e-02 1.983552577699508324e-01 -3.275985228077322141e-03 3.388862826401741191e-01 3.863689553312943947e-01 4.647955928684132654e-01 3.803152329487985428e-01
7.487849078231312294e-02 2.852753115761652580e-01 2.616921119516263383e-01 3.578959192788824795e-01 4.666908580958972208e-01 4.228718694097460817e-01 1.056529448583562875e-01 2.789695559102112754e-01 5.023902454910974535e-01 4.901695273713310708e-01
1.506164185138017253e-01 1.745911615412616968e-01 2.582926698896654272e-01 3.870409140174936868e-01 1.722865081951644450e-01 2.027119114365038277e-01 1.058239974269581246e-01 -2.149471861608250392e-02 3.281926478739267128e-01 5.256814874043868047e-01
3.081446948620326642e-01 4.816644469326398226e-01 4.461211875757470358e-01 9.869060762298702272e-02 4.203270749935348327e-01 2.897297982758870183e-01 1.103520461050921109e-01 1.701835440588621573e-01 4.203095663247913838e-01 4.791582886291903542e-01
1.210971644987601098e-01 7.441106532914758265e-02 3.446943712625172851e-01 4.371117242170155515e-01 3.324188871834236614e-01 2.311161139199336967e-01 3.675182412234088702e-01 3.181118168501181342e-01 1.671580990387617205e-01 3.689827813789640643e-01
2.838158951030753663e-01 4.562131428296852254e-01 4.247588783077345109e-01 3.940359288928831916e-01 7.985991967338031128e-02 3.920698471264989493e-01 3.820310384435408046e-01 3.230754375814539614e-01 2.839426769642076076e-01 5.531441761347599684e-01
4.281835454888303083e-01 3.361757945529315061e-01 1.569559978723387983e-01 1.401126251577575199e-01 4.781254852057065796e-01 2.369673299855133974e-01 5.124611120949521675e-02 7.931773155318337654e-02 4.278216078747346107e-01 5.039915496617999313e-01
2.326785462632779411e-01 2.189923587545679062e-01 4.020279367276054505e-01 5.495029983781255511e-01 3.306148477713319322e-01 2.890788643895775833e-01 3.101212091089806666e-01 5.007227697706508884e-01 4.907087286041087459e-01 3.379891656667831645e-01
3.287504821028439661e-01 3.382027779189203387e-01 5.832180645456717244e-02 4.896216613116304295e-01 3.104889442919744336e-01 6.195333619917117035e-02 3.075682769487361745e-01 3.152599701093123374e-01 1.543533139636668328e-01 4.921128783664548978e-01
1.319312903334406983e-01 5.199188932098878224e-01 3.557315219639913817e-01 5.306358548177293050e-02 4.408501681497026259e-02 3.880055342920695760e-01 2.739025614714478141e-01 2.199447869585143267e-01 4.624939034700139007e-01 4.106874297062865914e-02
7.479402506594735878e-02 4.698490903904554705e-01 -9.082402282531333235e-03 4.220708407594976341e-01 1.507755353785619479e-01 2.959960681155007212e-01 3.290115579273442670e-01 1.772993165086104717e-01 2.999242979276485199e-01 2.837373562173794994e-01
1.152313761081116550e-01 1.931698014213571457e-01 3.098378011340728322e-01 1.274670876064282476e-01 1.798974648662810538e-01 3.369559736729720867e-01 3.444063038341856342e-01 8.023761772782286861e-02 4.138208334648253439e-01 1.995441207716419363e-01
3.326166887121118076e-01 4.408503162562567024e-01 2.468804884264386434e-01 1.558431081536786889e-01 2.355784060185661666e-01 1.908998759628451336e-01 2.177940521899936754e-01 1.523417944780394440e-01 3.962415934395578931e-01 3.493632953721642620e-01
3.874137395872986334e-01 4.746935196264703283e-01 3.251952282674800965e-01 6.879420490745501160e-02 4.666697463015732072e-01 7.159648829114524660e-02 3.562291539577675525e-01 4.345602288653099832e-01 1.147391575134922154e-01 2.481366818303860911e-01
2.407731532491600435e-01 3.094252123063648274e-01 5.376781861380850458e-01 2.760169031671308448e-01 3.039604349403688399e-01 4.779201342565199684e-01 3.833005466030842134e-01 4.157024239389485176e-01 2.808646159633453321e-01 1.506522278298805251e-01
5.935310309010169427e-02 5.633514636404034562e-03 3.923953340425916370e-01 3.909616726326470837e-01 4.635576696346809245e-01 3.324711479237730249e-01 6.958741138879546984e-02 2.404337001779461025e-01 3.754062837248816620e-01 6.643235026610810889e-02
2.211053761857732780e-01 2.059334568705908641e-01 3.698784361789942410e-01 4.377535491555911706e-01 3.650105008777516091e-01 6.444678548613665126e-02 1.521666395550501649e-01 2.873787955289107687e-01 1.100345717283074259e-01 2.393234943697176986e-01
1.542637827925333327e-01 1.718058108531833605e-01 5.687267272402402735e-02 3.892467951141138083e-01 5.063970960963690704e-01 3.493208438821614470e-01 4.518569827441242248e-01 3.073670797079256500e-01 1.106254461997618899e-01 3.832100160374548592e-01
3.489617533867206967e-01 1.757567395570296953e-01 2.680078131619633153e-01 3.299925295255087265e-01 3.694768987025476292e-01 5.586832580224345562e-02 4.895598442960303331e-01 3.390897894173470206e-01 1.859952568943969431e-01 3.219787692809558122e-01
4.116909199013487064e-01 3.133550813740406671e-01 2.435120865711195570e-01 2.111368251232556004e-01 1.285818132292351479e-01 8.506601515746430031e-02 1.401315198922538363e-01 4.610654166553979638e-01 1.961458886897164133e-01 3.843703560349977510e-01
4.154224269376626255e-01 3.659930874199107675e-01 3.756178417608635467e-01 3.080099674956563449e-01 5.077918994054799740e-01 1.317688282092254748e-01 6.975758366023084023e-02 5.391843538703122718e-01 1.828213079328281920e-01 3.601265436828856026e-01
2.633338189929414486e-01 3.276408328562274153e-01 2.591973695962749291e-01 5.036951252326278272e-01 5.408999194796420412e-02 1.904236997817417010e-01 1.801468006941502886e-01 2.389627212324677563e-01 4.400630158000561343e-01 1.625891963543016905e-01
1.533252834728928149e-01 1.343150747465615136e-01 2.485752451056300605e-01 4.155425410328258407e-01 3.995515060968835575e-01 1.612389154222043375e-01 4.198667970780045056e-01 4.463144329361179441e-01 1.417124547053706940e-01 4.280935893370840239e-01
4.237068263627802311e-01 7.080306209799429318e-02 7.534717529319295663e-03 5.123026180553225117e-01 2.833023826680337587e-01 4.992984333245431006e-01 2.797653291002755727e-01 8.492467168419387535e-02 3.594007240874972364e-01 3.696229807995420891e-01
2.375795324247123586e-01 3.388606797838973339e-01 7.417968438016601940e-02 5.127672239834821788e-01 2.426162575852092440e-01 4.882018988403415971e-01 4.290572138985175865e-01 2.674232534832494609e-02 2.240693048337916160e-01 4.783657890952573433e-01
3.484283936382949753e-01 8.869051492456174468e-02 1.444791526785652869e-01 4.137070351201197482e-01 1.300386194495650460e-01 8.712154923276142771e-02 4.530037050757795836e-01 2.164830853951480727e-01 3.645122941105680692e-01 8.836492259212680445e-02
1.777033652880710690e-01 2.149701616378400515e-01 3.638105692245399148e-01 5.926029169324345536e-03 5.420074584485065072e-01 4.784074089353669290e-01 3.604643545276059458e-01 4.925539561570526081e-01 6.179244210886693928e-02 4.624486396371049746e-02
2.155270854956647594e-02 4.396650991618564208e-01 1.639470688758678241e-01 4.625361037073749682e-01 2.561509831180180941e-01 2.143064763543648943e-01 3.426097068313288529e-01 4.199497339950511998e-01 2.308130839745249074e-01 3.459498562057120030e-01
2.572425185893363331e-01 4.765932601846337713e-01 3.182502275633020128e-01 4.112000160623534573e-01 1.957767975191170018e-01 1.686585050854820522e-01 2.488667330346134958e-03 1.800522691847651624e-01 1.606010538425413359e-01 1.586407533879594656e-01
9.980247106423538461e-02 3.905101478441159180e-01 3.880476817331321993e-01 2.905889750304696539e-01 3.893969404323665562e-01 3.124843835426354688e-01 4.733511672758519695e-01 1.790297443812535194e-01 1.946560759335786428e-01 3.073947918722265693e-01
3.150196315881401143e-01 9.109162862893047108e-02 3.669910242491145752e-02 4.792529769393258365e-01 1.522684083068935601e-01 3.410521057922641930e-01 1.256364822784414026e-01 3.195148289679606290e-01 1.442930213978185217e-01 1.658805953271229872e-01
1.486667619033517074e-01 1.482736633814707439e-01 2.532450770144271113e-01 5.286378740105582841e-01 1.123209524808273935e-01 4.100870024615669296e-01 3.618656675478842399e-01 3.874666181313368707e-01 5.073772184388328221e-02 3.864505778599535701e-01
1.602987666276397272e-01 1.648463872004324871e-01 3.229274189006921536e-01 4.277485260368507625e-01 3.736415376530544119e-01 1.731696286539041174e-01 1.496666571293603365e-01 1.051219599138912969e-01 1.321614839360631677e-01 6.673918556366316424e-02
4.150075832152304578e-01 4.965637570808654200e-01 1.937202812818550335e-01 3.138279244594859851e-01 4.449308077875224199e-01 1.681288183023703364e-01 3.492846761062801675e-01 4.037541753604093620e-01 9.329343106297731392e-02 1.804950678267523700e-01
3.694760898094442969e-01 1.332676521297658512e-01 1.233297174436991245e-01 2.595411062510987951e-02 4.595894027987894037e-01 1.696727690686580525e-01 3.544665483034065145e-01 1.101443413199920535e-01 2.543896514143687004e-01 3.109596469798024398e-01
1.815294811107694972e-01 3.020401522883714995e-01 2.977502892333253603e-01 3.034898250364286842e-01 7.814274891255605648e-02 1.510171005807232902e-01 4.388643140855398861e-01 1.473313569528453548e-01 1.127550979328041103e-01 5.209211244401369401e-01
9.134188060709187706e-02 1.695693466357749979e-01 4.348281935005873233e-01 4.248553665794121414e-01 2.087986201859537982e-01 2.595383818339029591e-02 -1.877841744894744383e-02 3.133431751227476192e-01 3.177166189002761376e-01 3.407500407416818033e-01
2.877365384386972869e-01 2.027898601732323614e-01 3.501176271301044141e-01 2.427498357534068896e-01 4.024240078629000017e-01 2.115818347442515179e-01 1.315610320909948450e-01 9.438733841557936377e-02 3.012287697496041083e-01 4.897228063619095684e-01
2.644031506478426441e-01 6.357768700106863902e-02 1.417721202042901696e-01 1.964832283765048648e-01 3.797832532510722614e-01 3.312198952231741322e-01 5.072960055515177702e-01 1.956101490339504090e-01 5.054009951900487740e-01 4.177501803841373595e-01
2.544325712213588719e-01 4.457217923494700140e-01 1.664570303863571188e-01 3.906688451825675590e-01 3.067285472718545014e-01 2.257679245850131577e-01 3.892438869268652901e-01 2.420435243744493148e-01 6.983152632123243442e-02 3.180057965037108025e-01
2.982232714454944311e-01 2.419588764497035971e-01 1.495526197593110562e-01 4.378023358527174391e-01 1.492952376891957533e-01 4.395049910393098447e-01 3.699439990076671680e-01 2.420735628222940861e-01 7.102234517956552973e-02 -1.619855181526494436e-02
1.461979232678079221e-01 2.903601441928421734e-01 4.600413975663764088e-01 3.911676994865732060e-01 1.473994222800234788e-01 4.487546245677173640e-01 4.349622088513283580e-01 2.975414476362521210e-01 4.513696453291442534e-01 3.497885728737235023e-02
2.844370803425038674e-01 3.648746990459179051e-01 3.732815171299926349e-01 1.901292670160205645e-01 4.104175022814294804e-01 4.663697466101579536e-01 1.619339637978776392e-01 6.079553195255622822e-02 2.854544998219079033e-01 4.069238897056977056e-01
2.281256431699513754e-01 2.895745240729150627e-01 2.422700001367202316e-01 4.950407435788425903e-01 4.955404357640686985e-01 1.274239564549219661e-01 3.008164881481744657e-01 4.473992659714712827e-01 3.854894204736523111e-01 2.788169606463299366e-01
5.142979041940749507e-01 3.129404324190801501e-01 1.964662625440918575e-01 4.806187884569183000e-01 3.751453019232507957e-01 6.102906541629189718e-02 3.852316798715769153e-01 1.879290131547714515e-01 2.475406295060418871e-01 3.251916275665055478e-01
3.984627331713243015e-01 1.835721730564922882e-01 1.623537257172188997e-01 3.610069303020513876e-01 2.900189335573124527e-01 1.778795011218190503e-01 3.878728198106939362e-01 7.563409357022249369e-02 1.745251121214833612e-01 2.272167930885092002e-01
1.946392067295573403e-01 3.295661387753934801e-01 1.657524177628111051e-01 3.089195309293901182e-01 2.170940129743189617e-01 2.855732396071055668e-01 1.287618556097755718e-01 2.140533278455529764e-01 4.307119084669417952e-01 2.267277609745032285e-01
4.977388397969332301e-01 2.976221340666668769e-01 2.977952357710302866e-01 4.913139245213585249e-01 1.422333263196182140e-01 1.872149436241236087e-01 1.375824277251812555e-01 1.464606798534565657e-01 4.416118262885218582e-01 3.606932723183737255e-01
2.299800537849133464e-01 2.598786465367514120e-01 1.630058723602543225e-01 4.895879490238538856e-01 4.214101290399162592e-01 3.394721580758162244e-02 1.547564727173706689e-01 2.562879187205896470e-01 4.388968508751494024e-01 3.827628233717869088e-01
4.244167078716903352e-01 3.891897699475315719e-01 4.691058237306738876e-01 4.010097231981563093e-01 1.989703909341389576e-01 1.459654396398966381e-01 4.734757056858819313e-01 1.423730197394686980e-01 4.877373753555281355e-01 3.873159180274006741e-01
9.115858070132530980e-03 7.181262214925916709e-02 1.349563051348306453e-01 3.346505171995165506e-01 4.460035215906297257e-01 1.365686692503302047e-01 2.017126820232339468e-01 4.687975497456671192e-01 4.754536023752211071e-01 2.432317119608779776e-01
1.262177581482016864e-01 3.279490648883911508e-01 9.250178867513739189e-02 4.854520533376395219e-01 4.901091707544718012e-01 1.369149905522930588e-01 3.984632672138929688e-01 3.381006427316095020e-01 7.691585187560423531e-02 5.211951165157360094e-02
2.317224156816402314e-01 2.708813679220847814e-01 2.521453382222522133e-01 3.562889692270811981e-01 2.880002902465023107e-01 1.794494590137128698e-01 2.641295756678500584e-01 4.297762219692958241e-01 4.321932790324051199e-01 2.038058586223503721e-01
2.753164750208401124e-01 8.504715534151972844e-02 4.572558990423586378e-01 1.689224387864016463e-01 1.144972561693260484e-02 4.501589593436786663e-01 3.719624359893590748e-01 4.498732467107572908e-01 6.376049490422612542e-02 7.263660839291365134e-02
4.640049339846947229e-01 3.761346401677669871e-01 4.180057844355469787e-01 4.126338396351654225e-01 3.334720386200838993e-01 4.917813354542977522e-01 3.819623439578455071e-01 1.132024851345805050e-01 1.564968489747776137e-01 4.140564444618026751e-01
4.542516518991486785e-01 3.543168132943196880e-01 1.590676814891924667e-02 9.683726737118189543e-02 2.047172918289448251e-01 5.124978449997221741e-01 2.008375457918124551e-01 3.214492120445217593e-01 4.658990617741357032e-01 2.529456742007408776e-01
4.710579582666821752e-01 3.247907904558103853e-01 3.079599987850343834e-01 3.235194919469480679e-01 3.993636012608124397e-01 1.878598800194538343e-01 4.747293653611683317e-01 5.085925342544512784e-01 2.888914109249943740e-01 4.599442744825180118e-01
3.608881282192545892e-01 5.001229906750142007e-01 2.886085648609973409e-01 3.905998975322902966e-01 3.836968498691175067e-01 6.144213229272733889e-02 6.488358467370043681e-02 3.792328251279590279e-01 4.391498183593661730e-01 2.152627192964656488e-01
1.576821034987744841e-01 3.870645614546419644e-01 1.557142762053110030e-01 2.378054201664422385e-01 1.220673081382314534e-01 4.880741330221456398e-01 5.156809532855208822e-01 2.863100747925241274e-01 2.000266952080196337e-01 2.514208277144085457e-01
3.874611253002242517e-01 7.832659541200834297e-02 5.119767673928034002e-01 5.034320947919853628e-01 6.861576530532131901e-02 7.763926090766701260e-02 4.224854284628706824e-01 1.295809711461166081e-01 4.775399198007658774e-01 9.493261948804199157e-02
7.824950026455211594e-02 3.133828625960650149e-01 1.157489443412570845e-01 8.104894698874294534e-02 1.117285661968871330e-01 2.943935623825011949e-01 4.304681508290841285e-01 5.257422176701487260e-01 2.572774867633497164e-01 4.670447661346870949e-01
1.252395585086480689e-01 2.528058187337500207e-01 3.558451576722556076e-01 3.446387004241849850e-01 4.809394104793786595e-01 6.818368891604299764e-02 2.698878588939098155e-01 8.919155533597311614e-02 1.241056434799505254e-01 4.690832857933790456e-01
2.399625374927026947e-02 9.757201409510289636e-02 2.586386486080886615e-01 4.383538717215819669e-01 2.124013217679064647e-01 1.606152040979603179e-01 1.559896687377834157e-01 3.655560688208224773e-01 3.242911723303461557e-01 1.380449371912573497e-01
2.284596007455243216e-01 1.800400660167953970e-01 1.468413443093019022e-01 3.395206310049128096e-01 9.330396614222863372e-02 3.364285633594272795e-01 3.281262048557617717e-01 4.309978870043628535e-02 2.718924209541191406e-01 7.444775949364224044e-02
3.646229183562078591e-01 4.424124044967598368e-01 1.616633085036266182e-01 2.924563377357077276e-01 1.634936669325326997e-01 5.147080043461771393e-01 2.707015971288567052e-02 3.212941276856905448e-01 4.339064669184464762e-01 5.033426851832347726e-01
6.975776095942487487e-02 1.937747805497083142e-01 1.288876191927088855e-01 2.200939725742770137e-01 3.022318838612034209e-01 4.253382546943312859e-01 2.397000267386578953e-01 2.120273221442597888e-01 4.789104775240893841e-01 2.910006878543956454e-01
1.345135448179269888e-01 4.201286154404871853e-01 1.535835782117829784e-01 4.582914127229984619e-02 3.311304030040206348e-01 1.476012640402160903e-01 8.510122796445108995e-02 3.662121248562406617e-01 3.624119124186988006e-01 2.979638010346533639e-01
4.884258709500256534e-01 1.526321553686431909e-01 1.107762700830017405e-01 5.219812255363436293e-01 2.368923146698369842e-01 3.658401404836940096e-01 1.421942081162148319e-01 4.644001960649912220e-01 3.624159006009694539e-01 4.602097280836683901e-01
3.575660709053061215e-01 4.736155220498544094e-01 1.767589463523861482e-01 4.340892706672041523e-01 3.354133445730260732e-01 3.085110122830773127e-01 5.084092726609930057e-01 3.662016439854547112e-02 1.751559459074595593e-01 7.351028072201462593e-02
2.053633180416434834e-01 4.867032662912802454e-01 2.517618008871316260e-01 5.204991933884538513e-01 2.895169611685132760e-01 2.476875461926343613e-01 4.071469087075018645e-01 1.097390626560270088e-01 1.820648429947042957e-01 1.753674129609980870e-01
3.282157939683867376e-01 4.384520225151212203e-01 2.932222501343690335e-01 1.101087005193565616e-01 3.695883203266789874e-01 4.395835271181768311e-01 9.017122208349388768e-03 4.610364900640910313e-01 4.355512283955308428e-01 1.164665041259011907e-01
1.019586619705205588e-01 9.898347941817990658e-02 4.784561806061717326e-01 4.659760111801238835e-01 3.126328369568340954e-02 9.496920319009649614e-02 2.617366461000219524e-01 2.392713007332272074e-02 5.392375789294926447e-01 2.987157325972935040e-01
4.415691926660961775e-01 3.254995130201872033e-01 1.804557321578533491e-01 1.186045468152023413e-01 4.392386767168087736e-01 1.215783261333553411e-01 8.147390449196886819e-02 2.018759434582933499e-01 2.051529561802963308e-01 1.887366863746090251e-01
2.286305888182543211e-01 2.622416791642775968e-01 5.133962737334913928e-01 1.401227837754188132e-01 1.840640423400841941e-01 4.648975195999395238e-01 1.014905949086432058e-01 1.290953370810544176e-01 3.484520009572802390e-01 2.359665821189430579e-01
1.796102202678752091e-01 3.799766588811525070e-01 9.949226691211351947e-02 8.104074500886677968e-02 7.763236766784092913e-02 4.028190339576400159e-01 4.572673042006197286e-01 1.784686488144493766e-01 4.504142175287872973e-01 2.058226753868135084e-01
2.085289541756858711e-01 2.400306949916783741e-02 1.489510912103057250e-01 2.597586661562261701e-01 3.480880910502423542e-01 4.046747827984564227e-01 3.820968900962242176e-01 3.324553301779227810e-01 3.118288223673423287e-01 2.525114101430209756e-01
4.533848024085540551e-01 3.966461039033894465e-01 1.356786149758322790e-01 3.304422569605766635e-01 2.426940160581730066e-01 1.195819991957478151e-01 4.294612667030311970e-01 1.326140857956865093e-01 2.012181344701847452e-01 7.651055697451764059e-02
1.739595797911073771e-01 1.495194852808215402e-01 4.864200084715508132e-01 1.371719277289312200e-01 2.962171599810174416e-01 3.343618056249930692e-01 2.785581385490080164e-01 1.194975286641677403e-01 5.317083399288357048e-01 1.392275434071304219e-01
1.369930727477803312e-01 3.679742514208145798e-01 3.893461222158027812e-01 4.851411915357630722e-01 3.567805212042068352e-01 7.484119625903438988e-02 3.590634785114606431e-01 4.849099997921377248e-01 2.438785759304952228e-01 3.992099324466043542e-01
1.492445795209188797e-01 1.359415700268851168e-01 2.232439647976513508e-01 3.891755851421420109e-01 4.857357157092175304e-01 1.044099958766085690e-01 5.284955363633592196e-01 3.035569962850764303e-01 1.385946732504221013e-01 8.253026728233658904e-02
1.046107444451322838e-01 3.361833226553160858e-01 3.322381255550247992e-01 3.636994945769216891e-01 2.060032135423681687e-01 2.175883798096745758e-01 2.580618278029995216e-01 3.402666958189483615e-01 3.842714119131457884e-01 2.031401046515177444e-01
3.091717828677793545e-01 3.842175974140409345e-01 3.426009198955492357e-02 2.451728959075673009e-01 4.856997291405636963e-01 1.330341830936419834e-01 3.967489332046486572e-01 6.459074891477487729e-03 2.079125536346400072e-01 2.466491224650890768e-01
4.121019036250313516e-01 2.510481650866785985e-01 3.877900782286252679e-01 2.666762424448063662e-01 1.385864420732168534e-01 3.506540731678190470e-01 4.560416724324269366e-01 4.222555514352739903e-01 3.783740499719913664e-01 2.650791436319160366e-01
7.585319800500410492e-02 2.110080682537601726e-01 2.584514555778257838e-01 3.665479408863767108e-01 1.299403752060167838e-01 2.579963652951781095e-01 2.248976591542785619e-01 3.292801557289504188e-01 1.493768434554645363e-01 4.633581034977302116e-01
3.396482801575871902e-01 1.984298704156748361e-01 3.915805915071839394e-01 2.026970854665959554e-01 4.126829545903311636e-01 1.415817820135705229e-01 8.485460303397004966e-02 3.840664808158469334e-01 3.064105690060052178e-01 3.096337298017187156e-01
1.924204060325287180e-01 6.693268457276922712e-02 4.508883631751401527e-02 2.997639382888179216e-01 3.211519849956211425e-01 1.812300214922562408e-02 3.232011448493530836e-01 2.667773696878122935e-01 4.739839281023394135e-01 2.299056470097023408e-01
4.476417335573451006e-01 2.488160018542031338e-01 1.507688045813757594e-01 4.637075460252266246e-01 4.048147123120893753e-01 2.416711675024282302e-01 3.517569999777424017e-01 3.867043820504829643e-01 1.127716368434929922e-01 1.302871750619057079e-01
4.165872778481600758e-01 1.404199518545550147e-02 1.997778289732629886e-01 4.946630753835987160e-01 3.175340778339009185e-01 1.225933223019005369e-01 1.517846433129467487e-01 2.690381351491886175e-01 1.833108491028438355e-02 2.594974804116021438e-01
2.141078842194510945e-01 4.238281295575448970e-01 4.404410487026942378e-01 1.670392337971973173e-01 2.909567330066856750e-01 2.643310832015201561e-01 3.596365967107501560e-01 4.240306330760670178e-02 2.921493915421407572e-01 7.638838914275236647e-02
1.174102201640602056e-01 3.530876201381770718e-01 3.785498918011143688e-01 1.067841562246860526e-01 3.288873369163283766e-01 3.413322045303213703e-01 2.028705376784204206e-01 5.416569733017426169e-02 1.800418551208575815e-02 1.281515103056380389e-01
2.657018397622246675e-01 4.059229179877655302e-01 1.510748103822060762e-01 2.539119405990168943e-01 2.469887822584286852e-01 9.119686055749282039e-02 4.350091613705285853e-01 3.964214835977785678e-01 1.710307797908354743e-01 1.415517611877875337e-01
1.996273897754304860e-01 2.466138707408684905e-01 2.782737960407904443e-01 3.424167193142468868e-01 1.853260290534559929e-01 2.373203707830031095e-01 3.629722829903991865e-01 1.243057988680319331e-01 2.520180763840229252e-02 4.398478944117983347e-01
7.420246659063031713e-02 2.276644733472104609e-01 3.098530335728479357e-01 4.964139936160331112e-01 4.285259686431691639e-01 2.612181597110178055e-01 3.673058674299570781e-01 4.194004183886467230e-01 4.846957727751015077e-01 5.490397302719174366e-01
4.197386648315857421e-02 3.217835758140684121e-01 3.705672335232757519e-01 6.890325261672561319e-02 4.161075883071337356e-01 3.331572765865629115e-01 1.117602008661071206e-01 5.053351679043224243e-01 9.927625140582337082e-02 3.537783569660609695e-01
4.112546139583130866e-01 1.830881304046148017e-01 5.063656372004332606e-01 4.458226858185053154e-01 4.868097652806936404e-01 3.147383105873580167e-01 1.808981765723752799e-01 7.196099422632329379e-02 4.194625087506220762e-01 1.077828623943985487e-01
2.924272027254798956e-01 3.518273319982400671e-01 1.628317575678060736e-01 3.465213671528332151e-01 3.454007659393339424e-01 7.170717464152266685e-02 2.902405896782355721e-01 8.457172014318171949e-02 2.930012340201683663e-01 4.590178023539578933e-01
3.622463299018933713e-01 4.148873550637313112e-01 4.403253310142965504e-01 1.089674721633928228e-01 1.198789284585423109e-01 2.668651071558231225e-01 3.213207546385245528e-01 1.484174673190701566e-01 4.957619112590183064e-01 7.524649241033197489e-02
3.914860263734827317e-01 3.458706109992992217e-01 4.097260371504228282e-01 3.375976622489735290e-01 4.146358309019987365e-01 4.910105892259767901e-01 3.522253398834156446e-01 4.171202114680400141e-01 3.430667066799846787e-01 3.312608360630434623e-01
1.439939673591711655e-01 1.060032843194728402e-01 2.854937665462997098e-01 4.267227055199858121e-01 1.193795720970308449e-01 2.320353657038827233e-01 3.729407126012392326e-01 4.562488962815167137e-01 4.110905492075295764e-01 3.755595615455774583e-01
2.876710893693349980e-01 2.872832953586337834e-01 2.544137450732839589e-01 3.450566273921033544e-01 4.576096191575137473e-01 4.407639593722921800e-01 3.841408552087546835e-01 2.131987872413041440e-01 4.386768966709710948e-01 2.329722560242839247e-01
1.373396133983392498e-01 1.548406544842808596e-01 4.875180536166858758e-01 1.478039455514126022e-01 3.734547287011408812e-01 3.127028573897751018e-01 2.832204299929275138e-01 2.429136738649187444e-02 7.237222447893389143e-02 2.830753157399014119e-01
1.521463761714639262e-01 3.177082933347245564e-01 3.429199482520316478e-01 4.869569914444354247e-02 2.167072764565817211e-01 3.648484654716707687e-01 1.295066382665960650e-02 4.165526258400555903e-01 4.026266384100601892e-01 4.714992250355571901e-01
2.809378186170031211e-01 2.366557208208670549e-01 1.276740768112566426e-01 1.444258053365626016e-01 4.132071179067903915e-02 4.367779765154031213e-01 1.163865677848442554e-01 2.010632770223090837e-01 4.499271628669812007e-01 3.118316122558383863e-01
3.182921296808114420e-01 4.213164528095454942e-01 1.188887501527178397e-01 2.523217562500001399e-01 1.686634860075014175e-01 5.229690606998403657e-02 3.815895582874230807e-01 4.550099209450602505e-02 3.337375796091841818e-02 2.441725415153457243e-02
8.132245214930131083e-02 3.829151023790029057e-02 2.106221915969380687e-01 6.113229892205345600e-02 1.989001736657040054e-01 1.293975677191045726e-01 1.869410444566485252e-01 7.553322390093077099e-02 2.438172785196711378e-02 4.053069289747459614e-01
2.464344446952235201e-01 4.904787903522429549e-01 4.732052480483888712e-01 4.779727748669491683e-01 1.350247510500744152e-01 4.822591070469128272e-01 4.833264060277948082e-01 2.243111890419849930e-01 3.662355364211855036e-01 4.316987274791768137e-01
3.981044938662922639e-01 4.294114484298385825e-01 3.391831966205394733e-01 4.708130627729217310e-01 3.478946928083593293e-01 2.178918627071512737e-01 3.043925672334256149e-01 3.003576512097942408e-01 3.518301803769732228e-01 4.761264009163244104e-01
4.913058330179679856e-01 4.143280120575669745e-01 4.120243308465613707e-01 3.227785686029005507e-01 4.104207739995780480e-01 4.739209358349412149e-01 2.399289284400418082e-02 2.529731696871206359e-01 2.861409708261191120e-01 1.410249300691090446e-01
2.810192772282045226e-01 2.697295841720337983e-01 2.057098145758226027e-01 5.875108522612715323e-02 3.879431334454480074e-01 9.198585418557346516e-02 2.105870023599170637e-01 5.288345917874516244e-01 4.366137659787892034e-01 1.253648065943251122e-01
9.111237744537448169e-02 1.527337974016832189e-01 1.585864770255037207e-02 4.361793026072559032e-01 1.574981770415428972e-01 2.312004068961497627e-01 1.231016763887060467e-01 4.393713024153061975e-01 4.682945619280366456e-01 2.734116066448946114e-01
1.907990996657829008e-01 2.798018329863391496e-01 5.610195828013321284e-01 2.159730691083356843e-02 1.847671538940729163e-01 2.910792785454199838e-01 1.092929736051175132e-01 6.167320540308667692e-02 1.908406422994891327e-01 2.301559923095239657e-01
2.969971656574803623e-02 1.157222185312107160e-01 4.403536570884626911e-01 4.628355791265033048e-01 3.986485656484407003e-01 3.726881566736799933e-01 2.119555488004939980e-01 9.257792013465608594e-02 8.728323398781782927e-02 2.464178418900195011e-01
4.517690570942006767e-01 4.117681984150870500e-01 4.870735399576930358e-01 4.685830635522871268e-01 4.920818542990237909e-01 -1.407604312859325052e-02 4.828725069155395122e-01 3.440289017095556345e-01 1.381171197417859764e-01 1.857347070502565756e-01
4.759111153140169748e-01 4.302785640565846559e-01 1.241486578740461644e-01 3.047514908273402101e-01 3.198929166044401362e-01 4.555629060016203602e-01 1.780313795307896241e-01 1.326928228690630041e-01 1.831025862987688546e-01 2.845813465195838887e-01
4.845693565409289194e-01 4.163912363785236548e-01 4.841891816418886774e-01 4.292461430467424122e-01 1.163771571457638959e-01 1.555730081445535762e-01 1.324011996807161196e-01 3.074870157886159250e-01 3.440710928417396453e-01 2.956503827490813419e-01
4.688137924727757144e-01 9.355493812190504577e-02 2.332543229973789989e-01 1.462962000217739589e-01 3.138307479548886891e-01 3.723129656110816810e-01 2.830616626514708689e-01 1.086327754845810428e-01 1.744485505562191618e-01 4.352166620405323316e-01
4.532677695880685254e-01 7.099422934017089737e-02 5.454967963221022537e-02 4.726683220224567328e-01 1.183136936982868981e-01 6.436975191379004646e-02 9.654751809051952127e-02 4.635105617431466429e-01 4.474125778024494737e-01 2.919210447105982098e-01
2.620404834625962298e-01 6.387434786379571350e-02 4.567337765102869596e-01 1.419796617957067852e-01 1.064712377859842879e-01 1.540046471914237672e-02 4.039402414391166790e-02 3.415690766190153660e-01 2.463083749512099963e-01 1.505969705278152326e-01
2.422280892796270513e-01 4.025948253261786847e-01 3.761477522921198302e-01 2.618571233495518569e-01 3.824987209054219739e-01 2.743489714998405549e-01 1.443154495210037525e-01 3.739656266474008367e-02 2.930577189333665733e-01 4.090369471438353166e-01
3.184340197469740508e-01 4.338270266303700384e-01 4.268221773659875984e-01 9.171951465864484898e-02 4.160596670588180279e-01 2.299722580516097847e-01 1.841771623770157296e-01 2.992350150334133208e-01 4.053219049027432797e-01 2.628273530929456925e-01
1.987772698314941855e-01 2.164335443657377789e-01 3.090681989790592943e-01 9.718742459959406332e-02 4.343869809483805189e-01 2.934439500864007289e-01 2.362087408116070597e-01 1.925081040332828758e-02 2.758308833373109836e-01 1.443426716909781138e-01
6.359431332282203253e-02 4.212794090599975561e-01 1.916560824699641286e-01 4.475589711924002345e-01 4.237290006058903602e-01 2.808124098876029762e-01 2.448171008706055141e-01 4.164567019665536551e-01 3.185324675234239011e-01 2.632813001457596780e-01
3.444883107715186465e-01 8.941201202021477334e-02 3.255336715446056073e-01 1.467743646106233202e-01 1.211269787336880233e-01 2.109296560536027265e-01 3.554254077991262917e-01 3.882826104478073748e-01 1.884170240436223165e-01 6.861707777586134593e-02
1.782315390431021829e-01 9.215619432624562457e-02 1.130872951802333742e-01 1.069913137598063751e-01 3.992029542185377977e-01 9.552680901672563896e-02 3.635555582041585798e-01 3.597809678813799761e-01 8.322861352698741888e-02 5.100951355813271304e-01
2.168439410683376811e-01 3.596496935310968812e-01 1.739566900424061591e-01 1.184889146103861729e-01 3.994213760415163961e-01 1.179808167615692127e-01 1.316427929209980918e-01 3.203773350237233974e-01 6.773522334918076482e-02 3.364088516953429031e-01
3.686014861219298333e-01 8.210255952481032571e-02 2.856984618915152097e-01 1.502718977385188726e-01 1.779801477063738813e-01 4.362147047387670562e-01 1.912997244582113343e-01 1.958767984385549887e-01 4.741534807839668797e-02 1.190483180010945830e-01
1.590695989992595427e-01 4.735527084876254289e-01 1.786258582365431169e-01 1.918646348008789526e-01 1.555968104886842202e-02 4.011915420205866001e-01 4.220031135154213575e-01 4.893172687458157144e-01 1.385667072539900346e-01 2.896205743300916957e-01
2.189738977280183130e-01 5.442574155810069314e-01 1.922662917009675121e-01 2.398524789899167675e-01 1.766521639102092978e-01 1.852250914626222544e-01 5.110467803215156257e-01 4.172990606830861426e-01 6.660713169106449727e-02 2.810740502569125110e-01
2.989295228320693054e-01 1.793329103740267383e-01 2.715948214772940794e-01 4.223505528257915920e-01 3.091276782400199097e-01 1.539633302113757422e-02 4.120502787180409937e-02 1.794538015488541249e-01 3.050327046069979953e-01 2.552375380028187868e-01
1.355194344237066195e-01 3.425157283518346502e-02 4.171294892500411744e-01 4.036935737268604885e-01 1.001882766838327193e-01 2.990986419616773612e-02 4.763206321177684277e-01 2.852512408989211212e-01 3.297947584149313882e-01 8.925309331612776842e-02
4.400856598207261161e-01 3.049392907670142594e-01 7.802330313809620332e-02 1.099298870269943551e-01 7.973516621898939227e-02 4.216112552480605902e-01 1.106663298890285807e-01 2.245986861464400741e-01 1.778949543111529030e-01 3.832484380680929448e-01
1.608508015267763047e-01 2.623118500437431333e-01 1.943173619765889981e-01 3.284471522810809008e-01 3.372114022016933776e-01 -7.496836527442646031e-05 2.198919215568670982e-01 4.893493725535200123e-01 3.515868322491755849e-01 1.555384485294865060e-01
3.990007627638093579e-01 1.706863314804592247e-01 4.485243735380743391e-01 3.373582535537710259e-01 1.064692631117995086e-01 3.420587667525526454e-01 4.511438181229162625e-01 2.735062939408846039e-01 3.031392766678940309e-01 5.550767595437307300e-02
3.361772719268906195e-01 5.566449010121123087e-02 4.485975826964672120e-01 2.412454909309826034e-01 2.776338293178571281e-01 2.584735725420826413e-01 6.078089217913266312e-02 3.457137783434049982e-02 1.008765371311574344e-01 4.765741111418465847e-02
2.328829835662561409e-01 4.431491839401917598e-01 1.201548519866501574e-01 4.262597018148743533e-02 3.680046208859474866e-01 7.038833185860471353e-02 4.608871329772535330e-01 4.462579183489971402e-01 4.369798191451609859e-01 4.279975893393882513e-01
1.163888766805387803e-01 9.052523779494907330e-02 3.281195588211260339e-01 3.659977287911251875e-01 3.678345405697228676e-01 6.018209584116340077e-02 2.630584247391038952e-02 2.459142247191626329e-01 3.791764638370240803e-01 1.030579644743526008e-01
1.997839835108136675e-01 1.131812607302039864e-01 2.061870744988048842e-01 9.553428666445216988e-02 4.720447067447642864e-01 1.075290852593200758e-01 4.176270662759350993e-01 5.138066142571577899e-01 2.897720994157456098e-01 9.859741311504198469e-02
5.279611973175935002e-02 3.578357478945728976e-01 3.475720290042128013e-01 5.392703000310696826e-01 2.262757458087974183e-01 1.395582951497678081e-01 1.000964641999203819e-01 7.158223625335333185e-02 9.273486710349748696e-03 4.098204604990258737e-01
2.600980030486323424e-01 3.124542193887628327e-01 2.511301672998370038e-01 4.406280799437813922e-01 3.303212957690358498e-01 1.048970855528169599e-01 2.185733082018842810e-01 4.097998022286863939e-01 4.332150653301456433e-01 6.312495019959318832e-02
4.997482274270174107e-01 4.199442934940664784e-01 2.609009235136735549e-01 3.464870450235216920e-02 3.669551800942302822e-01 3.974501353407955961e-01 1.079794353693614012e-01 4.717864028346772098e-01 7.856246474173983474e-02 4.943094428441938692e-01
1.772505451822067868e-01 3.638137065219595456e-01 2.654330337095278658e-01 2.141139256225675913e-01 3.409572422438680861e-01 4.605449998442293635e-01 9.889401749254851659e-02 1.341984945235428495e-01 5.074147930375615401e-01 4.558452778545836748e-01
2.471262030949495092e-01 3.520307077064404044e-01 2.614115461732414714e-01 7.371153055494902850e-02 3.432338013823554301e-01 4.882673789794655939e-01 1.216077755899103163e-01 3.407465532591285040e-01 2.503494470469600497e-01 2.544954546015870123e-01
4.186076263079026027e-01 4.690548625258193494e-01 7.330232809635990610e-02 4.791933250921650012e-01 1.225641076008481406e-01 6.520305377106755396e-02 2.205125846915007709e-02 2.623007030785949323e-01 1.725634999230065691e-01 3.305373117963810170e-01
1.585431931409526929e-01 2.039956038506001434e-01 3.246317790870194009e-01 4.547903839415028959e-01 1.470740917018838745e-01 2.780279578598406909e-01 4.064229323601089572e-01 3.011768011126551570e-01 1.738868405810576334e-01 3.334186569001436062e-01
4.028687370023064096e-01 3.677979939594060443e-01 2.199117531495227984e-01 2.486116016174062526e-01 4.408719419813428853e-01 2.570952322959331113e-02 1.680751144393510463e-02 4.365932525895607208e-01 4.448184852161470304e-01 4.299418595205357629e-01
1.125204072898265129e-01 1.153198089746472199e-01 1.911055324561178603e-01 8.920751967417162032e-02 1.782308792893337601e-01 3.816947567601645108e-01 8.101679195863260852e-02 1.034406712630231706e-01 4.291462813564075884e-01 4.006571379314367021e-01
3.832269150900912691e-01 1.743793697664401954e-01 8.721948139167692848e-02 1.235099613295147780e-01 9.968898380491472699e-02 3.129569996345598626e-01 1.191906048546672731e-01 3.606805806746889442e-01 3.097365502159706296e-01 3.895521209527986750e-01
6.692127402080023935e-02 4.260521603813784419e-01 5.580131684194918895e-01 2.936971315947242145e-01 1.075345716456082845e-01 4.453377606825870694e-01 1.985482258341361994e-01 1.242966799644715514e-01 4.081030515381495194e-01 2.473931000397847912e-01
3.399639895392704281e-01 2.590829997983908062e-02 2.061127632013852462e-01 9.978133942685651903e-02 1.758702885766867952e-01 2.649232862782181785e-02 2.743785141017303641e-01 2.000427974288876698e-01 2.270964571767606632e-01 -3.666216982056876711e-02
3.485787989012065994e-03 5.003320105941456708e-01 8.930248248808131395e-02 1.701006492741388987e-01 4.691709819966946582e-01 3.883745398679038230e-01 4.487292446966790749e-01 1.993545903588459789e-01 1.770010529561943935e-01 -1.568965059339996315e-03
1.501780860984275878e-01 2.290899306879330133e-01 1.758461110207261424e-01 3.139391413658126906e-01 4.910333683207915301e-01 4.524719459970900082e-01 2.571334690342340634e-01 4.876437218621137992e-01 2.416330182209404653e-01 3.504915351294473624e-01
3.494215610557211971e-01 3.435861833696774448e-01 2.192407374362380645e-01 3.735464053498095960e-01 9.867470044215947977e-02 2.367596212281741497e-01 3.832540453094601118e-01 1.154147502648482926e-01 1.826437625238938323e-01 3.333242799405209400e-01
1.670409053371885721e-01 4.275800609201309554e-01 2.066098775154099898e-01 9.096921685715970984e-02 4.846010193252452969e-01 1.237058899401036055e-01 3.178315065835951025e-01 4.923758708443782273e-01 2.504068360056762588e-01 8.214246387976024966e-02
3.598763725136625569e-01 3.647603099869007326e-01 1.098502540405512512e-01 3.428136283879109625e-01 9.254116159839644029e-02 3.628387147816423131e-01 9.875951186015780037e-02 3.228312235794450480e-01 2.860558167084899517e-01 3.181617286478433115e-01
