0.000000000000000000e+00 0.000000000000000000e+00 0.000000000000000000e+00 0.000000000000000000e+00 0.000000000000000000e+00
8.212816351953842187e-01 8.158485245984855583e-01 8.184196755625327002e-01 8.076761335299530442e-01 8.185240721303098654e-01
8.159369422771911573e-01 8.074297852923386642e-01 8.187104404056330109e-01 8.185907959178090332e-01 8.182139046211934774e-01
8.156027421652423115e-01 7.989994142444233338e-01 8.231381667018952131e-01 8.128495315988105707e-01 8.049793138516297963e-01
7.964043249887170495e-01 7.984928540975957389e-01 7.936425921320489074e-01 7.794870776892319775e-01 7.791740820325522288e-01
7.875619044218239440e-01 7.982591752853910316e-01 7.896116437883700101e-01 7.899283440259948774e-01 7.643524623954016661e-01
7.565362137907326590e-01 7.944462069134555771e-01 7.627350521245775949e-01 7.770759230268168283e-01 7.777806561796890561e-01
7.671060951019162966e-01 7.788322246858832010e-01 7.512443295868846960e-01 7.484170794471071142e-01 7.437728971690291679e-01
7.165650366761381340e-01 7.095125956823963298e-01 7.280395635461515136e-01 7.139487143851908080e-01 7.513543114705759640e-01
6.571187662340104430e-01 7.258635120888796699e-01 6.114251202179643574e-01 7.504529670936482821e-01 6.047471838353738471e-01
5.213783800740321439e-01 4.825817516949015840e-01 5.171712401339310095e-01 5.595654830894780662e-01 4.743437080835454789e-01
