0.000000000000000000e+00 0.000000000000000000e+00 0.000000000000000000e+00 0.000000000000000000e+00 0.000000000000000000e+00
7.326176127722764386e-01 7.206998992182821473e-01 7.281475862010542421e-01 7.366209877054582522e-01 7.322109071162488103e-01
7.283807999064804140e-01 6.966244553934919370e-01 7.130580122682721456e-01 7.247967479479817676e-01 7.163286314490622253e-01
7.321015251177125371e-01 7.090065584635839580e-01 7.329152497042681347e-01 7.205612956785002465e-01 7.204920238898272489e-01
6.924507012655024552e-01 7.288634858538559635e-01 6.929171052718308133e-01 6.850164050442389962e-01 7.094544536097255882e-01
6.864425898505701618e-01 7.015582544593936820e-01 7.065140106064347059e-01 6.932508285918570490e-01 6.630696026534852461e-01
6.822157968127081640e-01 7.162605744246872685e-01 6.840912419844853432e-01 7.245587740630486939e-01 6.877961055566323978e-01
6.972481832331426377e-01 6.798690392543630390e-01 6.563054851881318097e-01 6.404236002309324771e-01 6.836485694923342127e-01
6.344469526917254631e-01 5.776516173439764090e-01 6.751531063722087112e-01 6.565218129018443038e-01 6.550852484273823606e-01
5.878825292918469225e-01 6.578501317012491745e-01 5.691334064413163807e-01 6.578794222078065967e-01 5.235906836527527419e-01
5.442438773608091473e-01 4.895034065534459855e-01 5.550522406091503713e-01 5.637010343039150495e-01 4.641963526406762686e-01
