0.000000000000000000e+00 0.000000000000000000e+00 0.000000000000000000e+00 0.000000000000000000e+00 0.000000000000000000e+00 0.000000000000000000e+00 0.000000000000000000e+00 0.000000000000000000e+00 0.000000000000000000e+00 0.000000000000000000e+00
5.773538271414226930e-01 5.773538271414226930e-01 5.869246781281319825e-01 5.784283513097072671e-01 5.689814814814815325e-01 5.898249347132217268e-01 5.974623130201968113e-01 6.220800246704185632e-01 6.171764932934478143e-01 5.829402137286994190e-01
5.957135147637035999e-01 6.051416256157635676e-01 5.914687012311427017e-01 5.517693315858454017e-01 5.865740740740740256e-01 6.226908866995073399e-01 5.865740740740740256e-01 5.959938366718027236e-01 6.315789473684210176e-01 6.005006257822278481e-01
6.005006257822278481e-01 6.271858107458208043e-01 6.175308023060755991e-01 5.907748721412718895e-01 5.661359223300970189e-01 6.137676137676137955e-01 5.735688255596474994e-01 6.095815295815295576e-01 5.823612209089330527e-01 6.182374564560518815e-01
6.140350877192982670e-01 5.920346320346321356e-01 5.963669950738916814e-01 6.005006257822277371e-01 6.116144018583042907e-01 5.738974625744177605e-01 6.266111785445928062e-01 6.008695150337610702e-01 6.008695150337610702e-01 6.431924882629107554e-01
6.271284271284272016e-01 6.226908866995073399e-01 6.171764932934478143e-01 5.701754385964911132e-01 5.832611832611833691e-01 5.789473684210526550e-01 6.008403361344538673e-01 5.917204197554635225e-01 6.051416256157635676e-01 5.874335874335874230e-01
5.838446601941748026e-01 5.467373509004443966e-01 5.819743317572132479e-01 6.308688613059902917e-01 5.497331013041862890e-01 5.674796747967479904e-01 5.832611832611833691e-01 6.022022332506202780e-01 6.204413472706155064e-01 5.744877344877344916e-01
6.047765793528505629e-01 6.074668730051262511e-01 5.346938775510203801e-01 5.421333127365413063e-01 5.926990291262135280e-01 5.768635941849675763e-01 6.027874564459930751e-01 5.605054615549367458e-01 6.063092951516209084e-01 6.389897273499651753e-01
5.614035087719299044e-01 5.578947368421052211e-01 6.089498713650893791e-01 5.957135147637035999e-01 6.116144018583042907e-01 5.903125000000000178e-01 5.744877344877344916e-01 6.287220843672457482e-01 5.668424317617866137e-01 5.749902912621359663e-01
6.315348819096944233e-01 5.823178016726404671e-01 5.774070822358794430e-01 5.943139823631776730e-01 5.576112733473139738e-01 5.900819915044948072e-01 5.580024813895780866e-01 5.768635941849675763e-01 5.892528524107472077e-01 5.893821940333567877e-01
5.474753890123849054e-01 5.378498479769235896e-01 6.152276295133436435e-01 5.720636175046922567e-01 5.613254299873675635e-01 5.786555786555787062e-01 5.491625310173697816e-01 5.704866562009419662e-01 5.694093791622767409e-01 5.810728045045934209e-01
5.059539192493489601e-01 5.573169999399507635e-01 5.717710997442454479e-01 5.239109073042909070e-01 5.502592780884596468e-01 5.685990338164251812e-01 5.575890030433627853e-01 5.578947368421052211e-01 5.927278501111463704e-01 5.992187499999999112e-01
5.501893939393939226e-01 5.631567271040477385e-01 5.588710481699411536e-01 5.463267597864418512e-01 5.648417880462079932e-01 5.594202898550724168e-01 4.987798237299073678e-01 5.355666256579876272e-01 5.732377538829152019e-01 4.925673973293021035e-01
5.861573750872643984e-01 5.239109073042909070e-01 5.300299086573437846e-01 5.681818181818181213e-01 4.605414686237149224e-01 5.274853801169590017e-01 5.064222831577427364e-01 5.003246753246752832e-01 5.459976105137396285e-01 5.346267241201574372e-01
5.555555555555555802e-01 5.252252437993525369e-01 5.410628019323671101e-01 5.404360345536816101e-01 5.109028428616058104e-01 4.959056665574844147e-01 5.612512283000328228e-01 4.829931972789116013e-01 5.575890030433627853e-01 5.389611715925570756e-01
4.540865851291011612e-01 4.330922242314647619e-01 5.048446374874707709e-01 4.477762297717286510e-01 5.145758270553554281e-01 4.575428992525528704e-01 4.639228628745227234e-01 5.185810810810811411e-01 5.026999555301442379e-01 5.158237634785477477e-01
4.301925025329280672e-01 4.792327309014303149e-01 4.993243243243243312e-01 4.559434379142731641e-01 4.705427023307817702e-01 5.158237634785477477e-01 4.417735042735043693e-01 4.934316961107875210e-01 4.387847876704734640e-01 5.117157974300831080e-01
4.011752136752136932e-01 4.519230769230769273e-01 4.549476083022409023e-01 4.504831180110736577e-01 4.447597131303201445e-01 4.477437875661612887e-01 4.267975427934329047e-01 4.770978458900439478e-01 4.835954183653660143e-01 4.428373291063998352e-01
4.077112387202624921e-01 4.227593950201440354e-01 3.578062804068996017e-01 4.404593042890915244e-01 3.790358248562583077e-01 5.131672597864769259e-01 3.761550192877006760e-01 3.659034022434411448e-01 4.002653693056169582e-01 4.770197944099906495e-01
3.464827050136027875e-01 4.108801415302963389e-01 3.578062804068996017e-01 3.948561362301820643e-01 4.256405601071193701e-01 4.002653693056169582e-01 4.199257007767646099e-01 3.591844512195122574e-01 3.483231707317073211e-01 3.748917748917749426e-01
