0.000000000000000000e+00 0.000000000000000000e+00 0.000000000000000000e+00 0.000000000000000000e+00 0.000000000000000000e+00 0.000000000000000000e+00 0.000000000000000000e+00 0.000000000000000000e+00 0.000000000000000000e+00 0.000000000000000000e+00
5.888888888888889062e-01 5.430555555555556246e-01 5.703703703703704164e-01 6.134259259259259300e-01 5.953703703703703276e-01 5.763888888888888395e-01 6.092592592592592782e-01 6.138888888888889284e-01 5.731481481481481843e-01 5.902777777777777901e-01
6.402777777777777235e-01 6.083333333333333925e-01 6.111111111111111605e-01 5.699074074074073071e-01 6.018518518518518601e-01 6.162037037037036979e-01 5.949074074074074403e-01 6.078703703703703942e-01 6.092592592592592782e-01 5.754629629629629539e-01
5.925925925925925597e-01 6.439814814814814881e-01 5.782407407407407218e-01 5.472222222222222765e-01 6.004629629629629761e-01 5.888888888888889062e-01 6.023148148148147474e-01 5.921296296296296724e-01 6.185185185185184675e-01 6.236111111111111160e-01
6.189814814814814659e-01 5.856481481481481399e-01 5.861111111111111382e-01 5.949074074074074403e-01 5.953703703703703276e-01 6.009259259259258634e-01 6.032407407407407440e-01 5.912037037037036757e-01 5.828703703703703720e-01 5.828703703703703720e-01
5.546296296296295836e-01 5.796296296296297168e-01 5.967592592592592116e-01 5.865740740740741366e-01 5.949074074074074403e-01 6.106481481481481621e-01 6.018518518518518601e-01 6.171296296296295836e-01 6.250000000000000000e-01 6.175925925925926929e-01
6.300925925925925375e-01 5.833333333333333703e-01 6.185185185185184675e-01 6.175925925925926929e-01 5.828703703703703720e-01 5.874999999999999112e-01 5.768518518518519489e-01 6.013888888888888618e-01 6.356481481481481843e-01 5.824074074074074847e-01
5.870370370370370239e-01 6.013888888888888618e-01 5.685185185185185341e-01 5.578703703703703498e-01 5.800925925925926041e-01 5.884259259259259078e-01 5.879629629629630205e-01 5.898148148148147918e-01 6.328703703703704164e-01 5.907407407407407884e-01
5.884259259259259078e-01 5.805555555555556024e-01 6.199074074074073515e-01 5.958333333333333259e-01 5.856481481481481399e-01 5.787037037037037202e-01 5.652777777777777679e-01 6.212962962962963465e-01 5.768518518518518379e-01 5.912037037037036757e-01
6.305555555555555358e-01 5.578703703703703498e-01 6.180555555555555802e-01 6.041666666666666297e-01 6.125000000000000444e-01 6.027777777777778567e-01 5.851851851851852526e-01 5.870370370370370239e-01 5.870370370370370239e-01 6.138888888888889284e-01
6.064814814814815103e-01 5.282407407407407884e-01 6.222222222222222321e-01 5.708333333333333037e-01 5.749999999999999556e-01 5.907407407407407884e-01 6.078703703703702832e-01 5.712962962962963021e-01 5.560185185185185786e-01 6.138888888888889284e-01
5.777777777777777235e-01 5.745370370370370683e-01 5.736111111111110716e-01 5.504629629629629317e-01 5.893518518518519045e-01 6.125000000000000444e-01 5.657407407407406552e-01 5.518518518518518157e-01 5.680555555555555358e-01 6.050925925925925153e-01
5.939814814814814437e-01 5.833333333333333703e-01 5.925925925925925597e-01 5.708333333333333037e-01 6.032407407407407440e-01 5.851851851851852526e-01 5.685185185185185341e-01 5.995370370370369795e-01 5.629629629629629983e-01 5.305555555555555580e-01
6.069444444444443976e-01 6.004629629629629761e-01 5.634259259259259967e-01 6.250000000000000000e-01 5.351851851851852082e-01 5.814814814814814881e-01 5.324074074074074403e-01 5.694444444444444198e-01 6.120370370370370461e-01 5.486111111111111605e-01
5.777777777777777235e-01 5.694444444444444198e-01 5.749999999999999556e-01 5.564814814814814659e-01 5.666666666666666519e-01 5.564814814814814659e-01 6.259259259259259967e-01 5.837962962962962576e-01 5.694444444444444198e-01 5.986111111111110938e-01
5.587962962962962354e-01 5.222222222222222543e-01 5.555555555555555802e-01 5.337962962962963243e-01 5.773148148148148362e-01 5.083333333333333037e-01 5.805555555555556024e-01 6.115740740740740478e-01 5.999999999999999778e-01 5.689814814814815325e-01
5.425925925925926263e-01 5.615740740740741144e-01 5.606481481481481177e-01 5.712962962962963021e-01 5.361111111111110938e-01 5.268518518518519045e-01 5.444444444444443976e-01 5.671296296296296502e-01 5.615740740740741144e-01 5.495370370370370461e-01
4.703703703703703276e-01 5.217592592592592560e-01 5.606481481481481177e-01 5.555555555555555802e-01 5.472222222222221655e-01 5.148148148148148362e-01 5.078703703703704164e-01 5.449074074074073959e-01 5.277777777777777901e-01 5.203703703703703720e-01
5.166666666666666075e-01 5.050925925925926485e-01 5.092592592592593004e-01 5.412037037037037424e-01 5.467592592592592782e-01 5.254629629629630205e-01 5.162037037037037202e-01 4.907407407407407551e-01 5.472222222222221655e-01 5.347222222222222099e-01
5.175925925925926041e-01 5.319444444444444420e-01 4.791666666666666297e-01 5.212962962962962576e-01 5.347222222222222099e-01 5.398148148148147474e-01 5.268518518518517935e-01 5.185185185185184897e-01 5.259259259259259078e-01 5.143518518518518379e-01
