0.000000000000000000e+00 0.000000000000000000e+00 0.000000000000000000e+00 0.000000000000000000e+00 0.000000000000000000e+00 0.000000000000000000e+00 0.000000000000000000e+00 0.000000000000000000e+00 0.000000000000000000e+00 0.000000000000000000e+00
1.790884268477563046e-01 8.604474415627218209e-02 1.425393290199596652e-01 2.266770141751256462e-01 1.907407407407407385e-01 1.534183582718825489e-01 2.182912501070349842e-01 2.274970903294685765e-01 1.463697254567991046e-01 1.808698387447644773e-01
2.802098307716625047e-01 2.167754161828543691e-01 2.221279749431217532e-01 1.396425229258120015e-01 2.034918433201173549e-01 2.331733154495947147e-01 1.900201945338626519e-01 2.161162688591288239e-01 2.182912501070349842e-01 1.507689566417233229e-01
1.849356333736148217e-01 2.897571420843477186e-01 1.563608791656989072e-01 9.440438935082674787e-02 2.026533396427901701e-01 1.776407621290780614e-01 2.045428435934579514e-01 1.840109552067467347e-01 2.367176107182269729e-01 2.469175736502768614e-01
2.376422888850950599e-01 1.715944623988791273e-01 1.724085667477973371e-01 1.904403572397088407e-01 1.917270624555356962e-01 2.015798403772401659e-01 2.068408925132434739e-01 1.823300460991457705e-01 1.655683634286409245e-01 1.671656580463568575e-01
1.093774778292477823e-01 1.608368938475615018e-01 1.959915774024445501e-01 1.740434984426464660e-01 1.900201945338626519e-01 2.210661388795820415e-01 2.073185001396211091e-01 2.352414826835532435e-01 2.502705001177703559e-01 2.366505276187277351e-01
2.693172530211132565e-01 1.759614022118922982e-01 2.397155066535971990e-01 2.366505276187277351e-01 1.671656580463568575e-01 1.767335635883088563e-01 1.540846304432973990e-01 2.056868532823878382e-01 2.846686788422098657e-01 1.658417083312344054e-01
1.739399129180556058e-01 2.056868532823878382e-01 1.418468094203728103e-01 1.177946023520574509e-01 1.633216913001984960e-01 1.766339197273516237e-01 1.781741612749495884e-01 1.846338359046597322e-01 2.709440774748957392e-01 1.822424134623574499e-01
1.766339197273516237e-01 1.744015860040364629e-01 2.585827255756451559e-01 1.930797101952372585e-01 1.764643886454745902e-01 1.589666974074735728e-01 1.316779764499235728e-01 2.511071896495788991e-01 1.583410190008042451e-01 1.903021937010894449e-01
2.716717620118823118e-01 1.359306063691443356e-01 2.477491914838345355e-01 2.167593845839486666e-01 2.328971262780445695e-01 2.234130884165838327e-01 1.747395505714448571e-01 1.753574179550947132e-01 1.753574179550947132e-01 2.397291919439213381e-01
2.287589180959299640e-01 6.164447136340129446e-02 2.557448052364024171e-01 1.510754706224601840e-01 1.594106793972171476e-01 1.822424134623574499e-01 2.227702461455726701e-01 1.531690147251009160e-01 1.257228527176744159e-01 2.397291919439213381e-01
1.618470071560149937e-01 1.709094843384260098e-01 1.535941563374275398e-01 1.106254126906886515e-01 1.934454373493048329e-01 2.328971262780445695e-01 1.507400420873074298e-01 1.084977961608979968e-01 1.491920703259746184e-01 2.212135226474395977e-01
2.042921484169663016e-01 1.759614022118922982e-01 1.968033078977989569e-01 1.510754706224601840e-01 2.263253855965465244e-01 1.851712084173487427e-01 1.418468094203728103e-01 2.212102742496476759e-01 1.363138833134997785e-01 7.006227308283302646e-02
2.189214528962252493e-01 2.278285851194508660e-01 1.541965855163046906e-01 2.728525781658746041e-01 7.453559924999299258e-02 1.794163172798513561e-01 7.821351103463226873e-02 1.566559343621698464e-01 2.456087144141894940e-01 1.127742136120396671e-01
1.736903859410478812e-01 1.566559343621698464e-01 1.739945010014326277e-01 1.468675480265585476e-01 1.565920585372542750e-01 1.280879602975714682e-01 2.798567190507170177e-01 1.944012634645636284e-01 1.566559343621698464e-01 2.152503672197454976e-01
1.419016557342614171e-01 6.018696402193289552e-02 1.393888995971511169e-01 7.547260817676484934e-02 1.710191469808328424e-01 2.187974872468418167e-02 1.930439842063538247e-01 2.425340284162013638e-01 2.552774214668190322e-01 1.540468303881912804e-01
1.361283402296657452e-01 1.649915822768610874e-01 1.562316155196750711e-01 1.998753064559344594e-01 1.012355448283304427e-01 6.267615451258409798e-02 1.217161238900369008e-01 1.597676111988584335e-01 1.649915822768610874e-01 1.178974786088127641e-01
-7.051811804639268599e-02 5.770499365591556101e-02 1.562316155196750711e-01 1.393888995971511169e-01 1.536590742882147920e-01 4.316331220888051240e-02 2.027433178499600183e-02 1.061679717006708268e-01 7.985957062499249304e-02 5.110926318562208220e-02
5.526375588702048258e-02 1.410778244283614896e-02 3.520003153924239347e-02 1.200479620809489223e-01 1.469054001090381312e-01 5.744050926612893904e-02 5.178795552215544745e-02 -3.197524794827523442e-02 1.536590742882147920e-01 9.116561968618409895e-02
6.356417261637281602e-02 1.328791775804092079e-01 -8.666033320461470624e-02 7.202638636938134276e-02 1.199071798060321187e-01 1.474454232971100509e-01 7.353682485023063653e-02 7.459389851526125603e-02 8.953069425517065638e-02 5.969934065206791013e-02
