0.000000000000000000e+00 0.000000000000000000e+00 0.000000000000000000e+00 0.000000000000000000e+00 0.000000000000000000e+00 0.000000000000000000e+00 0.000000000000000000e+00 0.000000000000000000e+00 0.000000000000000000e+00 0.000000000000000000e+00
1.547969389617320224e-01 1.547969389617320224e-01 1.739399129180556058e-01 1.572134364065433110e-01 1.379629629629629539e-01 1.802216063634317911e-01 1.968107190878988499e-01 2.442560479274823171e-01 2.343768388643681644e-01 1.664420700362533312e-01
1.915189466704122767e-01 2.117757466888142426e-01 1.831426589881056111e-01 1.036237779086288668e-01 1.731481481481481344e-01 2.469175736502768614e-01 1.731481481481481344e-01 1.923552633680059576e-01 2.666666666666666630e-01 2.015798403772401659e-01
2.015798403772401659e-01 2.584629962180186591e-01 2.350854401481371758e-01 1.815725708198267230e-01 1.344796355233262020e-01 2.352414826835532435e-01 1.589666974074735728e-01 2.244641075704256472e-01 1.647449147494819688e-01 2.433920663258717920e-01
2.314814814814814825e-01 1.892176774560613006e-01 1.986392223787087075e-01 2.094106264684248986e-01 2.449727127405731952e-01 1.479940678691762657e-01 2.639688791558074676e-01 2.045428435934579514e-01 2.056587281734772177e-01 3.048003048004571669e-01
2.597105376847900216e-01 2.469175736502768614e-01 2.494438257849294349e-01 1.435185185185185175e-01 1.715944623988791273e-01 1.611111111111111216e-01 2.328971262780445695e-01 1.840109552067467347e-01 2.162754150198090142e-01 1.822424134623574499e-01
1.945877582901449632e-01 1.252387555373925543e-01 1.781741612749495884e-01 2.736287028356567674e-01 1.369907294087085170e-01 1.551178567160386434e-01 1.715944623988791273e-01 2.288708243897728811e-01 2.629436839454801222e-01 1.507689566417233229e-01
2.099261768487372670e-01 2.350699487499966767e-01 1.118033988749894819e-01 9.861698445045992412e-02 2.127111279348153361e-01 1.715089410245956569e-01 2.270017415356662960e-01 1.518143361791918777e-01 2.388819217116989468e-01 2.949117439756611114e-01
1.259259259259259134e-01 1.744015860040364629e-01 2.533676362025710782e-01 2.026533396427901701e-01 2.449727127405731952e-01 2.189330529675262982e-01 1.539712473416969263e-01 2.830020982081009051e-01 1.566957926320021732e-01 1.764643886454745902e-01
2.978635709844904000e-01 2.375227382170759516e-01 1.903021937010894449e-01 2.292894478046468842e-01 1.573876986450814530e-01 2.396133364407522504e-01 1.386520346925594893e-01 1.715089410245956569e-01 2.009149264675313962e-01 2.212135226474395977e-01
1.576481562736164188e-01 1.069346297280813346e-01 2.795084971874737256e-01 2.016745581709664670e-01 1.501069898920811552e-01 1.645760570552921853e-01 1.206082767531168193e-01 1.863389981249824745e-01 2.070420567789035271e-01 2.206439473058593725e-01
7.205875505540269843e-02 1.933339414939044820e-01 2.212102742496476759e-01 1.597676111988584335e-01 2.063990605500614361e-01 2.278285851194508660e-01 2.309427013282633612e-01 1.744015860040364629e-01 2.536518411838315501e-01 2.373389291019643577e-01
1.531690147251009160e-01 2.195698585580315165e-01 1.904764152002090261e-01 1.426967093583030866e-01 2.161851894197943658e-01 2.078804601550749975e-01 7.917182399929020842e-02 1.593992723185709559e-01 2.181539312380010864e-01 1.335720682305618912e-01
2.488482198583376048e-01 1.597676111988584335e-01 1.507400420873074298e-01 1.909639664105154400e-01 5.318279613892062940e-02 1.719644686895680508e-01 1.328116575979850778e-01 9.236745114890868025e-02 1.600475103007764910e-01 1.969664413529439440e-01
2.352030152399253449e-01 1.755815134346243311e-01 1.679842102263232329e-01 2.055898004338905516e-01 1.614588087000333738e-01 9.696241231378993630e-02 2.435078763789497447e-01 1.109125209414487112e-01 2.309427013282633612e-01 1.893511247857325164e-01
9.066790071832600550e-02 1.389155957228803695e-01 1.522954217187902637e-01 6.284375815445193691e-02 1.388325449038355919e-01 5.537628860017781290e-02 1.156344241045317162e-01 2.066420712886839484e-01 1.743427467902129713e-01 1.541965855163046906e-01
1.199071798060321187e-01 2.204687249371760360e-01 1.604514906476840197e-01 1.469054001090381312e-01 1.258954852352314469e-01 1.541965855163046906e-01 1.250363055482532071e-01 1.905339942631488481e-01 1.080148786604956390e-01 1.788911628087882510e-01
1.054523058840689705e-02 1.536590742882147920e-01 1.719316849818414983e-01 9.441974545692612131e-02 1.427647027081362374e-01 1.612764738270930087e-01 4.578963144963267562e-02 1.359477217218756084e-01 1.655674708769431513e-01 1.030223212381674303e-01
8.229511997978235238e-02 4.864942947357906583e-02 -3.190125890957755395e-02 1.502836653568936087e-01 4.386423100066914188e-02 1.242716856715029572e-01 -4.697373024090087390e-02 -1.348049627627339979e-02 1.196297209109158377e-01 1.178511301977579195e-01
5.986509304326992353e-02 1.575124658660391752e-01 -3.190125890957755395e-02 1.316080246769999740e-01 1.271283452327456320e-01 1.196297209109158377e-01 8.953069425517065638e-02 3.768891807222044671e-02 -1.005037815259211993e-02 1.559625734730109015e-01
