0.000000000000000000e+00 0.000000000000000000e+00 0.000000000000000000e+00 0.000000000000000000e+00 0.000000000000000000e+00 0.000000000000000000e+00 0.000000000000000000e+00 0.000000000000000000e+00 0.000000000000000000e+00 0.000000000000000000e+00
6.460021108153456149e-02 5.673086289311754515e-02 1.298454946322391002e-01 9.766755200895178846e-02 6.416653577152320320e-02 1.615005277038364107e-01 8.043618151097335633e-02 8.872987707617001341e-02 1.128152149635532342e-01 8.810155151474870217e-02
1.226832262029791121e-01 8.031157077540444778e-02 1.120322699412839712e-01 1.128152149635532342e-01 1.780690747654984363e-01 1.050953364170766624e-01 1.289316742440608510e-01 1.315903389919537980e-01 1.611645928050760568e-01 1.737912849520734382e-01
1.284985132406471220e-01 1.362793865690998529e-01 9.869275424396534158e-02 8.914849883204185865e-02 1.766854557058897823e-01 1.532606967679300269e-01 1.289316742440608510e-01 1.136148078032092057e-01 1.044825700980733796e-01 1.711849079479558222e-01
1.524887472419743373e-01 1.638683813361155595e-01 7.275830982720692119e-02 5.688801239885742794e-02 3.230010554076728074e-02 1.371279918449900270e-01 1.143095213298816332e-01 1.280368799328959750e-01 1.126106541153626961e-01 1.772810520855836458e-01
1.147078669352808861e-01 1.690637139480446749e-01 1.128152149635532342e-01 1.133166839416808180e-01 7.360993572178746447e-02 5.725217222805692452e-02 1.059716096820678966e-01 9.738412097417932511e-02 8.094048852977200892e-02 1.136148078032092057e-01
1.615005277038364107e-01 1.128152149635532342e-01 8.031157077540444778e-02 9.832102880166933290e-02 1.374323630069464175e-01 1.121760301312366287e-01 1.790571786830782997e-01 8.939544805534739569e-02 8.872987707617001341e-02 1.548815833814838339e-01
1.381566015400823300e-01 1.395459828470581032e-01 6.531972647421807610e-02 1.048625819991100133e-01 1.465013280134276896e-01 5.635457131601489394e-02 8.828295892956408708e-02 9.607689228305227314e-02 1.615005277038364107e-01 1.532606967679300269e-01
6.434894520877867952e-02 1.618809770595440178e-01 1.121760301312366287e-01 8.020816971440401788e-02 1.644879237399422267e-01 4.008217252032348493e-02 1.447851267197520497e-01 1.385782588150118733e-01 8.333333333333332871e-02 1.124361990855662213e-01
1.453504749334527668e-01 6.492274731611955008e-02 1.539837707098904718e-01 9.669875568304563129e-02 1.050953364170766624e-01 1.310947050688924531e-01 2.419905738441000334e-02 1.289316742440608510e-01 9.669875568304563129e-02 8.914849883204185865e-02
9.738412097417932511e-02 1.215661347709661722e-01 1.310947050688924531e-01 1.143095213298816332e-01 1.046584895868848120e-01 1.209952869220500271e-01 1.205568116516231303e-01 8.939544805534739569e-02 1.219028837118373565e-01 1.400945593831559588e-01
9.869275424396534158e-02 9.690031662230184917e-02 1.126106541153626961e-01 1.133166839416808180e-01 1.469693845669906851e-01 1.209952869220500271e-01 3.230010554076728074e-02 1.067116339418679588e-01 1.071311336459427888e-01 1.315903389919537980e-01
1.460761814612689669e-01 8.043618151097335633e-02 2.411136233032462606e-02 8.058229640253802839e-02 2.016588115367500267e-01 8.031157077540444778e-02 1.627792533482529946e-01 1.161196126711180471e-01 1.310947050688924531e-01 1.456928793535896272e-01
8.193419066805777973e-02 1.548815833814838339e-01 1.205568116516231303e-01 1.559631572996531823e-01 1.824736770546140918e-01 1.456928793535896272e-01 9.712858623572641348e-02 1.474815432025040063e-01 1.048625819991100133e-01 8.872987707617001341e-02
1.053573168015040085e-01 1.769595993241413756e-01 1.366310532051728810e-01 4.883377600447589423e-02 2.060214108575822711e-01 5.725217222805692452e-02 7.360993572178746447e-02 1.385782588150118733e-01 9.766755200895178846e-02 1.371279918449900270e-01
7.314173022710240835e-02 1.280368799328959750e-01 7.448197926517433065e-02 1.126106541153626961e-01 4.856429311786320674e-02 1.289316742440608510e-01 8.892682312214179874e-02 1.126106541153626961e-01 8.855718349659483235e-02 1.133166839416808180e-01
1.215661347709661722e-01 1.295047816476352087e-01 9.832102880166933290e-02 1.611645928050760568e-01 9.797958971132711414e-02 1.548815833814838339e-01 6.475239082381760436e-02 1.136148078032092057e-01 1.289316742440608510e-01 5.658979653227205059e-02
9.797958971132711414e-02 1.075850811608073665e-01 1.226832262029791121e-01 1.548815833814838339e-01 8.939544805534739569e-02 1.063254627092485721e-01 8.872987707617001341e-02 1.486436219628864686e-01 9.669875568304563129e-02 1.310947050688924531e-01
3.303191599175254317e-02 1.536008763018812673e-01 9.712858623572641348e-02 9.909574797525763645e-02 6.460021108153456149e-02 1.548815833814838339e-01 1.306394529484361522e-01 1.717565166841707736e-01 8.058229640253802839e-02 3.246137365805977504e-02
1.385782588150118733e-01 1.306394529484361522e-01 9.637388493048533455e-02 1.618809770595440178e-01 1.385782588150118733e-01 1.295047816476352087e-01 1.151415466179595698e-01 2.111001654603745226e-01 1.130503693926854791e-01 2.425276994240230591e-02
1.623068682902988613e-01 1.460761814612689669e-01 8.892682312214179874e-02 7.336496054912393372e-02 5.725217222805692452e-02 1.226832262029791121e-01 4.042128323733717998e-02 1.136148078032092057e-01 1.010438990763711103e-01 7.387728503667781443e-02
5.000000000000000278e-02 8.914849883204185865e-02 1.056491658835923692e-01 1.302234026786023846e-01 8.031157077540444778e-02 1.474815432025040063e-01 1.063254627092485721e-01 1.802552194697271126e-01 1.340050420345616222e-01 7.336496054912393372e-02
6.606383198350508634e-02 1.063254627092485721e-01 7.387728503667781443e-02 1.565762722517625438e-01 1.608723630219467127e-01 5.725217222805692452e-02 6.511170133930119230e-02 1.053573168015040085e-01 3.265986323710903805e-02 9.064942077733620374e-02
7.293968086257969496e-02 5.847767518770784906e-02 1.156117059711339184e-01 5.725217222805692452e-02 1.207597956771747777e-01 1.222749342485398849e-01 9.909574797525763645e-02 1.236128465145493738e-01 8.939544805534739569e-02 6.606383198350508634e-02
1.226832262029791121e-01 1.981914959505152729e-01 1.053573168015040085e-01 1.548815833814838339e-01 5.025189076296060486e-02 1.139454773437770935e-01 8.966828511559590820e-02 1.465013280134276896e-01 8.333333333333332871e-02 1.207597956771747777e-01
9.869275424396534158e-02 7.448197926517433065e-02 1.063254627092485721e-01 6.511170133930119230e-02 1.381566015400823300e-01 1.539837707098904718e-01 6.700252101728081111e-02 8.164965809277259512e-02 1.161196126711180471e-01 1.156117059711339184e-01
7.448197926517433065e-02 1.086013967771717187e-01 1.151415466179595698e-01 8.115343414514943066e-02 1.147078669352808861e-01 4.120428217151645561e-02 1.302234026786023846e-01 4.104293613148767700e-02 1.887975062048433128e-01 8.996769921551801830e-02
1.559631572996531823e-01 0.000000000000000000e+00 9.189348958068375983e-02 7.482095568419427911e-02 8.257978997938136834e-02 1.492966448628660625e-01 8.493813448193960475e-03 6.606383198350508634e-02 1.651595799587627367e-01 5.025189076296060486e-02
3.265986323710903805e-02 1.420172111701476225e-01 8.294258047937003164e-02 4.075831141617995701e-02 3.289758474798844951e-02 1.420172111701476225e-01 1.377749527404283358e-01 1.302234026786023846e-01 1.579553508888545954e-01 1.104195748265214966e-01
1.274072017229094245e-01 1.638683813361155664e-02 6.492274731611955008e-02 1.059716096820678966e-01 1.658851609587400772e-02 1.219028837118373565e-01 1.080747137660584001e-01 1.295047816476352087e-01 1.684064984606185172e-02 1.289316742440608510e-01
7.518558238419580098e-02 1.051499455849172482e-01 5.025189076296060486e-02 1.236128465145493738e-01 1.010438990763711103e-01 8.633531446374632934e-02 1.315903389919537980e-01 1.474815432025040063e-01 1.080747137660584001e-01 8.294258047937003164e-02
1.000000000000000056e-01 8.939544805534739569e-02 6.554735253444622656e-02 7.009996372327816083e-02 1.247015928069904606e-01 1.147078669352808861e-01 3.303191599175254317e-02 8.313439520466030241e-03 8.208587226297536094e-03 1.166666666666666685e-01
1.638683813361155595e-01 1.156117059711339184e-01 1.658851609587400633e-01 4.916051440083466645e-02 3.504998186163908042e-02 5.725217222805692452e-02 2.533201985524494160e-02 4.222003309207490729e-02 1.453504749334527668e-01 1.104195748265214966e-01
7.387728503667781443e-02 1.480391313659480124e-01 2.099358366186951930e-01 8.333333333333332871e-02 9.953109657524404630e-02 9.869275424396534158e-02 8.224396186997111335e-02 1.435481125130546876e-01 3.407990882954985146e-02 1.824736770546140918e-01
4.934637712198267079e-02 5.982905982905983161e-02 5.688801239885742794e-02 6.635406438349603087e-02 5.878203425323465237e-02 8.939544805534739569e-02 9.029445948927289356e-02 7.448197926517433065e-02 1.613824555156852525e-01 6.579516949597689901e-02
1.104195748265214966e-01 4.104293613148767700e-02 1.507971839906312450e-01 9.189348958068375983e-02 9.601587170383664438e-02 1.059716096820678966e-01 8.333333333333332871e-02 2.462576167889260481e-02 4.176976799121989020e-02 1.666666666666666574e-01
6.635406438349603087e-02 1.097720860393947562e-01 -1.651595799587627159e-02 1.730579851203691288e-01 7.336496054912393372e-02 1.185589511576346233e-01 1.282051282051281937e-01 1.693699302251923042e-02 1.371988681140070554e-01 7.360993572178746447e-02
4.954787398762881823e-02 1.354959441801538433e-01 1.554035660347433956e-01 1.067116339418679588e-01 8.353953598243977693e-03 1.253093039736596637e-01 1.374323630069464175e-01 1.315903389919537980e-01 3.387398604503846083e-02 1.274072017229094245e-01
4.954787398762881823e-02 1.587251183666355814e-01 8.193419066805777973e-02 8.313439520466030241e-03 2.506186079473193482e-02 1.253093039736596637e-01 -1.703995441477492573e-02 1.739196190134912334e-01 1.266600992762247080e-01 8.996769921551801830e-02
1.543487266282579651e-01 4.976554828762202315e-02 1.022397264886495544e-01 1.091666350417214992e-01 4.976554828762202315e-02 6.700252101728081111e-02 1.395459828470581032e-01 1.833333333333333204e-01 1.847443781460185452e-01 0.000000000000000000e+00
1.080747137660584001e-01 8.519977207387462170e-02 5.000000000000000278e-02 1.515658486145566863e-01 9.464138436860568271e-02 5.111986324432477719e-02 7.917616206257938050e-02 3.317703219174801543e-02 5.000000000000000278e-02 5.000000000000000278e-02
1.080747137660584001e-01 1.714985851425088470e-01 6.022633550729451779e-02 6.956784760539649892e-02 4.104293613148767700e-02 5.878203425323465237e-02 1.080747137660584001e-01 3.317703219174801543e-02 8.353953598243977693e-03 1.231288083944630241e-01
6.554735253444622656e-02 3.317703219174801543e-02 1.274072017229094245e-01 5.910804632890486604e-02 9.953109657524404630e-02 3.533326266687866757e-02 5.847767518770784906e-02 5.081097906755769472e-02 9.909574797525763645e-02 -2.599278655861276405e-02
8.294258047937003164e-02 4.273504273504273587e-02 1.703995441477492434e-01 1.192796809034244732e-01 2.533201985524494160e-02 6.700252101728081111e-02 8.633531446374632934e-02 1.016219581351153894e-01 1.492966448628660625e-01 8.695980950674561671e-02
1.794871794871794879e-01 2.215194073920740137e-01 3.387398604503846083e-02 6.736259938424740690e-02 6.700252101728081111e-02 1.290564332299168337e-01 8.468496511259615556e-02 1.118489087992612513e-01 7.557690118273026336e-02 1.104195748265214966e-01
9.237176811222588824e-02 8.833315666719666892e-02 5.052194953818555517e-02 8.574929257125442350e-02 -8.353953598243977693e-03 1.783700824120731943e-01 1.086013967771717187e-01 1.126354084206553224e-01 0.000000000000000000e+00 1.391356952107929978e-01
8.053388990066125130e-02 2.166065546551063925e-01 2.506186079473193482e-02 1.111111111111111049e-01 3.317703219174801543e-02 1.797793663241548795e-02 1.028991510855053054e-01 8.695980950674561671e-02 1.147078669352808861e-01 1.533595897329743107e-01
1.824736770546140918e-01 1.515658486145566863e-01 3.387398604503846083e-02 -4.364357804719847661e-02 6.606383198350508634e-02 1.684064984606185311e-01 1.462639576605724023e-01 5.819407664326221863e-02 1.111111111111111049e-01 -4.301881107663894227e-02
4.198716732373903443e-02 7.009996372327816083e-02 1.172544117802414021e-01 8.468496511259615556e-02 1.185589511576346233e-01 1.086013967771717187e-01 2.150940553831947322e-01 7.797835967583829908e-02 1.347251987684948138e-01 6.022633550729451779e-02
1.010438990763711103e-01 8.375315127160100348e-02 9.237176811222588824e-02 4.332131093102127573e-02 1.649780043990224654e-01 6.859943405700352770e-02 9.237176811222588824e-02 8.797351340286597640e-03 8.695980950674561671e-02 1.043517714080947484e-01
3.407990882954985146e-02 1.992780302826978600e-01 1.010438990763711103e-01 3.407990882954985146e-02 8.695980950674561671e-02 7.692307692307692735e-02 -1.714985851425088192e-02 9.953109657524404630e-02 2.166065546551063925e-01 1.226749365157367849e-01
1.028991510855053054e-01 6.110100926607786587e-02 1.330563388152628534e-01 7.009996372327816083e-02 3.504998186163908042e-02 6.859943405700352770e-02 1.435481125130546876e-01 6.906825157099706625e-02 1.726706289274926587e-01 3.333333333333333287e-02
5.111986324432477719e-02 1.200490095997561873e-01 6.956784760539649892e-02 5.557461733534294762e-02 -8.664262186204255839e-03 1.507556722888818146e-01 6.859943405700352770e-02 7.743385993795010025e-02 8.053388990066125130e-02 1.420172111701476225e-01
1.208694402492448555e-01 1.247219128924647036e-01 -6.110100926607786587e-02 9.677086474315256537e-02 9.074425108007845575e-02 9.343194793013356869e-02 5.393380989724646385e-02 1.524329372026730911e-01 1.163267298565106855e-01 1.153154936398944758e-01
1.126354084206553224e-01 1.634714820912279987e-01 6.064983530342978740e-02 1.134733029227160406e-01 3.504998186163908042e-02 1.550266558797680772e-01 5.878203425323465237e-02 3.407990882954985146e-02 6.956784760539649892e-02 5.299989400031799441e-02
6.700252101728081111e-02 -2.661126776305257000e-02 0.000000000000000000e+00 1.452991452991453103e-01 5.257497279245862409e-02 4.222003309207490729e-02 5.111986324432477719e-02 1.309307341415954229e-01 5.299989400031799441e-02 4.301881107663894227e-02
7.448197926517433065e-02 2.661126776305257000e-02 5.257497279245862409e-02 5.257497279245862409e-02 1.330563388152628534e-01 8.728715609439694628e-03 9.464138436860568271e-02 2.709307557866457578e-02 -6.209295811378932883e-02 5.982905982905983161e-02
7.557690118273026336e-02 3.533326266687866757e-02 1.200490095997561873e-01 9.401709401709401615e-02 1.247219128924647036e-01 8.833315666719666892e-02 3.629770043203138508e-02 5.945669413735772679e-02 9.144783472512633959e-02 1.766663133343933378e-02
6.383450536225744598e-02 5.819407664326221863e-02 7.855844048495726206e-02 8.291849892341732198e-02 5.345224838248487098e-02 5.111986324432477719e-02 1.507971839906312450e-01 6.209295811378932883e-02 1.739196190134912334e-01 1.587251183666355814e-01
5.217588570404737419e-02 1.210730638492077404e-01 6.158145938200618175e-02 2.599278655861276405e-02 -7.332355751067665128e-02 7.332355751067665128e-02 2.684462996688708261e-02 1.852487244511431819e-02 1.099853362660149630e-01 6.064983530342978740e-02
1.059997880006359888e-01 5.299989400031799441e-02 -1.895245108947258422e-02 1.118489087992612513e-01 1.481989795609145455e-01 1.852487244511431819e-02 7.259540086406277015e-02 1.028991510855053054e-01 6.859943405700352770e-02 5.180118867824779622e-02
-7.580980435789033689e-02 -8.797351340286597640e-03 1.466471150213533026e-01 1.236664193340753226e-01 0.000000000000000000e+00 9.594119455666703933e-02 9.074425108007845575e-02 0.000000000000000000e+00 5.052194953818555517e-02 1.270419515121098408e-01
6.383450536225744598e-02 7.409948978045727275e-02 1.371988681140070554e-01 -6.594097291347988943e-02 -4.710069493819992598e-02 -2.793993781135563001e-02 1.051499455849172482e-01 7.259540086406277015e-02 8.580773276925411641e-02 1.401999274465563217e-01
1.059997880006359888e-01 6.383450536225744598e-02 1.425393290199596652e-01 -7.855844048495726206e-02 4.515512596444095500e-02 1.088931012960941552e-01 -6.736259938424740690e-02 8.053388990066125130e-02 5.444655064804707761e-02 9.843030987858596148e-02
-9.786534966019706447e-03 6.321717635021734116e-02 1.239445028889226141e-01 5.982905982905983161e-02 1.685854460847049097e-01 7.259540086406277015e-02 8.833315666719666892e-02 7.492686492653552466e-02 8.833315666719666892e-02 3.504998186163908042e-02
9.165444688834581410e-02 1.224618068393198006e-01 1.036215288640398302e-01 3.563483225498991630e-02 3.595587326483097590e-02 2.735764515525319213e-02 0.000000000000000000e+00 3.746343246326776233e-02 1.003113655692617068e-01 6.383450536225744598e-02
7.259540086406277015e-02 1.797793663241548795e-02 6.022633550729451779e-02 4.710069493819992598e-02 8.478125088875985982e-02 -2.709307557866457578e-02 2.793993781135563001e-02 -9.934127712177009961e-02 6.158145938200618175e-02 1.059997880006359888e-01
1.309307341415954229e-01 0.000000000000000000e+00 9.262436222557157706e-02 7.797835967583829908e-02 5.685735326841775961e-02 6.383450536225744598e-02 -5.499266813300748152e-02 1.971041319963608707e-01 0.000000000000000000e+00 1.088931012960941552e-01
7.332355751067665128e-02 6.321717635021734116e-02 7.917616206257938050e-02 1.977573029565703744e-01 3.533326266687866757e-02 2.661126776305257000e-02 7.332355751067665128e-02 6.383450536225744598e-02 3.595587326483097590e-02 4.515512596444095500e-02
1.781741612749495815e-02 7.855844048495726206e-02 -2.860257758975137329e-02 -4.606583273523184169e-02 5.499266813300748152e-02 4.656656301892605349e-02 8.381981343406688656e-02 9.313312603785210003e-03 4.710069493819992598e-02 0.000000000000000000e+00
1.535059112906672629e-01 -9.420138987639985195e-03 -1.145274253849777740e-01 2.709307557866457578e-02 0.000000000000000000e+00 8.908708063747479422e-02 1.766663133343933378e-02 1.466471150213533026e-01 -7.409948978045727275e-02 -2.661126776305257000e-02
1.915035160867723518e-01 4.710069493819992598e-02 8.988968316207743281e-02 8.762495465409769757e-02 5.111986324432477719e-02 -9.031025192888191347e-03 0.000000000000000000e+00 3.429971702850176385e-02 5.118857696700025023e-02 7.409948978045727275e-02
3.666177875533832564e-02 1.944039478399347751e-02 8.207293546575956944e-02 9.843030987858596148e-02 3.704974489022863637e-02 -1.023771539340005005e-02 6.383450536225744598e-02 1.088931012960941552e-01 -4.129200695076670063e-02 -5.393380989724646385e-02
9.934127712177009961e-02 1.381974982056955181e-01 1.123902973898032870e-01 5.832118435198042905e-02 8.291849892341732198e-02 3.453412578549853312e-02 1.797793663241548656e-01 -6.759263694193745620e-02 -3.704974489022863637e-02 -8.478125088875985982e-02
4.364357804719847661e-02 0.000000000000000000e+00 8.690481892534816788e-02 1.600000000000000033e-01 -9.213166547046368338e-03 1.199999999999999956e-01 -7.288108888134949004e-02 9.420138987639985195e-03 0.000000000000000000e+00 1.210730638492077404e-01
-9.534192529917124431e-03 0.000000000000000000e+00 8.053388990066125130e-02 8.690481892534816788e-02 1.255291828921695774e-01 7.675295564533363146e-02 9.656090991705352372e-03 5.619514869490164349e-02 1.283881477532738680e-01 7.675295564533363146e-02
1.498537298530710493e-01 6.759263694193745620e-02 1.217437333094438662e-01 5.756471673400022360e-02 -4.893267483009853397e-02 1.048761178290883722e-01 9.165444688834581410e-02 1.062170009087588657e-01 -1.527525231651946647e-01 -2.896827297511605712e-02
-1.311220136214371612e-01 1.076518846262167761e-01 1.283162256436841397e-01 6.673934770941987449e-02 1.199999999999999956e-01 2.896827297511605712e-02 -5.557461733534294762e-02 -4.559607525875532252e-02 6.110100926607786587e-02 -9.534192529917124431e-03
-5.038182970418559475e-02 -6.673934770941987449e-02 8.870422587684190577e-03 1.210730638492077404e-01 1.309927572308825505e-01 -2.100729079507838298e-02 2.793993781135563001e-02 -1.555231582719478201e-01 9.213943854060045735e-02 -6.948425633204645402e-02
9.313312603785210003e-03 -8.381981343406688656e-02 9.926322333149493679e-03 7.580980435789033689e-02 -3.790490217894516844e-02 -1.041158412590707100e-02 8.870422587684190577e-03 1.971041319963608845e-02 1.971041319963608845e-02 1.663710944223349975e-01
6.093333477767905876e-02 4.710069493819992598e-02 6.302187238523514201e-02 3.790490217894516844e-02 1.583263142643485666e-01 9.476225544736292805e-02 2.002180431282596096e-01 6.673934770941987449e-02 -8.402916318031353193e-02 2.935960489805911761e-02
1.024464386416373135e-01 3.790490217894516844e-02 0.000000000000000000e+00 5.499266813300748152e-02 -3.240829499241754813e-02 1.535059112906672629e-01 9.031025192888191347e-03 5.619514869490164349e-02 -4.893267483009853397e-02 8.207293546575956944e-02
-5.205792062953535498e-02 -9.656090991705352372e-03 1.123902973898032870e-01 -2.860257758975137329e-02 -2.000000000000000042e-02 8.933690099834544485e-02 1.007636594083711860e-02 3.790490217894516844e-02 9.855206599818043534e-02 1.210730638492077404e-01
1.091895456646444357e-01 9.855206599818043534e-02 0.000000000000000000e+00 8.913130356431728241e-02 1.944039478399347751e-02 1.705720598052532788e-01 -4.062222318511937713e-02 8.807881469417735976e-02 -4.963161166574747013e-02 9.539445011233400884e-02
8.690481892534816788e-02 5.685735326841775961e-02 1.576833055970887076e-01 6.673934770941987449e-02 5.832118435198042905e-02 2.826041696291995559e-02 9.594119455666703933e-02 3.942082639927217691e-02 -7.776157913597391003e-02 2.000000000000000042e-02
-1.249122019636475858e-02 9.262436222557157706e-02 4.710069493819992598e-02 0.000000000000000000e+00 -9.656090991705352372e-03 2.826041696291995559e-02 1.007636594083711860e-02 1.099853362660149630e-01 1.217437333094438662e-01 -9.534192529917124431e-03
6.759263694193745620e-02 8.000000000000000167e-02 1.641535468589909730e-01 -4.893267483009853397e-02 2.536731447159204858e-02 4.129200695076670063e-02 1.007636594083711860e-02 1.918823891133340787e-01 7.492686492653552466e-02 5.832118435198042905e-02
-9.656090991705352372e-03 9.213166547046368338e-03 -5.299691672907444473e-02 7.053456158585982849e-02 1.091895456646444357e-01 1.114141294553965961e-01 1.555231582719478201e-01 5.913123959890826536e-02 2.000000000000000042e-02 3.666177875533832564e-02
-7.716573707447924035e-02 8.690481892534816788e-02 -8.559209850218257865e-02 6.546536707079771145e-02 -2.031111159255968857e-02 1.497861723788195265e-01 -4.000000000000000083e-02 1.890656171557054399e-01 -5.763904177042349780e-02 2.064600347538335032e-02
-2.278619756748877581e-02 7.884165279854435382e-02 3.942082639927217691e-02 9.720197391996737712e-02 1.333333333333333419e-02 1.814885021601569254e-02 -2.333800140046683042e-02 6.093333477767905876e-02 -3.704974489022863637e-02 9.720197391996737712e-02
1.188304149721976649e-01 1.859441643543744138e-01 -1.015555579627984290e-01 -5.038182970418559475e-02 -3.307103017477681928e-02 -3.379329900261315162e-02 4.364357804719847661e-02 7.419568342070423372e-02 3.022909782251135408e-02 8.933690099834544485e-02
0.000000000000000000e+00 1.145274253849777740e-01 -8.069465847859290386e-02 -1.126443300087105227e-02 -4.364357804719847661e-02 -2.228282589107932060e-02 2.064600347538335032e-02 -3.240829499241754813e-02 8.728715609439695322e-02 2.977896699944848277e-02
2.394565713052878783e-02 7.885103100609736071e-02 1.181716128922777678e-02 5.401382498736257559e-02 1.080276499747251547e-02 9.656090991705352372e-03 -3.379329900261315162e-02 6.419407387663693398e-02 -4.557239513497755162e-02 6.546536707079771145e-02
1.680583263606270639e-01 -2.139802462554564466e-02 5.999999999999999778e-02 6.302187238523514201e-02 -1.126443300087105227e-02 1.535059112906672629e-01 2.228282589107932060e-02 4.000000000000000083e-02 -1.126443300087105227e-02 -1.445220243276834349e-01
4.364357804719847661e-02 9.594119455666703933e-02 4.557239513497755162e-02 -2.461829819586654894e-02 7.419568342070423372e-02 0.000000000000000000e+00 1.745743121887939064e-01 -3.179815003744466961e-02 9.921309052433045783e-02 5.511838362462802982e-02
0.000000000000000000e+00 -1.059938334581488929e-02 -6.302187238523514201e-02 -5.241424183609591503e-02 3.240829499241754813e-02 5.632216500435525963e-02 -5.763904177042349780e-02 0.000000000000000000e+00 -9.847319278346619575e-02 -3.379329900261315162e-02
3.640980478146622207e-02 -9.921309052433045783e-02 3.379329900261315162e-02 2.182178902359923831e-02 -9.847319278346619575e-02 5.511838362462802982e-02 5.763904177042349780e-02 8.728715609439695322e-02 3.545148386768333382e-02 -2.064600347538335032e-02
3.747366058909427228e-02 3.240829499241754813e-02 8.069465847859290386e-02 -5.908580644613888738e-02 6.068300796911037243e-02 -2.333800140046683042e-02 8.069465847859290386e-02 -6.245610098182378944e-02 1.309307341415954229e-01 -2.394565713052878783e-02
-4.789131426105757566e-02 -5.632216500435525963e-02 1.188304149721976649e-01 1.059938334581488929e-02 -5.908580644613888738e-02 3.240829499241754813e-02 -1.126443300087105227e-02 -2.823912473624524966e-02 -7.001400420140048431e-02 -2.278619756748877581e-02
-6.684847767323795487e-02 -3.866223365135294798e-02 -2.620712091804795751e-02 5.073462894318409716e-02 2.228282589107932060e-02 -1.181716128922777678e-02 1.181716128922777678e-02 7.561935498230760999e-02 9.114479026995510325e-02 -1.633660098032678198e-01
9.114479026995510325e-02 -1.536230967599611086e-01 -1.249122019636475858e-02 3.379329900261315162e-02 -5.241424183609591503e-02 -9.333333333333333759e-02 -7.183697139158636003e-02 -5.241424183609591503e-02 -2.333800140046683042e-02 -2.461829819586654894e-02
1.333333333333333419e-02 -4.789131426105757566e-02 -5.073462894318409716e-02 1.377919834955935730e-01 -1.230914909793327378e-01 -8.146881698903525593e-02 7.001400420140048431e-02 0.000000000000000000e+00 1.417615233882941472e-01 2.620712091804795751e-02
-6.068300796911037243e-02 1.091089451179961811e-01 -6.068300796911037243e-02 2.394565713052878783e-02 4.667600280093366083e-02 1.126443300087105227e-02 -2.715627232967841864e-02 0.000000000000000000e+00 1.092294143443986731e-01 0.000000000000000000e+00
1.086250893187136746e-01 1.572427255082877451e-01 -1.091089451179961811e-01 -7.183697139158636003e-02 9.021187851982355455e-02 -5.908580644613888738e-02 1.126443300087105227e-02 -6.419407387663693398e-02 6.919793870714470441e-02 3.747366058909427228e-02
-1.333333333333333419e-02 1.213660159382207344e-02 -2.123507433382008924e-01 0.000000000000000000e+00 6.068300796911037243e-02 -4.789131426105757566e-02 0.000000000000000000e+00 -9.333333333333333759e-02 -5.431254465935683728e-02 -2.461829819586654894e-02
-9.335200560186732166e-02 6.537204504606133892e-02 -7.547223547528769672e-02 -2.715627232967841864e-02 4.364357804719847661e-02 1.249122019636475858e-02 -4.528334128517261942e-02 -4.923659639173309788e-02 9.333333333333333759e-02 -1.179535649239177170e-01
1.014692578863681943e-01 2.823912473624524966e-02 1.684303842133038145e-02 -1.245562896728604624e-01 -2.461829819586654894e-02 -6.189844605901729385e-02 -5.897678246195885848e-02 3.545148386768333382e-02 1.249122019636475858e-02 0.000000000000000000e+00
-6.068300796911037243e-02 -7.547223547528769672e-02 -5.647824947249049932e-02 -4.000000000000000083e-02 -5.897678246195885848e-02 1.588903708917905819e-02 0.000000000000000000e+00 3.747366058909427228e-02 1.834498464263357165e-01 0.000000000000000000e+00
-3.866223365135294798e-02 -8.743854137455331355e-02 -8.743854137455331355e-02 -1.129564989449809986e-01 0.000000000000000000e+00 -1.509444709505753865e-02 -2.620712091804795751e-02 1.048284836721918301e-01 -5.073462894318409716e-02 -1.014692578863681943e-01
-3.747366058909427228e-02 -6.919793870714470441e-02 2.278619756748877581e-02 1.086250893187136746e-01 -5.431254465935683728e-02 -9.021187851982355455e-02 -1.310356045902398014e-01 1.509444709505753865e-02 -7.944518544589529441e-02 0.000000000000000000e+00
-7.862136275414387254e-02 -8.421519210665190380e-02 -1.213660159382207344e-02 9.114479026995510325e-02 1.179535649239177170e-01 -4.326073224600326256e-02 6.189844605901729385e-02 -1.159867009540588578e-01 -3.866223365135294798e-02 -7.862136275414387254e-02
-2.620712091804795751e-02 -6.666666666666666574e-02 6.958890006392209893e-02 0.000000000000000000e+00 -5.647824947249049932e-02 -3.747366058909427228e-02 -5.647824947249049932e-02 -2.948839123097942924e-02 -3.094922302950864693e-02 -3.094922302950864693e-02
-7.210122041000543991e-02 -7.547223547528769672e-02 1.522354651557183414e-01 0.000000000000000000e+00 -9.284766908852593037e-02 -6.443705608558825126e-02 -1.411956236812262622e-01 -1.383958774142893949e-02 -5.073462894318409716e-02 0.000000000000000000e+00
3.742405942825598880e-02 5.404747453311749966e-02 -1.509444709505753865e-02 -1.684303842133038145e-02 1.588903708917905819e-02 -4.151876322428681848e-02 -2.823912473624524966e-02 9.284766908852593037e-02 1.588903708917905819e-02 -6.919793870714470441e-02
1.801582484437249873e-02 -5.404747453311749966e-02 -2.147188754669436192e-02 -2.948839123097942924e-02 -7.547223547528769672e-02 -1.310356045902398014e-01 -1.383958774142893949e-02 5.052911526399114089e-02 -1.237968921180345877e-01 -1.588903708917905819e-02
1.048284836721918301e-01 -5.647824947249049932e-02 -7.547223547528769672e-02 -6.958890006392209893e-02 -1.588903708917905819e-02 -9.333333333333333759e-02 -8.846517369293828426e-02 0.000000000000000000e+00 1.856953381770518607e-01 1.694347484174714979e-01
-1.237968921180345877e-01 -1.950314757443023100e-02 -1.950314757443023100e-02 -6.537204504606133892e-02 1.043833500958831623e-01 -9.284766908852593037e-02 -9.687711419000258339e-02 -8.421519210665190380e-02 1.801582484437249873e-02 0.000000000000000000e+00
0.000000000000000000e+00 -2.424643224844359735e-02 -4.766711126753717803e-02 2.147188754669436192e-02 0.000000000000000000e+00 -2.620712091804795751e-02 8.421519210665190380e-02 -7.484811885651197760e-02 -4.082482904638630450e-02 9.007912422186249712e-02
-1.442024408200108868e-02 5.404747453311749966e-02 -5.052911526399114089e-02 -5.404747453311749966e-02 -1.333333333333333419e-02 -6.441566264008309617e-02 -1.509444709505753865e-02 5.404747453311749966e-02 -6.958890006392209893e-02 -2.948839123097942924e-02
-5.850944272329069301e-02 -1.261107739106074876e-01 0.000000000000000000e+00 0.000000000000000000e+00 -3.479445003196104946e-02 -1.043833500958831623e-01 0.000000000000000000e+00 -3.742405942825598880e-02 -5.647824947249049932e-02 0.000000000000000000e+00
-1.122721782847679595e-01 -3.742405942825598880e-02 -1.043833500958831623e-01 0.000000000000000000e+00 -3.268602252303066946e-02 1.588903708917905819e-02 -2.147188754669436192e-02 -5.850944272329069301e-02 0.000000000000000000e+00 -1.043833500958831623e-01
0.000000000000000000e+00 -2.147188754669436192e-02 9.751573787215116196e-02 -1.112232596242534177e-01 0.000000000000000000e+00 -1.684303842133038145e-02 0.000000000000000000e+00 3.268602252303066946e-02 -2.147188754669436192e-02 1.950314757443023100e-02
-1.045416746978633377e-01 3.673591791853225708e-02 -8.164965809277260900e-02 -8.571428571428571508e-02 -2.147188754669436192e-02 4.082482904638630450e-02 -6.958890006392209893e-02 -1.122721782847679595e-01 -6.441566264008309617e-02 1.950314757443023100e-02
-6.537204504606133892e-02 -1.073594377334718131e-01 8.980265101338745504e-02 -1.950314757443023100e-02 -3.479445003196104946e-02 1.684303842133038145e-02 0.000000000000000000e+00 -1.212321612422179867e-01 -9.007912422186249712e-02 -5.404747453311749966e-02
-8.980265101338745504e-02 -6.441566264008309617e-02 -8.980265101338745504e-02 -5.227083734893166883e-02 -5.404747453311749966e-02 -1.102077537555967574e-01 -3.742405942825598880e-02 -7.484811885651197760e-02 3.673591791853225708e-02 -1.224744871391589135e-01
