0.000000000000000000e+00 0.000000000000000000e+00 0.000000000000000000e+00 0.000000000000000000e+00 0.000000000000000000e+00
6.840000000000000524e-01 6.720000000000000417e-01 6.680000000000000382e-01 6.760000000000000453e-01 6.640000000000000346e-01
6.919999999999999485e-01 7.159999999999999698e-01 6.680000000000000382e-01 6.600000000000000311e-01 6.879999999999999449e-01
6.879999999999999449e-01 6.640000000000000346e-01 6.879999999999999449e-01 6.640000000000000346e-01 6.640000000000000346e-01
6.760000000000000453e-01 6.840000000000000524e-01 6.999999999999999556e-01 6.400000000000000133e-01 6.680000000000000382e-01
6.119999999999999885e-01 6.919999999999999485e-01 6.760000000000000453e-01 6.600000000000000311e-01 6.840000000000000524e-01
7.039999999999999591e-01 6.159999999999999920e-01 6.879999999999999449e-01 6.680000000000000382e-01 6.840000000000000524e-01
6.919999999999999485e-01 6.640000000000000346e-01 6.119999999999999885e-01 6.280000000000000027e-01 6.400000000000000133e-01
6.560000000000000275e-01 6.119999999999999885e-01 6.280000000000000027e-01 6.239999999999999991e-01 6.079999999999999849e-01
5.480000000000000426e-01 5.639999999999999458e-01 6.280000000000000027e-01 6.039999999999999813e-01 6.199999999999999956e-01
5.000000000000000000e-01 5.600000000000000533e-01 5.200000000000000178e-01 5.440000000000000391e-01 5.080000000000000071e-01
