0.000000000000000000e+00 0.000000000000000000e+00 0.000000000000000000e+00 0.000000000000000000e+00 0.000000000000000000e+00
6.495270629562190923e-01 6.580247509615538837e-01 6.721762639426267505e-01 6.902106567534076476e-01 6.565656565656565746e-01
6.746697898366842416e-01 7.051886792452829456e-01 6.834415584415585165e-01 6.465655925510651603e-01 6.678333009268260234e-01
6.865382423344352780e-01 6.605650161129377196e-01 6.753246753246753276e-01 6.813025447386680256e-01 6.969994758909853205e-01
6.932816410659076167e-01 6.734187680859858860e-01 6.990981187449507583e-01 6.360275473982104355e-01 6.511396106053557453e-01
6.118466084575702180e-01 6.655294668539701863e-01 6.643394199785177534e-01 6.434634974533107732e-01 6.475563909774435523e-01
6.519524617996604876e-01 5.966610549943882624e-01 6.763345943673813032e-01 6.533414502164502924e-01 6.413562640292991279e-01
6.475747924607111461e-01 6.423092172174242886e-01 6.040655075793174289e-01 6.121571116282349401e-01 6.364312770562770005e-01
5.998993004981028054e-01 5.791245791245791530e-01 6.000000000000000888e-01 5.819172465879052236e-01 5.778453225261735993e-01
4.393736722008025897e-01 4.662200544553485870e-01 6.065128900949795510e-01 5.496323529411765163e-01 5.708232887720067206e-01
3.333333333333333148e-01 4.469798122720659572e-01 3.421611068669891953e-01 4.007498309807215331e-01 3.508686749276983541e-01
