0.000000000000000000e+00 0.000000000000000000e+00 0.000000000000000000e+00 0.000000000000000000e+00 0.000000000000000000e+00
3.733057970676874060e-01 3.451061121792050601e-01 3.408444234096276171e-01 3.581143573661565993e-01 3.300767748509443877e-01
3.932841152066773316e-01 4.500000000000000111e-01 3.441236008058426443e-01 3.303191599175254733e-01 3.831281273120916153e-01
3.873202524122547064e-01 3.408510203391072468e-01 3.831281273120916153e-01 3.408510203391072468e-01 3.408510203391072468e-01
3.618734322278729376e-01 3.852644958493646188e-01 4.234248255629807778e-01 2.939101712661732480e-01 3.626083207477345804e-01
2.434874666188877324e-01 4.089589059545982175e-01 3.955146059131407488e-01 3.629770043203138230e-01 4.030747914088494421e-01
4.486649183546164710e-01 2.838095140145714956e-01 4.169098616211569519e-01 3.849486769310523915e-01 4.174235549683609214e-01
4.548588261473420769e-01 3.958997306599194022e-01 2.843555622958356399e-01 3.249777854809550171e-01 3.297048645673994471e-01
3.871265709928302656e-01 2.622440272428743224e-01 3.249777854809550171e-01 3.348857149216479812e-01 2.861833503370020404e-01
1.769303473858765685e-01 2.475937842360691754e-01 3.831305140884606053e-01 2.962205683773540543e-01 3.500700210070024632e-01
0.000000000000000000e+00 2.526455763199557114e-01 1.428571428571428492e-01 2.145346233187325480e-01 8.980265101338745504e-02
