0.000000000000000000e+00 0.000000000000000000e+00 0.000000000000000000e+00 0.000000000000000000e+00 0.000000000000000000e+00
3.083830497515678282e-01 3.237619541190880357e-01 3.605104389394542252e-01 3.885143449429056539e-01 3.265986323710903805e-01
3.724098963258716810e-01 4.450639736316338024e-01 3.873202524122547064e-01 3.138032019216491775e-01 3.529692507307940486e-01
3.981243863009761852e-01 3.517632353407242340e-01 3.708385395436480936e-01 3.743922827009819043e-01 4.282691067021381914e-01
4.187657563580050035e-01 3.944467458277703398e-01 4.430388147841480273e-01 3.015113445777636292e-01 3.552347496343744582e-01
2.803998548931126433e-01 3.958808103128969025e-01 3.991690164457885603e-01 3.738878171217936419e-01 3.636873260950517772e-01
3.921262472252957654e-01 3.275686369939332931e-01 4.276179870598789678e-01 3.883340832941922227e-01 3.595587326483097312e-01
4.276886852478564705e-01 3.980014728789242895e-01 3.304867113278890933e-01 3.728255398109733831e-01 3.522099825226394643e-01
3.851644432598216317e-01 2.878633476613353115e-01 3.400000000000000244e-01 3.423683940087303146e-01 3.096900521307502374e-01
1.747794079809696643e-01 2.475937842360691754e-01 4.146139914483855105e-01 3.112508255602868812e-01 3.491974230270025736e-01
0.000000000000000000e+00 2.435611502237273740e-01 6.337242505244779223e-02 1.818181818181818232e-01 8.980265101338745504e-02
