0.000000000000000000e+00 0.000000000000000000e+00 0.000000000000000000e+00 0.000000000000000000e+00 0.000000000000000000e+00
9.667260843731432240e-01 9.667260843731432240e-01 9.733986732006534304e-01 9.733188165920482193e-01 9.667260843731432240e-01
9.733986732006534304e-01 9.667260843731432240e-01 9.799960388195683159e-01 9.733188165920482193e-01 9.733986732006534304e-01
9.866659999333267095e-01 9.667260843731432240e-01 9.667980131346468609e-01 9.800653398673201400e-01 9.733986732006534304e-01
9.735032054619683350e-01 9.603610675039245814e-01 9.733986732006534304e-01 9.734600911071500384e-01 9.670149846880331523e-01
9.602200968180349960e-01 9.933326665999934191e-01 9.668463246826631829e-01 9.604404654943738961e-01 9.801215376804837121e-01
9.603589423177053552e-01 9.208200135619489801e-01 9.733153171187401975e-01 9.598963464942845691e-01 9.210094029681658023e-01
9.216522489018244002e-01 9.268730110876628459e-01 9.147959955482080074e-01 9.734600911071500384e-01 9.669150390370916393e-01
9.537929261051498742e-01 9.345314850634000026e-01 9.474555039756703545e-01 9.013629503867194304e-01 8.670664667666166947e-01
8.616134289573181837e-01 8.869941073249631991e-01 8.476064997804128032e-01 7.954749609015721035e-01 8.136752136752137821e-01
5.220977279800809168e-01 5.715665976535541093e-01 6.089794978683866766e-01 6.043650793650794384e-01 4.398593101110263581e-01
