0.000000000000000000e+00 0.000000000000000000e+00 0.000000000000000000e+00 0.000000000000000000e+00 0.000000000000000000e+00
9.501900570190067175e-01 9.501900570190067175e-01 9.600640064007112118e-01 9.604483138441105572e-01 9.501900570190067175e-01
9.600640064007112118e-01 9.501900570190067175e-01 9.701940582194068519e-01 9.604483138441105572e-01 9.600640064007112118e-01
9.800653398673927486e-01 9.501900570190067175e-01 9.500633396673705544e-01 9.700646731340519802e-01 9.600640064007112118e-01
9.608330831646842984e-01 9.407529036048868365e-01 9.600640064007112118e-01 9.601920576192067847e-01 9.512056245040940716e-01
9.408157272654200654e-01 9.900660066007335169e-01 9.504436439082343258e-01 9.417595950685293538e-01 9.704529837799866776e-01
9.408157272654200654e-01 8.855072708747073751e-01 9.605765189189449105e-01 9.408157272654200654e-01 8.869453672681809620e-01
8.864652235776860900e-01 8.929216572738736257e-01 8.778181362510156793e-01 9.601920576192067847e-01 9.504436439082343258e-01
9.311802429355867661e-01 9.045949512693893801e-01 9.230201401033300002e-01 8.562448182284467801e-01 8.104408984731077403e-01
8.047828178935941823e-01 8.440144563880590534e-01 7.860963495762594011e-01 7.273777436672886898e-01 7.442614194958219187e-01
4.051065296900328017e-01 4.795676540887250927e-01 5.259506810336750382e-01 4.976283036277464600e-01 3.417430630867043795e-01
