0.000000000000000000e+00 0.000000000000000000e+00 0.000000000000000000e+00 0.000000000000000000e+00 0.000000000000000000e+00
9.600640064007112118e-01 9.600640064007112118e-01 9.600640064007112118e-01 9.604483138441105572e-01 9.600640064007112118e-01
9.600640064007112118e-01 9.600640064007112118e-01 9.501900570190067175e-01 9.700646731340519802e-01 9.600640064007112118e-01
9.504436439082343258e-01 9.600640064007112118e-01 9.304343040364820849e-01 9.601920576192067847e-01 9.600640064007112118e-01
9.513327995330069786e-01 9.504436439082343258e-01 9.700646731340519802e-01 9.408157272654200654e-01 9.324274712510064456e-01
9.408157272654200654e-01 9.801960588196069191e-01 9.801960588196069191e-01 9.417595950685293538e-01 9.512056245040940716e-01
9.311802429355867661e-01 8.853877450226579349e-01 9.702587701793399244e-01 9.313047405954699709e-01 8.961750092221115738e-01
8.514874198369387637e-01 9.219072478423812056e-01 8.869453672681809620e-01 9.601920576192067847e-01 9.123752675681890967e-01
9.121918939822614147e-01 8.955698534982835524e-01 9.230201401033300002e-01 8.562448182284467801e-01 8.518960170799139142e-01
7.876851440422312223e-01 8.364444331084613937e-01 7.994780479666452333e-01 7.252317654143830561e-01 7.276418167314701035e-01
4.152566231417182951e-01 4.795676540887250927e-01 5.534904707250450917e-01 4.888129019342115633e-01 8.229221730726042627e-02
