0.000000000000000000e+00 0.000000000000000000e+00 0.000000000000000000e+00 0.000000000000000000e+00 0.000000000000000000e+00
8.077792853912255655e-01 8.023783607441866694e-01 8.258421530653965448e-01 8.056450978850537847e-01 8.099068041444079658e-01
8.219337239846433718e-01 8.085211199965298690e-01 7.932466908405753081e-01 8.023783607441866694e-01 7.921678779710547014e-01
8.295110123257223300e-01 8.133665126199786100e-01 7.908489981408799441e-01 8.235958004419587919e-01 8.024997523257411114e-01
8.046239010094432542e-01 8.085544572325483736e-01 7.997432605905006042e-01 8.003036652201890311e-01 7.869758314397852228e-01
8.029646344278659198e-01 7.900000000000000355e-01 7.958921694480102227e-01 8.041449583327999751e-01 7.978482946312039914e-01
7.883570234113712605e-01 7.946509564679964388e-01 7.652103240565768516e-01 7.915703927973867238e-01 7.705665950236686434e-01
7.876347317385903324e-01 7.659804983748645935e-01 7.332421340629275974e-01 7.965974505563948593e-01 7.587764492839309538e-01
7.340861742259012779e-01 7.644287396937574641e-01 7.035912709777192298e-01 7.346660863949685538e-01 7.418244406196213836e-01
7.164575510577890771e-01 7.117232543241511777e-01 7.188715635317577402e-01 7.314622314622314381e-01 6.800787498461917657e-01
5.433259801075892570e-01 6.044857500935888472e-01 5.680128591520996473e-01 5.987181959551778343e-01 6.474145680828459204e-01
