0.000000000000000000e+00 0.000000000000000000e+00 0.000000000000000000e+00 0.000000000000000000e+00 0.000000000000000000e+00
8.204466389855235020e-01 8.127075115638924263e-01 8.028779814705302442e-01 8.183514929821877892e-01 8.282883874518436329e-01
8.106923751095529429e-01 7.712499999999999911e-01 8.138651471984805763e-01 8.140046211222999872e-01 7.770528145507678008e-01
7.937645606039387403e-01 8.095576659387537788e-01 7.936746165143866438e-01 8.155186240605556414e-01 7.948717948717949344e-01
8.174308244098871246e-01 8.171753593012034411e-01 7.867045858514042367e-01 7.997654395148602324e-01 7.914494264859228689e-01
7.865651408958495017e-01 7.986704653371319296e-01 7.827194677588378280e-01 8.090412598184619775e-01 8.052049244195107480e-01
7.961956521739129711e-01 7.935891209324914541e-01 7.644287396937574641e-01 7.955733773636828321e-01 7.604018805432233297e-01
7.909984752090015725e-01 7.674873061980200806e-01 7.287550685876973411e-01 7.972274628824542742e-01 7.660818713450292528e-01
7.464523780313254697e-01 7.677119628339140744e-01 7.136078392834579454e-01 7.066900547799457311e-01 7.188968449317519882e-01
7.045423872245586416e-01 7.149093819106788761e-01 7.216382747372236395e-01 7.303370786516854007e-01 6.799999999999999378e-01
5.512341062079282317e-01 6.022913256955809702e-01 5.755023222520018189e-01 6.036418990722922651e-01 6.456383398977592059e-01
