0.000000000000000000e+00 0.000000000000000000e+00 0.000000000000000000e+00 0.000000000000000000e+00 0.000000000000000000e+00
8.000000000000000444e-01 7.950549450549451169e-01 8.192307692307692069e-01 7.976190476190476719e-01 8.023809523809524169e-01
8.124542124542124544e-01 8.042124542124542419e-01 7.844322344322344209e-01 7.950549450549451169e-01 7.842490842490843495e-01
8.197802197802197544e-01 8.029304029304029644e-01 7.780219780219779224e-01 8.137362637362637319e-01 7.910256410256409909e-01
7.893772893772894594e-01 7.950549450549451169e-01 7.875457875457875234e-01 7.906593406593407369e-01 7.743589743589742724e-01
7.880952380952381819e-01 7.838827838827838734e-01 7.838827838827838734e-01 7.923076923076922684e-01 7.822344322344322309e-01
7.736263736263736535e-01 7.767399267399266449e-01 7.489010989010989050e-01 7.811355311355311359e-01 7.556776556776556575e-01
7.695970695970695274e-01 7.500000000000000000e-01 7.179487179487179516e-01 7.800366300366300409e-01 7.419413919413919700e-01
7.173992673992674041e-01 7.478021978021978100e-01 6.901098901098901006e-01 7.175824175824175866e-01 7.245421245421246326e-01
7.005494505494505031e-01 6.967032967032966706e-01 7.027472527472526931e-01 7.135531135531135716e-01 6.705128205128204621e-01
5.785714285714285143e-01 6.164835164835165138e-01 5.926739926739926778e-01 6.130036630036630463e-01 6.459706959706960072e-01
