0.000000000000000000e+00 0.000000000000000000e+00 0.000000000000000000e+00 0.000000000000000000e+00 0.000000000000000000e+00
8.142857142857142794e-01 8.038461538461538769e-01 7.961538461538462119e-01 8.119047619047619069e-01 8.195970695970695719e-01
7.994505494505494969e-01 7.655677655677655125e-01 8.040293040293040594e-01 8.020146520146520519e-01 7.695970695970695274e-01
7.835164835164835084e-01 7.992673992673993144e-01 7.815018315018315009e-01 8.053113553113553369e-01 7.857142857142856984e-01
8.025641025641025994e-01 8.065934065934066144e-01 7.772893772893773034e-01 7.895604395604395309e-01 7.791208791208791284e-01
7.752747252747252960e-01 7.893772893772894594e-01 7.716117216117215349e-01 7.981684981684982194e-01 7.904761904761905544e-01
7.809523809523809534e-01 7.736263736263736535e-01 7.478021978021978100e-01 7.798534798534798584e-01 7.441391941391941600e-01
7.750915750915751135e-01 7.521978021978021900e-01 7.133699633699633891e-01 7.811355311355311359e-01 7.481684981684981750e-01
7.300366300366301076e-01 7.485347985347985400e-01 6.992673992673992256e-01 6.926739926739926556e-01 7.040293040293039706e-01
6.906593406593406481e-01 6.998168498168497731e-01 7.051282051282050656e-01 7.124542124542123656e-01 6.703296703296703907e-01
5.833333333333333703e-01 6.153846153846154188e-01 5.974358974358974228e-01 6.166666666666666963e-01 6.448717948717949122e-01
