0.000000000000000000e+00 0.000000000000000000e+00 0.000000000000000000e+00 0.000000000000000000e+00 0.000000000000000000e+00
6.427112346088537098e-01 6.295527386405823655e-01 6.081875291569185382e-01 6.387274990375082506e-01 6.601837383431137241e-01
6.284685818194120088e-01 5.446011790435314470e-01 6.328874650391538292e-01 6.360085740246651520e-01 5.577396721076712804e-01
5.940335829624604491e-01 6.249785748942429109e-01 5.969956737693835613e-01 6.365717189506376883e-01 5.947617141331807966e-01
6.476258542717344691e-01 6.402779280128290118e-01 5.790805155384846081e-01 6.056955136792286920e-01 5.930178372035564971e-01
5.817167688172175666e-01 6.023868643143753809e-01 5.739760267171880592e-01 6.247329929346806532e-01 6.241484901936055207e-01
6.085061688040716010e-01 6.202537095558314784e-01 5.575209625841325289e-01 6.086237195191240845e-01 5.492797066701023967e-01
6.007882727273734513e-01 5.568418131897766576e-01 5.011911779718468685e-01 6.126914629860471528e-01 5.669245165142471343e-01
5.297354672240190965e-01 5.771036788237500215e-01 4.813450652270818142e-01 4.855539995150576771e-01 4.896660249329883863e-01
4.940377938531538282e-01 4.979534044593560416e-01 5.250640986511148078e-01 5.438163878886547176e-01 4.550466375675794595e-01
3.391817326856070847e-01 3.982479109818388152e-01 3.565555509942463508e-01 4.063917629243692931e-01 4.387880399282520494e-01
