0.000000000000000000e+00 0.000000000000000000e+00 0.000000000000000000e+00 0.000000000000000000e+00 0.000000000000000000e+00
2.722161293444022578e-01 2.733327539013157836e-01 2.675548032349784888e-01 2.726858447224841386e-01 2.703079890307789057e-01
2.747800614986243839e-01 2.744552138189512158e-01 2.671572165539776722e-01 2.733472841758065597e-01 2.765641155044957777e-01
2.748141704611261060e-01 2.572886082609839309e-01 2.727941249482534469e-01 2.690384819758090407e-01 2.555399786068745516e-01
2.660127991797344160e-01 2.714815026807931853e-01 2.416984527842157837e-01 2.460479306560259816e-01 2.619621284620595181e-01
2.636509556866956649e-01 2.523339598877881729e-01 2.613093183020695487e-01 2.478625852135286356e-01 2.567103417780924879e-01
2.441603751294011138e-01 2.666019605720724717e-01 2.507313025504099846e-01 2.357059457014019643e-01 2.519831909943862636e-01
2.428394775520283932e-01 2.581127569459781279e-01 2.504627497922612411e-01 2.460534311760733672e-01 2.466588517382254653e-01
2.399069210359532911e-01 2.232380491179522808e-01 2.281247311721981974e-01 2.085699281641147373e-01 2.387511786566088312e-01
2.181365301986428196e-01 2.148703486849291855e-01 2.272304435021658686e-01 1.953059161819016565e-01 2.067850492003842078e-01
2.041445299431247640e-01 2.036820568160257472e-01 1.869358067801542289e-01 1.453227699290180752e-01 2.050303568767000983e-01
