0.000000000000000000e+00 0.000000000000000000e+00 0.000000000000000000e+00 0.000000000000000000e+00 0.000000000000000000e+00
5.994895788102081458e-01 5.994895788102081458e-01 5.983274117153394300e-01 5.983274117153394300e-01 6.006498748096461560e-01
5.959974204391056407e-01 5.983274117153394300e-01 5.936598123413068251e-01 5.994895788102081458e-01 5.994895788102081458e-01
6.006498748096461560e-01 5.913144970885799712e-01 5.948295740985162228e-01 5.901389205756821799e-01 5.866003750424986229e-01
5.818542959957480054e-01 5.959974204391056407e-01 5.501681870243002592e-01 5.746735245893493937e-01 5.913144970885799712e-01
5.794690274220846149e-01 5.734693716157872601e-01 5.746735245893493937e-01 5.551427264334984901e-01 5.866003750424986229e-01
5.686312483487339087e-01 5.710546395578484091e-01 5.686312483487339087e-01 5.489185409747517896e-01 5.588488329956406986e-01
5.637580414075711310e-01 5.539026658766919020e-01 5.539026658766917910e-01 5.563804307067865551e-01 5.489185409747517896e-01
5.539026658766917910e-01 5.563804307067866661e-01 5.526602331752604735e-01 5.362851984335917921e-01 5.388321965644050637e-01
5.008113598358064911e-01 5.350077881053072471e-01 5.489185409747517896e-01 5.115449455253341382e-01 5.141977437989115884e-01
5.021640244810386955e-01 4.939993665478326079e-01 4.527189213725305028e-01 4.512356429208322917e-01 4.994554858172299272e-01
