0.000000000000000000e+00 0.000000000000000000e+00 0.000000000000000000e+00 0.000000000000000000e+00 0.000000000000000000e+00
5.994895788102081458e-01 6.006498748096461560e-01 5.948295740985162228e-01 5.994895788102081458e-01 5.971633626007651907e-01
5.994895788102081458e-01 5.994895788102081458e-01 5.924881238225355728e-01 5.971633626007651907e-01 6.018083105361585750e-01
6.018083105361585750e-01 5.854168815212522636e-01 5.959974204391056407e-01 5.913144970885799712e-01 5.818542959957480054e-01
5.806626912397010454e-01 5.948295740985162228e-01 5.438954147832303354e-01 5.686312483487339087e-01 5.877818713984560572e-01
5.854168815212522636e-01 5.722630811205677848e-01 5.806626912397010454e-01 5.613079962611139395e-01 5.842313786975801282e-01
5.674162709068149013e-01 5.794690274220846149e-01 5.710546395578484091e-01 5.438954147832303354e-01 5.576157943868339517e-01
5.539026658766917910e-01 5.526602331752604735e-01 5.464119200699759649e-01 5.576157943868339517e-01 5.563804307067866661e-01
5.526602331752604735e-01 5.451549115169196380e-01 5.413688872745122671e-01 5.259911279353166602e-01 5.375599950696849927e-01
5.075431016179807742e-01 5.298716312261219086e-01 5.350077881053072471e-01 5.088801007271750443e-01 5.102140407191266824e-01
5.141977437989116995e-01 5.021640244810386955e-01 4.730470054738272756e-01 4.437525510130755357e-01 5.035135056184054658e-01
