0.000000000000000000e+00 0.000000000000000000e+00 0.000000000000000000e+00
8.164965809277260345e-01 7.337993857053427549e-01 7.337993857053427549e-01
7.337993857053427549e-01 7.337993857053427549e-01 6.546536707079771977e-01
7.337993857053427549e-01 7.337993857053427549e-01 9.045340337332908875e-01
8.164965809277260345e-01 7.035264706814484681e-01 7.035264706814484681e-01
5.999999999999999778e-01 2.182178902359923900e-01 8.164965809277260345e-01
4.082482904638630172e-01 3.144854510165754902e-01 3.464101615137754608e-01
4.000000000000000222e-01 4.364357804719847800e-01 5.241424183609590948e-01
2.182178902359923900e-01 5.773502691896257311e-01 3.464101615137754608e-01
0.000000000000000000e+00 5.999999999999999778e-01 2.182178902359923900e-01
