0.000000000000000000e+00 0.000000000000000000e+00 0.000000000000000000e+00 0.000000000000000000e+00 0.000000000000000000e+00
8.680555555555555802e-01 8.472222222222222099e-01 9.027777777777777901e-01 9.027777777777777901e-01 8.541666666666666297e-01
8.125000000000000000e-01 9.513888888888888395e-01 8.541666666666666297e-01 8.194444444444444198e-01 9.236111111111111605e-01
8.333333333333333703e-01 8.472222222222222099e-01 8.680555555555555802e-01 8.263888888888888395e-01 7.569444444444444198e-01
7.986111111111111605e-01 7.638888888888888395e-01 8.611111111111111605e-01 8.541666666666666297e-01 8.055555555555555802e-01
7.638888888888888395e-01 6.736111111111111605e-01 7.500000000000000000e-01 8.680555555555555802e-01 7.916666666666666297e-01
7.569444444444444198e-01 7.916666666666666297e-01 8.055555555555555802e-01 8.611111111111111605e-01 7.222222222222222099e-01
7.361111111111111605e-01 7.152777777777777901e-01 7.500000000000000000e-01 6.805555555555555802e-01 7.708333333333333703e-01
7.708333333333333703e-01 6.458333333333333703e-01 7.847222222222222099e-01 7.361111111111111605e-01 6.250000000000000000e-01
5.277777777777777901e-01 6.388888888888888395e-01 5.763888888888888395e-01 5.138888888888888395e-01 5.555555555555555802e-01
5.694444444444444198e-01 5.138888888888888395e-01 4.305555555555555802e-01 5.625000000000000000e-01 4.375000000000000000e-01
