0.000000000000000000e+00 0.000000000000000000e+00 0.000000000000000000e+00 0.000000000000000000e+00 0.000000000000000000e+00
8.905509610664249509e-01 9.244324970131421182e-01 8.211489181033829743e-01 9.313525749858517777e-01 8.965331640188437534e-01
9.312428725710101274e-01 8.833353026901414884e-01 9.181417676905780922e-01 9.177773734249191628e-01 8.411243161667609769e-01
7.999708624708624649e-01 8.118035332945060523e-01 8.682131680490990933e-01 8.337328646317411218e-01 9.118051976314012208e-01
7.515873015873015817e-01 8.549749964701343075e-01 8.045357202685755604e-01 8.436147186147185950e-01 7.865079365079363782e-01
7.703444130688712477e-01 7.938700732818378958e-01 8.486524822695035164e-01 8.599818408807173853e-01 7.971033915241285683e-01
7.662711254944264416e-01 7.147683372207103147e-01 8.214804063860667860e-01 8.883783643154634646e-01 7.212018315583680339e-01
8.413251720441262682e-01 7.947052048509144484e-01 6.385785941662827092e-01 6.904946904946904773e-01 8.050804520840396661e-01
8.107162366321314373e-01 5.913238117962525964e-01 7.853985876666289556e-01 8.046328460462198739e-01 6.886688668866888241e-01
6.267847753104396347e-01 7.220382992534890576e-01 6.675052410901467503e-01 5.232746721877157281e-01 6.634303583697739315e-01
6.209803624615073403e-01 5.618368528677047946e-01 6.804374750718977793e-01 6.367319520540756228e-01 7.674991674991674673e-01
