0.000000000000000000e+00 0.000000000000000000e+00 0.000000000000000000e+00 0.000000000000000000e+00 0.000000000000000000e+00
8.346021395783550512e-01 8.859936733533018138e-01 7.321919371467819904e-01 8.966769593910766112e-01 8.497334612958238331e-01
8.971973000467315940e-01 8.258491450820515389e-01 8.798505112669490202e-01 8.786303245761384328e-01 7.611327678552162190e-01
7.011703750585965844e-01 7.235285914433354781e-01 8.065296353280366759e-01 7.593404726690063944e-01 8.726373513331774356e-01
6.283267944376366154e-01 7.823259854325137486e-01 7.090003864952698631e-01 7.712032574397713613e-01 6.899813176818631044e-01
6.577265941367974600e-01 6.923754129077083208e-01 7.715033320111766013e-01 7.937941111579821518e-01 7.259280851885550057e-01
6.583008607719237348e-01 5.732069925742256933e-01 7.529934263856252752e-01 8.337556255625100388e-01 6.115928396627265951e-01
7.805490290986725199e-01 7.126584269404341310e-01 4.596318721310083122e-01 5.629604954667467576e-01 7.511698231280719007e-01
7.241658745305737943e-01 4.296710974484104772e-01 6.781142384074134721e-01 7.085383798952584744e-01 5.452679239862818772e-01
5.001722652936555491e-01 6.237642870957581520e-01 5.165572353509848558e-01 3.599140204060284343e-01 5.445085523362901414e-01
4.508308199091017876e-01 4.828448802857376876e-01 5.786991479712588760e-01 5.106168952687577534e-01 6.911484698910557167e-01
