0.000000000000000000e+00 0.000000000000000000e+00 0.000000000000000000e+00 0.000000000000000000e+00 0.000000000000000000e+00 0.000000000000000000e+00 0.000000000000000000e+00 0.000000000000000000e+00 0.000000000000000000e+00 0.000000000000000000e+00
6.707810172377099978e-01 6.948717948717948456e-01 6.707810172377099978e-01 6.295981890209394471e-01 7.198401940500820384e-01 7.287749287749287763e-01 6.010204081632652962e-01 6.718981972428420546e-01 6.201319429665885785e-01 5.293060050341604761e-01
6.632710809281268105e-01 6.129941461299415195e-01 6.676691729323308566e-01 7.394221939676484112e-01 7.055496641922941459e-01 6.740196078431371918e-01 6.626984126984126755e-01 6.714336283185842191e-01 5.882352941176470784e-01 7.108347627215552134e-01
7.207168764668231420e-01 6.519226653349503575e-01 6.609686609686609149e-01 6.974576271186441190e-01 6.320028766630708672e-01 5.710784313725489891e-01 5.285190999476713225e-01 6.300169587337478561e-01 6.598056032018296824e-01 6.806497175141243972e-01
7.464488636363636465e-01 6.887239307175679892e-01 4.784313725490195734e-01 6.217418944691672777e-01 6.619318181818182323e-01 6.974576271186440080e-01 6.129941461299415195e-01 6.360856269113148720e-01 6.550724637681160090e-01 5.952380952380952328e-01
6.300169587337478561e-01 5.736638151641442196e-01 6.205413422321097716e-01 7.037906265557214436e-01 7.087875417130143907e-01 7.142655367231638408e-01 7.477388355002826392e-01 6.837085678549092993e-01 6.801075268817203812e-01 5.703362831858407311e-01
5.824561403508772273e-01 6.214209968186639177e-01 5.460680751173708769e-01 7.057992512537967222e-01 6.289682539682539542e-01 5.877695298692118264e-01 6.801075268817204922e-01 5.935615144248238551e-01 6.889877798968708777e-01 6.545840707964603045e-01
6.370149677236291996e-01 7.142655367231638408e-01 6.257861635220125507e-01 7.051327433628318264e-01 6.320028766630708672e-01 5.785936257859363163e-01 5.175675675675674992e-01 6.377345132743362788e-01 6.121031746031745380e-01 6.806497175141243972e-01
6.468343697003956505e-01 6.295981890209394471e-01 6.295981890209394471e-01 6.638418079096044533e-01 5.252659574468085957e-01 6.605105105105104624e-01 6.385533658260931222e-01 5.499443826473859875e-01 5.393091125670042008e-01 5.917667238421955300e-01
5.441931054419311131e-01 6.676691729323308566e-01 7.464488636363636465e-01 4.951515151515151758e-01 4.996996996996997398e-01 5.604314420803782060e-01 6.427958833619211720e-01 4.784313725490195734e-01 6.801075268817204922e-01 6.382467302933898523e-01
6.242824339839265768e-01 5.416757503088438508e-01 6.619318181818182323e-01 6.889877798968708777e-01 6.887239307175681002e-01 6.538979924806695987e-01 4.996996996996997398e-01 5.663265306122449161e-01 5.901262916188290131e-01 6.131995477671000616e-01
5.917667238421955300e-01 6.087764436821041514e-01 5.215902322811197811e-01 6.868643766446198562e-01 5.882352941176470784e-01 6.718981972428420546e-01 5.589710050141705189e-01 4.771212121212120572e-01 5.345281274447051256e-01 6.538979924806695987e-01
5.762662597194971870e-01 5.707765918292233565e-01 5.635269953051643688e-01 4.537943696450428277e-01 4.144551101072839749e-01 5.243948420179473935e-01 5.736638151641442196e-01 7.287749287749287763e-01 6.450284090909090828e-01 6.718981972428420546e-01
5.589710050141705189e-01 5.675936225435669336e-01 7.219823008849557411e-01 6.788352272727271597e-01 4.573521716378858848e-01 6.320028766630708672e-01 6.458333333333333703e-01 5.460680751173708769e-01 5.064474775657944461e-01 5.707765918292233565e-01
5.175675675675674992e-01 5.994987468671679753e-01 4.088141025641025550e-01 4.727555382821608809e-01 3.672801635991820302e-01 3.952569169960474804e-01 4.007472384665367593e-01 4.542557326078507929e-01 5.562623382320683874e-01 4.885001131136414987e-01
5.499443826473859875e-01 5.459299039005087728e-01 5.499443826473859875e-01 5.489795918367347261e-01 5.917667238421955300e-01 4.031526152376402883e-01 4.088141025641025550e-01 6.530118768224166814e-01 4.479043799638279810e-01 5.957938859579389179e-01
6.179639009773846281e-01 5.559701492537314493e-01 5.910652920962200518e-01 5.736638151641442196e-01 3.275702116892974525e-01 5.809859154929577496e-01 3.428714859437751450e-01 5.131818181818181834e-01 7.057992512537967222e-01 4.542557326078507929e-01
6.131995477671000616e-01 5.785936257859363163e-01 4.866564305037653915e-01 4.720012239902081075e-01 3.528345418589321492e-01 5.017888406789982048e-01 4.666194857277660146e-01 4.836720712491436869e-01 4.480519480519480346e-01 3.074976806949481500e-01
4.088141025641025550e-01 3.897435897435897467e-01 4.167106553050298201e-01 3.119047619047619069e-01 3.952569169960474804e-01 4.542557326078507929e-01 4.418386491557223517e-01 3.672801635991820302e-01 5.663265306122449161e-01 3.229585006693440064e-01
4.479043799638279810e-01 4.104741684359518583e-01 3.380655873806558409e-01 4.784313725490195734e-01 3.724456163480553417e-01 5.175675675675674992e-01 3.119047619047619069e-01 4.771212121212120572e-01 4.162974683544303778e-01 3.578248235782482412e-01
