0.000000000000000000e+00 0.000000000000000000e+00 0.000000000000000000e+00 0.000000000000000000e+00 0.000000000000000000e+00 0.000000000000000000e+00 0.000000000000000000e+00 0.000000000000000000e+00 0.000000000000000000e+00 0.000000000000000000e+00
7.392011311417461261e-01 7.055496641922940348e-01 6.281249999999999334e-01 6.470338983050847315e-01 6.714336283185841081e-01 6.619318181818182323e-01 6.470338983050847315e-01 5.736638151641442196e-01 6.699381267335182688e-01 7.376431263779247294e-01
7.392011311417461261e-01 6.584385763490241406e-01 6.801075268817204922e-01 6.882831858407079118e-01 6.335839598997493605e-01 6.925947187141217043e-01 7.028608118712991182e-01 7.219823008849557411e-01 6.045952633439377610e-01 6.385533658260931222e-01
6.974576271186441190e-01 6.550724637681158979e-01 7.142655367231638408e-01 6.714336283185841081e-01 6.377345132743362788e-01 6.721763085399449222e-01 6.134180790960451768e-01 6.806497175141243972e-01 6.626984126984127865e-01 6.598056032018296824e-01
6.714336283185841081e-01 6.087764436821041514e-01 6.010204081632652962e-01 6.300169587337478561e-01 6.882831858407079118e-01 6.131995477671000616e-01 7.057992512537967222e-01 6.636517806670434450e-01 6.440170940170940606e-01 6.427958833619211720e-01
5.017888406789982048e-01 6.662351672060409236e-01 6.619318181818182323e-01 6.214209968186639177e-01 6.887239307175681002e-01 6.112215909090908950e-01 6.519226653349503575e-01 6.550724637681160090e-01 6.335839598997493605e-01 6.519226653349503575e-01
4.969966629588431495e-01 6.707810172377102198e-01 6.519226653349503575e-01 7.142655367231638408e-01 7.028608118712991182e-01 6.632710809281268105e-01 6.699381267335182688e-01 6.806497175141243972e-01 6.795634920634920917e-01 5.428486997635934008e-01
6.530118768224166814e-01 5.935615144248238551e-01 6.689020475137332777e-01 6.468343697003957615e-01 5.730482204362801202e-01 6.377345132743362788e-01 6.053921568627451677e-01 6.335839598997493605e-01 5.589710050141705189e-01 6.795634920634920917e-01
7.055496641922941459e-01 5.589710050141705189e-01 5.142857142857143460e-01 4.771212121212120572e-01 6.707810172377099978e-01 6.553648371830189667e-01 6.335839598997493605e-01 6.795634920634920917e-01 4.664502164502164483e-01 5.785936257859363163e-01
6.033333333333332771e-01 5.836734693877551061e-01 6.072043628013776839e-01 6.882831858407079118e-01 4.705527486614885513e-01 6.010204081632652962e-01 5.454159592529710388e-01 4.784313725490195734e-01 6.201319429665885785e-01 6.217418944691671667e-01
6.882831858407079118e-01 6.506265664160402196e-01 5.428486997635934008e-01 6.281249999999999334e-01 6.440170940170940606e-01 6.676691729323308566e-01 6.545840707964603045e-01 4.655553018192890580e-01 7.057992512537967222e-01 5.243804956035171827e-01
4.664502164502164483e-01 5.142857142857143460e-01 6.053921568627451677e-01 4.480519480519480346e-01 5.809859154929577496e-01 5.688405797101450112e-01 5.322951427512050415e-01 5.006993006993006867e-01 5.935615144248238551e-01 4.479043799638279810e-01
6.242824339839265768e-01 4.357559269335406493e-01 6.889877798968708777e-01 5.901262916188290131e-01 5.836734693877551061e-01 6.300169587337478561e-01 5.407375643224699990e-01 3.897435897435897467e-01 4.836720712491436869e-01 4.418386491557223517e-01
4.969966629588431495e-01 4.031526152376402883e-01 6.191593770002132846e-01 5.860869565217391441e-01 4.418386491557223517e-01 4.357559269335406493e-01 4.104741684359518583e-01 5.663265306122449161e-01 6.458333333333333703e-01 5.629943502824859003e-01
4.996996996996997398e-01 4.705527486614885513e-01 4.162974683544303778e-01 6.550724637681160090e-01 6.214209968186639177e-01 4.410476872860441544e-01 5.322951427512050415e-01 3.672801635991820302e-01 6.890756302521008347e-01 4.601307189542483966e-01
3.952569169960474804e-01 4.357559269335406493e-01 5.635269953051643688e-01 6.506265664160399975e-01 6.205797101449275210e-01 5.877695298692118264e-01 4.031526152376402883e-01 5.604314420803782060e-01 4.601307189542483966e-01 4.836720712491436869e-01
4.936913145539906234e-01 6.010204081632652962e-01 6.538979924806697097e-01 6.636517806670434450e-01 3.814165042235216907e-01 4.664502164502164483e-01 4.655553018192890580e-01 3.380655873806558409e-01 6.053921568627451677e-01 4.480519480519480346e-01
4.479043799638279810e-01 5.215902322811197811e-01 5.589710050141705189e-01 3.528345418589321492e-01 3.706730769230768829e-01 4.725177304964539582e-01 5.131818181818181834e-01 3.380655873806558409e-01 4.836720712491436869e-01 7.137804187889077445e-01
4.848484848484848619e-01 3.380655873806558409e-01 3.478118609406952721e-01 2.958579881656804855e-01 3.119047619047619069e-01 3.119047619047619069e-01 2.958579881656804855e-01 3.672801635991820302e-01 3.119047619047619069e-01 3.275702116892974525e-01
2.958579881656804855e-01 6.072043628013776839e-01 2.958579881656804855e-01 2.958579881656804855e-01 3.119047619047619069e-01 3.724456163480553417e-01 3.119047619047619069e-01 3.119047619047619069e-01 3.952569169960474804e-01 3.427550357374918866e-01
