0.000000000000000000e+00 0.000000000000000000e+00 0.000000000000000000e+00 0.000000000000000000e+00 0.000000000000000000e+00
8.236111111111110716e-01 8.236111111111110716e-01 8.236111111111110716e-01 8.236111111111110716e-01 8.236111111111110716e-01
8.050925925925926929e-01 8.143518518518518823e-01 8.004629629629629317e-01 8.189814814814815325e-01 8.097222222222222321e-01
8.092592592592593448e-01 8.097222222222222321e-01 8.097222222222222321e-01 7.912037037037037424e-01 8.189814814814815325e-01
8.092592592592593448e-01 8.097222222222222321e-01 7.907407407407407440e-01 7.953703703703703942e-01 8.050925925925926929e-01
7.810185185185185563e-01 7.819444444444444420e-01 7.912037037037037424e-01 7.768518518518519045e-01 7.814814814814814437e-01
7.537037037037037646e-01 7.398148148148148140e-01 7.675925925925926041e-01 7.763888888888889062e-01 7.398148148148148140e-01
7.069444444444443754e-01 7.675925925925926041e-01 7.439814814814814659e-01 7.254629629629629761e-01 7.537037037037037646e-01
7.166666666666666741e-01 6.787037037037036979e-01 7.444444444444444642e-01 7.671296296296296058e-01 7.300925925925925153e-01
7.254629629629629761e-01 7.013888888888888395e-01 6.736111111111111605e-01 7.296296296296296280e-01 7.064814814814814881e-01
6.787037037037036979e-01 6.652777777777777457e-01 6.837962962962962354e-01 6.782407407407406996e-01 6.925925925925925375e-01
