0.000000000000000000e+00 0.000000000000000000e+00 0.000000000000000000e+00 0.000000000000000000e+00 0.000000000000000000e+00
8.236111111111110716e-01 8.236111111111110716e-01 8.236111111111110716e-01 8.236111111111110716e-01 8.236111111111110716e-01
5.138888888888888395e-01 5.185185185185184897e-01 5.185185185185184897e-01 5.185185185185184897e-01 5.185185185185184897e-01
5.092592592592593004e-01 5.138888888888888395e-01 5.138888888888888395e-01 5.092592592592593004e-01 5.138888888888888395e-01
5.092592592592593004e-01 5.138888888888888395e-01 5.138888888888888395e-01 5.185185185185184897e-01 5.185185185185184897e-01
5.046296296296296502e-01 5.138888888888888395e-01 5.185185185185184897e-01 5.092592592592593004e-01 5.138888888888888395e-01
5.185185185185184897e-01 5.092592592592593004e-01 5.092592592592593004e-01 5.000000000000000000e-01 5.092592592592593004e-01
5.046296296296296502e-01 5.092592592592593004e-01 5.046296296296296502e-01 5.092592592592593004e-01 5.092592592592593004e-01
5.092592592592593004e-01 5.046296296296296502e-01 5.092592592592593004e-01 5.046296296296296502e-01 5.046296296296296502e-01
5.000000000000000000e-01 5.000000000000000000e-01 5.000000000000000000e-01 5.000000000000000000e-01 5.046296296296296502e-01
5.046296296296296502e-01 5.000000000000000000e-01 5.092592592592593004e-01 5.000000000000000000e-01 5.000000000000000000e-01
