0.000000000000000000e+00 0.000000000000000000e+00 0.000000000000000000e+00 0.000000000000000000e+00 0.000000000000000000e+00
9.790081646226832524e-01 9.790081646226832524e-01 9.790081646226832524e-01 9.790081646226832524e-01 9.790081646226832524e-01
9.860349491847627545e-01 9.790081646226832524e-01 9.790081646226832524e-01 9.720698983695256201e-01 9.790081646226832524e-01
9.719698101589629990e-01 9.650369847528857958e-01 9.790081646226832524e-01 9.860349491847627545e-01 9.720698983695256201e-01
9.721353123890060788e-01 9.860349491847627545e-01 9.720698983695256201e-01 9.790081646226832524e-01 9.790081646226832524e-01
9.650369847528857958e-01 9.301247934009612139e-01 9.860349491847627545e-01 9.791606358855599046e-01 9.230860805027555349e-01
9.790081646226832524e-01 9.440609906455371680e-01 9.719698101589629990e-01 9.860349491847627545e-01 9.650369847528857958e-01
9.724052065647992293e-01 9.650369847528857958e-01 9.223863069378021029e-01 9.158815494602913221e-01 9.720698983695256201e-01
8.791551798426734399e-01 9.154529795402147618e-01 9.790928136492432765e-01 9.369009826152683296e-01 8.611968611968611187e-01
9.861103575088924211e-01 9.791606358855599046e-01 9.300013683634373862e-01 9.376167691957165706e-01 8.385352532002343651e-01
7.204891177459122886e-01 8.087494164832755850e-01 7.174236826690097990e-01 8.459158459158458987e-01 9.082241125430495776e-01
