0.000000000000000000e+00 0.000000000000000000e+00 0.000000000000000000e+00 0.000000000000000000e+00 0.000000000000000000e+00
9.860349491847627545e-01 9.790081646226832524e-01 9.790081646226832524e-01 9.790081646226832524e-01 9.790081646226832524e-01
9.790081646226832524e-01 9.720698983695256201e-01 9.719698101589629990e-01 9.720698983695256201e-01 9.790081646226832524e-01
9.790081646226832524e-01 9.719698101589629990e-01 9.790081646226832524e-01 9.930548019533369519e-01 9.720698983695256201e-01
9.721353123890060788e-01 9.860349491847627545e-01 9.720698983695256201e-01 9.719698101589629990e-01 9.719698101589629990e-01
9.581048475542882636e-01 9.376080828987323201e-01 9.860349491847627545e-01 9.581707330867464956e-01 9.230860805027555349e-01
9.790081646226832524e-01 9.298471986417657931e-01 9.790081646226832524e-01 9.860349491847627545e-01 9.650369847528857958e-01
9.724052065647992293e-01 9.650369847528857958e-01 9.223863069378021029e-01 9.306285076784717170e-01 9.860349491847627545e-01
8.791551798426734399e-01 9.230860805027555349e-01 9.790928136492432765e-01 9.295883066986420085e-01 8.595791001451379421e-01
9.861103575088924211e-01 9.722804755279558231e-01 9.446329739647302270e-01 9.300013683634373862e-01 8.465027036455606835e-01
6.928377855207122904e-01 8.101879695659229830e-01 7.119218838662461080e-01 8.373791973791974153e-01 9.087821047063435742e-01
