0.000000000000000000e+00 0.000000000000000000e+00 0.000000000000000000e+00 0.000000000000000000e+00 0.000000000000000000e+00
9.895772416966504004e-01 9.843612212439541986e-01 9.843612212439541986e-01 9.843612212439541986e-01 9.843612212439541986e-01
9.843612212439541986e-01 9.791420406674760102e-01 9.791420406674760102e-01 9.791420406674760102e-01 9.843612212439541986e-01
9.843612212439541986e-01 9.791420406674760102e-01 9.843612212439541986e-01 9.947901517343515909e-01 9.791420406674760102e-01
9.791420406674758992e-01 9.895772416966504004e-01 9.791420406674760102e-01 9.791420406674760102e-01 9.791420406674760102e-01
9.686939947968892239e-01 9.529969176235566497e-01 9.895772416966504004e-01 9.686939947968892239e-01 9.425148793730029340e-01
9.843612212439541986e-01 9.477576687980066028e-01 9.843612212439541986e-01 9.895772416966504004e-01 9.739196491624405594e-01
9.791420406674760102e-01 9.739196491624405594e-01 9.425148793730028229e-01 9.477576687980067138e-01 9.895772416966504004e-01
9.109803640943267000e-01 9.425148793730029340e-01 9.843612212439541986e-01 9.477576687980066028e-01 9.004376722145791545e-01
9.895772416966502893e-01 9.791420406674760102e-01 9.582326839255743689e-01 9.477576687980066028e-01 8.898784639238975780e-01
8.047319784243479601e-01 8.687080880732898081e-01 8.154475263374563188e-01 8.845924813295054090e-01 9.320184396853854469e-01
