0.000000000000000000e+00 0.000000000000000000e+00 0.000000000000000000e+00 0.000000000000000000e+00 0.000000000000000000e+00
9.692409147164179339e-01 9.692409147164179339e-01 9.692409147164179339e-01 9.692409147164179339e-01 9.692409147164179339e-01
9.793792286287205107e-01 9.692409147164179339e-01 9.692409147164179339e-01 9.585413727004499229e-01 9.692409147164179339e-01
9.592358170230121939e-01 9.483970240773551552e-01 9.692409147164179339e-01 9.793792286287205107e-01 9.585413727004499229e-01
9.588189693968866001e-01 9.793792286287205107e-01 9.585413727004499229e-01 9.692409147164179339e-01 9.692409147164179339e-01
9.483970240773551552e-01 8.995500942089036389e-01 9.793792286287205107e-01 9.690304313273387926e-01 8.890902093925210359e-01
9.692409147164179339e-01 9.171311881187610426e-01 9.592358170230121939e-01 9.793792286287205107e-01 9.483970240773551552e-01
9.592358170230121939e-01 9.483970240773551552e-01 8.908463423194269426e-01 8.808174156701475965e-01 9.585413727004499229e-01
8.296049516649983691e-01 8.792718948146567293e-01 9.688200850064219161e-01 9.080911715395139083e-01 8.187783643637933650e-01
9.792375052753081732e-01 9.690304313273387926e-01 9.011289459621016906e-01 9.110738519345731312e-01 7.897405934934518257e-01
6.907480316447260904e-01 7.638973271378793894e-01 6.753365270312312596e-01 7.975113938608376918e-01 8.698852519119110172e-01
