0.000000000000000000e+00 0.000000000000000000e+00 0.000000000000000000e+00 0.000000000000000000e+00 0.000000000000000000e+00
9.793792286287205107e-01 9.692409147164179339e-01 9.692409147164179339e-01 9.692409147164179339e-01 9.692409147164179339e-01
9.692409147164179339e-01 9.585413727004499229e-01 9.592358170230121939e-01 9.585413727004499229e-01 9.692409147164179339e-01
9.692409147164179339e-01 9.592358170230121939e-01 9.692409147164179339e-01 9.896549255441944304e-01 9.585413727004499229e-01
9.588189693968866001e-01 9.793792286287205107e-01 9.585413727004499229e-01 9.592358170230121939e-01 9.592358170230121939e-01
9.377035167721792241e-01 9.086853640887427863e-01 9.793792286287205107e-01 9.379750787578238214e-01 8.890902093925210359e-01
9.692409147164179339e-01 8.966769593910766112e-01 9.692409147164179339e-01 9.793792286287205107e-01 9.483970240773551552e-01
9.592358170230121939e-01 9.483970240773551552e-01 8.908463423194269426e-01 9.002069399292914609e-01 9.793792286287205107e-01
8.296049516649983691e-01 8.890902093925210359e-01 9.688200850064219161e-01 9.002069399292914609e-01 8.166266736858188713e-01
9.792375052753081732e-01 9.588189693968866001e-01 9.204698638416688450e-01 9.011289459621016906e-01 7.982940648014871243e-01
6.675301627470952015e-01 7.653161130570328430e-01 6.803585153465374624e-01 7.881861022118196169e-01 8.703314940550268552e-01
