0.000000000000000000e+00 0.000000000000000000e+00 0.000000000000000000e+00 0.000000000000000000e+00 0.000000000000000000e+00
9.855072463768116409e-01 9.782608695652174058e-01 9.855072463768116409e-01 9.782608695652174058e-01 9.855072463768116409e-01
9.782608695652174058e-01 9.855072463768116409e-01 9.855072463768116409e-01 9.782608695652174058e-01 9.782608695652174058e-01
9.637681159420289356e-01 9.637681159420289356e-01 9.565217391304348116e-01 9.710144927536231707e-01 9.637681159420289356e-01
9.565217391304348116e-01 9.637681159420289356e-01 9.637681159420289356e-01 9.565217391304348116e-01 9.565217391304348116e-01
9.565217391304348116e-01 9.710144927536231707e-01 9.565217391304348116e-01 9.565217391304348116e-01 9.565217391304348116e-01
9.565217391304348116e-01 9.492753623188405765e-01 9.492753623188405765e-01 9.565217391304348116e-01 9.565217391304348116e-01
9.420289855072463414e-01 9.492753623188405765e-01 9.420289855072463414e-01 9.565217391304348116e-01 9.492753623188405765e-01
9.637681159420289356e-01 9.710144927536231707e-01 9.637681159420289356e-01 9.492753623188405765e-01 9.565217391304348116e-01
9.420289855072463414e-01 9.492753623188405765e-01 9.492753623188405765e-01 9.420289855072463414e-01 9.420289855072463414e-01
9.492753623188405765e-01 9.492753623188405765e-01 9.565217391304348116e-01 9.565217391304348116e-01 9.347826086956522174e-01
