0.000000000000000000e+00 0.000000000000000000e+00 0.000000000000000000e+00 0.000000000000000000e+00 0.000000000000000000e+00
9.901960784313725839e-01 9.901960784313725839e-01 9.901960784313725839e-01 9.901960784313725839e-01 9.901960784313725839e-01
9.852941176470588758e-01 9.852941176470588758e-01 9.901960784313725839e-01 9.901960784313725839e-01 9.901960784313725839e-01
9.754901960784313486e-01 9.803921568627451677e-01 9.665032679738562171e-01 9.754901960784313486e-01 9.705882352941176405e-01
9.754901960784313486e-01 9.436274509803921351e-01 9.754901960784313486e-01 9.656862745098039325e-01 9.803921568627451677e-01
9.754901960784313486e-01 9.558823529411764053e-01 9.705882352941176405e-01 9.705882352941176405e-01 9.656862745098039325e-01
9.705882352941176405e-01 9.616013071895423980e-01 9.607843137254901134e-01 9.705882352941176405e-01 9.656862745098039325e-01
9.705882352941176405e-01 9.616013071895423980e-01 9.754901960784313486e-01 9.566993464052286900e-01 9.754901960784313486e-01
9.566993464052286900e-01 9.616013071895423980e-01 9.526143790849672666e-01 9.705882352941176405e-01 9.566993464052286900e-01
9.477124183006535585e-01 8.880718954248365549e-01 9.754901960784313486e-01 9.158496732026144560e-01 9.566993464052286900e-01
9.477124183006535585e-01 9.566993464052286900e-01 9.754901960784313486e-01 9.338235294117647189e-01 9.714052287581699252e-01
