0.000000000000000000e+00 0.000000000000000000e+00 0.000000000000000000e+00 0.000000000000000000e+00 0.000000000000000000e+00
8.317307692307691624e-01 8.761904761904761862e-01 8.514285714285714235e-01 8.514285714285714235e-01 8.514285714285714235e-01
8.616887513299158474e-01 8.557692307692307265e-01 8.616887513299158474e-01 8.557692307692307265e-01 8.514285714285714235e-01
8.616887513299158474e-01 8.414485411389437397e-01 8.514285714285714235e-01 8.597626752966558428e-01 8.962305986696230686e-01
9.038461538461538547e-01 8.514285714285714235e-01 9.065084501977705989e-01 8.365412515717187691e-01 8.415278342137342271e-01
8.658410732714139080e-01 8.761904761904761862e-01 8.761904761904761862e-01 8.365412515717187691e-01 8.616887513299158474e-01
8.188832922516343649e-01 8.521963824289406908e-01 8.253229974160207760e-01 8.634453781512605453e-01 8.414485411389437397e-01
8.679398618447784486e-01 8.414485411389437397e-01 8.358585858585858563e-01 7.984496124031007502e-01 8.466981132075471761e-01
8.415278342137342271e-01 7.828265953892414863e-01 8.415278342137342271e-01 8.521963824289406908e-01 8.977987421383648581e-01
8.188832922516343649e-01 8.012232415902140747e-01 8.296199213630406355e-01 7.828265953892414863e-01 7.931818181818182101e-01
8.117830493373426881e-01 8.790697674418603835e-01 8.296199213630406355e-01 7.321536783420190542e-01 7.842579421526789663e-01
