0.000000000000000000e+00 0.000000000000000000e+00 0.000000000000000000e+00 0.000000000000000000e+00 0.000000000000000000e+00
8.533805031446540790e-01 8.883647798742138058e-01 8.628144654088050203e-01 8.628144654088050203e-01 8.628144654088050203e-01
8.675314465408805464e-01 8.789308176100629755e-01 8.675314465408805464e-01 8.789308176100629755e-01 8.628144654088050203e-01
8.675314465408805464e-01 8.580974842767294941e-01 8.628144654088050203e-01 8.950471698113207086e-01 9.414308176100629755e-01
9.300314465408805464e-01 8.628144654088050203e-01 9.461477987421383906e-01 8.419811320754717610e-01 8.305817610062893319e-01
8.836477987421383906e-01 8.883647798742138058e-01 8.883647798742138058e-01 8.419811320754717610e-01 8.675314465408805464e-01
7.936320754716981174e-01 8.352987421383648581e-01 8.097484276729559616e-01 9.111635220125786638e-01 8.580974842767294941e-01
8.561320754716981174e-01 8.580974842767294941e-01 8.144654088050313767e-01 7.841981132075471761e-01 8.466981132075471761e-01
8.305817610062893319e-01 7.519654088050313767e-01 8.305817610062893319e-01 8.352987421383648581e-01 8.977987421383648581e-01
7.936320754716981174e-01 7.727987421383648581e-01 7.983490566037736436e-01 7.519654088050313767e-01 7.566823899371069029e-01
7.775157232704402732e-01 8.608490566037736436e-01 7.983490566037736436e-01 6.941823899371069029e-01 7.405660377358490587e-01
