0.000000000000000000e+00 0.000000000000000000e+00 0.000000000000000000e+00 0.000000000000000000e+00 0.000000000000000000e+00
6.670402374139009494e-01 7.533990064322368951e-01 7.038332823248528713e-01 7.038332823248528713e-01 7.038332823248528713e-01
7.236330588312580581e-01 7.152689531334822659e-01 7.236330588312580581e-01 7.152689531334822659e-01 7.038332823248528713e-01
7.236330588312580581e-01 6.849980334999089537e-01 7.038332823248528713e-01 7.275735066281412422e-01 8.038087958109223496e-01
8.117263845726447880e-01 7.038332823248528713e-01 8.216874925601396207e-01 6.733270173082294141e-01 6.841387972845729415e-01
7.338727559779485432e-01 7.533990064322368951e-01 7.533990064322368951e-01 6.733270173082294141e-01 7.236330588312580581e-01
6.449911477000253024e-01 7.069644521778443158e-01 6.530926006050894461e-01 7.406535345189096953e-01 6.849980334999089537e-01
7.370151609272569404e-01 6.849980334999089537e-01 6.763166647282444766e-01 5.992207490323346875e-01 6.933962264150943522e-01
6.841387972845729415e-01 5.799169321477165573e-01 6.841387972845729415e-01 7.069644521778443158e-01 7.955974842767296051e-01
6.449911477000253024e-01 6.128943936648174606e-01 6.702980472501389730e-01 5.799169321477165573e-01 6.062785544531165138e-01
6.387228613046612713e-01 7.608363037505991855e-01 6.702980472501389730e-01 5.022660042881579301e-01 6.021848870267321185e-01
