0.000000000000000000e+00 0.000000000000000000e+00 0.000000000000000000e+00 0.000000000000000000e+00 0.000000000000000000e+00
9.183505154639175494e-01 9.125773195876288879e-01 9.138144329896906726e-01 9.175257731958762486e-01 9.179381443298969545e-01
9.101030927835052076e-01 9.167010309278350588e-01 9.101030927835052076e-01 9.096907216494845017e-01 9.146391752577319734e-01
9.039175257731958402e-01 9.113402061855669922e-01 8.956701030927834983e-01 9.129896907216494828e-01 9.035051546391752453e-01
9.063917525773196315e-01 9.022680412371133496e-01 9.002061855670102641e-01 9.129896907216494828e-01 9.006185567010309700e-01
9.006185567010309700e-01 9.088659793814433119e-01 9.043298969072165461e-01 8.927835051546392231e-01 8.878350515463917514e-01
8.952577319587629034e-01 8.845360824742267702e-01 8.989690721649484795e-01 8.771134020618556182e-01 9.014432989690721598e-01
8.907216494845361376e-01 8.684536082474226815e-01 8.672164948453607858e-01 8.890721649484536471e-01 8.874226804123711565e-01
8.680412371134020866e-01 8.531958762886597825e-01 8.589690721649484439e-01 8.593814432989690388e-01 8.639175257731959157e-01
8.160824742268041332e-01 7.818556701030927591e-01 8.012371134020618291e-01 8.020618556701031299e-01 8.041237113402062153e-01
5.496907216494845150e-01 5.884536082474226548e-01 5.690721649484535849e-01 5.892783505154639556e-01 6.037113402061855538e-01
