0.000000000000000000e+00 0.000000000000000000e+00 0.000000000000000000e+00 0.000000000000000000e+00 0.000000000000000000e+00
9.173344359110231494e-01 9.122270128159595259e-01 9.130629364037947671e-01 9.170342437575118577e-01 9.168013892135787879e-01
9.096193126929245087e-01 9.165782033858226319e-01 9.099126132721023774e-01 9.096225238005397618e-01 9.141169732031817485e-01
9.042320057212869244e-01 9.096119045535256964e-01 8.973005894923963277e-01 9.129334441991495686e-01 9.037140470091115096e-01
9.057564793891188515e-01 9.021261720912118198e-01 9.002912636222859533e-01 9.113452349985189382e-01 9.014921273718602412e-01
9.007641443201752640e-01 9.082445081522440011e-01 9.035252205686074012e-01 8.937787547824367351e-01 8.875017960712338061e-01
8.944008586465571620e-01 8.821061924876822946e-01 8.983984067188043321e-01 8.761387094651389429e-01 9.033463711237020854e-01
8.878246399103707498e-01 8.726956267559616842e-01 8.703822513910510761e-01 8.869027439213225117e-01 8.867246265525807747e-01
8.680715612561249461e-01 8.522906415045738981e-01 8.590798465040165866e-01 8.608477424164444614e-01 8.622313111322595924e-01
8.133628737425564470e-01 7.829397842887059200e-01 7.938040088970179653e-01 7.964024005996716005e-01 7.991317511778583960e-01
5.423184361991221225e-01 5.961176086882018499e-01 5.546411339110151051e-01 5.796066911531339017e-01 5.942411101257587536e-01
