0.000000000000000000e+00 0.000000000000000000e+00 0.000000000000000000e+00 0.000000000000000000e+00 0.000000000000000000e+00
7.888106377466154173e-01 7.888106377466154173e-01 7.888106377466154173e-01 7.888106377466154173e-01 7.888106377466154173e-01
7.888106377466154173e-01 7.888106377466154173e-01 7.888106377466154173e-01 7.888106377466154173e-01 7.888106377466154173e-01
7.888106377466154173e-01 7.888106377466154173e-01 7.888106377466154173e-01 7.888106377466154173e-01 7.888106377466154173e-01
7.888106377466154173e-01 7.888106377466154173e-01 7.888106377466154173e-01 7.888106377466154173e-01 7.888106377466154173e-01
7.888106377466154173e-01 7.888106377466154173e-01 7.865550768311706520e-01 7.888106377466154173e-01 7.888106377466154173e-01
7.888106377466154173e-01 7.842958625416813767e-01 7.888106377466154173e-01 7.888106377466154173e-01 7.888106377466154173e-01
7.865550768311706520e-01 7.842958625416813767e-01 7.888106377466154173e-01 7.888106377466154173e-01 7.865550768311706520e-01
7.888106377466155283e-01 7.842958625416813767e-01 7.842958625416813767e-01 7.842958625416813767e-01 7.865550768311706520e-01
7.820329632154615629e-01 7.842958625416814877e-01 7.888106377466154173e-01 7.842958625416813767e-01 7.820329632154615629e-01
7.591940170704426505e-01 7.820329632154615629e-01 7.706620530427069626e-01 7.842958625416814877e-01 7.797663467703357387e-01
