0.000000000000000000e+00 0.000000000000000000e+00 0.000000000000000000e+00 0.000000000000000000e+00 0.000000000000000000e+00
6.440180789384486459e-01 6.440180789384486459e-01 6.440180789384486459e-01 6.440180789384486459e-01 6.440180789384486459e-01
6.440180789384486459e-01 6.440180789384486459e-01 6.440180789384486459e-01 6.440180789384486459e-01 6.440180789384486459e-01
6.440180789384486459e-01 6.440180789384486459e-01 6.440180789384486459e-01 6.440180789384486459e-01 6.440180789384486459e-01
6.435536083177110234e-01 6.435536083177110234e-01 6.440180789384486459e-01 6.440180789384486459e-01 6.440180789384486459e-01
6.440180789384486459e-01 6.440180789384486459e-01 6.388224438477727585e-01 6.440180789384486459e-01 6.440180789384486459e-01
6.440180789384486459e-01 6.341175013412592154e-01 6.440180789384486459e-01 6.440180789384486459e-01 6.440180789384486459e-01
6.392632509289263298e-01 6.337201451012147713e-01 6.435536083177110234e-01 6.440180789384486459e-01 6.392632509289263298e-01
6.435437368794794111e-01 6.345350448957742806e-01 6.341175013412592154e-01 6.341175013412592154e-01 6.392632509289263298e-01
6.279242328967070685e-01 6.340884011461461744e-01 6.440180789384486459e-01 6.337201451012147713e-01 6.285936517113014377e-01
5.881670394679291425e-01 6.289771393177940872e-01 6.064740558418023619e-01 6.336814186195663945e-01 6.235957498390823917e-01
