0.000000000000000000e+00 0.000000000000000000e+00 0.000000000000000000e+00 0.000000000000000000e+00 0.000000000000000000e+00
9.300000000000000488e-01 9.283333333333333437e-01 9.316666666666666430e-01 9.300000000000000488e-01 9.350000000000000533e-01
9.316666666666666430e-01 9.483333333333333615e-01 9.533333333333333659e-01 9.383333333333333526e-01 9.449999999999999512e-01
9.483333333333333615e-01 9.483333333333333615e-01 9.399999999999999467e-01 9.466666666666666563e-01 9.483333333333333615e-01
9.449999999999999512e-01 9.350000000000000533e-01 9.416666666666666519e-01 9.449999999999999512e-01 9.399999999999999467e-01
9.399999999999999467e-01 9.449999999999999512e-01 9.166666666666666297e-01 8.983333333333333171e-01 9.316666666666666430e-01
9.250000000000000444e-01 9.183333333333333348e-01 9.316666666666666430e-01 9.200000000000000400e-01 9.216666666666666341e-01
8.416666666666666741e-01 8.683333333333332904e-01 8.833333333333333037e-01 8.950000000000000178e-01 8.966666666666666119e-01
8.699999999999999956e-01 8.266666666666666607e-01 8.149999999999999467e-01 8.100000000000000533e-01 8.366666666666666696e-01
7.683333333333333126e-01 7.516666666666667052e-01 7.366666666666666918e-01 7.633333333333333082e-01 7.449999999999999956e-01
6.500000000000000222e-01 6.633333333333333304e-01 6.650000000000000355e-01 6.550000000000000266e-01 6.700000000000000400e-01
