0.000000000000000000e+00 0.000000000000000000e+00 0.000000000000000000e+00 0.000000000000000000e+00 0.000000000000000000e+00
9.244957394024377884e-01 9.227727573418262885e-01 9.265055165676283622e-01 9.244957394024377884e-01 9.295416291541082066e-01
9.260761775974757359e-01 9.432855936260324814e-01 9.484890109890110610e-01 9.335486516662225842e-01 9.401376833283447976e-01
9.427746891834932752e-01 9.435294117647058387e-01 9.344906649197510795e-01 9.412621299820115306e-01 9.436484877496053025e-01
9.392218555751670195e-01 9.273235499650593905e-01 9.350888201311206016e-01 9.387980304093422879e-01 9.337715855572998880e-01
9.324999999999999956e-01 9.380473656050238862e-01 9.052838957365123562e-01 8.820386049614691304e-01 9.234100581896753646e-01
9.148670507108601635e-01 9.055145440112611910e-01 9.220233359431214692e-01 9.075738125802310652e-01 9.093710932352911946e-01
8.018349389338719213e-01 8.393084159674548683e-01 8.592945969125214134e-01 8.751976862047220473e-01 8.773718007885125125e-01
8.405103668261562078e-01 7.784090909090908283e-01 7.591137120721646037e-01 7.520840884378398039e-01 7.928293590394046575e-01
6.770433590588562645e-01 6.448984941948450178e-01 6.142515340418952530e-01 6.692546583850931263e-01 6.314895769355829414e-01
3.939393939393939781e-01 4.338459238775014271e-01 4.386494072305307523e-01 4.092212851577550770e-01 4.528270601890233560e-01
