0.000000000000000000e+00 0.000000000000000000e+00 0.000000000000000000e+00 0.000000000000000000e+00 0.000000000000000000e+00
9.404761904761904656e-01 9.467032967032966706e-01 9.430402930402930206e-01 9.428571428571428381e-01 9.377289377289377281e-01
9.474358974358974006e-01 9.327838827838828006e-01 9.391941391941391881e-01 9.437728937728937506e-01 9.439560439560439331e-01
9.355311355311355381e-01 9.496336996336995906e-01 9.452380952380952106e-01 9.329670329670329831e-01 9.465201465201464881e-01
9.298534798534798806e-01 9.525641025641025106e-01 9.296703296703296981e-01 9.393772893772893706e-01 9.589743589743588981e-01
9.386446886446886406e-01 9.316849816849817056e-01 9.184981684981684547e-01 8.699633699633699813e-01 9.216117216117216682e-01
9.005494505494504587e-01 9.067765567765567747e-01 9.144688644688644397e-01 9.236263736263736757e-01 9.309523809523809756e-01
8.252747252747252293e-01 9.054945054945054972e-01 9.009157509157509347e-01 9.084249084249084172e-01 8.633699633699634113e-01
8.706959706959707113e-01 8.172161172161171994e-01 8.719780219780219888e-01 8.778388278388278287e-01 9.073260073260073222e-01
7.886446886446886184e-01 7.767399267399266449e-01 7.959706959706960294e-01 7.948717948717949344e-01 8.164835164835164694e-01
5.000000000000000000e-01 5.404761904761904434e-01 6.119047619047619513e-01 5.071428571428571175e-01 5.428571428571428159e-01
