0.000000000000000000e+00 0.000000000000000000e+00 0.000000000000000000e+00 0.000000000000000000e+00 0.000000000000000000e+00
8.679355790104293922e-01 8.817957422934127321e-01 8.745649448986329011e-01 8.718576442325641773e-01 8.588403193425615534e-01
8.771696521739060781e-01 8.484453082631764342e-01 8.646462493257605075e-01 8.699885661962236671e-01 8.725152490099219449e-01
8.574348544189568377e-01 8.787198496944789161e-01 8.757838215923067215e-01 8.509183369057160551e-01 8.790690391393679581e-01
8.517415784163675507e-01 9.081772139848323100e-01 8.489554964844442386e-01 8.673341475038529591e-01 9.068552745908001755e-01
8.726402222647353657e-01 8.643255766802118156e-01 8.417633830821200647e-01 7.701401683006571242e-01 8.396225308135830678e-01
8.115763117165610829e-01 8.263085114037240775e-01 8.280333512073416724e-01 8.561906090528346169e-01 8.709971911376220843e-01
7.134465863415582199e-01 8.226427956765213212e-01 8.187460283543945838e-01 8.375590546669484660e-01 7.472973445059641895e-01
7.623638232258423963e-01 7.085386151313366465e-01 7.917481248814757233e-01 7.984575476180437725e-01 8.376962168252339858e-01
6.646999174721768266e-01 6.462660431605707911e-01 6.815704737531965707e-01 6.827859482585797446e-01 7.210985088993125958e-01
0.000000000000000000e+00 2.327088175725949837e-01 3.972912676241520114e-01 9.660422437216201197e-02 2.396610271881347565e-01
