0.000000000000000000e+00 0.000000000000000000e+00 0.000000000000000000e+00 0.000000000000000000e+00 0.000000000000000000e+00
7.448403172669592065e-01 7.982842889405737941e-01 8.049106301650111872e-01 7.678865847170023295e-01 7.736391757024571048e-01
7.793930275428322396e-01 7.634158294535654532e-01 7.054342496301128085e-01 8.168886145162712609e-01 7.630271296937962688e-01
7.814942781301065233e-01 7.511244231621208023e-01 7.319228907066227530e-01 7.641881287008631674e-01 7.988498789346246687e-01
8.052383665716998928e-01 7.506650494018572983e-01 7.991528628696769054e-01 7.517465524573233582e-01 6.920543907521904403e-01
8.174556789401908885e-01 7.563550870402906412e-01 7.997272550165593907e-01 7.692894490893936732e-01 7.515374623792174802e-01
7.465856072987347991e-01 7.700513911040226533e-01 7.711479447629815409e-01 6.856024820533658248e-01 7.707714727350071238e-01
6.358739188483194527e-01 7.817793984250367423e-01 8.350939233962296759e-01 7.932111227758484873e-01 7.286864883107787572e-01
7.581872508701777980e-01 6.493548387096773622e-01 7.710705537161161027e-01 8.180234903494073562e-01 6.583263830970252917e-01
7.185883098368446298e-01 6.493915131083273229e-01 6.636001772880443239e-01 6.570036766625930724e-01 8.320957700891954412e-01
6.908223690063786115e-01 8.097664931116800302e-01 5.819881853266434257e-01 9.030605419811587042e-01 7.152021105509476229e-01
