0.000000000000000000e+00 0.000000000000000000e+00 0.000000000000000000e+00 0.000000000000000000e+00 0.000000000000000000e+00
8.265302219898827962e-01 8.519173563842318275e-01 8.517211298801007358e-01 8.501873595777904580e-01 8.463460366582765682e-01
8.603545229967700658e-01 8.257544102765174143e-01 8.008297222984127606e-01 8.770269274941742133e-01 8.432723632433947181e-01
8.496151320927149975e-01 8.695643990763024522e-01 8.114541318392309854e-01 8.207345572081937712e-01 8.524925638494309510e-01
8.388175404532182133e-01 8.511509548692365312e-01 8.572951350732842535e-01 8.317164709392459443e-01 7.907199687232153718e-01
8.407322092153204363e-01 8.473066524305972180e-01 8.588157903107369595e-01 8.471114879336099079e-01 8.411566977154106839e-01
8.124280104398375890e-01 8.432656041024290117e-01 8.630455835301044099e-01 7.551523927392971292e-01 8.440367662243563052e-01
7.555231106765707416e-01 8.666841433874851175e-01 8.651552616794507822e-01 8.505644597402532980e-01 8.217707736486448145e-01
8.344055660553106879e-01 7.566699388070889931e-01 8.342129034349299310e-01 8.315783933361341473e-01 8.054081959862767759e-01
7.873639246838201045e-01 7.434187399820531006e-01 7.748789938209331707e-01 7.499784626430783252e-01 8.747521176094255058e-01
7.783523874877479320e-01 7.607003815345610986e-01 7.083214048161590171e-01 7.383185645371315164e-01 7.758725218833031345e-01
