0.000000000000000000e+00 0.000000000000000000e+00 0.000000000000000000e+00 0.000000000000000000e+00 0.000000000000000000e+00
6.644603220217762951e-01 7.071018750090209970e-01 7.071276052885090424e-01 7.013157158679126368e-01 6.950322178281823637e-01
7.229235609535427098e-01 6.612105700312221890e-01 6.125938181554686501e-01 7.498765774605308243e-01 6.905437353960882652e-01
7.013157158679126368e-01 7.385759114096864808e-01 6.281618797482322325e-01 6.478161919331526519e-01 7.040423631634669110e-01
6.830438879535535301e-01 7.024083149164497275e-01 7.143048779582346075e-01 6.653947961833505120e-01 5.921398564478652649e-01
6.869041456110510646e-01 6.952191923403252538e-01 7.127136759642170860e-01 6.937341595914635617e-01 6.846212412086486454e-01
6.323438522327357036e-01 6.868445581148826529e-01 7.226035932928296379e-01 5.267341524351926152e-01 6.896024229211226153e-01
5.364152017482562984e-01 7.285871868877599189e-01 7.266515407881370958e-01 6.979492012244556953e-01 6.653912106616776123e-01
6.680440704072708735e-01 5.640211693396928183e-01 6.707674895008483018e-01 6.938561279251852509e-01 6.276723532427166408e-01
5.817024956246564793e-01 5.072320837779923375e-01 5.918340655005619455e-01 5.333349886035655407e-01 7.529407274508130854e-01
6.172253065226283031e-01 5.800558541339634333e-01 4.802267222934771818e-01 5.497199098374345727e-01 6.068670191246579027e-01
