0.000000000000000000e+00 0.000000000000000000e+00 0.000000000000000000e+00 0.000000000000000000e+00 0.000000000000000000e+00
4.510261136712749863e-01 4.477378253717833601e-01 4.726168106602400276e-01 4.574414841634759088e-01 4.475041524608795451e-01
4.419263543474069578e-01 4.689302090459275263e-01 4.647187437885112460e-01 4.653925012162674624e-01 4.605197377224675148e-01
4.410581611743829566e-01 4.505369398199159381e-01 4.507305483450426142e-01 4.223671324649468928e-01 4.513399598305258276e-01
4.306828750446425325e-01 4.448405519469125768e-01 4.330463977600961800e-01 4.721348098686418138e-01 4.624770240670117438e-01
3.992015346289598532e-01 4.211284889190198277e-01 4.188967323442644997e-01 4.306094419198491785e-01 4.499964219264347975e-01
3.958499853236696064e-01 4.007895596436032992e-01 4.042175584443066794e-01 4.388011896591169081e-01 4.116267985901848614e-01
3.425431251016198275e-01 3.625717528408218260e-01 3.563625933837332727e-01 3.830707965844719065e-01 3.539493967895510629e-01
3.588629289758244467e-01 3.495852671606237139e-01 3.034475076580340214e-01 3.307593307593307830e-01 3.376344086021505486e-01
3.018511259481077014e-01 3.060276463444577821e-01 2.919407858309524539e-01 3.054654732091216518e-01 3.053375385622942306e-01
2.862543661393055494e-01 2.923580100236251589e-01 2.820354770221217833e-01 2.986175115207373443e-01 2.871999953021040497e-01
