0.000000000000000000e+00 0.000000000000000000e+00 0.000000000000000000e+00 0.000000000000000000e+00 0.000000000000000000e+00
1.961318449145686704e-01 2.041459484754147291e-01 2.040805596944773870e-01 1.960020907001179258e-01 1.600119480048598775e-01
1.762031030294974321e-01 2.123968448452427937e-01 1.842615914651122011e-01 1.801403239196250616e-01 1.961088052009671290e-01
1.721175390403476280e-01 1.881525909089689363e-01 1.800749267575396939e-01 1.725326830625638352e-01 1.843562747710473793e-01
1.848716915001562822e-01 1.722445311521701161e-01 2.045176758560322272e-01 1.684263212932030074e-01 1.720458850214912072e-01
1.528699614891467218e-01 1.361875231366393157e-01 1.615110595456229481e-01 1.571558891661724855e-01 1.972687036399729532e-01
1.503617868040359740e-01 1.051583545533488345e-01 1.378292804052922982e-01 1.623567748640566411e-01 1.377041215460377277e-01
1.168507433817545793e-01 8.671765039550273502e-02 1.177629978104896835e-01 1.390409896967096659e-01 1.228325884494574777e-01
1.032259107159222422e-01 9.535554530370930759e-02 6.718499523500935655e-02 1.127993678054135529e-01 8.680156578577422066e-02
1.022409634415860635e-01 4.861422420840732367e-02 6.115072657530611078e-02 3.922595890844630950e-02 6.406591378829776251e-02
5.054173672143764257e-02 3.676280114051175968e-02 5.942912772015288003e-02 4.595350142563969786e-02 3.695475350695748284e-02
