0.000000000000000000e+00 0.000000000000000000e+00 0.000000000000000000e+00 0.000000000000000000e+00 0.000000000000000000e+00
8.911111111111110761e-01 8.977777777777777857e-01 9.022222222222222587e-01 8.955555555555555491e-01 9.000000000000000222e-01
8.933333333333333126e-01 9.022222222222222587e-01 8.911111111111110761e-01 8.933333333333333126e-01 8.866666666666667140e-01
8.911111111111110761e-01 8.866666666666667140e-01 8.911111111111110761e-01 9.044444444444444953e-01 8.866666666666667140e-01
8.800000000000000044e-01 9.088888888888888573e-01 8.866666666666667140e-01 8.933333333333333126e-01 8.822222222222222410e-01
9.000000000000000222e-01 8.955555555555555491e-01 8.822222222222222410e-01 8.933333333333333126e-01 8.733333333333332948e-01
8.866666666666667140e-01 8.622222222222222232e-01 8.755555555555555314e-01 8.711111111111110583e-01 9.022222222222222587e-01
8.644444444444444597e-01 8.733333333333332948e-01 8.688888888888889328e-01 8.422222222222222054e-01 8.622222222222222232e-01
8.133333333333333526e-01 8.088888888888888795e-01 8.222222222222221877e-01 8.333333333333333703e-01 8.577777777777777501e-01
7.755555555555555536e-01 8.022222222222221699e-01 8.000000000000000444e-01 7.155555555555555003e-01 7.911111111111110983e-01
6.244444444444444686e-01 6.155555555555555225e-01 6.444444444444444864e-01 6.155555555555555225e-01 5.933333333333333792e-01
