0.000000000000000000e+00 0.000000000000000000e+00 0.000000000000000000e+00 0.000000000000000000e+00 0.000000000000000000e+00
8.933333333333333126e-01 8.955555555555555491e-01 8.977777777777777857e-01 9.022222222222222587e-01 8.911111111111110761e-01
8.977777777777777857e-01 8.955555555555555491e-01 9.000000000000000222e-01 8.822222222222222410e-01 9.044444444444444953e-01
8.911111111111110761e-01 8.911111111111110761e-01 8.866666666666667140e-01 8.888888888888888395e-01 8.844444444444444775e-01
8.933333333333333126e-01 8.844444444444444775e-01 8.777777777777777679e-01 8.777777777777777679e-01 8.822222222222222410e-01
8.866666666666667140e-01 8.688888888888889328e-01 8.755555555555555314e-01 8.911111111111110761e-01 8.777777777777777679e-01
8.666666666666666963e-01 8.533333333333333881e-01 8.777777777777777679e-01 8.622222222222222232e-01 8.844444444444444775e-01
8.511111111111111516e-01 8.444444444444444420e-01 8.422222222222222054e-01 8.155555555555555891e-01 8.288888888888888973e-01
7.755555555555555536e-01 7.800000000000000266e-01 7.888888888888888618e-01 7.888888888888888618e-01 7.977777777777778079e-01
7.444444444444444642e-01 7.088888888888889017e-01 7.177777777777777368e-01 6.911111111111111205e-01 7.333333333333332815e-01
5.777777777777777235e-01 5.888888888888889062e-01 5.911111111111111427e-01 5.999999999999999778e-01 5.888888888888889062e-01
