0.000000000000000000e+00 0.000000000000000000e+00 0.000000000000000000e+00 0.000000000000000000e+00 0.000000000000000000e+00
8.913587223455301523e-01 8.974045281242165606e-01 9.020979462465523735e-01 8.954981186267654270e-01 9.001145231626688226e-01
8.930182252165153045e-01 9.021018493134619343e-01 8.913143941290468941e-01 8.932948679055463526e-01 8.863485407642321956e-01
8.907901233209184477e-01 8.857293177753552404e-01 8.905153614545879837e-01 9.043119371513963500e-01 8.863867140397175826e-01
8.793331325346839256e-01 9.084785246020439242e-01 8.856750196430194233e-01 8.930883338567721097e-01 8.813109899654614221e-01
8.994465226359109611e-01 8.944963563157937170e-01 8.817802952712006093e-01 8.924797365308027031e-01 8.719178777794219792e-01
8.857246385453050319e-01 8.611265493662756398e-01 8.751108487964780469e-01 8.694602145734515730e-01 9.014445933651108467e-01
8.621425438380276862e-01 8.716583046114616540e-01 8.669540972262920198e-01 8.370874001214068105e-01 8.591232984555695618e-01
8.037927902643348110e-01 8.013067604650142561e-01 8.151985515147360806e-01 8.278959495999345108e-01 8.533640476706587652e-01
7.624825453811902021e-01 7.896270022193924154e-01 7.881515122807973839e-01 6.872548671396152553e-01 7.733313969512007890e-01
5.373927316319074832e-01 5.228532919578088300e-01 5.565303475911010933e-01 5.241313988587602557e-01 4.724021514477810268e-01
