0.000000000000000000e+00 0.000000000000000000e+00 0.000000000000000000e+00 0.000000000000000000e+00 0.000000000000000000e+00
9.324757965283126948e-01 9.339012822232720668e-01 9.353259153371271672e-01 9.381726393551285126e-01 9.310494543362093367e-01
9.353259153371271672e-01 9.339012822232720668e-01 9.367496997597597463e-01 9.253354413467289596e-01 9.395947379614991712e-01
9.310494543362093367e-01 9.310494543362093367e-01 9.281941846642028926e-01 9.296222517045283906e-01 9.267652492192905989e-01
9.324757965283125838e-01 9.267652492192905989e-01 9.224731920893186610e-01 9.224731920893186610e-01 9.253354413467289596e-01
9.281941846642028926e-01 9.167380443590790184e-01 9.210407425205011656e-01 9.310494543362093367e-01 9.224731920893186610e-01
9.153020145163985877e-01 9.066666666666666208e-01 9.224731920893186610e-01 9.124272336959936558e-01 9.267652492192905989e-01
9.052242065905722335e-01 9.008911911388660654e-01 8.994449591653183029e-01 8.820143891774382405e-01 8.907473627227481261e-01
8.555923513010961212e-01 8.585452812752510932e-01 8.644380176853359021e-01 8.644380176853359021e-01 8.703135521249485418e-01
8.347950143893905217e-01 8.107388795809643556e-01 8.167830604886676671e-01 7.985874875733040001e-01 8.273115763993903471e-01
7.188811608720805379e-01 7.268866469614531090e-01 7.284822714061657267e-01 7.348469228349534532e-01 7.268866469614531090e-01
