0.000000000000000000e+00 0.000000000000000000e+00 0.000000000000000000e+00 0.000000000000000000e+00 0.000000000000000000e+00
7.900612913417200955e-01 8.029918467128681625e-01 8.010394341196204193e-01 7.855035305581948846e-01 7.963895790596726698e-01
8.003073778719672626e-01 7.973728715899619512e-01 8.027280904247261484e-01 8.025496560833254023e-01 7.939412697385079820e-01
7.880283737655082721e-01 7.880217499709678552e-01 7.786079600434914205e-01 8.027021475331718170e-01 7.957025532274613067e-01
7.724833010708009873e-01 7.779780738805271989e-01 7.821291474440299485e-01 7.947497252325274042e-01 7.865994724280360728e-01
7.440053193248745700e-01 7.826917277265783568e-01 7.568496734415779414e-01 7.638177778824343234e-01 7.740453846648781555e-01
7.575260222876677441e-01 7.271484692502599989e-01 7.776715230167340343e-01 7.750009991899651229e-01 7.945467932634276975e-01
7.599724025222293067e-01 7.261768883658239471e-01 7.303841140834861356e-01 7.348813948334332879e-01 7.651535232750481530e-01
7.316914303820429843e-01 7.624113801694095693e-01 7.648465924768232949e-01 7.492874630045492923e-01 7.598848095312924489e-01
6.928283027940940197e-01 7.010545579829562390e-01 7.553992212649697224e-01 7.425834109056920207e-01 7.072990406921821904e-01
7.398706537789542237e-01 6.804959558093420791e-01 7.473174320366716694e-01 7.222166404290355501e-01 7.060242827708501645e-01
