0.000000000000000000e+00 0.000000000000000000e+00 0.000000000000000000e+00 0.000000000000000000e+00 0.000000000000000000e+00
9.122807017543859143e-01 9.122807017543859143e-01 9.122807017543859143e-01 9.078947368421053099e-01 9.035087719298245945e-01
9.298245614035087758e-01 9.078947368421053099e-01 8.640350877192982670e-01 9.122807017543859143e-01 9.122807017543859143e-01
9.166666666666666297e-01 9.122807017543859143e-01 9.342105263157894912e-01 8.903508771929824483e-01 9.122807017543859143e-01
9.210526315789473450e-01 8.728070175438596978e-01 8.596491228070175517e-01 9.122807017543859143e-01 8.771929824561403022e-01
8.552631578947368363e-01 9.254385964912280604e-01 9.122807017543859143e-01 9.385964912280702066e-01 8.596491228070175517e-01
8.991228070175438791e-01 9.122807017543859143e-01 8.771929824561403022e-01 9.473684210526315264e-01 8.771929824561403022e-01
8.859649122807017330e-01 9.254385964912280604e-01 8.728070175438596978e-01 8.684210526315789824e-01 9.385964912280702066e-01
9.035087719298245945e-01 8.552631578947368363e-01 8.157894736842105088e-01 9.692982456140351033e-01 9.035087719298245945e-01
6.798245614035087758e-01 8.333333333333333703e-01 8.070175438596490780e-01 6.578947368421053099e-01 9.254385964912280604e-01
7.850877192982456121e-01 6.447368421052631637e-01 8.026315789473684736e-01 8.070175438596490780e-01 5.964912280701754055e-01
