0.000000000000000000e+00 0.000000000000000000e+00 0.000000000000000000e+00 0.000000000000000000e+00 0.000000000000000000e+00
9.166666666666666297e-01 9.035087719298245945e-01 9.122807017543859143e-01 9.035087719298245945e-01 9.210526315789473450e-01
8.903508771929824483e-01 8.859649122807017330e-01 9.166666666666666297e-01 8.991228070175438791e-01 9.166666666666666297e-01
9.254385964912280604e-01 8.640350877192982670e-01 9.078947368421053099e-01 7.763157894736841813e-01 9.035087719298245945e-01
8.070175438596490780e-01 9.166666666666666297e-01 8.114035087719297934e-01 8.245614035087719396e-01 8.596491228070175517e-01
8.508771929824561209e-01 8.421052631578946901e-01 8.289473684210526550e-01 8.552631578947368363e-01 7.982456140350877583e-01
8.245614035087719396e-01 8.201754385964912242e-01 8.377192982456140857e-01 5.263157894736841813e-01 7.982456140350877583e-01
5.263157894736841813e-01 7.763157894736841813e-01 5.263157894736841813e-01 7.719298245614034659e-01 5.570175438596490780e-01
5.263157894736841813e-01 5.263157894736841813e-01 6.973684210526315264e-01 5.263157894736841813e-01 5.263157894736841813e-01
5.263157894736841813e-01 5.263157894736841813e-01 5.263157894736841813e-01 7.982456140350877583e-01 5.263157894736841813e-01
7.017543859649122417e-01 7.105263157894736725e-01 7.280701754385965341e-01 5.263157894736841813e-01 5.263157894736841813e-01
