0.000000000000000000e+00 0.000000000000000000e+00 0.000000000000000000e+00 0.000000000000000000e+00 0.000000000000000000e+00
9.157407407407407440e-01 9.018518518518519045e-01 9.111111111111110938e-01 9.023148148148147918e-01 9.203703703703703942e-01
8.874999999999999556e-01 8.842592592592593004e-01 9.157407407407407440e-01 8.976851851851852526e-01 9.148148148148147474e-01
9.240740740740740478e-01 8.574074074074073959e-01 9.046296296296296724e-01 7.638888888888888395e-01 8.990740740740740256e-01
7.967592592592592782e-01 9.166666666666666297e-01 8.208333333333333037e-01 8.157407407407406552e-01 8.532407407407407440e-01
8.435185185185185563e-01 8.342592592592592560e-01 8.203703703703704164e-01 8.481481481481480955e-01 7.879629629629629761e-01
8.152777777777777679e-01 8.111111111111111160e-01 8.296296296296296058e-01 5.000000000000000000e-01 7.870370370370369795e-01
5.000000000000000000e-01 7.638888888888888395e-01 5.000000000000000000e-01 7.592592592592593004e-01 5.324074074074074403e-01
5.000000000000000000e-01 5.000000000000000000e-01 6.805555555555555802e-01 5.000000000000000000e-01 5.000000000000000000e-01
5.000000000000000000e-01 5.000000000000000000e-01 5.000000000000000000e-01 7.870370370370369795e-01 5.000000000000000000e-01
6.851851851851851194e-01 6.944444444444444198e-01 7.129629629629630205e-01 5.000000000000000000e-01 5.000000000000000000e-01
