0.000000000000000000e+00 0.000000000000000000e+00 0.000000000000000000e+00 0.000000000000000000e+00 0.000000000000000000e+00 0.000000000000000000e+00 0.000000000000000000e+00 0.000000000000000000e+00 0.000000000000000000e+00 0.000000000000000000e+00
8.069337697004056453e-01 7.716968717460600535e-01 7.669830377508869423e-01 8.019241965034845654e-01 7.554446203900027079e-01 8.009100871560418389e-01 8.064341426177352723e-01 7.950793588075169005e-01 7.661161161161160749e-01 8.071782501399376031e-01
7.771741634878779337e-01 7.901584930711145205e-01 7.953517071164130092e-01 8.291873963515755674e-01 7.333983130749434087e-01 7.487615820949155010e-01 7.724690768169027999e-01 7.670090258325551469e-01 7.955846837851906495e-01 8.123410135915815067e-01
7.898122583014668407e-01 7.668817617310031975e-01 7.775360798183340583e-01 7.395524007105181985e-01 7.726313601518369767e-01 7.834856501523167482e-01 8.297801618412306013e-01 7.902507053296572437e-01 7.703415900137211558e-01 7.724871517533135057e-01
8.061127661922101728e-01 7.763796684115374935e-01 8.015285599356395396e-01 8.122407884766311703e-01 7.376904577749038294e-01 8.238313049633805285e-01 8.186699964257063700e-01 7.830703292421586914e-01 7.719015820777448411e-01 7.566756332233181004e-01
7.879489913072000862e-01 7.471175710594315511e-01 7.619507129650736621e-01 7.257305194805194759e-01 7.911709659774360803e-01 8.301920126695061519e-01 7.402825625500225604e-01 8.060631962476821899e-01 8.356945397660392461e-01 7.161419832222056803e-01
7.719613442517540003e-01 7.278722077640424892e-01 8.291873963515753454e-01 7.885566036369646703e-01 8.114119041108377450e-01 8.065784001021475413e-01 8.078753558529303547e-01 7.672523554876495844e-01 7.768985255271522172e-01 7.889262478814718094e-01
8.353978978978978676e-01 7.331419907318427187e-01 7.456164441618987615e-01 7.662479680803900850e-01 7.763718492948328276e-01 7.349118470036387629e-01 7.768115942028984700e-01 8.240876437597749460e-01 7.095663598412075279e-01 6.925770308123250230e-01
8.010624525690817066e-01 7.964045525639473766e-01 7.613078724797333052e-01 7.496303106922574955e-01 7.658339019890312294e-01 7.898508033400121198e-01 7.891160407906818719e-01 7.345959412347737860e-01 7.591330517507738351e-01 7.590917241884440614e-01
7.605254191071958436e-01 7.716952926409273994e-01 7.829354553492483548e-01 7.556598494098493157e-01 7.940130700583233336e-01 7.337280960631620275e-01 7.952709451141616315e-01 7.676995139046849381e-01 7.895511628533699033e-01 6.731902356902357276e-01
7.597545777010831225e-01 7.893333333333334423e-01 7.303156723682380225e-01 7.013014656692817539e-01 7.874630835729233835e-01 7.424836601307189810e-01 8.190781440781441658e-01 7.418947368421052735e-01 7.662094689602328978e-01 7.362424242424242538e-01
8.007272727272728430e-01 7.273723603314622421e-01 7.941535285285284962e-01 7.714975845410627642e-01 7.826806935515292496e-01 6.968595808904626265e-01 8.237547164712518688e-01 7.488256159524494526e-01 7.510212418300654669e-01 7.098263695485829139e-01
7.479861269334953100e-01 7.845333387786217472e-01 7.573409620682348686e-01 8.174276160141572545e-01 7.156828470261306085e-01 6.980254590874060971e-01 7.597154853590177837e-01 7.501436077560428295e-01 7.825818833702413713e-01 7.901113933945671519e-01
7.545271224037103375e-01 7.602613597850167437e-01 7.760146103896105041e-01 7.191811167978000574e-01 7.526913468089938553e-01 7.258641061306292386e-01 7.226715946927774192e-01 7.960767220694533464e-01 7.362590697280566587e-01 7.367575918749841302e-01
7.316599386506981162e-01 6.796402771634970641e-01 7.534797401794000038e-01 7.303434401688324584e-01 7.957433454881949197e-01 7.656910271846822935e-01 7.319150289789608799e-01 7.781868998493649547e-01 7.304453227931487769e-01 7.656170698608052438e-01
7.051179744840155861e-01 7.713668659742024536e-01 7.264867167932562708e-01 7.643557422969188275e-01 7.296710224449044491e-01 7.164136291925338185e-01 7.345003730700797595e-01 7.707206727766785503e-01 7.370392833225932749e-01 7.762693219535323763e-01
7.887217487644552216e-01 8.221145042416609927e-01 7.560469236196770693e-01 7.943314667452598954e-01 7.476363636363636545e-01 7.452053366687513281e-01 7.829276559926713341e-01 7.768212518396748756e-01 7.822040734018954611e-01 7.472058736854512162e-01
8.050829840596541720e-01 7.566115489817540896e-01 7.088023088023088780e-01 7.891939927130543486e-01 7.440393895033615701e-01 7.137537982594549524e-01 8.068080634157297482e-01 6.901836901836900795e-01 7.372497679702156859e-01 7.022109607201659776e-01
7.491552465594520926e-01 6.782642273002806865e-01 7.431262815121083554e-01 7.641414141414141215e-01 7.778875975597286940e-01 8.065808950067886451e-01 7.498462778836610942e-01 7.878259305424659686e-01 6.877857862512594123e-01 7.601081578354306201e-01
7.601348002775299983e-01 7.890273350719597678e-01 7.208340656177806283e-01 7.829483969958813683e-01 8.349138689722596096e-01 7.096023110900366859e-01 7.435762665648230074e-01 7.774107875802792611e-01 7.566397354290087529e-01 8.006295828065739251e-01
7.131328225115559638e-01 7.789718383969620463e-01 8.046781529744074790e-01 7.941749464250925650e-01 7.825007664235109628e-01 7.559359230335044311e-01 7.777584457010293661e-01 7.882435974994957961e-01 6.899163454092095416e-01 7.887214264923243512e-01
6.703737576977012447e-01 7.146698130713149411e-01 7.825700651050689904e-01 7.243203408906148111e-01 7.253549936767414996e-01 6.596183159563441256e-01 6.636283015230383109e-01 6.463215838215837783e-01 7.854004567924012248e-01 6.864078674948239644e-01
7.291646624979959412e-01 7.266712012474725313e-01 7.242979762664801813e-01 6.631833881550139864e-01 7.482796308204250346e-01 7.443669241068936460e-01 6.999428712662139063e-01 7.999533146591971677e-01 7.262537550954411003e-01 7.095571095571097109e-01
7.780915955673237683e-01 7.266703734593642494e-01 6.783132451667935880e-01 7.885252289109682122e-01 7.879994032271960824e-01 7.217087391505995209e-01 7.311249620655041470e-01 7.246454344708266326e-01 7.583448902441132233e-01 7.543403964456595334e-01
7.065805255139210317e-01 7.705659530360615683e-01 6.191188979523049030e-01 7.048588838316334204e-01 7.457516339869281197e-01 6.983827089090247631e-01 7.283619058986761097e-01 6.348576467624087449e-01 7.614649165451305990e-01 7.358503541709650042e-01
7.528518455347722460e-01 7.717127818822735463e-01 7.043158639975031221e-01 7.405184564027601501e-01 6.866758020831321696e-01 7.480586712683346962e-01 7.465789647789184968e-01 7.998987167283401201e-01 7.573341769482232477e-01 7.106063241852872414e-01
6.254269449715370577e-01 7.431778013432309704e-01 6.353439738982037399e-01 7.374701309127539295e-01 6.456796434351114167e-01 7.831805751682484606e-01 6.785667246193561875e-01 7.541398792129360151e-01 7.676272370867830430e-01 7.033876018100720939e-01
6.675218373953942796e-01 6.763505951995160137e-01 7.128796728971962260e-01 6.965166009278989101e-01 7.696729530203035852e-01 6.596183159563441256e-01 6.814728481395148085e-01 7.068321676425938227e-01 7.531061448747765619e-01 6.652260768517672673e-01
6.619398491099909299e-01 6.621667889459526002e-01 6.928351807353435587e-01 6.349755415793151281e-01 6.768074296185241367e-01 6.853134584477867941e-01 7.383101100105545767e-01 7.598762747088105840e-01 7.878341377048795335e-01 7.196923076923077423e-01
7.066025004455988023e-01 7.827506414859798367e-01 7.007026387138656220e-01 6.829761757297988511e-01 7.816844451895051948e-01 6.745798593200570403e-01 7.085828188402141237e-01 6.707791937364651069e-01 7.291990338078614409e-01 7.763451708366962967e-01
6.636461704422869090e-01 7.414177899528594518e-01 6.886809269162211811e-01 6.969233088636074269e-01 6.622285503734030021e-01 7.883163589869558452e-01 6.857300346661499013e-01 7.529696969696968445e-01 6.929131994736493771e-01 6.927313381492948841e-01
6.506737062090964807e-01 7.525842825882665954e-01 7.339250693176438967e-01 6.573220279102631736e-01 6.643864013266999047e-01 7.352323109369782728e-01 7.191061766565947089e-01 7.201187568615572410e-01 7.485186796191580783e-01 7.197530864197531075e-01
7.148734350226887413e-01 6.436821335875840822e-01 6.370117228225202766e-01 7.711640211640210518e-01 6.780652073424141557e-01 7.652088897407508528e-01 6.891068634026380479e-01 6.946266481150202843e-01 6.586425349627553771e-01 5.953958391369823522e-01
7.058413752125719531e-01 7.938909506137598049e-01 6.938986845066600351e-01 6.545136247682168396e-01 6.594245952094205387e-01 6.688996242619431598e-01 6.846862067159097398e-01 7.714814245038673635e-01 5.940650589737811460e-01 6.260446488634409112e-01
7.300421747883993895e-01 7.568733854711616749e-01 6.236006361910625406e-01 6.594757153973873631e-01 7.550122163125259078e-01 6.758346200034311968e-01 7.287430871828236567e-01 6.697093889716839721e-01 6.424349881796689310e-01 6.622848557661119573e-01
7.273300773300773736e-01 7.344906301428041351e-01 6.998065632163340544e-01 6.792868170725633314e-01 7.084735963240637036e-01 7.177876274127087397e-01 6.335930097905043690e-01 6.674600369192097427e-01 6.560511560511560480e-01 6.909520739307973836e-01
6.901395415619001605e-01 6.238589470496368472e-01 7.353446895982344023e-01 6.134257392021368327e-01 6.409609997845291396e-01 7.176001000523578588e-01 7.654735286275449191e-01 7.100887761438219314e-01 7.284709503459504409e-01 6.373515600889306798e-01
7.887850467289719836e-01 7.880202845664260325e-01 7.774804242244027774e-01 7.722174288179465274e-01 7.848436246992781529e-01 7.785187594881805007e-01 7.784043441938178765e-01 7.160802982051871490e-01 7.830249284930200782e-01 7.947929742416813825e-01
7.737933398069344326e-01 7.523751231830501096e-01 7.541979949874685341e-01 7.629088047320754518e-01 7.765246449456976174e-01 7.896921677155205321e-01 7.838498393707765688e-01 7.897077496062557822e-01 7.722115131867169913e-01 7.997755331088663988e-01
7.537827252112966336e-01 7.952726248663180009e-01 7.552073081484845796e-01 6.877032857616992567e-01 7.771319331421633336e-01 7.656041727035641786e-01 7.940775375024351490e-01 8.237905499141650045e-01 7.277073627159637015e-01 7.482517482517483387e-01
7.701949172189945791e-01 7.579391197038255479e-01 7.957544610189533074e-01 7.355821462488129070e-01 7.649051490514904295e-01 7.430270047558803492e-01 7.950421379505351327e-01 7.382939408706953310e-01 7.362326225962591009e-01 7.724867724867724439e-01
7.153123272526258347e-01 7.215150645624103243e-01 7.434140907825118605e-01 7.717911988047380101e-01 7.616950046570994948e-01 8.063883210942034419e-01 7.771893913548891808e-01 7.890239941784423783e-01 7.721699287813138524e-01 7.954887218045113562e-01
7.720394322164233492e-01 7.835446220729817002e-01 6.868533810627939218e-01 7.894785990226930172e-01 7.454575655263123712e-01 7.210648148148148806e-01 6.708683473389355223e-01 8.248581294617099990e-01 7.672611832611831995e-01 7.511070141979233616e-01
6.963753572948975235e-01 8.238349036348481258e-01 7.657004830917873983e-01 8.181869106132780844e-01 7.717367896847829867e-01 8.129158699316053616e-01 7.620939096957520809e-01 7.612714063617609384e-01 7.603113967714986154e-01 7.910805055435460309e-01
7.302689236665601547e-01 7.887267904509283056e-01 7.316375505168947191e-01 8.181393060473044487e-01 7.557280043281261461e-01 7.205600020588310839e-01 7.896251089799477541e-01 7.486371295470313214e-01 7.356014475292361743e-01 7.604475019109164791e-01
7.755564782752421005e-01 7.434439428737361633e-01 7.743984751047013892e-01 7.599094188268863403e-01 6.804310613134143537e-01 7.831301417385271302e-01 7.454669647292598844e-01 7.418918976103726637e-01 7.425822023403342298e-01 7.415149875324950068e-01
6.796449693834000216e-01 7.658212834683423287e-01 7.672129643960629020e-01 7.778274335538387652e-01 7.956044733168295968e-01 8.064933606272188804e-01 7.946003742314888818e-01 7.489824989824990231e-01 7.852826510721246933e-01 7.550232131113382428e-01
7.242039356223122226e-01 7.430667806872190972e-01 7.659561878436692561e-01 7.556241910439162046e-01 8.119678273611885544e-01 7.031625863962277512e-01 7.870699201894070240e-01 7.339955146471957015e-01 6.997263273125341465e-01 7.887219077028649883e-01
7.049630730142325552e-01 7.950611447906087426e-01 7.594850948509485056e-01 7.235751743214429155e-01 7.450525152017689612e-01 7.634458437011288900e-01 6.761291071635898708e-01 6.881011750939665106e-01 7.879429457173360296e-01 6.927451996562514758e-01
7.049486461251167624e-01 8.008940950117420243e-01 7.719613442517540003e-01 7.819287132400424278e-01 6.827301711236906101e-01 7.036123559109902503e-01 7.286510590858417125e-01 7.365395938989877100e-01 7.536579649185042307e-01 7.461783730319505592e-01
7.546349206349205474e-01 7.337473666578621101e-01 6.557534004592828758e-01 8.007491351241351474e-01 7.180514975376578457e-01 7.275733863921890476e-01 7.213674338427930044e-01 7.236249967707767405e-01 7.700235604704017689e-01 8.012786902099877651e-01
6.707237512742100227e-01 7.440073951294147170e-01 7.288776273868325939e-01 7.647736231807028551e-01 6.408184364466903427e-01 7.047797563261480880e-01 7.719501099401017141e-01 7.872117881761084845e-01 7.572853072853072964e-01 7.456108183917807830e-01
7.894494957495116205e-01 7.247900030891233358e-01 6.764030539483556481e-01 7.053639618858472682e-01 7.254226236414531570e-01 7.372514619883041576e-01 6.594432776610994473e-01 7.005586972190718242e-01 7.428055322083162437e-01 6.992993562000732188e-01
7.269807224776014820e-01 6.826082709851341024e-01 7.586436170212765839e-01 8.065011579364546046e-01 7.214304869172124546e-01 6.821078431372549211e-01 6.743854084060268983e-01 7.138404982312379632e-01 7.309523809523810201e-01 7.871053506148223411e-01
6.628211422025854782e-01 7.347660825399729978e-01 6.169481243588027519e-01 7.414507045842571031e-01 7.521332158500300125e-01 6.836928725417935615e-01 6.611628368987868543e-01 6.960320725026608590e-01 7.482684013064240247e-01 7.544624701477883333e-01
7.458156641367077455e-01 7.253049021556320364e-01 7.211588717671443272e-01 7.149097542242704995e-01 7.606410985446809825e-01 7.601883989252410379e-01 7.465329524755754953e-01 6.856667444851846094e-01 7.419357008340060622e-01 7.248646993187314314e-01
6.988897988897989633e-01 6.310033348041211854e-01 7.827090248142880569e-01 7.544859811501587465e-01 6.455149061005390765e-01 7.148078529657477809e-01 6.543705721577407486e-01 7.366296831273903001e-01 7.813233773844564523e-01 7.205541655082937647e-01
6.851947361840459161e-01 6.983154494057921546e-01 6.629649693029975310e-01 7.952107804127539481e-01 7.804837034726475054e-01 6.937948545905445741e-01 6.928322301453496701e-01 7.724117440509953303e-01 6.473370966989463460e-01 6.975074595166720348e-01
8.022408963585435648e-01 7.160145705768679036e-01 7.464364035087719396e-01 7.290761860821001195e-01 6.797573208304013015e-01 7.397868394608031473e-01 7.310819956837656397e-01 6.603844181327623852e-01 6.566074378712785098e-01 7.418339627641953316e-01
7.212383855606362415e-01 7.120271982377172071e-01 6.886160871092377178e-01 7.313616969730735162e-01 7.348873802629550811e-01 6.974117077890662486e-01 7.655227013372508660e-01 6.534453392250930692e-01 7.400838744588744689e-01 6.986727835920428786e-01
7.730266731855715001e-01 6.998030450629254551e-01 6.905657292347940901e-01 7.170358762494953853e-01 6.743879606029139495e-01 7.226968493458816312e-01 6.577679468780309735e-01 6.878899088206466006e-01 6.626360737619014785e-01 6.179594592971503486e-01
7.003519337183686799e-01 5.892514150373505677e-01 7.169565134209570090e-01 6.132119346018457540e-01 7.059109902866468333e-01 6.863562091503268014e-01 7.718071160694112143e-01 7.834140435835350580e-01 6.822761218345562151e-01 6.342159916926272123e-01
6.468812507946398727e-01 7.633050976800976883e-01 6.348496894291403292e-01 5.958037825059101511e-01 7.634924692094325893e-01 7.328585522259217777e-01 7.157337455115162506e-01 7.145786024290697869e-01 6.495622895622895632e-01 6.671860019175456236e-01
6.149163532294250611e-01 7.493974624409407426e-01 6.671860019175456236e-01 6.702947845804988480e-01 5.961437534292325369e-01 7.247830166549378283e-01 6.759634773847170708e-01 6.748184029908559367e-01 6.570238547341389346e-01 5.709786971287434953e-01
5.444239914097254163e-01 5.825814483752290718e-01 6.826370527970500035e-01 7.925909480080181035e-01 5.940836062564608389e-01 6.737891737891738009e-01 6.457454289732770247e-01 5.809343667994991689e-01 6.628634566943115702e-01 6.077687705076240121e-01
6.497744360902255600e-01 6.322331591036677301e-01 7.764643910661609416e-01 5.061361389601196636e-01 5.854872251931074745e-01 6.476757369614513093e-01 6.575026041045458625e-01 6.569751007198995074e-01 5.597417473706133295e-01 6.221638812405284602e-01
6.291728267546969899e-01 6.819476139864489861e-01 6.352386039886041003e-01 7.513578608469120290e-01 6.504557963536292675e-01 6.221870604781997161e-01 6.795656710767067343e-01 6.204648526077097825e-01 6.502201765120333432e-01 7.438091041442563833e-01
