0.000000000000000000e+00 0.000000000000000000e+00 0.000000000000000000e+00 0.000000000000000000e+00 0.000000000000000000e+00 0.000000000000000000e+00 0.000000000000000000e+00 0.000000000000000000e+00 0.000000000000000000e+00 0.000000000000000000e+00
6.841966458405143170e-01 6.575668492551896005e-01 6.639893957844664740e-01 7.503088021026395049e-01 7.331503447392023753e-01 6.646473599354288941e-01 6.742872908059966974e-01 7.410041507832598739e-01 6.489418905818529204e-01 7.004819064366255565e-01
6.433130354092229108e-01 7.179415599685464722e-01 7.501863794847963840e-01 7.075555693594137718e-01 7.087591267213833035e-01 6.922087566865970931e-01 6.771390276638011851e-01 7.527240130999290901e-01 6.768829417221065015e-01 6.993897221762074290e-01
6.908230272610623723e-01 7.023442514566651251e-01 7.153240002978265011e-01 6.114874500935869595e-01 7.110182420368802436e-01 6.479066565922123599e-01 6.855040854485525692e-01 6.923990542557197925e-01 6.345661308078700547e-01 6.727590588660291582e-01
7.103908421227160819e-01 6.781662365088503286e-01 7.080180761685116453e-01 6.816299785432867742e-01 5.956417053935234573e-01 7.276094567171031979e-01 7.424803567554620898e-01 6.745012685555002996e-01 6.824353706854402457e-01 5.915033583958186902e-01
6.210319052953475749e-01 6.321228734831333407e-01 6.428687092340999998e-01 6.482603076648539853e-01 6.669475767600432370e-01 7.251719328027791400e-01 6.587876992376586749e-01 6.554191496754290247e-01 7.247399338179796313e-01 6.061450897613770428e-01
7.004309800149134402e-01 6.151569278362293280e-01 6.989770216747853704e-01 6.924413724722792152e-01 7.327275501425446480e-01 6.667205368230548768e-01 6.418309605226401038e-01 7.103212334956201524e-01 6.486403786123441373e-01 7.339031381454245162e-01
7.430494452782838710e-01 6.084796043973139668e-01 6.610061694315868541e-01 6.926077935664692875e-01 6.655048603118580708e-01 5.741830483361834991e-01 6.931773073017483133e-01 6.768267514246230077e-01 5.320786746709226245e-01 5.888831586127353246e-01
6.726164760623105643e-01 6.758587605994234027e-01 5.720773713669030647e-01 6.551863449061969824e-01 6.306116439091151715e-01 6.038970419100767595e-01 7.104498229565320289e-01 5.253473056778222849e-01 6.315312936561198187e-01 6.772096199672822392e-01
6.907840654892192234e-01 6.777936355965156201e-01 6.664546845372613104e-01 5.929144717670555842e-01 7.256748724789006122e-01 6.161038785190005029e-01 7.333669647305564032e-01 6.369926991388619175e-01 6.648315999987505220e-01 6.168512255873344063e-01
6.944790820429506129e-01 6.996997277320541331e-01 6.437281889012614888e-01 6.155520717269898912e-01 6.253779304929887317e-01 6.307390944637640828e-01 7.597175632336002904e-01 6.265379735704048603e-01 6.352316102160455724e-01 6.708345226784004911e-01
5.941422200126801334e-01 5.417653950480048053e-01 7.237278749523151644e-01 6.748546869880763799e-01 6.435235989072135565e-01 5.480045012677235983e-01 7.263199589118050081e-01 6.349461484868911265e-01 6.712537864590084613e-01 5.917428353924404361e-01
6.555200118326257597e-01 6.579228593879183906e-01 6.285407185882766479e-01 6.327788293556182442e-01 5.664833566070216486e-01 6.903012381185392732e-01 6.660773294011852474e-01 5.996463175262861656e-01 6.838428039790779289e-01 6.918013753330064519e-01
6.855065465463611174e-01 6.182975739942561111e-01 7.101552851250177989e-01 5.914538514111918888e-01 6.526188835073271077e-01 4.868201616485323679e-01 5.414767314281343502e-01 6.308906218469785276e-01 5.824572994432765105e-01 6.906823324827783273e-01
6.395995758245021090e-01 5.754115938294211974e-01 6.409661167638052159e-01 6.506871240304209492e-01 6.650435716620031190e-01 6.739449224847402498e-01 5.450285650362536316e-01 6.636143561827422266e-01 6.506871240304209492e-01 6.213253096790306573e-01
6.055444415367818856e-01 5.428388921492108832e-01 5.757002795219925417e-01 6.561786936827204153e-01 6.969884006973006141e-01 5.422527787987970749e-01 6.126162873621685545e-01 6.571105557828671451e-01 6.366311206468299178e-01 6.970206454749392488e-01
6.928849717708102096e-01 7.291122799772910001e-01 6.220004759054409416e-01 6.595501607190381588e-01 6.503633829665328436e-01 6.011645420194605682e-01 7.091915225677807300e-01 6.660773294011852474e-01 7.101544544234767997e-01 6.677116936165051753e-01
6.552258673600906969e-01 6.387667756929195084e-01 5.943359049649485915e-01 6.701676049715999950e-01 6.331902055375234761e-01 5.533188426132239490e-01 6.298843726276860400e-01 6.373953436043984233e-01 6.222218509728816294e-01 5.603380904056279865e-01
6.326231680338969543e-01 6.252725372894764044e-01 6.453958572932824156e-01 6.711699902808446749e-01 6.827369903043971622e-01 6.886837467552976433e-01 6.295408305390671755e-01 6.630565262470594634e-01 6.535783284152915096e-01 6.770094298993615256e-01
6.763858489414912301e-01 5.847081231378403743e-01 5.129354217955980344e-01 7.011271690542499879e-01 6.973355526190576636e-01 6.104258277735075122e-01 6.735315308429092873e-01 6.707491801601429549e-01 6.144278581910644910e-01 7.255995526528964401e-01
6.402124618182545301e-01 6.302911029243430940e-01 6.672789149839395417e-01 6.783335156205700933e-01 7.141022483396645137e-01 6.931722275283289658e-01 7.176027517940939404e-01 6.638811003603938277e-01 6.686098342182863474e-01 6.831886925620213047e-01
5.471158721164918193e-01 6.142077738206619397e-01 6.807870982997915599e-01 6.161315155646028829e-01 6.422645331362700771e-01 5.717670786374445813e-01 5.848675612125704415e-01 5.463616711154314354e-01 6.658290564692389557e-01 5.692329091253948148e-01
6.544375916199329790e-01 6.088216808759465692e-01 5.872472661159363616e-01 5.505333640774972004e-01 6.816618910926929287e-01 6.024713865325291851e-01 5.971710422927682949e-01 6.891419812480524820e-01 6.003854919969562332e-01 6.282984450042126134e-01
6.518527953457240454e-01 6.108623162576637400e-01 5.978145076983077955e-01 6.907065522203609254e-01 6.533998520227806139e-01 6.433193388929785428e-01 6.516612557061728372e-01 6.678445847898015764e-01 6.096282916607914659e-01 6.880339845377051455e-01
5.165160385416194266e-01 6.769922616389264514e-01 6.449723524724163548e-01 6.290583395638300601e-01 6.148220441241120104e-01 5.842643492411682127e-01 6.488606509889024432e-01 5.503963332516180751e-01 7.113522828484818428e-01 6.314491923162699472e-01
6.820504617993811136e-01 6.822532618817059857e-01 5.652500962934227102e-01 6.221904986292431383e-01 6.246231659340174547e-01 6.735945976689785564e-01 6.273641673985662637e-01 6.869725058857327760e-01 6.721370044783683273e-01 5.566795574665398538e-01
5.230829884060755885e-01 6.845354092101151311e-01 5.491534588215170043e-01 6.597450728527476382e-01 5.573981483068705112e-01 7.236453587217737127e-01 5.594414794907330846e-01 6.423541560263563710e-01 6.526419880411790109e-01 6.002352488160306310e-01
5.727657991865794385e-01 5.466883489641333194e-01 6.476186050307962683e-01 5.563409116681001798e-01 7.080187330623207709e-01 5.598906696864682786e-01 5.948010358870120529e-01 6.596283973875982642e-01 6.376943689157984485e-01 6.018037832212435045e-01
5.482610146612695301e-01 5.617403818898307755e-01 6.104258277735075122e-01 5.261743229658435439e-01 5.898866097881266812e-01 5.655925838283806240e-01 5.372976110788335591e-01 6.707491801601429549e-01 7.126082579418043794e-01 6.453307643500533208e-01
5.937372834350431727e-01 6.707491801601429549e-01 6.447583031938820541e-01 5.665611160398390522e-01 6.903642679099921686e-01 5.646397063458249432e-01 5.920332073483925983e-01 6.114823152536805750e-01 6.152031841539659096e-01 6.778873844227571999e-01
5.489317615568392039e-01 6.907065522203609254e-01 5.702066665119388533e-01 5.826502794096604099e-01 5.882995996770437053e-01 6.748546869880763799e-01 5.594414794907330846e-01 5.760062308304012557e-01 5.485513694587007549e-01 6.223806701906040573e-01
5.498532073697708356e-01 6.386776722471161349e-01 7.080204255748560049e-01 5.710580985128843601e-01 5.225673709920652943e-01 5.671155795704819758e-01 6.566079031687456213e-01 6.451644529638912440e-01 6.608275678853118285e-01 5.494855434856706911e-01
6.742512089140165754e-01 5.388299062357800873e-01 5.606309333097718728e-01 6.446988083541836945e-01 5.592507073372251503e-01 6.869725058857327760e-01 5.577312536365717222e-01 5.875423572736138134e-01 5.087100023670800830e-01 3.748128946846723264e-01
5.648182054508128491e-01 6.907749898278828793e-01 5.820705884804273644e-01 5.765053496091341323e-01 5.998914991477947156e-01 6.033962791754390320e-01 6.084212582331468555e-01 6.868030963726919902e-01 4.863465563802080172e-01 5.515073883123465803e-01
6.865706147165635542e-01 6.645311727364662246e-01 5.194912330704345438e-01 5.800007362127039823e-01 6.580810734429121123e-01 5.547246406922092810e-01 6.047482339500092063e-01 6.340830802157511048e-01 5.466394184870062567e-01 5.529988397409765222e-01
5.904833612370615770e-01 6.450747340490855519e-01 5.996041528063690285e-01 6.019760580186971355e-01 6.048441261212610387e-01 6.305946377161865124e-01 5.643105843018961787e-01 5.802335687514252882e-01 5.528576984904159941e-01 5.731591185496244245e-01
5.891974457240169993e-01 5.550039092980225686e-01 6.763858489414912301e-01 5.450547007221329121e-01 5.940134246061541390e-01 6.227543892326379282e-01 6.756213943547944023e-01 6.297175302718948098e-01 6.649359334562511270e-01 5.777377529438325610e-01
7.232909702103377247e-01 7.059873584828176840e-01 6.893349042654375314e-01 6.843805567229721554e-01 6.387712113283765536e-01 7.171647329074904986e-01 6.014800077642915577e-01 6.242030974746525240e-01 6.565388351155192481e-01 6.670135961537931868e-01
6.488515690800189528e-01 5.918942473102857260e-01 6.155637126172526230e-01 5.698348930786939492e-01 6.505190258821201832e-01 6.845629202311352968e-01 6.657700597001020570e-01 6.920666839485364319e-01 6.745182851571385196e-01 6.725502964511835824e-01
6.864649290833312323e-01 5.309129920517486889e-01 6.111645927627382680e-01 5.583861747052705216e-01 6.121206784766963782e-01 7.052491449961724168e-01 6.606197179412188758e-01 7.420933342560640522e-01 6.189206604676701362e-01 6.543697202306768546e-01
6.836020899764762015e-01 6.369913850201118777e-01 6.744595345732399272e-01 6.220175755950578811e-01 6.481573093648527184e-01 5.924276714690597245e-01 6.656162166368599920e-01 5.856482247733200142e-01 6.378739280505478781e-01 6.619187364765969361e-01
6.133718469509570337e-01 6.298478703723637828e-01 6.474588765823729997e-01 5.913657320166394449e-01 5.901948255475950589e-01 7.254349070340212480e-01 6.550783257464670717e-01 6.576484778359975580e-01 6.987146166817705950e-01 7.039078928666594459e-01
6.727927934224176010e-01 7.189301272396663167e-01 6.437281889012614888e-01 7.095729342660521688e-01 6.308665274839305726e-01 5.473983475365405971e-01 4.800633266133841892e-01 6.543641439111989033e-01 6.354038339738360408e-01 5.795512414704127035e-01
6.273242173303301694e-01 6.985020323616063509e-01 6.842459288950298868e-01 6.505480321767811436e-01 6.638793142851865392e-01 7.352933108266435092e-01 5.267341524351926152e-01 6.291791366425104615e-01 6.015587912658064695e-01 6.204472584885580844e-01
5.741830483361834991e-01 6.514166476734091216e-01 6.195867211598080626e-01 7.005284288449143970e-01 6.580810734429121123e-01 5.794681234663869862e-01 6.525318268133142308e-01 6.475977783427319112e-01 6.571985783652379842e-01 6.563113453179456602e-01
6.208982609597427649e-01 6.271776905929733470e-01 6.866913922186181907e-01 6.110907739738543620e-01 6.332376995334140224e-01 6.869725058857327760e-01 6.691049172113072707e-01 6.401131569079645534e-01 5.652842756927546342e-01 6.414125867218526400e-01
5.684645867392729146e-01 6.888443226777900552e-01 6.411406515890082369e-01 6.236098928376989647e-01 6.782455373032435508e-01 7.258850531764973191e-01 6.403187315971740068e-01 5.584746613272107973e-01 6.429989175812026447e-01 6.056397586898482066e-01
5.526792694855356958e-01 6.210451002886114846e-01 6.833950333519714926e-01 6.433650409774236412e-01 7.032904633617166335e-01 5.902462356738902294e-01 7.081010077913877376e-01 6.392385610588897649e-01 4.885725285813524166e-01 6.896399678302025382e-01
5.957093326593255744e-01 7.516655102745534167e-01 6.378027722048850157e-01 6.347692038747300147e-01 6.473114702975221180e-01 6.839662447375706167e-01 6.072081928553668684e-01 6.626466158285780894e-01 6.862243001304005885e-01 5.833749395317635589e-01
5.958412127493537547e-01 6.775742063089772449e-01 7.032179898361843318e-01 7.210910481360706115e-01 5.014318437602783840e-01 5.823862821987315641e-01 6.551115238736227031e-01 6.003854919969562332e-01 5.890837725012925130e-01 5.314175428057209549e-01
6.499828575482258231e-01 5.634245173557416164e-01 5.134297518556635298e-01 7.074756371635932961e-01 6.096337811193049960e-01 5.930347679501377645e-01 6.114585507102275885e-01 6.573453424705524295e-01 6.735477054035824418e-01 7.212042989741455079e-01
6.043913228505323199e-01 6.983671137912127458e-01 6.251172966033786693e-01 6.773298631467890019e-01 4.731814293958064854e-01 5.889010746174746513e-01 6.392319405568339663e-01 7.028023175193423011e-01 6.475268713685691235e-01 6.078857028099942106e-01
6.970041787919690757e-01 5.710545820747638945e-01 5.452220434113782543e-01 5.993609288956630587e-01 6.439352591066841436e-01 6.360746218693162923e-01 5.445297897601496517e-01 5.330475524097658679e-01 5.937062448624801370e-01 5.668588804547305404e-01
5.515955681130356725e-01 5.813922252577565786e-01 6.506589536472872082e-01 6.755408475748295727e-01 6.157496946428879792e-01 5.292926982191437091e-01 5.197720022896086256e-01 6.178215309399459620e-01 6.569766372779792807e-01 7.096285179453900582e-01
5.366671979613431009e-01 6.639344233205726198e-01 5.874725254520553053e-01 6.031735924340442256e-01 6.492773108640192969e-01 6.340833710069444518e-01 4.853816012881229103e-01 5.758076437861427976e-01 5.879724941362634016e-01 6.812103920803543877e-01
6.501844650324435371e-01 7.160579451046249488e-01 6.483366608153914301e-01 5.064767028791056225e-01 6.387600077122778108e-01 6.937238155623002278e-01 6.253508149412942974e-01 5.881517292754298021e-01 6.460855465416585064e-01 5.943359049649485915e-01
5.739771602610654888e-01 5.836285334787179035e-01 7.016850582764410094e-01 6.383861738091097804e-01 5.718231159450414269e-01 6.097899248884780521e-01 5.521483660255194215e-01 6.412587129420258547e-01 6.287495325673443380e-01 6.440433385205601713e-01
5.025782936793649069e-01 5.795678475168517529e-01 4.998345872114744459e-01 5.769782742736144776e-01 6.960525964425733347e-01 5.585131319616040146e-01 5.055476711530860756e-01 7.046259495680951002e-01 4.686265480584057563e-01 5.810237122035483148e-01
7.034247477148627414e-01 5.889188495819206448e-01 6.220859220493820674e-01 6.415049969057231571e-01 6.225018133198046977e-01 6.696695433872306147e-01 6.158662204312946864e-01 5.811485882875376818e-01 5.529988397409765222e-01 6.325581179067603088e-01
6.992934851780545635e-01 6.546097658170552114e-01 5.935010463384726709e-01 5.599072125392995369e-01 6.309107133986918692e-01 6.646231032929433846e-01 6.164795090013601708e-01 5.748558316371321641e-01 6.547466113305814295e-01 6.307592987008049379e-01
6.809225221652224214e-01 6.044135168732548413e-01 6.193882932248746531e-01 7.102940482586925786e-01 5.616466201166838701e-01 6.350445408341026665e-01 5.838186965714319276e-01 6.275179604280726187e-01 5.558714832487320345e-01 4.960181097737615952e-01
5.883158528054017733e-01 5.508331416543926773e-01 6.756600031301936982e-01 5.480167859630757921e-01 6.431771384700851746e-01 6.187616904221051595e-01 6.910487956715196667e-01 6.719388172683635752e-01 5.842182406779736770e-01 5.134978517314008339e-01
5.877694820236659679e-01 6.801817934690653766e-01 5.205182078428177705e-01 4.820862797732303751e-01 6.922032471390037189e-01 6.331902055375234761e-01 6.226372554228050138e-01 6.411547850367832480e-01 5.325966025166575246e-01 5.372824719278307404e-01
5.282833529823318663e-01 6.799887902704362386e-01 6.074033204994713220e-01 5.487727433670536170e-01 5.214485694147243944e-01 6.318457226299608598e-01 5.813922252577565786e-01 5.721811530669200785e-01 5.599063627724064629e-01 5.918610778588631050e-01
5.117065314151832967e-01 4.110506132856410200e-01 5.564363879943822200e-01 6.892627012681976639e-01 4.759950887928617314e-01 6.136324818726819341e-01 5.135656418872586171e-01 5.520229437018798757e-01 5.732952655971654821e-01 6.072081928553668684e-01
5.429527253872568071e-01 5.385862610860272515e-01 7.268646185254902248e-01 4.816090891794199691e-01 5.620501715811063725e-01 5.477264938441027686e-01 4.947125412868672578e-01 5.130249417937855494e-01 4.397745636128243540e-01 5.633373660515333947e-01
6.637137108667284791e-01 5.829266725737156651e-01 6.057790660344318789e-01 6.453307643500533208e-01 5.673525950791008521e-01 5.794732217300243571e-01 5.967723089437921846e-01 5.251177847918266917e-01 5.615145771161826893e-01 6.488417376962879457e-01
