0.000000000000000000e+00 0.000000000000000000e+00 0.000000000000000000e+00 0.000000000000000000e+00 0.000000000000000000e+00 0.000000000000000000e+00 0.000000000000000000e+00 0.000000000000000000e+00 0.000000000000000000e+00 0.000000000000000000e+00
7.068003435762012510e-01 6.562943243647710867e-01 6.505307571807220635e-01 6.991171661432730167e-01 6.305623850711282730e-01 6.991171661432730167e-01 7.120348988549691782e-01 6.922087566865970931e-01 6.470536828502366777e-01 7.069883253036393089e-01
6.644839716097624693e-01 6.854572295286239791e-01 6.897269716146121610e-01 7.419474539058721341e-01 6.020535323143765272e-01 6.211596982861407046e-01 6.587876992376586749e-01 6.539628100259627930e-01 6.903537591585297006e-01 7.150191979750646354e-01
6.809761491388683918e-01 6.558263211663096781e-01 6.655014330392428068e-01 6.161316059005316204e-01 6.587118539727037092e-01 6.727488939149691705e-01 7.435453272285912352e-01 6.821840369958998007e-01 6.796644586949841527e-01 6.606075582274796298e-01
7.101955496890672848e-01 6.849918628226060457e-01 7.003817163364766119e-01 7.197872860870816458e-01 6.242470117990073231e-01 7.346136668498384203e-01 7.253856481960342384e-01 6.866676589632954020e-01 6.577411133745599825e-01 6.517012964017617760e-01
6.821330141915987744e-01 6.307596220590919733e-01 6.478921547313597484e-01 6.134436136994919631e-01 6.942565141136275431e-01 7.451933084595683265e-01 6.154314426720900455e-01 7.066170485367762044e-01 7.512465381391904007e-01 5.879646098638953156e-01
6.658809719077815048e-01 6.064563328009637821e-01 7.419474539058721341e-01 6.846007387859743831e-01 7.147584708090487515e-01 7.161672112833550319e-01 7.098908912242665181e-01 6.579073945695861347e-01 6.821180417313575939e-01 6.821330141915987744e-01
7.540767295361644473e-01 6.118842194909808185e-01 6.261723989113570088e-01 6.486740157122278250e-01 6.754936501080641698e-01 6.117833046549735476e-01 6.822532618817059857e-01 7.426755003294587265e-01 5.787775388438303192e-01 5.644846331672450646e-01
7.011010410684609395e-01 6.918013753330064519e-01 6.541942058428912299e-01 6.227914227984622242e-01 6.595409192177874580e-01 6.813820155596067574e-01 6.917418618509377781e-01 6.140886298519238062e-01 6.589719852463187255e-01 6.624715715369250413e-01
6.524165448250822674e-01 6.740624877957205330e-01 6.879660473383751862e-01 6.346901967759037699e-01 6.907687373210474879e-01 6.069011980435820020e-01 6.946784251679465338e-01 6.582314709374835759e-01 6.886673490913464146e-01 5.765669756763291964e-01
6.580153985387522386e-01 6.879137448982854952e-01 6.081914078502513865e-01 5.805803261408554183e-01 6.929814695832905436e-01 6.284442645126656624e-01 7.270004584119722502e-01 6.369500581552622887e-01 6.619379232940497682e-01 6.296711741666576323e-01
7.051374240394543413e-01 6.071555933743580935e-01 6.938233870482770627e-01 6.735945976689785564e-01 6.893349042654375314e-01 5.834123292431570018e-01 7.376484712578342817e-01 6.406731252338905280e-01 6.274568023646504011e-01 5.854722658452575779e-01
6.474588765823729997e-01 6.742864065501097404e-01 6.383115910297756379e-01 7.374346795625104090e-01 5.988448221105430180e-01 5.676414082559417817e-01 6.593655972188459113e-01 6.318544745272849372e-01 6.795018274113922008e-01 6.869231402270746800e-01
6.411547850367832480e-01 6.504322062763161494e-01 6.680332478476930236e-01 6.114910836117563031e-01 6.533810848999968002e-01 6.114585507102275885e-01 5.921506785857804100e-01 6.921295911565505943e-01 6.138537349697955614e-01 6.171951108753147563e-01
6.193882932248746531e-01 5.901417234478664176e-01 6.409661167638052159e-01 6.221904986292431383e-01 6.952918278703899002e-01 6.651337623692777923e-01 6.196869299016416477e-01 6.763645352780678355e-01 6.209561745242054842e-01 6.619005746010939717e-01
6.042910400170028451e-01 6.756600031301936982e-01 6.327274307113369689e-01 6.691707998211509079e-01 6.270092643727512849e-01 5.921451334082092899e-01 6.399847783663524803e-01 6.565388351155192481e-01 6.279292190524227157e-01 6.891876244337146185e-01
6.874183707096348517e-01 7.352933108266435092e-01 6.466876236582238535e-01 7.052491449961724168e-01 6.471011734515619285e-01 6.234738499878720308e-01 6.881699193379128277e-01 6.820504617993811136e-01 6.922871322720330900e-01 6.464199287637708569e-01
7.264111869259232135e-01 6.371720959187293643e-01 5.813639169434644538e-01 6.948206945104645760e-01 6.325581179067603088e-01 6.030435070349203786e-01 7.161672112833550319e-01 5.944490465734024731e-01 6.253546081775146481e-01 5.714162852640525259e-01
6.409599296018638759e-01 5.766137517411543678e-01 6.364730752974190331e-01 6.724026531507645288e-01 6.803328477337833302e-01 7.118953525726188225e-01 6.497719422084481389e-01 6.860027491253594123e-01 5.913107655073810420e-01 6.540459511147057592e-01
6.522556569173252328e-01 6.940686738033990943e-01 6.052264207126233364e-01 6.901544843479453517e-01 7.530193148033643702e-01 6.145139790178937300e-01 6.264995740295943305e-01 6.780659284245089680e-01 6.708243702704619338e-01 7.049300814942104365e-01
5.958473678469619061e-01 6.742432969147040822e-01 7.076002841910411512e-01 7.066325251783213135e-01 6.907749898278828793e-01 6.422612334833592840e-01 6.745012685555002996e-01 7.009531013813039557e-01 5.711341881543980925e-01 6.968140290051634267e-01
5.620501715811063725e-01 6.011881314272948806e-01 6.907065522203609254e-01 6.091171931886648627e-01 6.098813486588048338e-01 5.440208837015915178e-01 5.433605249568038698e-01 5.302385823274775589e-01 6.841110828454122217e-01 5.820916010276887542e-01
6.339159749670927324e-01 6.010572783552191600e-01 6.116286651808215957e-01 5.567082752544668667e-01 6.515725305841789661e-01 6.269386620040358071e-01 6.057249521590305497e-01 6.989135938821735561e-01 6.096669532275348358e-01 5.883158528054017733e-01
6.665524876590085412e-01 6.172047531488549232e-01 5.634733032041976397e-01 6.979837147218794779e-01 7.011271690542499879e-01 5.975286887705900662e-01 6.252792501416967186e-01 6.134693662896262278e-01 6.655953874945996773e-01 6.508991141857412011e-01
5.986834619285937853e-01 6.765204664866477646e-01 5.019080501387196414e-01 5.992437290873221523e-01 6.291243599758579164e-01 5.966610248824992802e-01 6.278107462158417640e-01 5.098282086148214765e-01 6.518840508109179366e-01 6.354260899183551414e-01
6.552899413759002423e-01 6.694303460451850318e-01 5.710541207308570399e-01 6.429106692323015571e-01 5.782630306971104917e-01 6.406731252338905280e-01 6.481583825826902068e-01 7.171012041795122860e-01 6.660641402779364784e-01 5.787775388438303192e-01
5.226706297225794939e-01 6.310523806771233257e-01 5.212278317348852941e-01 6.197522168932014797e-01 5.239803341452586860e-01 6.875154599368098474e-01 5.874644412674465688e-01 6.460908519832280206e-01 6.640437058820086724e-01 6.106405432552729495e-01
5.459102088880214421e-01 5.650319288917817762e-01 6.002838487020415448e-01 6.027674953175372607e-01 6.798684090247644196e-01 5.440208837015915178e-01 5.794732217300243571e-01 5.930774374101038804e-01 6.555200118326257597e-01 5.649782281414508223e-01
5.704469881301127421e-01 5.676694718418765495e-01 6.025019685127743774e-01 4.903560680097241997e-01 5.803576126831848647e-01 5.624975902041045028e-01 6.270918816809926133e-01 6.577865634080141133e-01 7.023384478734643332e-01 5.950278103387613982e-01
5.939238276596825461e-01 6.894371921212149035e-01 5.862722962442924457e-01 5.670282833145537937e-01 6.936651553480351895e-01 5.684142829836190680e-01 6.188014398288329554e-01 5.713642024096031724e-01 6.252330305933869736e-01 6.865706147165635542e-01
5.379016729552887899e-01 6.396327633084770703e-01 5.913107655073810420e-01 5.990378651124526055e-01 5.657422075433332642e-01 6.993626426413408481e-01 5.813255092516662614e-01 6.558161730940140766e-01 6.021208391324019971e-01 5.895333214885324358e-01
5.430207489067117033e-01 6.492773108640192969e-01 6.358989026040661185e-01 5.362224133989063057e-01 5.602181687636951235e-01 6.333671907351096086e-01 6.118437583467208896e-01 6.067643263802647846e-01 6.404503211495197190e-01 6.071649474025562210e-01
6.170120025157661559e-01 5.466682405376381837e-01 5.257794382942849731e-01 6.795151303606586923e-01 5.882576863204102002e-01 6.678445847898015764e-01 6.016997825725591831e-01 5.791158385375602125e-01 5.579231651305990303e-01 5.045328395164487834e-01
6.014463002876991871e-01 7.120749096221482555e-01 5.878247137147506463e-01 5.532215467090778604e-01 5.691986171068630362e-01 5.532840587771624685e-01 5.775758431325763720e-01 6.725363333606969585e-01 4.930977367633961883e-01 5.271864100088403671e-01
6.218778871948332787e-01 6.691427436355780189e-01 5.280421800575556546e-01 5.610849171857640316e-01 6.423541560263563710e-01 5.616256822549479111e-01 6.281618797482322325e-01 5.684537004376780667e-01 5.347165284023012166e-01 5.508787085880337830e-01
6.298292906273369463e-01 6.394609519815782628e-01 5.917425599135587300e-01 5.784538173215849621e-01 5.782006648453654751e-01 6.106196585791681120e-01 5.263520143923385852e-01 5.872689636294682325e-01 5.483566633403269552e-01 5.954003178597503387e-01
5.957093326593255744e-01 5.239945356030886181e-01 6.305312963833246132e-01 5.125578974664235510e-01 5.466513731661630793e-01 6.110237851633858464e-01 6.647382809574212681e-01 5.896230014646027806e-01 6.298292906273369463e-01 5.337833299469683102e-01
6.811765278993627826e-01 6.809240045979230160e-01 6.781662365088503286e-01 6.647989678245830314e-01 6.768829417221065015e-01 6.688200180658078198e-01 6.652396822196628978e-01 5.858894642069312209e-01 6.715130684287492491e-01 6.926077935664692875e-01
6.661397884145200399e-01 6.380866406705413274e-01 6.307483276863865562e-01 6.488515690800189528e-01 6.652396822196628978e-01 6.941002906866436950e-01 6.848835871166240041e-01 6.851675095528523274e-01 6.560601212601009369e-01 6.998660851715827746e-01
6.433615466722641951e-01 6.928419607580363904e-01 6.429242648515827163e-01 5.485205623888471660e-01 6.634208698774880508e-01 6.634869106569449837e-01 7.066325251783213135e-01 7.377207436796271445e-01 6.012779051516480289e-01 6.495518898252520268e-01
6.626466158285780894e-01 6.379160315519892821e-01 6.932303670570646448e-01 6.210451002886114846e-01 6.580810734429121123e-01 6.263280749844790662e-01 6.989232291734778224e-01 6.259499006570757862e-01 6.258816017634203366e-01 6.787325082563387957e-01
6.024548628648510595e-01 5.875754177761148833e-01 6.335153148751720975e-01 6.568948845013315996e-01 6.392744780689053608e-01 7.193102302529043035e-01 6.834738730070514245e-01 6.942737869459755240e-01 6.568860334507244936e-01 6.955677214559443655e-01
6.671280938266137550e-01 6.744595345732399272e-01 5.381997652891168382e-01 6.875340101923711478e-01 6.222211365434695551e-01 5.998271901765539482e-01 5.292421034475632835e-01 7.348979402950887030e-01 6.591792950232749915e-01 6.296717481625616619e-01
5.618298092386824205e-01 7.484431406612805926e-01 6.649359334562511270e-01 7.318320767731765208e-01 6.728362975454087458e-01 7.165868307452359920e-01 6.487666758310154380e-01 6.532401932511731069e-01 6.586705315151794027e-01 6.933748748213778290e-01
6.068223151160268003e-01 6.850188605754670146e-01 6.486757172615993383e-01 7.255962633019751307e-01 6.436922631834256503e-01 5.947714509773969205e-01 6.887686559812108422e-01 6.349819371896417985e-01 6.177222294798324631e-01 6.547588785881388596e-01
6.697724201087517093e-01 6.364203739636901114e-01 6.771119019171397690e-01 6.555181107428720289e-01 5.403103088186056446e-01 6.868030963726919902e-01 6.275268413448251703e-01 6.216991259735650255e-01 6.249815477489311100e-01 6.254420885657374640e-01
5.800794594606213384e-01 6.602005406825273148e-01 6.678667169131391468e-01 6.830662749946505574e-01 6.983834030454668662e-01 7.118256101915968470e-01 6.941252291749986369e-01 6.403030300524210627e-01 6.951581313837570386e-01 6.414734027122496185e-01
6.002947012908416147e-01 6.318943797233166348e-01 6.677217121590941495e-01 6.473648005420986618e-01 7.180594891706248983e-01 6.080876885183380542e-01 6.855040854485525692e-01 6.150610871237628396e-01 5.916722367227231771e-01 6.923990542557197925e-01
6.080876885183380542e-01 6.907687373210474879e-01 6.494292675791520919e-01 6.243021958189602927e-01 6.313792617108550109e-01 6.526790184266371142e-01 5.639437528943505029e-01 5.540825969584247668e-01 6.987695173743230237e-01 5.707826489609131304e-01
5.821058980270858996e-01 7.032904633617166335e-01 6.658809719077815048e-01 6.851171909770996660e-01 5.758076437861427976e-01 6.226077071021006715e-01 6.088689193163299151e-01 6.314834255254462292e-01 6.566079031687456213e-01 6.281539475702075936e-01
6.442993543809097945e-01 6.293547337866247648e-01 5.388277309077788013e-01 7.036729058424564531e-01 6.008072806066981908e-01 6.106504495074741579e-01 6.087757960122128775e-01 6.127962350144936510e-01 6.795285937343672478e-01 7.128801941541532683e-01
5.373981696451098911e-01 6.386247706124268397e-01 6.063500319614182343e-01 6.721794208260967185e-01 5.210233600135932841e-01 5.660145219022466589e-01 6.681807620850014340e-01 6.955821867229434741e-01 6.536486659233097241e-01 6.407568285283665732e-01
6.887246454684933239e-01 5.995753881704628530e-01 5.674046456730891252e-01 6.035564745911996543e-01 6.139775256969007833e-01 6.330987394419271830e-01 5.521994867904610471e-01 5.813357043677467306e-01 6.628612179072588262e-01 5.734026669748264471e-01
6.079218321098935895e-01 5.608833432285532661e-01 6.514657410493385203e-01 7.182273327074716329e-01 6.037484968361839233e-01 5.334561086958573561e-01 5.737724141101203656e-01 6.202969101544782982e-01 6.195803806309381212e-01 6.859640871287759900e-01
5.538299710480212301e-01 6.342654933514949578e-01 4.710128321012166386e-01 6.283393476165325398e-01 6.562657631503246991e-01 5.500053923456675875e-01 5.039251491279802542e-01 5.929355299979763849e-01 6.362949170576353008e-01 6.526397755861890193e-01
6.368706980915609384e-01 6.196696634105756107e-01 6.140012606887944591e-01 5.781222677214555850e-01 6.609539492467422228e-01 6.590974187604157208e-01 6.406025929443858180e-01 5.622279666585053848e-01 6.344712329537254281e-01 6.124538043507035123e-01
6.034208950555366435e-01 5.088652554710251241e-01 6.938389995685702027e-01 6.550783257464670717e-01 5.115177335831221361e-01 5.968852001339436386e-01 5.383878863857296526e-01 6.220744157973727706e-01 6.837080026601336513e-01 6.084305182340662421e-01
5.464055608945631581e-01 5.781245943491386541e-01 5.352930756401106382e-01 7.034551787289620162e-01 6.896910656090766700e-01 5.611257301411605170e-01 5.707826489609131304e-01 6.724378534454201750e-01 5.385399751146875413e-01 5.791199170232143034e-01
7.057354821610197781e-01 5.857022120131988308e-01 6.512833371289765694e-01 6.178930869565003592e-01 6.089381571328051912e-01 6.309024811525604237e-01 6.212542522742309226e-01 5.537387647020320935e-01 5.503909449095619744e-01 6.323642082291902611e-01
6.058414092895147984e-01 5.989859696992144711e-01 5.762498465923154845e-01 6.072116579400633762e-01 6.299091425396983190e-01 5.841552562212488642e-01 6.501995693777418150e-01 5.432422907311095228e-01 6.370165093774869947e-01 6.160032648416737810e-01
6.742002581114218129e-01 5.623888628777836685e-01 5.677279008451137088e-01 6.051074561388853912e-01 5.715625084785155297e-01 6.128127269636558516e-01 5.487205028226553871e-01 5.891910202912273853e-01 5.537387647020320935e-01 4.686588765420687808e-01
5.716709587469354092e-01 4.825232973182753127e-01 6.135786161027297902e-01 4.958944640959552230e-01 5.902215428850536849e-01 5.734826189276835962e-01 6.716784718994145420e-01 6.872098899501397629e-01 5.890013683699464320e-01 4.930953279059005490e-01
5.251937659727740071e-01 6.663982862841801857e-01 5.162779149502800813e-01 4.799713093267761188e-01 6.673694137424572848e-01 6.306771921125883251e-01 6.057492466883906967e-01 5.868808669855335447e-01 5.315515122816121263e-01 5.736146746557283516e-01
5.121068413170991596e-01 6.437639777346556569e-01 5.736146746557283516e-01 5.677209328845350678e-01 4.854426771968536891e-01 6.138742785145172576e-01 5.690132446973041880e-01 5.830220624191684298e-01 5.510676590925723817e-01 4.912626418032444153e-01
4.760631069519248859e-01 4.631557458894150492e-01 5.529528204401485958e-01 7.057919434174955153e-01 4.727680566538189910e-01 5.704551858204863768e-01 5.423358300186383874e-01 4.915385221051484788e-01 5.444781669658779188e-01 5.157526665262036625e-01
5.382773083030192307e-01 5.244117740000564520e-01 6.864271179875782725e-01 3.549086636703200348e-01 4.825123013512820913e-01 5.479134990005720685e-01 5.493400640712982064e-01 5.375031407808577022e-01 4.431001131280521421e-01 5.256889527191748179e-01
4.974486289965640018e-01 5.858064504961354446e-01 4.972993815486511093e-01 6.519508580100493722e-01 5.504295300642912947e-01 5.140555051517546881e-01 5.625867876537696821e-01 5.104694445926446500e-01 5.406692324351800583e-01 6.385806322812691560e-01
