0.000000000000000000e+00 0.000000000000000000e+00 0.000000000000000000e+00 0.000000000000000000e+00 0.000000000000000000e+00 0.000000000000000000e+00 0.000000000000000000e+00 0.000000000000000000e+00 0.000000000000000000e+00 0.000000000000000000e+00
7.753623188405797118e-01 8.405797101449274944e-01 8.043478260869565410e-01 7.463768115942028825e-01 7.463768115942028825e-01 7.246376811594202882e-01 7.318840579710145233e-01 7.608695652173913526e-01 7.391304347826086474e-01 7.608695652173913526e-01
7.898550724637680709e-01 8.115942028985507761e-01 7.463768115942028825e-01 7.608695652173913526e-01 7.898550724637680709e-01 7.391304347826086474e-01 7.391304347826086474e-01 6.956521739130434590e-01 7.318840579710145233e-01 7.536231884057971175e-01
7.608695652173913526e-01 7.028985507246376940e-01 7.246376811594202882e-01 7.753623188405797118e-01 6.376811594202898004e-01 7.246376811594202882e-01 7.898550724637680709e-01 6.449275362318840354e-01 7.246376811594202882e-01 7.681159420289854767e-01
7.101449275362319291e-01 7.608695652173913526e-01 7.608695652173913526e-01 7.681159420289854767e-01 8.260869565217391353e-01 7.536231884057971175e-01 7.753623188405797118e-01 7.246376811594202882e-01 7.028985507246376940e-01 7.318840579710145233e-01
6.159420289855072062e-01 7.101449275362319291e-01 7.463768115942028825e-01 7.753623188405797118e-01 7.028985507246376940e-01 7.608695652173913526e-01 7.318840579710145233e-01 6.594202898550725056e-01 7.463768115942028825e-01 7.463768115942028825e-01
7.318840579710145233e-01 8.043478260869565410e-01 8.405797101449274944e-01 7.246376811594202882e-01 7.898550724637680709e-01 7.028985507246376940e-01 7.971014492753623060e-01 6.086956521739130821e-01 6.884057971014492239e-01 8.623188405797101996e-01
7.681159420289854767e-01 7.971014492753623060e-01 6.884057971014492239e-01 7.391304347826086474e-01 7.246376811594202882e-01 6.811594202898550998e-01 8.043478260869565410e-01 6.449275362318840354e-01 6.739130434782608647e-01 7.971014492753623060e-01
6.449275362318840354e-01 7.826086956521739468e-01 6.594202898550725056e-01 7.608695652173913526e-01 7.391304347826086474e-01 6.666666666666666297e-01 6.811594202898550998e-01 7.101449275362319291e-01 5.652173913043477826e-01 7.101449275362319291e-01
5.797101449275362528e-01 6.884057971014492239e-01 7.463768115942028825e-01 6.521739130434782705e-01 6.521739130434782705e-01 6.521739130434782705e-01 6.594202898550725056e-01 6.449275362318840354e-01 6.086956521739130821e-01 4.782608695652174058e-01
