0.000000000000000000e+00 0.000000000000000000e+00 0.000000000000000000e+00 0.000000000000000000e+00 0.000000000000000000e+00 0.000000000000000000e+00 0.000000000000000000e+00 0.000000000000000000e+00 0.000000000000000000e+00 0.000000000000000000e+00
7.367424242424241987e-01 7.083333333333333703e-01 7.897727272727272929e-01 7.373737373737374590e-01 7.253787878787878451e-01 7.809343434343434254e-01 7.436868686868687295e-01 7.960858585858585634e-01 8.042929292929292817e-01 7.380050505050504972e-01
6.767676767676767957e-01 7.929292929292929282e-01 8.131313131313131493e-01 7.367424242424241987e-01 7.601010101010101661e-01 7.184343434343434254e-01 7.348484848484848619e-01 8.106060606060605522e-01 7.354797979797980112e-01 6.748737373737374590e-01
7.279040404040404422e-01 6.470959595959595578e-01 8.175505050505049720e-01 6.856060606060605522e-01 8.049242424242424310e-01 8.087121212121212155e-01 7.316919191919192267e-01 8.244949494949495028e-01 7.342171717171717127e-01 7.720959595959595578e-01
7.588383838383838675e-01 7.790404040404040886e-01 6.300505050505049720e-01 7.657828282828282873e-01 6.660353535353535914e-01 7.638888888888888395e-01 8.042929292929292817e-01 7.108585858585858563e-01 7.657828282828282873e-01 7.809343434343434254e-01
6.092171717171717127e-01 7.967171717171717127e-01 8.263888888888888395e-01 7.443181818181818787e-01 7.039141414141414366e-01 7.828282828282828731e-01 7.215909090909091717e-01 6.843434343434343647e-01 7.960858585858585634e-01 6.679292929292929282e-01
6.584595959595959114e-01 7.904040404040404422e-01 6.761363636363636465e-01 6.237373737373737015e-01 6.597222222222222099e-01 6.704545454545454142e-01 5.353535353535353591e-01 7.771464646464647519e-01 6.332070707070707183e-01 7.493686868686868507e-01
6.710858585858585634e-01 7.222222222222223209e-01 7.607323232323232043e-01 6.868686868686868507e-01 7.310606060606060774e-01 6.736111111111111605e-01 6.445707070707070718e-01 5.568181818181818787e-01 6.148989898989898339e-01 7.563131313131312705e-01
6.420454545454545858e-01 6.332070707070707183e-01 4.955808080808080662e-01 5.612373737373737015e-01 7.127525252525253041e-01 6.994949494949495028e-01 8.017676767676766847e-01 6.508838383838384534e-01 6.426767676767676241e-01 6.723484848484848619e-01
5.801767676767676241e-01 5.744949494949495028e-01 6.698232323232322649e-01 5.132575757575758013e-01 4.993686868686868507e-01 5.606060606060606633e-01 5.069444444444444198e-01 5.404040404040404422e-01 4.387626262626262985e-01 5.252525252525253041e-01
