0.000000000000000000e+00 0.000000000000000000e+00 0.000000000000000000e+00 0.000000000000000000e+00 0.000000000000000000e+00
7.896907216494845061e-01 7.876288659793814206e-01 7.839175257731958446e-01 7.884536082474227214e-01 7.851546391752577403e-01
7.624742268041236892e-01 7.731958762886598224e-01 7.822680412371133540e-01 7.752577319587629079e-01 7.756701030927835028e-01
7.822680412371133540e-01 7.637113402061855849e-01 7.781443298969071831e-01 7.703092783505154362e-01 7.661855670103092653e-01
7.600000000000000089e-01 7.463917525773196004e-01 7.661855670103092653e-01 7.480412371134020910e-01 7.468041237113401953e-01
7.637113402061855849e-01 7.608247422680411987e-01 7.538144329896907525e-01 7.690721649484536515e-01 7.472164948453607902e-01
7.265979381443299356e-01 7.760824742268040977e-01 7.331958762886597869e-01 7.352577319587628724e-01 7.538144329896907525e-01
7.525773195876288568e-01 7.435051546391752142e-01 7.026804123711339889e-01 7.406185567010309390e-01 7.381443298969072586e-01
7.546391752577319423e-01 7.026804123711339889e-01 7.014432989690722042e-01 7.101030927835051410e-01 7.092783505154639512e-01
6.820618556701031343e-01 7.096907216494845461e-01 6.515463917525773363e-01 6.589690721649484884e-01 7.026804123711339889e-01
6.771134020618556626e-01 6.602061855670102730e-01 6.725773195876288968e-01 6.292783505154638801e-01 7.022680412371133940e-01
