0.000000000000000000e+00 0.000000000000000000e+00 0.000000000000000000e+00 0.000000000000000000e+00 0.000000000000000000e+00
7.896907216494845061e-01 7.843298969072164395e-01 7.884536082474227214e-01 7.830927835051546548e-01 7.888659793814433163e-01
7.711340206185567370e-01 7.892783505154639112e-01 7.921649484536082975e-01 7.847422680412371454e-01 7.876288659793814206e-01
7.954639175257731676e-01 7.723711340206185216e-01 7.905154639175258069e-01 7.868041237113402309e-01 7.814432989690721643e-01
7.764948453608246925e-01 7.628865979381442841e-01 7.789690721649484839e-01 7.612371134020619046e-01 7.612371134020619046e-01
7.756701030927835028e-01 7.723711340206185216e-01 7.694845360824742464e-01 7.752577319587629079e-01 7.591752577319587081e-01
7.257731958762886348e-01 7.769072164948453985e-01 7.492783505154638757e-01 7.451546391752577048e-01 7.534020618556701576e-01
7.583505154639175183e-01 7.443298969072165150e-01 7.051546391752577803e-01 7.558762886597938380e-01 7.480412371134020910e-01
7.740206185567010122e-01 6.960824742268041376e-01 7.220618556701030588e-01 7.121649484536082264e-01 7.241237113402061443e-01
6.898969072164948813e-01 7.101030927835051410e-01 6.713402061855670011e-01 6.709278350515464062e-01 7.245360824742268502e-01
6.663917525773196404e-01 6.614432989690721687e-01 6.927835051546391565e-01 6.432989690721649945e-01 7.080412371134020555e-01
