0.000000000000000000e+00 0.000000000000000000e+00 0.000000000000000000e+00 0.000000000000000000e+00 0.000000000000000000e+00
8.270157617866269462e-01 8.254932496936316921e-01 8.236100787287755631e-01 8.262546950181117733e-01 8.247456387682421397e-01
8.116364406583244095e-01 8.166803900319818954e-01 8.224906861837981698e-01 8.181472653619644708e-01 8.186124799404618235e-01
8.231282234132876185e-01 8.116738246374779475e-01 8.201922672133911130e-01 8.155164762561945002e-01 8.141764000415114833e-01
8.104940348997947686e-01 8.011225313642934553e-01 8.148522426531257246e-01 8.040276485670362350e-01 8.016671128467184326e-01
8.134076937765191140e-01 8.114927213081126744e-01 8.069142962601071334e-01 8.137567380712689147e-01 8.038677485669877276e-01
7.884640917794645265e-01 8.190253556873799967e-01 7.959653644050239674e-01 7.961267735195021178e-01 8.048487829737862587e-01
8.077871729374236365e-01 8.009756869811999191e-01 7.774592692689884510e-01 7.999249059222542924e-01 7.975321470751121078e-01
8.044190919070852708e-01 7.746646530716247980e-01 7.771373262839301743e-01 7.811327433201449288e-01 7.805461497645388436e-01
7.552379327456341107e-01 7.746317701000736688e-01 7.297966848271809637e-01 7.370892299724967067e-01 7.772819990184605121e-01
7.579231004445246001e-01 7.467835961694286873e-01 7.578508674722685967e-01 7.346212907994100760e-01 7.761882596517841737e-01
