0.000000000000000000e+00 0.000000000000000000e+00 0.000000000000000000e+00 0.000000000000000000e+00 0.000000000000000000e+00
8.269991302103955055e-01 8.237101168718966582e-01 8.265244598960772571e-01 8.233789016278384443e-01 8.271051599145273769e-01
8.166028837568249932e-01 8.265063110596204687e-01 8.288977799527970092e-01 8.240886452548575880e-01 8.254472058450585958e-01
8.308465037590541113e-01 8.176345318726653266e-01 8.278173946888794932e-01 8.262427095847993952e-01 8.232205647545436378e-01
8.206104263486018180e-01 8.111251268199572984e-01 8.216868284157299307e-01 8.123335699630160889e-01 8.105328203660757680e-01
8.195176024306620732e-01 8.182259420016156914e-01 8.159735268573684586e-01 8.184956581291936706e-01 8.109491260912020660e-01
7.876956181974794635e-01 8.193537309162529647e-01 8.048042811962664578e-01 8.020835092271093592e-01 8.039269549062358911e-01
8.110529641827819436e-01 8.015794582277988578e-01 7.789914705419158647e-01 8.092204332771695263e-01 8.022579513769102499e-01
8.180281437330885197e-01 7.679671980536633136e-01 7.890424380032687868e-01 7.819292899680657660e-01 7.874813692394176945e-01
7.611707007186697682e-01 7.774692652375947421e-01 7.442332559151194626e-01 7.445664066280627269e-01 7.905429571852820025e-01
7.514759951448325426e-01 7.471262389682463700e-01 7.719663104095428885e-01 7.439507060063530464e-01 7.785955324217527229e-01
