0.000000000000000000e+00 0.000000000000000000e+00 0.000000000000000000e+00 0.000000000000000000e+00 0.000000000000000000e+00
7.396093333981006435e-01 7.371916103311267898e-01 7.324523117964037988e-01 7.383907769025725987e-01 7.337464742108426030e-01
7.038737058235629007e-01 7.179216985137827356e-01 7.322767513844439247e-01 7.210939742900287497e-01 7.211745713928318091e-01
7.317944222754853012e-01 7.074053129788988592e-01 7.256515411733286403e-01 7.140664120457346220e-01 7.094630428480659390e-01
7.016271673153888777e-01 6.853236661909782867e-01 7.093995036016151889e-01 6.911867059762454302e-01 6.854828940720468777e-01
7.071221519318968696e-01 7.028295492022307300e-01 6.934169449403471130e-01 7.123715970152182386e-01 6.838444043682428974e-01
6.615439051600614517e-01 7.214271939860448235e-01 6.676614664611211225e-01 6.685482068399568600e-01 6.926420683818044211e-01
6.925967063441542670e-01 6.834266019405611514e-01 6.296064350518132402e-01 6.859783472354525902e-01 6.778739172581533801e-01
6.969169540207369451e-01 6.289936059373154587e-01 6.328387562889367102e-01 6.390808404774235285e-01 6.388942965778442451e-01
6.053812607665398637e-01 6.409817156735050370e-01 5.601469041723318165e-01 5.713261846245453190e-01 6.331793533468592639e-01
6.029688437871859596e-01 5.869973784321028676e-01 6.072317230716564040e-01 5.552093845147162421e-01 6.422207232650006814e-01
