0.000000000000000000e+00 0.000000000000000000e+00 0.000000000000000000e+00 0.000000000000000000e+00 0.000000000000000000e+00 0.000000000000000000e+00 0.000000000000000000e+00 0.000000000000000000e+00 0.000000000000000000e+00 0.000000000000000000e+00
6.959805427547363088e-01 7.039810547875063884e-01 6.919556416123922027e-01 7.158863545418168162e-01 7.039999999999999591e-01 7.119815668202764680e-01 7.119999999999999662e-01 6.838735494197678566e-01 6.999567937783039984e-01 6.999951999231986965e-01
6.999951999231986965e-01 6.958247950819671512e-01 7.119262531207989353e-01 6.959805427547363088e-01 7.079579459442160161e-01 6.959805427547363088e-01 6.919556416123922027e-01 7.039999999999999591e-01 7.079579459442160161e-01 6.999951999231986965e-01
7.319614024419516252e-01 6.959999999999999520e-01 6.919950719211507284e-01 7.079579459442160161e-01 7.119815668202764680e-01 6.999951999231986965e-01 6.959999999999999520e-01 6.959999999999999520e-01 6.959221560719544009e-01 6.919950719211507284e-01
6.999951999231986965e-01 6.919556416123922027e-01 6.999951999231986965e-01 7.079953279252468867e-01 7.119815668202764680e-01 7.039810547875063884e-01 7.079953279252468867e-01 6.919556416123922027e-01 7.039810547875063884e-01 7.199999999999999734e-01
7.039810547875063884e-01 6.999567937783039984e-01 7.159954559272948549e-01 7.039810547875063884e-01 7.119815668202764680e-01 6.959805427547363088e-01 6.959805427547363088e-01 7.078831532613045763e-01 7.039999999999999591e-01 7.119999999999999662e-01
6.839949439191026492e-01 7.157771693007317637e-01 7.279825908858166272e-01 6.999567937783039984e-01 6.839949439191026492e-01 7.039810547875063884e-01 6.999951999231986965e-01 7.239602502760398295e-01 7.039999999999999591e-01 7.039810547875063884e-01
7.119815668202764680e-01 7.199283016452211470e-01 7.079579459442160161e-01 7.119262531207989353e-01 6.918767507002800965e-01 7.119815668202764680e-01 7.039810547875063884e-01 7.039999999999999591e-01 7.079953279252468867e-01 7.117047857005573963e-01
7.159590981101278118e-01 7.119815668202764680e-01 6.959805427547363088e-01 7.159590981101278118e-01 7.159590981101278118e-01 6.919950719211507284e-01 7.039810547875063884e-01 7.119262531207989353e-01 7.198386270491803351e-01 7.119999999999999662e-01
7.159954559272948549e-01 7.079579459442160161e-01 7.119262531207989353e-01 6.959221560719544009e-01 7.199283016452211470e-01 7.079953279252468867e-01 7.199999999999999734e-01 6.959999999999999520e-01 7.039999999999999591e-01 7.039810547875063884e-01
6.999567937783039984e-01 6.999567937783039984e-01 7.119262531207989353e-01 7.118340163934425702e-01 7.119262531207989353e-01 7.079953279252468867e-01 7.119815668202764680e-01 7.159954559272948549e-01 7.159590981101278118e-01 7.318927571028411849e-01
7.039999999999999591e-01 7.078831532613045763e-01 6.839949439191026492e-01 7.158863545418168162e-01 7.079579459442160161e-01 7.159590981101278118e-01 7.119815668202764680e-01 6.999567937783039984e-01 7.199999999999999734e-01 6.959805427547363088e-01
6.999951999231986965e-01 7.079953279252468867e-01 6.918767507002800965e-01 6.919950719211507284e-01 7.119999999999999662e-01 7.039810547875063884e-01 6.956883849061439307e-01 7.039810547875063884e-01 6.879999999999999449e-01 7.079953279252468867e-01
7.039810547875063884e-01 7.117047857005573963e-01 7.237834462218378784e-01 7.079953279252468867e-01 7.119262531207989353e-01 6.959999999999999520e-01 6.959805427547363088e-01 7.239602502760398295e-01 7.396626027331422160e-01 7.198386270491803351e-01
7.078831532613045763e-01 7.158863545418168162e-01 7.318927571028411849e-01 7.236418398244124361e-01 7.035256410256409687e-01 6.999567937783039984e-01 7.078831532613045763e-01 7.039999999999999591e-01 7.236418398244124361e-01 7.197129860977640181e-01
7.077708923796256490e-01 7.079579459442160161e-01 6.959221560719544009e-01 7.158863545418168162e-01 7.119999999999999662e-01 7.237834462218378784e-01 6.879800307219662292e-01 6.958247950819671512e-01 6.918767507002800965e-01 6.958247950819671512e-01
6.839544894464801850e-01 7.079579459442160161e-01 7.199999999999999734e-01 7.118340163934425702e-01 7.039242045963766126e-01 6.959805427547363088e-01 6.919950719211507284e-01 7.078831532613045763e-01 7.157771693007317637e-01 7.119815668202764680e-01
7.158863545418168162e-01 7.157771693007317637e-01 7.039242045963766126e-01 7.039242045963766126e-01 7.199283016452211470e-01 7.198386270491803351e-01 6.919556416123922027e-01 6.989160979526294337e-01 6.919556416123922027e-01 7.039242045963766126e-01
6.959805427547363088e-01 7.119262531207989353e-01 7.237834462218378784e-01 7.199820788530465476e-01 7.278432377049179891e-01 7.077708923796256490e-01 7.197129860977640181e-01 7.119815668202764680e-01 7.117047857005573963e-01 7.039999999999999591e-01
7.118340163934425702e-01 7.076210769156827673e-01 7.036965853033505525e-01 7.039810547875063884e-01 7.157771693007317637e-01 6.999567937783039984e-01 7.039810547875063884e-01 7.199820788530465476e-01 7.396626027331422160e-01 7.115384615384615641e-01
7.392950538255442794e-01 7.157771693007317637e-01 7.118340163934425702e-01 7.119815668202764680e-01 7.077708923796256490e-01 7.230028101164190923e-01 7.156314583700476017e-01 6.955128205128204844e-01 7.076210769156827673e-01 7.036965853033505525e-01
7.355769230769231282e-01 7.156314583700476017e-01 7.077708923796256490e-01 7.237834462218378784e-01 7.118340163934425702e-01 7.118340163934425702e-01 7.077708923796256490e-01 7.038294057377049162e-01 7.316522212787772705e-01 7.078831532613045763e-01
7.158863545418168162e-01 6.917583385374133087e-01 7.038294057377049162e-01 7.195512820512821595e-01 7.039242045963766126e-01 7.316522212787772705e-01 6.959221560719544009e-01 7.110939907550077876e-01 7.275641025641026438e-01 6.958247950819671512e-01
7.035256410256409687e-01 7.038294057377049162e-01 7.117047857005573963e-01 7.199283016452211470e-01 7.156314583700476017e-01 7.158863545418168162e-01 7.077708923796256490e-01 7.198386270491803351e-01 7.277211864949708620e-01 7.159590981101278118e-01
6.999567937783039984e-01 6.989160979526294337e-01 7.273718647764448875e-01 7.159590981101278118e-01 7.271443246019518858e-01 7.394956636047387288e-01 7.275641025641026438e-01 7.195512820512821595e-01 7.349142085984192718e-01 7.195512820512821595e-01
7.273718647764448875e-01 7.273718647764448875e-01 6.996106954613179330e-01 7.230028101164190923e-01 7.154491094759454217e-01 6.997646154585195344e-01 7.314801455618076265e-01 6.997646154585195344e-01 7.077708923796256490e-01 7.316522212787772705e-01
7.118340163934425702e-01 7.152299818709790813e-01 7.234646275188765241e-01 7.157771693007317637e-01 7.475111816476698312e-01 7.154491094759454217e-01 7.278432377049179891e-01 7.193533902110463840e-01 7.117047857005573963e-01 7.429471113681640482e-01
7.152299818709790813e-01 7.197129860977640181e-01 7.232516725225008880e-01 7.198386270491803351e-01 7.234646275188765241e-01 6.905691919435469339e-01 6.902106567534076476e-01 7.392950538255442794e-01 6.944158517756047200e-01 7.355769230769231282e-01
7.232516725225008880e-01 7.152299818709790813e-01 7.199283016452211470e-01 7.230028101164190923e-01 6.991866005679356899e-01 6.959221560719544009e-01 7.156314583700476017e-01 7.188484030589293861e-01 7.475111816476698312e-01 7.156314583700476017e-01
7.358478483606557541e-01 7.349142085984192718e-01 7.392950538255442794e-01 7.312733631740226947e-01 7.314801455618076265e-01 7.157771693007317637e-01 7.074335914330143193e-01 7.146806834804133590e-01 6.825320280979247922e-01 7.349142085984192718e-01
6.994180733900831060e-01 7.156314583700476017e-01 7.077708923796256490e-01 7.307550111716578645e-01 7.237834462218378784e-01 7.198386270491803351e-01 7.227178473260356117e-01 7.188484030589293861e-01 7.156314583700476017e-01 7.115384615384615641e-01
7.394956636047387288e-01 7.074335914330143193e-01 7.152299818709790813e-01 6.991866005679356899e-01 7.277211864949708620e-01 6.870184899845916959e-01 7.232516725225008880e-01 6.952979665148502075e-01 7.074335914330143193e-01 7.185409161091096397e-01
7.353903393418435019e-01 7.185409161091096397e-01 7.156314583700476017e-01 7.273718647764448875e-01 7.152299818709790813e-01 6.991866005679356899e-01 7.314801455618076265e-01 7.178147574819401244e-01 7.152299818709790813e-01 7.110939907550077876e-01
7.234646275188765241e-01 7.271443246019518858e-01 7.346242923314461049e-01 6.986063557891691866e-01 7.268813058286742734e-01 6.936274509803921351e-01 6.796899073938922342e-01 7.351694915254237683e-01 7.074335914330143193e-01 7.188484030589293861e-01
7.342995169082124907e-01 7.310317141710156452e-01 7.020933977455716679e-01 7.587493566649510246e-01 7.310317141710156452e-01 7.468293388629020368e-01 7.429471113681640482e-01 7.429471113681640482e-01 7.181964573268921903e-01 7.115384615384615641e-01
7.195512820512821595e-01 7.431946584488957619e-01 7.152299818709790813e-01 7.027825975194396113e-01 7.230028101164190923e-01 7.353903393418435019e-01 7.314801455618076265e-01 7.193533902110463840e-01 6.994180733900831060e-01 7.027825975194396113e-01
7.310317141710156452e-01 7.312733631740226947e-01 7.076210769156827673e-01 7.353903393418435019e-01 7.262479871175523405e-01 7.300955542306514223e-01 7.351694915254237683e-01 7.191191576784797812e-01 7.149739060618225395e-01 7.035256410256409687e-01
7.240259740259740173e-01 7.188484030589293861e-01 6.855650154798761386e-01 7.216439947717481207e-01 7.265826042202778723e-01 6.905691919435469339e-01 7.030688238315356831e-01 6.994180733900831060e-01 7.097523219814241280e-01 7.104992279979412961e-01
7.273718647764448875e-01 7.156314583700476017e-01 6.808080808080807511e-01 7.034400948991695879e-01 6.898113085934352018e-01 6.883650904145959259e-01 7.152299818709790813e-01 7.030688238315356831e-01 7.387921750172798951e-01 7.271443246019518858e-01
7.504025764895330131e-01 6.978681577208785125e-01 7.024575398867730636e-01 7.342995169082124907e-01 6.940418679549114067e-01 6.840365545401516645e-01 7.304430389932248247e-01 7.185409161091096397e-01 7.185409161091096397e-01 7.104992279979412961e-01
7.230028101164190923e-01 6.921381813468143740e-01 6.821205007824726607e-01 6.684135610766044344e-01 7.288371565945184205e-01 7.335443446805762768e-01 7.002398081534771945e-01 6.840365545401516645e-01 7.093211032879014333e-01 6.570976747188200795e-01
7.458488647915959557e-01 7.185409161091096397e-01 6.546905214579372689e-01 7.258771929824561209e-01 6.779388083735909953e-01 7.390606182256123091e-01 7.250258799171842572e-01 6.926759834368529933e-01 7.429471113681640482e-01 7.139818559757649119e-01
7.069450020072259866e-01 6.902712571726656865e-01 7.143500860972979982e-01 7.040172561994193501e-01 7.104992279979412961e-01 7.450259830664875960e-01 6.978681577208785125e-01 7.050505050505051496e-01 6.959081399309103855e-01 7.101449275362319291e-01
7.045539168865648794e-01 6.770234480976682345e-01 7.178147574819401244e-01 7.339396284829722283e-01 7.063036096493345850e-01 7.230028101164190923e-01 7.020933977455716679e-01 7.181964573268921903e-01 7.139818559757649119e-01 6.883650904145959259e-01
7.181964573268921903e-01 7.377805747849801588e-01 6.883650904145959259e-01 6.921381813468143740e-01 7.126483301225494671e-01 7.028219700053737196e-01 7.097523219814241280e-01 6.442067036364529375e-01 6.974391247519000636e-01 7.307550111716578645e-01
6.877990236624011988e-01 7.392950538255442794e-01 6.982571332013711718e-01 7.364537212734556526e-01 7.346242923314461049e-01 7.216439947717481207e-01 6.665365345826013144e-01 7.227178473260356117e-01 7.016898864809082426e-01 7.143500860972979982e-01
6.893708347452841556e-01 7.007634575569359203e-01 7.050505050505051496e-01 6.905691919435469339e-01 7.227178473260356117e-01 7.423510466988727519e-01 7.292929292929293261e-01 7.234693213611815832e-01 6.765010351966873614e-01 7.331133540372671842e-01
7.126483301225494671e-01 7.181964573268921903e-01 6.905691919435469339e-01 6.759349277334888439e-01 7.135757047651321017e-01 7.262479871175523405e-01 6.877990236624011988e-01 7.178147574819401244e-01 7.658419998708093646e-01 7.420020639834881138e-01
6.796899073938922342e-01 7.297122847783641397e-01 6.761180078387641901e-01 6.953151659922975902e-01 7.178147574819401244e-01 7.007634575569359203e-01 7.297122847783641397e-01 6.871902370854254816e-01 6.840365545401516645e-01 7.488495689934540067e-01
7.300955542306514223e-01 7.196899527129138052e-01 6.940024479804162150e-01 7.020933977455716679e-01 6.877990236624011988e-01 6.806210691823899595e-01 6.953151659922975902e-01 7.450259830664875960e-01 7.216439947717481207e-01 7.254699308830179216e-01
6.865382423344352780e-01 6.865382423344352780e-01 7.407479421867910752e-01 6.902712571726656865e-01 7.045539168865648794e-01 7.021623827009383367e-01 7.121263724679283147e-01 6.769233285894227237e-01 6.858425132598939822e-01 7.184822521419829133e-01
6.761180078387641901e-01 6.551724137931034253e-01 7.007634575569359203e-01 7.153360661070986559e-01 7.002398081534771945e-01 7.207427433585339438e-01 6.915584415584414835e-01 6.802706771786113382e-01 6.946801061699043878e-01 6.865382423344352780e-01
7.616161616161616355e-01 7.016898864809082426e-01 6.806210691823899595e-01 6.650545715966276195e-01 7.212121212121211933e-01 7.169384057971014412e-01 7.139818559757649119e-01 6.915584415584414835e-01 6.871902370854254816e-01 7.072028108530157287e-01
7.212121212121211933e-01 7.088509316770186253e-01 6.759349277334888439e-01 6.895627736749232461e-01 6.834415584415585165e-01 7.034400948991695879e-01 6.953151659922975902e-01 7.164430617668027246e-01 6.724318658280923344e-01 6.895627736749232461e-01
6.865382423344352780e-01 7.283446050049466880e-01 6.331470214835699384e-01 6.808080808080807511e-01 7.359398105266579115e-01 7.202354887364375013e-01 7.028219700053737196e-01 6.843175519441119237e-01 7.065727699530515160e-01 7.028219700053737196e-01
7.321428571428570953e-01 6.843644095953218542e-01 6.651508887970236650e-01 7.014607973041501188e-01 6.439454160042396014e-01 6.977321743676883070e-01 6.969994758909853205e-01 6.806210691823899595e-01 7.059250068483218232e-01 6.932816410659076167e-01
6.908542315872781003e-01 7.385791778315142775e-01 6.813933729821579632e-01 6.917081832979825595e-01 7.126436781609195581e-01 6.984220135628586013e-01 7.140709757532187618e-01 7.353894253472504916e-01 6.821205007824726607e-01 7.126483301225494671e-01
6.828030450907671689e-01 7.014607973041501188e-01 6.532027743778049400e-01 6.925170960494595462e-01 6.962233169129721233e-01 6.969994758909853205e-01 6.990981187449507583e-01 5.925297113752121536e-01 5.819118335674626774e-01 6.532027743778049400e-01
6.828030450907671689e-01 6.752659530738749361e-01 7.191056976763120501e-01 6.826103444296054423e-01 6.558358627324144541e-01 6.416666666666666075e-01 6.568851709038625586e-01 7.193051978072781960e-01 6.945380093785086251e-01 6.559479054779806528e-01
7.483766233766233622e-01 6.439454160042396014e-01 6.984220135628586013e-01 6.250000000000000000e-01 7.109638338408428293e-01 7.051886792452829456e-01 6.391648764769064517e-01 6.761180078387641901e-01 6.285413779862769612e-01 6.969994758909853205e-01
7.228742827334376786e-01 6.888102725366875845e-01 6.522257551669317088e-01 7.259982660188775139e-01 6.641289744738020362e-01 6.843175519441119237e-01 6.333333333333333037e-01 7.109638338408428293e-01 7.266421868625050351e-01 6.862822799022521014e-01
6.329175878888120277e-01 7.028219700053737196e-01 6.769233285894227237e-01 6.806210691823899595e-01 6.535835322793368540e-01 6.917081832979825595e-01 6.547363516863841104e-01 6.963343816036873246e-01 6.761180078387641901e-01 7.290640394088669929e-01
6.769233285894227237e-01 5.819758321697608983e-01 6.738912301826209816e-01 6.238114923522115607e-01 6.333333333333333037e-01 5.845795945496843338e-01 7.044334975369459517e-01 6.583333333333333259e-01 6.761180078387641901e-01 6.439454160042396014e-01
6.666722924507603176e-01 5.721716735288635558e-01 6.026109307359307499e-01 6.969994758909853205e-01 6.613627090983271728e-01 6.416666666666666075e-01 5.806435215777969727e-01 7.073420059026231943e-01 6.643394199785177534e-01 5.779599366504811764e-01
7.007166401548073909e-01 6.249318057828696649e-01 6.630559576698447088e-01 7.036354056902002219e-01 7.126436781609195581e-01 7.007166401548073909e-01 6.843644095953218542e-01 6.715927750410508601e-01 6.333333333333333037e-01 6.977321743676883070e-01
6.826103444296054423e-01 6.624736564805058237e-01 5.866617936267599642e-01 6.475427509910267609e-01 7.059015750604535899e-01 6.523764051532057184e-01 5.925297113752121536e-01 5.448197839882625848e-01 6.816866473749483291e-01 6.547363516863841104e-01
6.945380093785086251e-01 6.214634478300073983e-01 6.558358627324144541e-01 6.843175519441119237e-01 7.064902852418355472e-01 6.651508887970236650e-01 6.413562640292991279e-01 6.750000000000000444e-01 6.546728657098578319e-01 5.703563411896744872e-01
6.990981187449507583e-01 6.990981187449507583e-01 6.299698872046139986e-01 6.329175878888120277e-01 6.796951696367660167e-01 6.605060943296237053e-01 6.388277380297193719e-01 6.179966044142614079e-01 6.145309137735306404e-01 6.139903329752953720e-01
5.976302992945687897e-01 6.044505690807941978e-01 5.966610549943882624e-01 5.543672014260250247e-01 6.334560829241679958e-01 5.572916666666666297e-01 6.816866473749483291e-01 6.279761904761904656e-01 6.061913567563864680e-01 6.954030558482613422e-01
6.546728657098578319e-01 5.431525087453663581e-01 6.061913567563864680e-01 6.575577015272926484e-01 6.963343816036873246e-01 5.391378332387974925e-01 5.987158908507224098e-01 6.392496392496391788e-01 5.733567771629519694e-01 6.371552975326560952e-01
6.582336163102733284e-01 6.807151979565772004e-01 6.419803600654664377e-01 5.480005672149745877e-01 6.343001261034046934e-01 6.267696267696267753e-01 6.582336163102733284e-01 6.666722924507603176e-01 6.349745331069610588e-01 6.343001261034046934e-01
5.607429718875501790e-01 5.638216204899155759e-01 5.680420208722094522e-01 5.352833894500561573e-01 5.568633011911514608e-01 6.329175878888120277e-01 5.605562226979237117e-01 5.463744853095121590e-01 6.679277007145859590e-01 6.751109685912475289e-01
6.835496447317344071e-01 6.334560829241679958e-01 6.399464579203307801e-01 5.786323610346725266e-01 6.727309344790548540e-01 6.535835322793368540e-01 6.267361111111111605e-01 5.619183722077613075e-01 6.041371875210564957e-01 6.113170798380345161e-01
6.233134716800219355e-01 6.216290588882773527e-01 7.171157283655029691e-01 7.146885069817400238e-01 5.920138888888888395e-01 5.945278894295183969e-01 6.044303797468354444e-01 5.853203400373211407e-01 5.218005327231447499e-01 5.214123652864436353e-01
5.486154561218470338e-01 5.838695838695838747e-01 6.181896181896182618e-01 6.318745291418396137e-01 5.853203400373211407e-01 6.125598005525234591e-01 7.155858930602958523e-01 5.736263736263735868e-01 5.365418894830660257e-01 5.945278894295183969e-01
6.687864334923158127e-01 6.963343816036873246e-01 6.343001261034046934e-01 6.454870068852402998e-01 6.198595615998359065e-01 6.540294886470416902e-01 5.328256117340103293e-01 6.334560829241679958e-01 5.448197839882625848e-01 5.605562226979237117e-01
6.763345943673813032e-01 5.992139421833790891e-01 6.405022446689112581e-01 6.653620020671309199e-01 5.800065813401685810e-01 5.218005327231447499e-01 5.384615384615385469e-01 5.824175824175824578e-01 5.026649650927107471e-01 5.987158908507224098e-01
5.912087912087912178e-01 5.845795945496843338e-01 6.661187589891103267e-01 5.845795945496843338e-01 6.832408739127456831e-01 5.245205211610586282e-01 6.475747924607111461e-01 6.554892053284335773e-01 4.918699186991870587e-01 5.248852553069420779e-01
5.279710848573124782e-01 5.664920717209818157e-01 5.372386759581880833e-01 6.916666666666666519e-01 6.590289143480632106e-01 6.533414502164502924e-01 6.233048719236564672e-01 5.435179549604383098e-01 5.778453225261735993e-01 4.540676585979717128e-01
5.801735871736402039e-01 5.575537639214144248e-01 6.040655075793174289e-01 5.987158908507224098e-01 5.615881032547699325e-01 6.033425005288767240e-01 6.141975308641974829e-01 5.697074010327022320e-01 5.834515031196824131e-01 5.373454733881115608e-01
6.751109685912475289e-01 5.791245791245791530e-01 5.725451880801172289e-01 5.220588235294117974e-01 4.609033511413307416e-01 5.933252872960066426e-01 5.480005672149745877e-01 5.992139421833790891e-01 6.078329971901881290e-01 6.508811935443954422e-01
6.284020433616372969e-01 6.045077232087310293e-01 4.968694096601072863e-01 5.190457868410927045e-01 5.689578556319876412e-01 5.218005327231447499e-01 6.560264171711611692e-01 5.624966855809514499e-01 5.454545454545455252e-01 6.040655075793174289e-01
5.866617936267599642e-01 4.867303309412140955e-01 6.164075286415713339e-01 6.222826569971027233e-01 5.369621118124112691e-01 6.895139634801288331e-01 5.341474445952056893e-01 5.966610549943882624e-01 5.843686873201164866e-01 5.312300886566783120e-01
5.160347724450289331e-01 5.221277602810798779e-01 5.758339018033619139e-01 5.612844866576209846e-01 5.369621118124112691e-01 5.018880813677677466e-01 5.639351926777076418e-01 5.372386759581880833e-01 5.923142370958593972e-01 4.555896012796052941e-01
4.241400491400492134e-01 4.363184367231311978e-01 5.099890309471147853e-01 5.125438710516052598e-01 5.403985069915135941e-01 4.433353808353808767e-01 4.952380952380952550e-01 5.612844866576209846e-01 5.403985069915135941e-01 4.693971204038318024e-01
3.976611623670447404e-01 4.968694096601072863e-01 4.363184367231311978e-01 5.032589924049692964e-01 4.197025729797780880e-01 5.486154561218470338e-01 5.851670153668566687e-01 5.007237215778963524e-01 6.267696267696267753e-01 5.956202563145451823e-01
4.838976052848885656e-01 5.496323529411765163e-01 5.632798573975044132e-01 5.218005327231447499e-01 5.279710848573124782e-01 4.775946134200139692e-01 5.400764735589063115e-01 5.244014993125012403e-01 4.904160822814399578e-01 4.661194778184248877e-01
4.977719336693695040e-01 5.664920717209818157e-01 6.474155560256682485e-01 4.511898980087421518e-01 5.431931252826774914e-01 4.734245431602117637e-01 4.693971204038318024e-01 4.939741137583331665e-01 5.091164095371668585e-01 5.160347724450289331e-01
5.084694494857834313e-01 4.000314737587536418e-01 5.098847542094945284e-01 5.998993004981028054e-01 4.875521765056649581e-01 5.956202563145451823e-01 4.754043564650609621e-01 5.158523764731920425e-01 4.393736722008025897e-01 4.990169388989715848e-01
5.066305169774433237e-01 4.939741137583331665e-01 5.352833894500561573e-01 4.810659186535765075e-01 5.585370737834738364e-01 4.463628856692440916e-01 5.179219600725952777e-01 4.584769546627489034e-01 5.866617936267599642e-01 4.857142857142856540e-01
4.734245431602117637e-01 5.556899173674856307e-01 5.026649650927107471e-01 4.609033511413307416e-01 4.170868291516370840e-01 4.317629917435649167e-01 5.282068194726909915e-01 5.003331112591605789e-01 4.782349433512223524e-01 5.342960954646894800e-01
4.913237100737100627e-01 4.721283783783783994e-01 5.248211091234347148e-01 5.084694494857834313e-01 4.609033511413307416e-01 4.666666666666666186e-01 4.538077403245941999e-01 5.312300886566783120e-01 5.149837072196794541e-01 4.459540190013682182e-01
4.295381225902902833e-01 4.980783571387598085e-01 4.221537367391691720e-01 3.971581737380178723e-01 3.994715349507566571e-01 4.817260442260442033e-01 4.368376721317897560e-01 4.773125388483923093e-01 4.295381225902902833e-01 4.789575326488078044e-01
4.368376721317897560e-01 3.939883645765999143e-01 5.055659151268576679e-01 4.538077403245941999e-01 4.838976052848885656e-01 5.342960954646894800e-01 4.734245431602117637e-01 4.857142857142856540e-01 4.830680399500624222e-01 3.925205950334854088e-01
3.971581737380178723e-01 3.984993067449636439e-01 4.990169388989715848e-01 4.023983089353799780e-01 4.094803427015774600e-01 4.688803210323392867e-01 4.666666666666666186e-01 4.492092218113147850e-01 4.538077403245941999e-01 3.917274939172749049e-01
5.125438710516052598e-01 4.146825396825396526e-01 4.564259270141622360e-01 4.221537367391691720e-01 4.246031746031745380e-01 4.094803427015774600e-01 4.388979181177927735e-01 4.170868291516370840e-01 4.141887524240465690e-01 5.061866428145498364e-01
4.141887524240465690e-01 4.345238095238095344e-01 4.511898980087421518e-01 4.017815849269067430e-01 4.194891504523980963e-01 4.343008739076154590e-01 4.320314506410636302e-01 4.590447714218270359e-01 4.246031746031745380e-01 4.218897669461704192e-01
4.511898980087421518e-01 3.939883645765999143e-01 4.517868784448527131e-01 3.883043797406410258e-01 4.221537367391691720e-01 5.142857142857142350e-01 3.883043797406410258e-01 4.118356759365385811e-01 4.801119177253477810e-01 4.194891504523980963e-01
3.939883645765999143e-01 4.294979582032188437e-01 4.466317995729760515e-01 4.517868784448527131e-01 4.789575326488078044e-01 3.939883645765999143e-01 4.419091645429582549e-01 4.688803210323392867e-01 4.141887524240465690e-01 3.917274939172749049e-01
4.194891504523980963e-01 3.794539194491152179e-01 4.246031746031745380e-01 4.319438579558022573e-01 4.368376721317897560e-01 4.270511568584468010e-01 4.895644283121597384e-01 4.492092218113147850e-01 4.760141818965348826e-01 3.742112993649021058e-01
3.824110671936759576e-01 3.802626457151052075e-01 4.370154845652564068e-01 4.122760228372744917e-01 4.444444444444444753e-01 4.830680399500624222e-01 3.574876198834074925e-01 4.040885585003232139e-01 3.555093555093555291e-01 5.338192914053228044e-01
4.172494172494172759e-01 4.007498309807215331e-01 4.345238095238095344e-01 4.543650793650793052e-01 3.962455606291222510e-01 3.883043797406410258e-01 4.071225014448275337e-01 4.165398274987315852e-01 4.017815849269067430e-01 5.188392923236360144e-01
4.063926940639269736e-01 4.170868291516370840e-01 4.635611735330836813e-01 3.489583333333333703e-01 4.319438579558022573e-01 4.564259270141622360e-01 4.395067659540395355e-01 4.141887524240465690e-01 3.860984271943176394e-01 3.939883645765999143e-01
3.824110671936759576e-01 4.170868291516370840e-01 4.294979582032188437e-01 4.245474406991260885e-01 4.440543071161049404e-01 3.883043797406410258e-01 4.165398274987315852e-01 3.860984271943176394e-01 3.845549142514326224e-01 3.984993067449636439e-01
3.421611068669891953e-01 4.040885585003232139e-01 4.063926940639269736e-01 3.679349756576610342e-01 4.270511568584468010e-01 4.141887524240465690e-01 3.802626457151052075e-01 3.824110671936759576e-01 3.679349756576610342e-01 4.007498309807215331e-01
4.511898980087421518e-01 4.147940074906366625e-01 3.905062383479133148e-01 3.845549142514326224e-01 3.905062383479133148e-01 4.294979582032188437e-01 3.927042160737813092e-01 3.824110671936759576e-01 3.824110671936759576e-01 3.802626457151052075e-01
3.962455606291222510e-01 3.762993762993763758e-01 3.824110671936759576e-01 3.984993067449636439e-01 3.905062383479133148e-01 3.984993067449636439e-01 3.845549142514326224e-01 4.492092218113147850e-01 3.905062383479133148e-01 4.469798122720659572e-01
3.824110671936759576e-01 3.905062383479133148e-01 3.594590053763440651e-01 3.905062383479133148e-01 3.927042160737813092e-01 3.927042160737813092e-01 3.905062383479133148e-01 3.845549142514326224e-01 3.824110671936759576e-01 3.742112993649021058e-01
3.845549142514326224e-01 3.659043659043659247e-01 3.679349756576610342e-01 3.845549142514326224e-01 3.824110671936759576e-01 3.845549142514326224e-01 3.679349756576610342e-01 3.984993067449636439e-01 4.007498309807215331e-01 3.984993067449636439e-01
3.421611068669891953e-01 3.824110671936759576e-01 3.927042160737813092e-01 4.218897669461704192e-01 3.883043797406410258e-01 3.927042160737813092e-01 3.421611068669891953e-01 3.927042160737813092e-01 3.421611068669891953e-01 3.927042160737813092e-01
3.824110671936759576e-01 3.421611068669891953e-01 3.845549142514326224e-01 3.927042160737813092e-01 3.333333333333333148e-01 3.365929083349004647e-01 3.905062383479133148e-01 3.333333333333333148e-01 4.007498309807215331e-01 3.845549142514326224e-01
3.333333333333333148e-01 3.594590053763440651e-01 3.845549142514326224e-01 3.845549142514326224e-01 3.333333333333333148e-01 3.962455606291222510e-01 3.742112993649021058e-01 3.927042160737813092e-01 3.384576612903225645e-01 3.333333333333333148e-01
3.421611068669891953e-01 3.845549142514326224e-01 3.333333333333333148e-01 3.315508021390374260e-01 3.508686749276983541e-01 3.845549142514326224e-01 3.802626457151052075e-01 3.333333333333333148e-01 3.762993762993763758e-01 3.594590053763440651e-01
3.333333333333333148e-01 3.824110671936759576e-01 3.594590053763440651e-01 3.679349756576610342e-01 3.845549142514326224e-01 3.508686749276983541e-01 3.845549142514326224e-01 3.333333333333333148e-01 3.333333333333333148e-01 3.845549142514326224e-01
3.824110671936759576e-01 3.333333333333333148e-01 3.315508021390374260e-01 3.927042160737813092e-01 3.421611068669891953e-01 3.679349756576610342e-01 3.679349756576610342e-01 3.421611068669891953e-01 3.845549142514326224e-01 3.824110671936759576e-01
3.333333333333333148e-01 3.679349756576610342e-01 3.333333333333333148e-01 3.508686749276983541e-01 3.421611068669891953e-01 3.927042160737813092e-01 3.333333333333333148e-01 3.333333333333333148e-01 3.315508021390374260e-01 3.333333333333333148e-01
3.333333333333333148e-01 3.845549142514326224e-01 3.333333333333333148e-01 3.333333333333333148e-01 3.333333333333333148e-01 3.845549142514326224e-01 3.333333333333333148e-01 3.824110671936759576e-01 3.845549142514326224e-01 3.333333333333333148e-01
3.421611068669891953e-01 3.333333333333333148e-01 3.333333333333333148e-01 3.594590053763440651e-01 3.333333333333333148e-01 3.333333333333333148e-01 3.333333333333333148e-01 3.333333333333333148e-01 3.333333333333333148e-01 3.333333333333333148e-01
3.594590053763440651e-01 3.845549142514326224e-01 3.333333333333333148e-01 3.333333333333333148e-01 3.594590053763440651e-01 3.333333333333333148e-01 3.845549142514326224e-01 3.845549142514326224e-01 3.421611068669891953e-01 3.333333333333333148e-01
3.333333333333333148e-01 3.333333333333333148e-01 3.333333333333333148e-01 3.297587131367291646e-01 3.333333333333333148e-01 3.333333333333333148e-01 3.333333333333333148e-01 3.333333333333333148e-01 3.333333333333333148e-01 3.333333333333333148e-01
3.333333333333333148e-01 3.333333333333333148e-01 3.594590053763440651e-01 3.297587131367291646e-01 3.845549142514326224e-01 3.333333333333333148e-01 3.845549142514326224e-01 3.333333333333333148e-01 3.333333333333333148e-01 3.333333333333333148e-01
3.333333333333333148e-01 3.333333333333333148e-01 3.333333333333333148e-01 3.594590053763440651e-01 3.333333333333333148e-01 3.333333333333333148e-01 3.333333333333333148e-01 3.333333333333333148e-01 3.333333333333333148e-01 3.333333333333333148e-01
3.333333333333333148e-01 3.333333333333333148e-01 3.333333333333333148e-01 3.333333333333333148e-01 3.333333333333333148e-01 3.333333333333333148e-01 3.333333333333333148e-01 3.333333333333333148e-01 3.333333333333333148e-01 3.333333333333333148e-01
3.333333333333333148e-01 3.333333333333333148e-01 3.333333333333333148e-01 3.333333333333333148e-01 3.333333333333333148e-01 3.333333333333333148e-01 3.333333333333333148e-01 3.333333333333333148e-01 3.333333333333333148e-01 3.333333333333333148e-01
3.333333333333333148e-01 3.489583333333333703e-01 3.333333333333333148e-01 3.333333333333333148e-01 3.333333333333333148e-01 3.333333333333333148e-01 3.333333333333333148e-01 3.333333333333333148e-01 3.333333333333333148e-01 3.333333333333333148e-01
