0.000000000000000000e+00 0.000000000000000000e+00 0.000000000000000000e+00 0.000000000000000000e+00 0.000000000000000000e+00 0.000000000000000000e+00 0.000000000000000000e+00 0.000000000000000000e+00 0.000000000000000000e+00 0.000000000000000000e+00
3.920501856358477033e-01 4.080522340291475869e-01 3.841106397986879251e-01 4.323460152737352291e-01 4.079999999999999738e-01 4.240542824224474705e-01 4.239999999999999880e-01 3.682947537517003989e-01 4.001152497902999428e-01 4.000128006144327841e-01
4.000128006144327841e-01 3.924523658384260760e-01 4.242172548659823850e-01 3.920501856358477033e-01 4.161198597819119049e-01 3.920501856358477033e-01 3.841106397986879251e-01 4.079999999999999738e-01 4.161198597819119049e-01 4.000128006144327841e-01
4.641336897567479025e-01 3.920000000000000151e-01 3.840122885898554217e-01 4.161198597819119049e-01 4.240542824224474705e-01 4.000128006144327841e-01 3.920000000000000151e-01 3.920000000000000151e-01 3.922008582723233716e-01 3.840122885898554217e-01
4.000128006144327841e-01 3.841106397986879251e-01 4.000128006144327841e-01 4.160133126390100911e-01 4.240542824224474705e-01 4.080522340291475869e-01 4.160133126390100911e-01 3.841106397986879251e-01 4.080522340291475869e-01 4.400000000000000022e-01
4.080522340291475869e-01 4.001152497902999428e-01 4.320138246635873980e-01 4.080522340291475869e-01 4.240542824224474705e-01 3.920501856358477033e-01 3.920501856358477033e-01 4.163331998932265354e-01 4.079999999999999738e-01 4.239999999999999880e-01
3.680117765652781148e-01 4.326789733633412682e-01 4.560583792090472932e-01 4.001152497902999428e-01 3.680117765652781148e-01 4.080522340291475869e-01 4.000128006144327841e-01 4.481290797651358848e-01 4.079999999999999738e-01 4.080522340291475869e-01
4.240542824224474705e-01 4.402254531628119194e-01 4.161198597819119049e-01 4.242172548659823850e-01 3.843075691322090925e-01 4.240542824224474705e-01 4.080522340291475869e-01 4.079999999999999738e-01 4.160133126390100911e-01 4.248710287154289222e-01
4.321244697735239226e-01 4.240542824224474705e-01 3.920501856358477033e-01 4.321244697735239226e-01 4.321244697735239226e-01 3.840122885898554217e-01 4.080522340291475869e-01 4.242172548659823850e-01 4.405077575737435525e-01 4.239999999999999880e-01
4.320138246635873980e-01 4.161198597819119049e-01 4.242172548659823850e-01 3.922008582723233716e-01 4.402254531628119194e-01 4.160133126390100911e-01 4.400000000000000022e-01 3.920000000000000151e-01 4.079999999999999738e-01 4.080522340291475869e-01
4.001152497902999428e-01 4.001152497902999428e-01 4.242172548659823850e-01 4.244892936619710233e-01 4.242172548659823850e-01 4.160133126390100911e-01 4.240542824224474705e-01 4.320138246635873980e-01 4.321244697735239226e-01 4.643716460347526720e-01
4.079999999999999738e-01 4.163331998932265354e-01 3.680117765652781148e-01 4.323460152737352291e-01 4.161198597819119049e-01 4.321244697735239226e-01 4.240542824224474705e-01 4.001152497902999428e-01 4.400000000000000022e-01 3.920501856358477033e-01
4.000128006144327841e-01 4.160133126390100911e-01 3.843075691322090925e-01 3.840122885898554217e-01 4.239999999999999880e-01 4.080522340291475869e-01 3.928052906991701398e-01 4.080522340291475869e-01 3.760000000000000009e-01 4.160133126390100911e-01
4.080522340291475869e-01 4.248710287154289222e-01 4.487041205249465148e-01 4.160133126390100911e-01 4.242172548659823850e-01 3.920000000000000151e-01 3.920501856358477033e-01 4.481290797651358848e-01 4.812490182864240795e-01 4.405077575737435525e-01
4.163331998932265354e-01 4.323460152737352291e-01 4.643716460347526720e-01 4.491657504006624779e-01 4.093119004916153103e-01 4.001152497902999428e-01 4.163331998932265354e-01 4.079999999999999738e-01 4.491657504006624779e-01 4.409038977235583134e-01
4.166538262017360772e-01 4.161198597819119049e-01 3.922008582723233716e-01 4.323460152737352291e-01 4.239999999999999880e-01 4.487041205249465148e-01 3.760481372425477642e-01 3.924523658384260760e-01 3.843075691322090925e-01 3.924523658384260760e-01
3.681060298070759074e-01 4.161198597819119049e-01 4.400000000000000022e-01 4.244892936619710233e-01 4.082090565691528505e-01 3.920501856358477033e-01 3.840122885898554217e-01 4.163331998932265354e-01 4.326789733633412682e-01 4.240542824224474705e-01
4.323460152737352291e-01 4.326789733633412682e-01 4.082090565691528505e-01 4.082090565691528505e-01 4.402254531628119194e-01 4.405077575737435525e-01 3.841106397986879251e-01 4.029114820126901142e-01 3.841106397986879251e-01 4.082090565691528505e-01
3.920501856358477033e-01 4.242172548659823850e-01 4.487041205249465148e-01 4.400563308157474096e-01 4.565262214855160261e-01 4.166538262017360772e-01 4.409038977235583134e-01 4.240542824224474705e-01 4.248710287154289222e-01 4.079999999999999738e-01
4.244892936619710233e-01 4.170824825149008763e-01 4.088381597072995310e-01 4.080522340291475869e-01 4.326789733633412682e-01 4.001152497902999428e-01 4.080522340291475869e-01 4.400563308157474096e-01 4.812490182864240795e-01 4.253633475697178867e-01
4.826170890658401658e-01 4.326789733633412682e-01 4.244892936619710233e-01 4.240542824224474705e-01 4.166538262017360772e-01 4.512608598542129368e-01 4.331241164577816494e-01 3.932604534135127339e-01 4.170824825149008763e-01 4.088381597072995310e-01
4.735176888040255605e-01 4.331241164577816494e-01 4.166538262017360772e-01 4.487041205249465148e-01 4.244892936619710233e-01 4.244892936619710233e-01 4.166538262017360772e-01 4.084708297501985497e-01 4.652073843435432510e-01 4.163331998932265354e-01
4.323460152737352291e-01 3.846035318785255841e-01 4.084708297501985497e-01 4.414147946478204076e-01 4.082090565691528505e-01 4.652073843435432510e-01 3.922008582723233716e-01 4.266846113926842099e-01 4.574662417259229841e-01 3.924523658384260760e-01
4.093119004916153103e-01 4.084708297501985497e-01 4.248710287154289222e-01 4.402254531628119194e-01 4.331241164577816494e-01 4.323460152737352291e-01 4.166538262017360772e-01 4.405077575737435525e-01 4.569367667316877601e-01 4.321244697735239226e-01
4.001152497902999428e-01 4.029114820126901142e-01 4.581158842761678951e-01 4.321244697735239226e-01 4.588872235732641691e-01 4.818694246524266589e-01 4.574662417259229841e-01 4.414147946478204076e-01 4.759147952267300807e-01 4.414147946478204076e-01
4.581158842761678951e-01 4.581158842761678951e-01 4.010408485720200478e-01 4.512608598542129368e-01 4.336824821871840263e-01 4.006286790401308306e-01 4.658071104973457999e-01 4.006286790401308306e-01 4.166538262017360772e-01 4.652073843435432510e-01
4.244892936619710233e-01 4.343553801592561214e-01 4.497447963422648853e-01 4.326789733633412682e-01 4.979317388075075734e-01 4.336824821871840263e-01 4.565262214855160261e-01 4.420416427226181444e-01 4.248710287154289222e-01 4.920475001496700806e-01
4.343553801592561214e-01 4.409038977235583134e-01 4.504426164614507844e-01 4.405077575737435525e-01 4.497447963422648853e-01 3.876012664892073967e-01 3.885143449429056539e-01 4.826170890658401658e-01 3.961285757259043749e-01 4.735176888040255605e-01
4.504426164614507844e-01 4.343553801592561214e-01 4.402254531628119194e-01 4.512608598542129368e-01 4.021809075548667956e-01 3.922008582723233716e-01 4.331241164577816494e-01 4.436493853808500809e-01 4.979317388075075734e-01 4.331241164577816494e-01
4.725446853972884997e-01 4.759147952267300807e-01 4.826170890658401658e-01 4.665298527636454473e-01 4.658071104973457999e-01 4.326789733633412682e-01 4.176201680321031118e-01 4.360514248003583004e-01 3.714512137188237251e-01 4.759147952267300807e-01
4.015578538770221972e-01 4.331241164577816494e-01 4.166538262017360772e-01 4.683515303411255881e-01 4.487041205249465148e-01 4.405077575737435525e-01 4.522014775707419165e-01 4.436493853808500809e-01 4.331241164577816494e-01 4.253633475697178867e-01
4.818694246524266589e-01 4.176201680321031118e-01 4.343553801592561214e-01 4.021809075548667956e-01 4.569367667316877601e-01 3.783806931218142711e-01 4.504426164614507844e-01 3.938189180619688923e-01 4.176201680321031118e-01 4.446341156107089798e-01
4.741901258297176458e-01 4.446341156107089798e-01 4.331241164577816494e-01 4.581158842761678951e-01 4.343553801592561214e-01 4.021809075548667956e-01 4.658071104973457999e-01 4.469772402767369646e-01 4.343553801592561214e-01 4.266846113926842099e-01
4.497447963422648853e-01 4.588872235732641691e-01 4.769711422005786794e-01 4.037513192595910128e-01 4.597820903037900808e-01 3.982160867920019887e-01 3.783222246018671520e-01 4.749885296635540932e-01 4.176201680321031118e-01 4.436493853808500809e-01
4.781601300991336068e-01 4.673773191347205813e-01 4.133248582212849520e-01 5.254766820853833398e-01 4.673773191347205813e-01 5.006516358818928758e-01 4.920475001496700806e-01 4.920475001496700806e-01 4.457424941602092794e-01 4.253633475697178867e-01
4.414147946478204076e-01 4.910898357538440728e-01 4.343553801592561214e-01 4.113839755349700811e-01 4.512608598542129368e-01 4.741901258297176458e-01 4.658071104973457999e-01 4.420416427226181444e-01 4.015578538770221972e-01 4.113839755349700811e-01
4.673773191347205813e-01 4.665298527636454473e-01 4.170824825149008763e-01 4.741901258297176458e-01 4.619513121296714431e-01 4.706899180418667172e-01 4.749885296635540932e-01 4.427859174829741895e-01 4.351444005737053478e-01 4.093119004916153103e-01
4.697288167552876037e-01 4.436493853808500809e-01 3.819623689637570152e-01 4.557819093751083739e-01 4.608026289056438296e-01 3.876012664892073967e-01 4.105833053023942303e-01 4.015578538770221972e-01 4.307235224484919911e-01 4.284656023157740745e-01
4.581158842761678951e-01 4.331241164577816494e-01 3.755884272267539514e-01 4.294149078927830820e-01 3.895364838967173005e-01 3.932841152066773316e-01 4.343553801592561214e-01 4.105833053023942303e-01 4.845015831115092042e-01 4.588872235732641691e-01
5.105777660380579341e-01 4.057671707257471394e-01 4.122970890208392247e-01 4.781601300991336068e-01 3.971160402518227883e-01 3.858035996359841513e-01 4.694548334726776906e-01 4.446341156107089798e-01 4.446341156107089798e-01 4.284656023157740745e-01
4.512608598542129368e-01 4.022207740885792582e-01 3.907316574619034699e-01 3.516919151152068101e-01 4.752183058747351252e-01 4.809480747109235454e-01 4.186379485411743095e-01 3.858035996359841513e-01 4.320381010115075804e-01 3.255585066965059893e-01
5.046156853795842334e-01 4.446341156107089798e-01 3.303191599175254733e-01 4.632309581049819380e-01 3.646984043128985165e-01 4.834937784152281703e-01 4.661962595713206592e-01 4.007652055963984439e-01 4.920475001496700806e-01 4.382285443838069283e-01
4.190279412931977587e-01 4.073585365028355443e-01 4.370786380607688537e-01 4.276686017238497950e-01 4.284656023157740745e-01 5.079919821419581760e-01 4.057671707257471394e-01 4.245782220824175224e-01 4.112198093498555806e-01 4.295336761907471157e-01
4.260577914739004379e-01 3.668248027456196270e-01 4.469772402767369646e-01 4.794846759332269115e-01 4.208905403548144908e-01 4.512608598542129368e-01 4.133248582212849520e-01 4.457424941602092794e-01 4.382285443838069283e-01 3.932841152066773316e-01
4.457424941602092794e-01 4.883377600447589839e-01 3.932841152066773316e-01 4.022207740885792582e-01 4.424446296075119633e-01 4.313014184927241867e-01 4.307235224484919911e-01 3.182619748320838493e-01 4.069481333706324588e-01 4.683515303411255881e-01
3.947710169758613663e-01 4.826170890658401658e-01 4.047024426488600723e-01 4.934637712198267079e-01 4.769711422005786794e-01 4.557819093751083739e-01 3.558583453780551631e-01 4.522014775707419165e-01 4.144698046202470176e-01 4.370786380607688537e-01
3.906702080358071538e-01 4.171229690901290255e-01 4.245782220824175224e-01 3.876012664892073967e-01 4.522014775707419165e-01 4.943689480685957705e-01 4.735680169380810933e-01 4.717192020127707885e-01 3.680496786089373362e-01 4.825540230650511853e-01
4.424446296075119633e-01 4.457424941602092794e-01 3.876012664892073967e-01 3.693864251833890999e-01 4.395039840402830689e-01 4.619513121296714431e-01 3.947710169758613663e-01 4.469772402767369646e-01 5.461613729768114434e-01 4.957383937614718850e-01
3.783222246018671520e-01 4.720598347099336789e-01 3.873349464594226244e-01 4.128989498969068417e-01 4.469772402767369646e-01 4.171229690901290255e-01 4.720598347099336789e-01 3.963829919010305458e-01 3.858035996359841513e-01 5.171409952567447288e-01
4.706899180418667172e-01 4.624468238845356738e-01 4.166666666666666852e-01 4.133248582212849520e-01 3.947710169758613663e-01 3.946793728431469694e-01 4.128989498969068417e-01 5.079919821419581760e-01 4.557819093751083739e-01 4.646447501444515571e-01
3.981243863009761852e-01 3.981243863009761852e-01 5.007238208041496774e-01 4.073585365028355443e-01 4.260577914739004379e-01 4.333333333333333481e-01 4.441173940978440648e-01 3.852644958493646188e-01 4.000000000000000222e-01 4.666666666666666741e-01
3.873349464594226244e-01 3.462042713550141926e-01 4.171229690901290255e-01 4.551676510649542706e-01 4.186379485411743095e-01 4.588314677411235443e-01 4.038019652808612636e-01 3.768972770730657507e-01 4.147129023968502137e-01 3.981243863009761852e-01
5.388877434122991694e-01 4.144698046202470176e-01 3.946793728431469694e-01 3.592200047244910599e-01 4.572380853195265327e-01 4.498384960775900776e-01 4.382285443838069283e-01 4.038019652808612636e-01 3.963829919010305458e-01 4.386161001171377527e-01
4.572380853195265327e-01 4.334807325838595515e-01 3.693864251833890999e-01 4.093437263139549365e-01 3.873202524122547064e-01 4.294149078927830820e-01 4.128989498969068417e-01 4.514722974463644678e-01 3.778845059136513584e-01 4.093437263139549365e-01
3.981243863009761852e-01 4.770149788458324935e-01 3.067191794659486215e-01 3.755884272267539514e-01 4.954787398762882100e-01 4.605661864718382792e-01 4.313014184927241867e-01 4.041755963054844414e-01 4.406122945846996375e-01 4.313014184927241867e-01
4.862105296238942165e-01 4.245488471240085326e-01 3.772968873135194579e-01 4.355163866123252236e-01 3.355467263977837677e-01 4.260516335104428953e-01 4.282691067021381914e-01 3.946793728431469694e-01 4.219978575547770339e-01 4.187657563580050035e-01
4.259988603693731224e-01 5.095911694928826341e-01 3.926358191174669776e-01 4.234248255629807778e-01 4.644203640128239385e-01 4.239854155437675631e-01 4.594674479034188130e-01 4.976554828762202454e-01 3.907316574619034699e-01 4.424446296075119633e-01
3.889614472736881989e-01 4.355163866123252236e-01 3.333333333333333148e-01 4.210162461515463139e-01 4.306443375391640349e-01 4.282691067021381914e-01 4.430388147841480273e-01 2.644572365007808457e-01 2.199337835071649427e-01 3.333333333333333148e-01
3.889614472736881989e-01 3.895508395179423378e-01 4.644784506844721883e-01 4.089589059545982175e-01 3.626083207477345804e-01 3.404199087681480940e-01 3.425120975280031010e-01 4.871794871794871695e-01 4.358974358974359031e-01 3.814281712704201688e-01
5.191739553611073310e-01 3.355467263977837677e-01 4.239854155437675631e-01 3.055050463303893293e-01 4.478899345885982153e-01 4.450639736316338024e-01 3.459464809196833857e-01 3.873349464594226244e-01 3.154498367547517446e-01 4.282691067021381914e-01
4.738660526665637862e-01 4.114742397726425804e-01 3.527542508284393641e-01 4.857682773752858285e-01 3.798753836404838435e-01 4.041755963054844414e-01 3.229624775492687117e-01 4.478899345885982153e-01 4.833333333333333370e-01 4.188034188034188143e-01
3.415807960158942502e-01 4.313014184927241867e-01 3.852644958493646188e-01 3.946793728431469694e-01 3.680248095472103409e-01 4.234248255629807778e-01 3.652311999283315846e-01 4.521910094350772291e-01 3.873349464594226244e-01 4.981963904864838977e-01
3.852644958493646188e-01 2.653343152526161930e-01 4.134755129934700735e-01 2.915475947422649927e-01 3.229624775492687117e-01 2.956561979945413476e-01 4.475323507759940145e-01 3.753347712059069141e-01 3.873349464594226244e-01 3.355467263977837677e-01
4.134925425455562298e-01 2.177862025921883105e-01 2.799617809795339474e-01 4.282691067021381914e-01 3.499999999999999778e-01 3.404199087681480940e-01 2.359350528082040099e-01 4.600787691989229877e-01 3.991690164457885603e-01 2.721655269759086782e-01
4.378568959976081865e-01 3.408871622407156354e-01 3.826231618296807580e-01 4.501721127542799294e-01 4.644203640128239385e-01 4.378568959976081865e-01 4.245488471240085326e-01 3.799802978286741517e-01 3.229624775492687117e-01 4.260516335104428953e-01
4.089589059545982175e-01 3.652339782723403316e-01 2.916059217599021314e-01 3.453412578549853174e-01 4.427595407069308542e-01 3.709992580022259956e-01 2.644572365007808457e-01 2.234222275181565465e-01 4.115966043420212217e-01 3.652311999283315846e-01
4.358974358974359031e-01 3.299560087980449308e-01 3.626083207477345804e-01 4.041755963054844414e-01 4.630461798847738675e-01 3.772968873135194579e-01 3.595587326483097312e-01 4.102496336436656788e-01 3.847730295253815047e-01 2.680107029950363207e-01
4.430388147841480273e-01 4.430388147841480273e-01 3.482868981757140658e-01 3.415807960158942502e-01 4.174070856323789935e-01 3.699617752590949049e-01 3.862256984932393999e-01 3.191725268112872160e-01 3.085304536722667801e-01 2.927239453935782665e-01
2.887126907173415136e-01 2.932942300427066051e-01 3.275686369939332931e-01 2.602896031476767402e-01 3.593134953348083860e-01 2.220900928092230942e-01 4.115966043420212217e-01 3.341479321368630573e-01 3.073393159249119266e-01 4.331844858578920432e-01
3.847730295253815047e-01 1.944039478399347542e-01 3.073393159249119266e-01 4.190990671703344606e-01 4.521910094350772291e-01 2.149920232614010440e-01 3.229556538786503284e-01 3.280741949622360543e-01 2.463818641631436157e-01 3.909018937266021121e-01
3.955146059131407488e-01 4.144095094259823697e-01 3.777398284289010810e-01 2.354674540482011580e-01 3.385309064224041875e-01 3.559026084010437074e-01 3.955146059131407488e-01 4.134925425455562298e-01 3.556493870182915185e-01 3.385309064224041875e-01
2.861833503370020404e-01 2.446633741504926629e-01 2.383548132479281212e-01 1.886001243298403851e-01 2.559428848350012720e-01 3.415807960158942502e-01 2.332847374079217162e-01 2.055172342864138302e-01 4.098005709323840340e-01 4.314704791779717108e-01
4.494484158103871918e-01 3.593134953348083860e-01 3.629770043203138230e-01 2.543437526662795656e-01 4.169098616211569519e-01 3.680248095472103409e-01 3.765875486765087321e-01 2.016397831543607910e-01 2.773945096578331881e-01 3.149228315669433953e-01
3.445925663400528083e-01 3.485451425426794314e-01 4.715381956897318760e-01 5.056140874979988542e-01 2.993388207428658854e-01 3.325200760476249018e-01 3.108645865921195184e-01 2.764915833675966050e-01 1.890656171557054399e-01 1.740411616878008438e-01
2.520874895409405680e-01 2.622440272428743224e-01 3.371708921694098193e-01 3.632191915476232213e-01 2.764915833675966050e-01 2.952909296357579261e-01 4.771187236136978926e-01 2.800000000000000266e-01 2.186432666440484840e-01 3.325200760476249018e-01
3.871692996897505012e-01 4.521910094350772291e-01 3.385309064224041875e-01 3.890223213474006680e-01 3.334477040120576996e-01 4.075471937925149724e-01 1.914509528759052448e-01 3.593134953348083860e-01 2.234222275181565465e-01 2.332847374079217162e-01
4.276179870598789678e-01 3.032392174315613476e-01 4.268318603254282473e-01 4.174235549683609214e-01 2.686353447586676824e-01 1.890656171557054399e-01 2.000000000000000111e-01 2.999999999999999889e-01 2.373331837309304027e-01 3.229556538786503284e-01
3.200000000000000067e-01 2.956561979945413476e-01 4.377256923779048736e-01 2.956561979945413476e-01 4.749789427930456998e-01 1.858140312784501424e-01 4.276886852478564705e-01 4.032795663087215821e-01 1.433077974240328789e-01 2.013882835704829122e-01
2.139802462554564466e-01 2.941020711310973756e-01 2.535445646732889524e-01 4.451644960814244434e-01 4.145924946170865821e-01 3.883340832941922227e-01 3.645765393153347356e-01 3.033940182060688162e-01 3.096900521307502374e-01 8.272012902459444095e-02
3.046666738883953007e-01 2.730947803360189718e-01 3.304867113278890933e-01 3.229556538786503284e-01 2.481580583287373576e-01 3.526728079292991702e-01 3.672739263265312748e-01 3.073821170286317739e-01 3.173691771954015861e-01 2.954290322306944439e-01
4.314704791779717108e-01 2.878633476613353115e-01 2.642364440825320515e-01 2.420839754357786977e-01 2.064187386168560012e-01 3.153666111941774153e-01 2.354674540482011580e-01 3.032392174315613476e-01 3.221916685210339804e-01 4.671555666288728093e-01
3.519725764571720039e-01 3.716280625569002849e-01 2.063222270949752468e-01 2.278619756748877512e-01 2.890440486553668697e-01 1.890656171557054399e-01 4.239062544437993130e-01 2.640444507032759236e-01 2.394664348958626399e-01 3.304867113278890933e-01
2.916059217599021314e-01 2.029385157727363886e-01 3.224608291466228849e-01 4.129200695076669647e-01 2.353782708810021052e-01 4.523915519718936795e-01 2.400396792595916040e-01 3.275686369939332931e-01 3.361166527212541277e-01 2.451110848018725197e-01
2.140242270165499672e-01 2.228282589107931921e-01 2.759457847949052245e-01 3.055050463303893293e-01 2.353782708810021052e-01 2.620712091804796029e-01 2.995723447576390530e-01 2.535445646732889524e-01 3.378446079822016723e-01 1.694347484174714979e-01
6.919793870714470441e-02 1.129564989449809986e-01 1.711841970043651573e-01 2.394565713052878575e-01 3.112935426968742036e-01 1.245562896728604624e-01 2.533333333333333548e-01 3.055050463303893293e-01 3.112935426968742036e-01 1.900939063077489444e-01
3.094922302950864693e-02 2.063222270949752468e-01 1.129564989449809986e-01 2.155109141747590662e-01 1.112232596242534177e-01 2.520874895409405680e-01 3.564912449165930086e-01 1.822895805399102065e-01 3.559026084010437074e-01 3.509820590815169172e-01
1.873683029454713822e-01 3.112508255602868812e-01 2.811127713994909239e-01 1.890656171557054399e-01 2.139802462554564466e-01 2.451441493940185179e-01 2.484635949418678436e-01 3.044077736591045968e-01 1.969463855669323915e-01 1.197282856526439287e-01
1.689664950130657650e-01 2.941020711310973756e-01 4.534364673376703458e-01 1.769303473858765685e-01 2.618614682831908458e-01 1.834498464263357165e-01 1.900939063077489444e-01 1.915652570442303027e-01 2.461829819586654755e-01 2.140242270165499672e-01
2.706356355594706775e-01 4.766711126753717803e-02 2.050757781073989650e-01 3.851644432598216317e-01 1.820490239073311034e-01 3.509820590815169172e-01 1.436739427831727201e-01 2.333800140046682903e-01 1.747794079809696643e-01 2.448608131252353604e-01
2.100420126042014668e-01 1.915652570442303027e-01 1.886001243298403851e-01 1.723280873710658356e-01 3.119595624751104745e-01 8.743854137455331355e-02 2.964104579937059669e-01 1.268365723579602533e-01 2.916059217599021314e-01 2.266666666666666552e-01
1.834498464263357165e-01 3.190067659448428405e-01 2.373331837309304027e-01 2.064187386168560012e-01 1.391778001278441979e-01 1.179535649239177170e-01 2.506481732423765374e-01 2.008917419168722018e-01 1.577758207196869600e-01 2.800560168056019372e-01
2.629521670871498573e-01 2.075938161214340993e-01 2.791418366579077048e-01 2.706356355594706775e-01 2.064187386168560012e-01 1.733333333333333393e-01 1.962278122357480059e-01 2.451110848018725197e-01 2.790404591875125240e-01 1.411956236812262622e-01
1.430013338026115410e-01 2.715627232967842142e-01 1.307440900921226778e-01 6.958890006392209893e-02 9.007912422186249712e-02 2.352729916042919922e-01 1.547461151475432173e-01 1.775712013011443435e-01 1.430013338026115410e-01 2.172501786374273491e-01
1.547461151475432173e-01 9.751573787215116196e-02 2.536731447159205066e-01 1.962278122357480059e-01 1.873683029454713822e-01 2.800560168056019372e-01 1.834498464263357165e-01 2.266666666666666552e-01 2.867944948060932586e-01 3.268602252303066946e-02
6.958890006392209893e-02 1.503032128268605438e-01 2.448608131252353604e-01 6.537204504606133892e-02 1.261107739106074876e-01 2.701136305160440343e-01 1.733333333333333393e-01 2.065574821593277599e-01 1.962278122357480059e-01 7.484811885651197760e-02
2.394565713052878575e-01 1.179012689493126598e-01 2.166445612065605042e-01 1.307440900921226778e-01 1.515873457919734157e-01 1.261107739106074876e-01 1.297821967380098085e-01 1.391778001278441979e-01 1.755283281698720999e-01 2.305954302826194180e-01
1.755283281698720999e-01 1.852734226346341717e-01 1.769303473858765685e-01 1.122721782847679595e-01 1.621424235993524920e-01 1.358500238555178652e-01 1.634301126151533612e-01 2.383355563376858832e-01 1.515873457919734157e-01 1.871202971412799232e-01
1.769303473858765685e-01 9.751573787215116196e-02 2.288021576612147001e-01 1.073594377334718131e-01 1.307440900921226778e-01 3.066666666666666430e-01 1.073594377334718131e-01 1.496962377130239552e-01 1.933111682567647538e-01 1.621424235993524920e-01
9.751573787215116196e-02 1.981740732880974964e-01 1.856953381770518607e-01 2.288021576612147001e-01 2.172501786374273491e-01 9.751573787215116196e-02 1.961161351381840168e-01 2.701136305160440343e-01 1.755283281698720999e-01 7.484811885651197760e-02
1.621424235993524920e-01 1.801582484437249873e-02 1.515873457919734157e-01 2.245443565695359189e-01 1.547461151475432173e-01 1.739722501598052751e-01 2.190859906910000432e-01 2.065574821593277599e-01 2.785430072655777911e-01 1.045416746978633377e-01
1.212321612422179867e-01 9.090909090909091161e-02 2.087667001917663245e-01 9.805806756909200839e-02 2.189594994772949277e-01 2.867944948060932586e-01 6.375767130633383517e-02 1.365220330210116240e-01 2.857142857142857054e-02 3.297750881306966697e-01
9.284766908852593037e-02 1.818181818181818232e-01 1.852734226346341717e-01 2.526455763199557114e-01 1.224744871391589135e-01 1.073594377334718131e-01 1.043833500958831623e-01 2.041241452319315086e-01 1.122721782847679595e-01 2.481603870737833228e-01
1.632993161855452180e-01 1.391778001278441979e-01 2.264167064258630901e-01 3.673591791853225708e-02 2.245443565695359189e-01 2.166445612065605042e-01 2.342057229768425008e-01 1.755283281698720999e-01 8.164965809277260900e-02 9.751573787215116196e-02
1.212321612422179867e-01 1.391778001278441979e-01 1.981740732880974964e-01 1.056611296654027671e-01 1.660389180456329217e-01 1.073594377334718131e-01 2.041241452319315086e-01 8.164965809277260900e-02 1.568125120467950273e-01 1.503032128268605438e-01
6.337242505244779223e-02 1.365220330210116240e-01 1.632993161855452180e-01 1.275153426126676703e-01 1.739722501598052751e-01 1.755283281698720999e-01 9.090909090909091161e-02 1.212321612422179867e-01 1.275153426126676703e-01 1.818181818181818232e-01
1.769303473858765685e-01 7.547223547528769672e-02 1.363636363636363535e-01 1.568125120467950273e-01 1.363636363636363535e-01 1.981740732880974964e-01 1.697250257391051675e-01 1.212321612422179867e-01 1.212321612422179867e-01 9.090909090909091161e-02
1.224744871391589135e-01 1.428571428571428492e-01 1.212321612422179867e-01 1.503032128268605438e-01 1.363636363636363535e-01 1.503032128268605438e-01 1.568125120467950273e-01 2.065574821593277599e-01 1.363636363636363535e-01 2.435611502237273740e-01
1.212321612422179867e-01 1.363636363636363535e-01 1.102077537555967574e-01 1.363636363636363535e-01 1.697250257391051675e-01 1.697250257391051675e-01 1.363636363636363535e-01 1.568125120467950273e-01 1.212321612422179867e-01 1.045416746978633377e-01
1.568125120467950273e-01 8.571428571428571508e-02 1.275153426126676703e-01 1.568125120467950273e-01 1.212321612422179867e-01 1.568125120467950273e-01 1.275153426126676703e-01 1.503032128268605438e-01 1.818181818181818232e-01 1.503032128268605438e-01
6.337242505244779223e-02 1.212321612422179867e-01 1.697250257391051675e-01 1.871202971412799232e-01 1.073594377334718131e-01 1.697250257391051675e-01 6.337242505244779223e-02 1.697250257391051675e-01 6.337242505244779223e-02 1.697250257391051675e-01
1.212321612422179867e-01 6.337242505244779223e-02 1.568125120467950273e-01 1.697250257391051675e-01 0.000000000000000000e+00 -6.375767130633383517e-02 1.363636363636363535e-01 0.000000000000000000e+00 1.818181818181818232e-01 1.568125120467950273e-01
0.000000000000000000e+00 1.102077537555967574e-01 1.568125120467950273e-01 1.568125120467950273e-01 0.000000000000000000e+00 1.224744871391589135e-01 1.045416746978633377e-01 1.697250257391051675e-01 -3.673591791853225708e-02 0.000000000000000000e+00
6.337242505244779223e-02 1.568125120467950273e-01 0.000000000000000000e+00 -6.337242505244779223e-02 8.980265101338745504e-02 1.568125120467950273e-01 9.090909090909091161e-02 0.000000000000000000e+00 1.428571428571428492e-01 1.102077537555967574e-01
0.000000000000000000e+00 1.212321612422179867e-01 1.102077537555967574e-01 1.275153426126676703e-01 1.568125120467950273e-01 8.980265101338745504e-02 1.568125120467950273e-01 0.000000000000000000e+00 0.000000000000000000e+00 1.568125120467950273e-01
1.212321612422179867e-01 0.000000000000000000e+00 -6.337242505244779223e-02 1.697250257391051675e-01 6.337242505244779223e-02 1.275153426126676703e-01 1.275153426126676703e-01 6.337242505244779223e-02 1.568125120467950273e-01 1.212321612422179867e-01
0.000000000000000000e+00 1.275153426126676703e-01 0.000000000000000000e+00 8.980265101338745504e-02 6.337242505244779223e-02 1.697250257391051675e-01 0.000000000000000000e+00 0.000000000000000000e+00 -6.337242505244779223e-02 0.000000000000000000e+00
0.000000000000000000e+00 1.568125120467950273e-01 0.000000000000000000e+00 0.000000000000000000e+00 0.000000000000000000e+00 1.568125120467950273e-01 0.000000000000000000e+00 1.212321612422179867e-01 1.568125120467950273e-01 0.000000000000000000e+00
6.337242505244779223e-02 0.000000000000000000e+00 0.000000000000000000e+00 1.102077537555967574e-01 0.000000000000000000e+00 0.000000000000000000e+00 0.000000000000000000e+00 0.000000000000000000e+00 0.000000000000000000e+00 0.000000000000000000e+00
1.102077537555967574e-01 1.568125120467950273e-01 0.000000000000000000e+00 0.000000000000000000e+00 1.102077537555967574e-01 0.000000000000000000e+00 1.568125120467950273e-01 1.568125120467950273e-01 6.337242505244779223e-02 0.000000000000000000e+00
0.000000000000000000e+00 0.000000000000000000e+00 0.000000000000000000e+00 -8.980265101338745504e-02 0.000000000000000000e+00 0.000000000000000000e+00 0.000000000000000000e+00 0.000000000000000000e+00 0.000000000000000000e+00 0.000000000000000000e+00
0.000000000000000000e+00 0.000000000000000000e+00 1.102077537555967574e-01 -8.980265101338745504e-02 1.568125120467950273e-01 0.000000000000000000e+00 1.568125120467950273e-01 0.000000000000000000e+00 0.000000000000000000e+00 0.000000000000000000e+00
0.000000000000000000e+00 0.000000000000000000e+00 0.000000000000000000e+00 1.102077537555967574e-01 0.000000000000000000e+00 0.000000000000000000e+00 0.000000000000000000e+00 0.000000000000000000e+00 0.000000000000000000e+00 0.000000000000000000e+00
0.000000000000000000e+00 0.000000000000000000e+00 0.000000000000000000e+00 0.000000000000000000e+00 0.000000000000000000e+00 0.000000000000000000e+00 0.000000000000000000e+00 0.000000000000000000e+00 0.000000000000000000e+00 0.000000000000000000e+00
0.000000000000000000e+00 0.000000000000000000e+00 0.000000000000000000e+00 0.000000000000000000e+00 0.000000000000000000e+00 0.000000000000000000e+00 0.000000000000000000e+00 0.000000000000000000e+00 0.000000000000000000e+00 0.000000000000000000e+00
0.000000000000000000e+00 3.673591791853225708e-02 0.000000000000000000e+00 0.000000000000000000e+00 0.000000000000000000e+00 0.000000000000000000e+00 0.000000000000000000e+00 0.000000000000000000e+00 0.000000000000000000e+00 0.000000000000000000e+00
