0.000000000000000000e+00 0.000000000000000000e+00 0.000000000000000000e+00 0.000000000000000000e+00 0.000000000000000000e+00 0.000000000000000000e+00 0.000000000000000000e+00 0.000000000000000000e+00 0.000000000000000000e+00 0.000000000000000000e+00
9.855072463768116409e-01 9.855072463768116409e-01 9.855072463768116409e-01 9.855072463768116409e-01 9.855072463768116409e-01 9.855072463768116409e-01 9.855072463768116409e-01 9.855072463768116409e-01 9.782608695652174058e-01 9.855072463768116409e-01
9.855072463768116409e-01 9.855072463768116409e-01 9.855072463768116409e-01 9.855072463768116409e-01 9.855072463768116409e-01 9.855072463768116409e-01 9.855072463768116409e-01 9.855072463768116409e-01 9.855072463768116409e-01 9.855072463768116409e-01
9.710144927536231707e-01 9.855072463768116409e-01 9.855072463768116409e-01 9.782608695652174058e-01 9.855072463768116409e-01 9.855072463768116409e-01 9.855072463768116409e-01 9.855072463768116409e-01 9.855072463768116409e-01 9.855072463768116409e-01
9.855072463768116409e-01 9.855072463768116409e-01 9.855072463768116409e-01 9.855072463768116409e-01 9.855072463768116409e-01 9.782608695652174058e-01 9.855072463768116409e-01 9.855072463768116409e-01 9.855072463768116409e-01 9.855072463768116409e-01
9.855072463768116409e-01 9.855072463768116409e-01 9.855072463768116409e-01 9.782608695652174058e-01 9.855072463768116409e-01 9.855072463768116409e-01 9.855072463768116409e-01 9.855072463768116409e-01 9.855072463768116409e-01 9.855072463768116409e-01
9.855072463768116409e-01 9.855072463768116409e-01 9.710144927536231707e-01 9.782608695652174058e-01 9.782608695652174058e-01 9.855072463768116409e-01 9.855072463768116409e-01 9.855072463768116409e-01 9.855072463768116409e-01 9.710144927536231707e-01
9.565217391304348116e-01 9.855072463768116409e-01 9.782608695652174058e-01 9.710144927536231707e-01 9.855072463768116409e-01 9.782608695652174058e-01 9.855072463768116409e-01 9.855072463768116409e-01 9.855072463768116409e-01 9.782608695652174058e-01
9.782608695652174058e-01 9.855072463768116409e-01 9.275362318840579823e-01 9.565217391304348116e-01 9.275362318840579823e-01 9.855072463768116409e-01 9.710144927536231707e-01 9.855072463768116409e-01 9.855072463768116409e-01 9.782608695652174058e-01
6.231884057971014412e-01 7.826086956521739468e-01 9.710144927536231707e-01 9.492753623188405765e-01 9.347826086956522174e-01 9.710144927536231707e-01 7.898550724637680709e-01 9.565217391304348116e-01 9.565217391304348116e-01 8.985507246376811530e-01
