0.000000000000000000e+00 0.000000000000000000e+00 0.000000000000000000e+00 0.000000000000000000e+00 0.000000000000000000e+00 0.000000000000000000e+00 0.000000000000000000e+00 0.000000000000000000e+00 0.000000000000000000e+00 0.000000000000000000e+00
9.636842105263158098e-01 9.815359914369814476e-01 9.815359914369814476e-01 9.815359914369814476e-01 9.815359914369814476e-01 9.815359914369814476e-01 9.815359914369814476e-01 9.815359914369814476e-01 9.815359914369814476e-01 9.815359914369814476e-01
9.636842105263158098e-01 9.725373134328358926e-01 9.815359914369814476e-01 9.636842105263158098e-01 9.815359914369814476e-01 9.815359914369814476e-01 9.815359914369814476e-01 9.815359914369814476e-01 9.815359914369814476e-01 9.815359914369814476e-01
9.815359914369814476e-01 9.815359914369814476e-01 9.815359914369814476e-01 9.815359914369814476e-01 9.815359914369814476e-01 9.815359914369814476e-01 9.815359914369814476e-01 9.815359914369814476e-01 9.815359914369814476e-01 9.815359914369814476e-01
9.815359914369814476e-01 9.815359914369814476e-01 9.725373134328358926e-01 9.815359914369814476e-01 9.815359914369814476e-01 9.815359914369814476e-01 9.636842105263158098e-01 9.815359914369814476e-01 9.815359914369814476e-01 9.815359914369814476e-01
9.815359914369814476e-01 9.815359914369814476e-01 9.815359914369814476e-01 9.815359914369814476e-01 9.815359914369814476e-01 9.815359914369814476e-01 9.815359914369814476e-01 9.815359914369814476e-01 9.815359914369814476e-01 9.815359914369814476e-01
9.815359914369814476e-01 9.815359914369814476e-01 9.815359914369814476e-01 9.815359914369814476e-01 9.725373134328358926e-01 9.815359914369814476e-01 9.636842105263158098e-01 9.815359914369814476e-01 9.815359914369814476e-01 9.636842105263158098e-01
9.463869463869463150e-01 9.815359914369814476e-01 9.725373134328358926e-01 9.636842105263158098e-01 9.815359914369814476e-01 9.815359914369814476e-01 9.815359914369814476e-01 9.815359914369814476e-01 9.815359914369814476e-01 9.815359914369814476e-01
9.725373134328358926e-01 9.815359914369814476e-01 9.549696534621158195e-01 9.636842105263158098e-01 9.463869463869463150e-01 9.815359914369814476e-01 9.815359914369814476e-01 9.815359914369814476e-01 9.815359914369814476e-01 9.725373134328358926e-01
8.516129032258064058e-01 9.549696534621158195e-01 9.636842105263158098e-01 9.636842105263158098e-01 9.725373134328358926e-01 9.815359914369814476e-01 9.549696534621158195e-01 9.815359914369814476e-01 9.815359914369814476e-01 9.636842105263158098e-01
