0.000000000000000000e+00 0.000000000000000000e+00 0.000000000000000000e+00 0.000000000000000000e+00 0.000000000000000000e+00 0.000000000000000000e+00 0.000000000000000000e+00 0.000000000000000000e+00 0.000000000000000000e+00 0.000000000000000000e+00
-3.358512911030056558e-02 -5.583543418106733797e-02 7.789808377045201460e-02 -2.224420266500645380e-02 -1.111179704568046600e-02 -9.072184232530289272e-02 2.231053741265801027e-02 -1.116708683621346794e-02 1.001546791334383124e-01 -8.968970586617500129e-02
-3.333539113704139800e-02 -4.444444444444444614e-02 3.394438431427919400e-02 5.634361698190110818e-02 -3.394438431427919400e-02 2.377585171827370156e-02 1.367526917515655416e-01 -3.358512911030056558e-02 5.746367289240250642e-02 4.484485293308750065e-02
5.614434627108089854e-02 -1.096990115012438094e-01 2.305714879553582078e-02 -4.448840533001290759e-02 1.313719667150034243e-01 2.338261867724777954e-02 9.510340687309480623e-02 0.000000000000000000e+00 0.000000000000000000e+00 4.558423058385517590e-02
-3.358512911030056558e-02 0.000000000000000000e+00 -9.428090415820633563e-02 6.804138174397716954e-02 -7.789808377045201460e-02 1.248148652372911213e-02 4.454354031873739711e-02 7.957114669254916617e-02 -2.321191727213148259e-02 5.683653335182083793e-02
3.794429649971261392e-02 5.170876899950191397e-02 -1.183535554371126057e-02 6.240743261864556413e-02 1.048284836721918301e-01 1.183535554371126057e-02 -3.656633716708126980e-02 6.164389345460909164e-02 -7.442084075352507766e-02 -2.338261867724777954e-02
-1.374773395873621872e-02 1.206045378311054565e-02 -8.096409047527364233e-02 6.623242797019571193e-02 7.354355067681901670e-02 -1.961161351381840445e-01 -5.699056884122059852e-02 -1.324648559403914135e-02 6.240743261864556413e-02 9.510340687309480623e-02
-5.424147816551094792e-02 5.170876899950191397e-02 -8.853669183266275888e-02 2.777777777777777624e-02 8.167991551759951063e-02 -3.065696697424829045e-02 -2.981423969999719495e-02 -1.730580438837216878e-02 0.000000000000000000e+00 0.000000000000000000e+00
-6.030226891555271612e-02 7.779333800155610601e-02 -1.164888333569817913e-01 1.808049272183698264e-02 -4.454354031873739711e-02 3.794429649971261392e-02 1.606438657804997588e-02 -3.904344047215151797e-02 -7.779333800155610601e-02 -1.017680297329137534e-01
-6.438598483954903473e-02 -8.320630954070128149e-02 1.507556722888817868e-01 1.171303214164545470e-01 3.380617018914066491e-02 -6.189844605901728691e-02 0.000000000000000000e+00 -3.380617018914066491e-02 1.664126190814025491e-02 -6.131393394849658091e-02
