0.000000000000000000e+00 0.000000000000000000e+00 0.000000000000000000e+00 0.000000000000000000e+00 0.000000000000000000e+00
9.167010309278350588e-01 9.150515463917525683e-01 9.216494845360824195e-01 9.167010309278350588e-01 9.150515463917525683e-01
9.142268041237113785e-01 9.146391752577319734e-01 9.142268041237113785e-01 9.171134020618556537e-01 9.088659793814433119e-01
9.084536082474227170e-01 9.121649484536082930e-01 9.167010309278350588e-01 9.162886597938144639e-01 9.134020618556700777e-01
9.134020618556700777e-01 8.977319587628865838e-01 8.985567010309278846e-01 9.014432989690721598e-01 9.080412371134020111e-01
9.076288659793814162e-01 8.960824742268040932e-01 8.981443298969071787e-01 9.076288659793814162e-01 8.952577319587629034e-01
9.076288659793814162e-01 8.812371134020619001e-01 8.824742268041236848e-01 8.878350515463917514e-01 8.919587628865979223e-01
8.630927835051546149e-01 8.717525773195876626e-01 8.783505154639175139e-01 8.651546391752577003e-01 8.511340206185566970e-01
8.445360824742268457e-01 8.263917525773195605e-01 8.321649484536082220e-01 8.437113402061855449e-01 8.334020618556701177e-01
7.760824742268040977e-01 7.764948453608246925e-01 7.843298969072164395e-01 7.624742268041236892e-01 7.744329896907216071e-01
5.298969072164948502e-01 5.422680412371133629e-01 5.525773195876289012e-01 5.905154639175257403e-01 5.290721649484536604e-01
