0.000000000000000000e+00 0.000000000000000000e+00 0.000000000000000000e+00 0.000000000000000000e+00 0.000000000000000000e+00
9.165133702348755573e-01 9.148839979689620261e-01 9.213613961768529759e-01 9.161230366627766131e-01 9.143392114364041756e-01
9.135110927534959568e-01 9.138535705153824074e-01 9.131825001431745914e-01 9.167821781664903247e-01 9.081991660319952420e-01
9.077868233751626992e-01 9.106848386427737196e-01 9.159551277318438434e-01 9.155437124630905199e-01 9.123986606124402376e-01
9.121662328339648074e-01 8.977619997840085020e-01 8.973255645733816399e-01 9.011900435968271950e-01 9.066721583363971382e-01
9.063137142974383442e-01 8.955943261651333476e-01 8.970536192132112507e-01 9.069482400419339729e-01 8.948827153612828322e-01
9.071587524553587079e-01 8.792872298950443755e-01 8.822047472299530124e-01 8.876606891631120266e-01 8.906795541418693896e-01
8.607112478419981505e-01 8.703354579908602062e-01 8.780163553517924546e-01 8.630092600860157503e-01 8.478103840722169826e-01
8.391941185777124224e-01 8.214052696641929163e-01 8.289625387862671335e-01 8.400351977196780506e-01 8.309964997377919937e-01
7.647665081639867246e-01 7.651064154722988508e-01 7.761999483691383039e-01 7.486315318858774992e-01 7.624167182302066248e-01
4.145274957636014834e-01 4.379111978578926201e-01 4.515912075964116923e-01 5.200264142755797181e-01 4.202265245439528729e-01
