0.000000000000000000e+00 0.000000000000000000e+00 0.000000000000000000e+00 0.000000000000000000e+00 0.000000000000000000e+00
9.484645225070664765e-01 9.472720370298345349e-01 9.515187993703257963e-01 9.476321784540453486e-01 9.469993208112525984e-01
9.461557943361720291e-01 9.471922802481218540e-01 9.467826871969975411e-01 9.489137073444292581e-01 9.435876123356266021e-01
9.435271359126939927e-01 9.449033114097143971e-01 9.485205722933950367e-01 9.483544890373307723e-01 9.456838566620882069e-01
9.459228154549920164e-01 9.374530083973341421e-01 9.370055636242865527e-01 9.393618450010577936e-01 9.432302106598268177e-01
9.432509997851327155e-01 9.370112875968784616e-01 9.380646789267170771e-01 9.436239314179709625e-01 9.366766670618538182e-01
9.435574221879762247e-01 9.268797457902477888e-01 9.299368789538283719e-01 9.318846925055914721e-01 9.332506251058465541e-01
9.153951804723298169e-01 9.219446553402044220e-01 9.252884442954246724e-01 9.193828190142283585e-01 9.109129057040566968e-01
9.037869490872244560e-01 8.948673161894985517e-01 8.987271708634655409e-01 9.062817884878303643e-01 8.970870505905457204e-01
8.634642678037839358e-01 8.633336925027832454e-01 8.692627881221417496e-01 8.497118521246493916e-01 8.611694271745561347e-01
6.714479596267436401e-01 6.830811966551676440e-01 6.931651764320698739e-01 7.271337418749380666e-01 6.683557553713224131e-01
