0.000000000000000000e+00 0.000000000000000000e+00 0.000000000000000000e+00 0.000000000000000000e+00 0.000000000000000000e+00
8.918097526668218311e-01 8.933603274427456276e-01 9.012480502478050770e-01 8.928876919161590209e-01 8.902754330077575773e-01
8.939344271043587753e-01 8.892015615293973330e-01 8.965313579252705001e-01 8.956660124580027027e-01 8.924156834662978488e-01
8.799854439789663862e-01 8.955924709004894346e-01 8.944409689816189557e-01 8.963390089699222463e-01 8.897937771716176725e-01
8.908805791661469353e-01 8.698989091828139841e-01 8.810195701499250465e-01 8.702948611994614225e-01 8.851636941736337194e-01
8.852265255307538716e-01 8.665699128727533118e-01 8.761714462807473902e-01 8.908629100591217709e-01 8.694505625420407835e-01
8.821815584855292602e-01 8.657950818693798123e-01 8.549737339099191535e-01 8.573791909046366566e-01 8.701007684760414529e-01
8.409310934039750940e-01 8.722572091251454829e-01 8.551425718269540788e-01 8.370452608529229677e-01 8.662074849034251400e-01
8.505446482181666656e-01 8.100551681563843420e-01 8.317799178925140424e-01 8.478981502093482225e-01 8.331401192275995626e-01
8.059166944478727279e-01 8.024303848461814548e-01 7.839420993246342118e-01 8.151945844060036750e-01 7.979968460037669686e-01
6.814809066809862648e-01 7.048541908912417941e-01 6.041315490275646072e-01 6.280383700127353253e-01 5.677299535539075404e-01
