0.000000000000000000e+00 0.000000000000000000e+00 0.000000000000000000e+00 0.000000000000000000e+00 0.000000000000000000e+00 0.000000000000000000e+00 0.000000000000000000e+00 0.000000000000000000e+00 0.000000000000000000e+00 0.000000000000000000e+00
9.666666666666666741e-01 9.777750339548092473e-01 9.777777777777777457e-01 9.722213648569399957e-01 9.722145040288969753e-01 9.610810810810810345e-01 9.777777777777777457e-01 9.833328189141640197e-01 9.833328189141640197e-01 9.833328189141640197e-01
9.666666666666666741e-01 9.777750339548092473e-01 9.833287024173380519e-01 9.833328189141640197e-01 9.944442729713880436e-01 9.833328189141640197e-01 9.722145040288969753e-01 9.666501976284584963e-01 9.666625509322139820e-01 9.888888888888889284e-01
9.777750339548092473e-01 9.777777777777777457e-01 9.833328189141640197e-01 9.888888888888889284e-01 9.888888888888889284e-01 9.722145040288969753e-01 9.777750339548092473e-01 9.777777777777777457e-01 9.833328189141640197e-01 9.833328189141640197e-01
9.944442729713880436e-01 9.833328189141640197e-01 9.777750339548092473e-01 9.722145040288969753e-01 9.888888888888889284e-01 9.777750339548092473e-01 9.888888888888889284e-01 9.888888888888889284e-01 9.833328189141640197e-01 9.777750339548092473e-01
9.888888888888889284e-01 9.888875169774046237e-01 9.611099107997160829e-01 9.888888888888889284e-01 9.888875169774046237e-01 9.722213648569399957e-01 9.777750339548092473e-01 9.888888888888889284e-01 9.888875169774046237e-01 9.888888888888889284e-01
9.777750339548092473e-01 9.888888888888889284e-01 9.833328189141640197e-01 9.722213648569399957e-01 9.888888888888889284e-01 9.888888888888889284e-01 9.777750339548092473e-01 9.666666666666666741e-01 9.499861072520145999e-01 9.722213648569399957e-01
9.777777777777777457e-01 9.888888888888889284e-01 9.666501976284584963e-01 9.833328189141640197e-01 9.888875169774046237e-01 9.777667984189724049e-01 9.888888888888889284e-01 9.777750339548092473e-01 9.833328189141640197e-01 9.777750339548092473e-01
9.722213648569399957e-01 9.833328189141640197e-01 9.888888888888889284e-01 9.888888888888889284e-01 9.888875169774046237e-01 9.722213648569399957e-01 9.777750339548092473e-01 9.944442729713880436e-01 9.888888888888889284e-01 9.777750339548092473e-01
9.833328189141640197e-01 9.666666666666666741e-01 9.833328189141640197e-01 9.722213648569399957e-01 9.666625509322139820e-01 9.777750339548092473e-01 9.888888888888889284e-01 9.888888888888889284e-01 9.888875169774046237e-01 9.777667984189724049e-01
9.833328189141640197e-01 9.777777777777777457e-01 9.888888888888889284e-01 9.722213648569399957e-01 9.777777777777777457e-01 9.722213648569399957e-01 9.555500679096184946e-01 9.777750339548092473e-01 9.888875169774046237e-01 9.722213648569399957e-01
9.833328189141640197e-01 9.888888888888889284e-01 9.722145040288969753e-01 9.944442729713880436e-01 9.777750339548092473e-01 9.777750339548092473e-01 9.888888888888889284e-01 9.888888888888889284e-01 9.777777777777777457e-01 9.777750339548092473e-01
9.833328189141640197e-01 9.722145040288969753e-01 9.777750339548092473e-01 9.888888888888889284e-01 9.777750339548092473e-01 9.833328189141640197e-01 9.888888888888889284e-01 9.777750339548092473e-01 9.833328189141640197e-01 9.722145040288969753e-01
9.555500679096184946e-01 9.833328189141640197e-01 9.833328189141640197e-01 9.777750339548092473e-01 9.777667984189724049e-01 9.888888888888889284e-01 9.888888888888889284e-01 9.833328189141640197e-01 9.888875169774046237e-01 9.944442729713880436e-01
9.888888888888889284e-01 9.666666666666666741e-01 9.610810810810810345e-01 9.888888888888889284e-01 9.777667984189724049e-01 9.722213648569399957e-01 9.777750339548092473e-01 9.666501976284584963e-01 9.888888888888889284e-01 9.666666666666666741e-01
9.666625509322139820e-01 9.833328189141640197e-01 9.833287024173380519e-01 9.833328189141640197e-01 9.777777777777777457e-01 9.722213648569399957e-01 9.833328189141640197e-01 9.777750339548092473e-01 9.722213648569399957e-01 9.888875169774046237e-01
9.777667984189724049e-01 9.833287024173380519e-01 9.833328189141640197e-01 9.833328189141640197e-01 9.777750339548092473e-01 9.777777777777777457e-01 9.666295884315907472e-01 9.777777777777777457e-01 9.722145040288969753e-01 9.888875169774046237e-01
9.666625509322139820e-01 9.944442729713880436e-01 9.833287024173380519e-01 9.722213648569399957e-01 9.833328189141640197e-01 9.555555555555556024e-01 9.777750339548092473e-01 9.722213648569399957e-01 9.443344878772885753e-01 9.777750339548092473e-01
9.666666666666666741e-01 9.833328189141640197e-01 9.833287024173380519e-01 9.777750339548092473e-01 9.666501976284584963e-01 9.611099107997160829e-01 9.833287024173380519e-01 9.944442729713880436e-01 9.722213648569399957e-01 9.888888888888889284e-01
9.833328189141640197e-01 9.722145040288969753e-01 9.777777777777777457e-01 9.722145040288969753e-01 9.666666666666666741e-01 9.722007722007721675e-01 9.777750339548092473e-01 9.833328189141640197e-01 9.722213648569399957e-01 9.611099107997160829e-01
9.666666666666666741e-01 9.777750339548092473e-01 9.777777777777777457e-01 9.888888888888889284e-01 9.610810810810810345e-01 9.442724458204334592e-01 9.833328189141640197e-01 9.777750339548092473e-01 9.888875169774046237e-01 9.888888888888889284e-01
9.888888888888889284e-01 9.777750339548092473e-01 9.722213648569399957e-01 9.722145040288969753e-01 9.777750339548092473e-01 9.555500679096184946e-01 9.722145040288969753e-01 9.777667984189724049e-01 9.777750339548092473e-01 9.777667984189724049e-01
9.666501976284584963e-01 9.722007722007721675e-01 9.666501976284584963e-01 9.666666666666666741e-01 9.722145040288969753e-01 9.777750339548092473e-01 9.722145040288969753e-01 9.722213648569399957e-01 9.833328189141640197e-01 9.888888888888889284e-01
9.611099107997160829e-01 9.888888888888889284e-01 9.777667984189724049e-01 9.777777777777777457e-01 9.833287024173380519e-01 9.888888888888889284e-01 9.555500679096184946e-01 9.777750339548092473e-01 9.777667984189724049e-01 9.833328189141640197e-01
9.555061179087875889e-01 9.888888888888889284e-01 9.888875169774046237e-01 9.833328189141640197e-01 9.944442729713880436e-01 9.944442729713880436e-01 9.888875169774046237e-01 9.611099107997160829e-01 9.777750339548092473e-01 9.777750339548092473e-01
9.888888888888889284e-01 9.666625509322139820e-01 9.610522085870607523e-01 9.888875169774046237e-01 9.777777777777777457e-01 9.332591768631812723e-01 9.777777777777777457e-01 9.777750339548092473e-01 9.666501976284584963e-01 9.722007722007721675e-01
9.722007722007721675e-01 9.777750339548092473e-01 9.499242681833637292e-01 9.833328189141640197e-01 9.777777777777777457e-01 9.666666666666666741e-01 9.833328189141640197e-01 9.777750339548092473e-01 9.722145040288969753e-01 9.777750339548092473e-01
9.611099107997160829e-01 9.666666666666666741e-01 9.777750339548092473e-01 9.888875169774046237e-01 9.777667984189724049e-01 9.777750339548092473e-01 9.777667984189724049e-01 9.888888888888889284e-01 9.888888888888889284e-01 9.722145040288969753e-01
9.555061179087875889e-01 9.833328189141640197e-01 9.498746867167919827e-01 9.555335968379445877e-01 9.555555555555556024e-01 9.722145040288969753e-01 9.444375848870231183e-01 9.722145040288969753e-01 9.722145040288969753e-01 9.833287024173380519e-01
9.833328189141640197e-01 9.388870026852680351e-01 9.833287024173380519e-01 9.666625509322139820e-01 9.666625509322139820e-01 9.777750339548092473e-01 9.777777777777777457e-01 9.722007722007721675e-01 9.555500679096184946e-01 9.777750339548092473e-01
9.777777777777777457e-01 9.833328189141640197e-01 9.555500679096184946e-01 9.777750339548092473e-01 9.555061179087875889e-01 9.555555555555556024e-01 9.888888888888889284e-01 9.666501976284584963e-01 9.777750339548092473e-01 9.555335968379445877e-01
9.499861072520145999e-01 9.777750339548092473e-01 9.777750339548092473e-01 9.666666666666666741e-01 9.442724458204334592e-01 9.944442729713880436e-01 9.888888888888889284e-01 9.888875169774046237e-01 9.499984567424919479e-01 9.888888888888889284e-01
9.610810810810810345e-01 9.888888888888889284e-01 9.888888888888889284e-01 9.444375848870231183e-01 9.777667984189724049e-01 9.777667984189724049e-01 9.666295884315907472e-01 9.611099107997160829e-01 9.555335968379445877e-01 9.833287024173380519e-01
9.777750339548092473e-01 9.722213648569399957e-01 9.555061179087875889e-01 9.610810810810810345e-01 9.611003056404556766e-01 9.777667984189724049e-01 9.777750339548092473e-01 9.611099107997160829e-01 9.888888888888889284e-01 9.722213648569399957e-01
9.888888888888889284e-01 9.777750339548092473e-01 9.499613899613901236e-01 9.888875169774046237e-01 9.220682830282038722e-01 9.276683873759699051e-01 9.777777777777777457e-01 9.722145040288969753e-01 9.888875169774046237e-01 9.777667984189724049e-01
9.777750339548092473e-01 9.666295884315907472e-01 9.833328189141640197e-01 9.777750339548092473e-01 9.833328189141640197e-01 9.611003056404556766e-01 9.777667984189724049e-01 9.722145040288969753e-01 9.777667984189724049e-01 9.610522085870607523e-01
9.499861072520145999e-01 9.777750339548092473e-01 9.499613899613901236e-01 9.888875169774046237e-01 9.888875169774046237e-01 9.555335968379445877e-01 9.777750339548092473e-01 9.833287024173380519e-01 9.554675903018308158e-01 9.833287024173380519e-01
9.498746867167919827e-01 9.666501976284584963e-01 9.498746867167919827e-01 9.555500679096184946e-01 9.777750339548092473e-01 9.833287024173380519e-01 9.386598097834506493e-01 9.666295884315907472e-01 9.722007722007721675e-01 9.611003056404556766e-01
9.555335968379445877e-01 9.387963277796667061e-01 9.777750339548092473e-01 9.722145040288969753e-01 9.777667984189724049e-01 9.499861072520145999e-01 9.722145040288969753e-01 9.722145040288969753e-01 9.833328189141640197e-01 9.611099107997160829e-01
9.610810810810810345e-01 9.666501976284584963e-01 9.666625509322139820e-01 9.610522085870607523e-01 9.666501976284584963e-01 9.443344878772885753e-01 9.498746867167919827e-01 9.722213648569399957e-01 9.722145040288969753e-01 9.666295884315907472e-01
9.777777777777777457e-01 9.777667984189724049e-01 9.666501976284584963e-01 9.888888888888889284e-01 9.554675903018308158e-01 9.387357282094124233e-01 9.944442729713880436e-01 9.611003056404556766e-01 9.331269349845201511e-01 9.777667984189724049e-01
9.722007722007721675e-01 9.777750339548092473e-01 9.722007722007721675e-01 9.666501976284584963e-01 9.666501976284584963e-01 9.722007722007721675e-01 9.610522085870607523e-01 9.555061179087875889e-01 9.444169960474309011e-01 9.333003952569169925e-01
9.722145040288969753e-01 9.777750339548092473e-01 9.555335968379445877e-01 9.109351806036616317e-01 9.388870026852680351e-01 9.833287024173380519e-01 9.833328189141640197e-01 9.666625509322139820e-01 9.666295884315907472e-01 9.105701155136007863e-01
9.444169960474309011e-01 9.277755486280441222e-01 9.610810810810810345e-01 9.777667984189724049e-01 9.666625509322139820e-01 9.554675903018308158e-01 9.332013854527461127e-01 9.610810810810810345e-01 9.109351806036616317e-01 9.610810810810810345e-01
9.218750000000000000e-01 9.722145040288969753e-01 9.610810810810810345e-01 9.611003056404556766e-01 9.330357142857143016e-01 9.666666666666666741e-01 9.722007722007721675e-01 9.333003952569169925e-01 9.443344878772885753e-01 9.888875169774046237e-01
9.499242681833637292e-01 9.777750339548092473e-01 9.777667984189724049e-01 9.777667984189724049e-01 9.164578111946533046e-01 9.443826473859844306e-01 9.443344878772885753e-01 9.107142857142855874e-01 9.332013854527461127e-01 9.332013854527461127e-01
9.333251018644277419e-01 9.555061179087875889e-01 9.722145040288969753e-01 9.611003056404556766e-01 9.610810810810810345e-01 9.275070479258962219e-01 9.498746867167919827e-01 9.833328189141640197e-01 9.333251018644277419e-01 9.554675903018308158e-01
9.610522085870607523e-01 9.387357282094124233e-01 9.833328189141640197e-01 9.330357142857143016e-01 9.777667984189724049e-01 9.722007722007721675e-01 9.387963277796667061e-01 9.666501976284584963e-01 9.610522085870607523e-01 9.498746867167919827e-01
9.611003056404556766e-01 9.499613899613901236e-01 9.555500679096184946e-01 9.611003056404556766e-01 9.611099107997160829e-01 9.442724458204334592e-01 9.330357142857143016e-01 9.331269349845201511e-01 9.276683873759699051e-01 9.666501976284584963e-01
9.277220077220077465e-01 9.555061179087875889e-01 9.498746867167919827e-01 9.443344878772885753e-01 9.666625509322139820e-01 9.666501976284584963e-01 9.163542860683415725e-01 9.499242681833637292e-01 9.722007722007721675e-01 9.443344878772885753e-01
9.666295884315907472e-01 9.610522085870607523e-01 9.163542860683415725e-01 9.554675903018308158e-01 9.332013854527461127e-01 9.555500679096184946e-01 9.555500679096184946e-01 9.104031856645097287e-01 9.554675903018308158e-01 9.777667984189724049e-01
9.610522085870607523e-01 9.555335968379445877e-01 9.331269349845201511e-01 9.555061179087875889e-01 8.934944411572358636e-01 8.820187896001747685e-01 8.830409356725146264e-01 9.332013854527461127e-01 9.498746867167919827e-01 9.443826473859844306e-01
9.105701155136007863e-01 9.387357282094124233e-01 9.331269349845201511e-01 9.054125065685758589e-01 9.273990878346931588e-01 9.273990878346931588e-01 9.275070479258962219e-01 9.666625509322139820e-01 9.499242681833637292e-01 9.610522085870607523e-01
9.443344878772885753e-01 9.499242681833637292e-01 9.499242681833637292e-01 9.104031856645097287e-01 9.442724458204334592e-01 8.875000000000000666e-01 9.219814241486068429e-01 9.666295884315907472e-01 9.444169960474309011e-01 9.777750339548092473e-01
9.442724458204334592e-01 9.442724458204334592e-01 9.554675903018308158e-01 9.387357282094124233e-01 9.218750000000000000e-01 9.104031856645097287e-01 9.555061179087875889e-01 9.163542860683415725e-01 9.444375848870231183e-01 9.499242681833637292e-01
9.275967697020328639e-01 9.610522085870607523e-01 9.386598097834506493e-01 9.722145040288969753e-01 9.666295884315907472e-01 9.276683873759699051e-01 9.442724458204334592e-01 9.275070479258962219e-01 9.499242681833637292e-01 9.332591768631812723e-01
9.722145040288969753e-01 9.047055526143690241e-01 9.217488510744007435e-01 9.221357063403782250e-01 8.996904024767802266e-01 9.332591768631812723e-01 9.273990878346931588e-01 9.611003056404556766e-01 9.386598097834506493e-01 9.109351806036616317e-01
8.992035838725734864e-01 9.332013854527461127e-01 9.554675903018308158e-01 9.277220077220077465e-01 9.666295884315907472e-01 9.498746867167919827e-01 9.443826473859844306e-01 9.164578111946533046e-01 9.499861072520145999e-01 9.444375848870231183e-01
9.387963277796667061e-01 9.386598097834506493e-01 9.554675903018308158e-01 9.275070479258962219e-01 8.765432098765432167e-01 9.387357282094124233e-01 9.275070479258962219e-01 9.332013854527461127e-01 9.107142857142855874e-01 9.498746867167919827e-01
9.163542860683415725e-01 9.386598097834506493e-01 8.707824838478105400e-01 9.442724458204334592e-01 9.610522085870607523e-01 9.219814241486068429e-01 9.330357142857143016e-01 8.989898989898990056e-01 9.275070479258962219e-01 9.331269349845201511e-01
9.217488510744007435e-01 9.386598097834506493e-01 9.275070479258962219e-01 9.277220077220077465e-01 9.442724458204334592e-01 9.163542860683415725e-01 9.162297167323383285e-01 9.554675903018308158e-01 9.276683873759699051e-01 9.387357282094124233e-01
9.444169960474309011e-01 9.162297167323383285e-01 8.765432098765432167e-01 9.218750000000000000e-01 8.820187896001747685e-01 9.499613899613901236e-01 9.273990878346931588e-01 9.109351806036616317e-01 9.160839160839160389e-01 9.104031856645097287e-01
9.386598097834506493e-01 8.992035838725734864e-01 9.330357142857143016e-01 9.443826473859844306e-01 9.499613899613901236e-01 9.499613899613901236e-01 9.330357142857143016e-01 8.993913799528008290e-01 9.499242681833637292e-01 9.048951048951048293e-01
8.937062937062937307e-01 8.759243012908886072e-01 8.996904024767802266e-01 9.388719088635731902e-01 9.105701155136007863e-01 9.273990878346931588e-01 8.827216034252738375e-01 8.993913799528008290e-01 9.217488510744007435e-01 9.332013854527461127e-01
8.989898989898990056e-01 9.498746867167919827e-01 8.989898989898990056e-01 8.992035838725734864e-01 9.275070479258962219e-01 9.388719088635731902e-01 9.330357142857143016e-01 9.050603456299834981e-01 9.332591768631812723e-01 9.163542860683415725e-01
9.442724458204334592e-01 8.877665544332211667e-01 8.993913799528008290e-01 9.332013854527461127e-01 9.442724458204334592e-01 8.759243012908886072e-01 8.875000000000000666e-01 8.707824838478105400e-01 9.162297167323383285e-01 9.053188526872737452e-01
9.273990878346931588e-01 9.163542860683415725e-01 8.762499999999999734e-01 9.387963277796667061e-01 8.817234581807942284e-01 8.475102757993159264e-01 9.386598097834506493e-01 8.992035838725734864e-01 8.880039820806371331e-01 8.646446923173329857e-01
8.524776194679106744e-01 8.882126443920009828e-01 9.275070479258962219e-01 9.330357142857143016e-01 8.937062937062937307e-01 8.707824838478105400e-01 9.220682830282038722e-01 9.218750000000000000e-01 8.875000000000000666e-01 8.762499999999999734e-01
8.704590256265840598e-01 8.877665544332211667e-01 9.333003952569169925e-01 8.701013460512692088e-01 9.109351806036616317e-01 8.998020781791191691e-01 8.759243012908886072e-01 9.163542860683415725e-01 9.047055526143690241e-01 9.160839160839160389e-01
9.330357142857143016e-01 8.701013460512692088e-01 8.102903133084219389e-01 9.387357282094124233e-01 9.162297167323383285e-01 9.047055526143690241e-01 9.273990878346931588e-01 8.297818686168201285e-01 8.416289592760179961e-01 9.104031856645097287e-01
8.817234581807942284e-01 8.938909745276286678e-01 8.825174825174825211e-01 9.104031856645097287e-01 8.996904024767802266e-01 8.649999999999999911e-01 8.875000000000000666e-01 7.863672814755413576e-01 8.405870445344129083e-01 9.330357142857143016e-01
9.047055526143690241e-01 8.524776194679106744e-01 8.292004048582996001e-01 8.877665544332211667e-01 8.817234581807942284e-01 9.047055526143690241e-01 8.583792289535798758e-01 8.465473145780051389e-01 8.479301605181639445e-01 8.405870445344129083e-01
8.701013460512692088e-01 8.882126443920009828e-01 9.047055526143690241e-01 8.989898989898990056e-01 8.642533936651582982e-01 9.273990878346931588e-01 9.162297167323383285e-01 9.104031856645097287e-01 8.817234581807942284e-01 8.937062937062937307e-01
8.822833297001027031e-01 8.701013460512692088e-01 7.950404858299594535e-01 8.875000000000000666e-01 8.995535714285713969e-01 8.345955195031528051e-01 8.308058653966663432e-01 8.877665544332211667e-01 8.773993808049536103e-01 8.465473145780051389e-01
8.642533936651582982e-01 8.225134387226056276e-01 8.762499999999999734e-01 8.475102757993159264e-01 9.047055526143690241e-01 8.475102757993159264e-01 8.875000000000000666e-01 8.820187896001747685e-01 8.649999999999999911e-01 8.932550953525391080e-01
8.934944411572358636e-01 8.759243012908886072e-01 8.701013460512692088e-01 9.386598097834506493e-01 8.646446923173329857e-01 8.524776194679106744e-01 9.104031856645097287e-01 8.524776194679106744e-01 8.715522323229188961e-01 8.762499999999999734e-01
8.533650833437773642e-01 8.880039820806371331e-01 9.104031856645097287e-01 8.880039820806371331e-01 8.164201937786843555e-01 8.357199055861526116e-01 8.875000000000000666e-01 8.010798522307474023e-01 7.726610317691635643e-01 7.950404858299594535e-01
8.817234581807942284e-01 7.810779669696581440e-01 7.996119469448774719e-01 8.642533936651582982e-01 9.105701155136007863e-01 8.238135834043762706e-01 8.762499999999999734e-01 8.102903133084219389e-01 8.713286713286714225e-01 8.465473145780051389e-01
8.989898989898990056e-01 7.979149959903768519e-01 8.932550953525391080e-01 8.411297440423655125e-01 7.810779669696581440e-01 8.465473145780051389e-01 8.880039820806371331e-01 8.583792289535798758e-01 8.701013460512692088e-01 8.583792289535798758e-01
8.932550953525391080e-01 8.041223914991677546e-01 8.817234581807942284e-01 8.308058653966663432e-01 8.642533936651582982e-01 9.160839160839160389e-01 7.466531373768452440e-01 8.642533936651582982e-01 8.416289592760179961e-01 8.041223914991677546e-01
8.405870445344129083e-01 8.524776194679106744e-01 8.102903133084219389e-01 7.863672814755413576e-01 7.790412197958391793e-01 8.701013460512692088e-01 8.171428571428571708e-01 8.225134387226056276e-01 7.695557547049033387e-01 7.790412197958391793e-01
9.218750000000000000e-01 8.524776194679106744e-01 7.872951997700488036e-01 7.466531373768452440e-01 8.164201937786843555e-01 7.129186602870813960e-01 7.853759144081724486e-01 8.465473145780051389e-01 6.927521008403361158e-01 8.285714285714285143e-01
6.919359710057384483e-01 7.916666666666665186e-01 8.529411764705882026e-01 8.057142857142857162e-01 7.297297297297297147e-01 8.225134387226056276e-01 7.597578046160357035e-01 8.225134387226056276e-01 8.238135834043762706e-01 8.041223914991677546e-01
6.404463424714148534e-01 6.250000000000000000e-01 6.919359710057384483e-01 7.163865546218487479e-01 7.853759144081724486e-01 7.028133667943468055e-01 7.979149959903768519e-01 7.926001792344129493e-01 7.333333333333333925e-01 6.432476763258611063e-01
8.102903133084219389e-01 7.662337662337661559e-01 7.466531373768452440e-01 6.989966555183946273e-01 6.919359710057384483e-01 7.428571428571429935e-01 6.776046770977661726e-01 7.129186602870813960e-01 7.214814814814813904e-01 7.129186602870813960e-01
7.400210084033613800e-01 7.333333333333333925e-01 7.265882974507991143e-01 6.629787234042554545e-01 7.979149959903768519e-01 7.597578046160357035e-01 7.597578046160357035e-01 7.532314923619272129e-01 7.265882974507991143e-01 6.629787234042554545e-01
6.703296703296703907e-01 7.059901996733224383e-01 7.480386731338910522e-01 6.250000000000000000e-01 6.869565217391304657e-01 7.333333333333333925e-01 7.597578046160357035e-01 6.989966555183946273e-01 7.979149959903768519e-01 7.400210084033613800e-01
6.848060344827586743e-01 6.480395183698672845e-01 6.919359710057384483e-01 5.719609582963620653e-01 7.466531373768452440e-01 5.421160116083264535e-01 5.376098990556822388e-01 7.466531373768452440e-01 6.629787234042554545e-01 6.703296703296703907e-01
6.250000000000000000e-01 5.506349723217193182e-01 6.171414623940862931e-01 6.848060344827586743e-01 4.861778846153845812e-01 6.726831896551723755e-01 5.763799743260590303e-01 6.214896214896215021e-01 5.929903900508761705e-01 5.675522894290558895e-01
3.922542204568023605e-01 5.418181818181817544e-01 5.013113664068560293e-01 4.564012385794564142e-01 4.689075630252100835e-01 4.957983193277310519e-01 5.238095238095238360e-01 5.163197305721758390e-01 4.861778846153845812e-01 5.418181818181817544e-01
