0.000000000000000000e+00 0.000000000000000000e+00 0.000000000000000000e+00 0.000000000000000000e+00 0.000000000000000000e+00
5.500000000000000444e-01 5.520000000000000462e-01 5.560000000000000497e-01 5.580000000000000515e-01 5.580000000000000515e-01
5.440000000000000391e-01 5.540000000000000480e-01 5.639999999999999458e-01 5.440000000000000391e-01 5.500000000000000444e-01
5.580000000000000515e-01 5.639999999999999458e-01 5.480000000000000426e-01 5.620000000000000551e-01 5.560000000000000497e-01
5.600000000000000533e-01 5.560000000000000497e-01 5.540000000000000480e-01 5.560000000000000497e-01 5.719999999999999529e-01
5.879999999999999671e-01 5.360000000000000320e-01 5.560000000000000497e-01 5.779999999999999583e-01 5.819999999999999618e-01
5.420000000000000373e-01 5.759999999999999565e-01 5.460000000000000409e-01 5.400000000000000355e-01 5.520000000000000462e-01
5.100000000000000089e-01 5.100000000000000089e-01 4.939999999999999947e-01 5.320000000000000284e-01 5.000000000000000000e-01
4.440000000000000058e-01 4.400000000000000022e-01 4.699999999999999734e-01 4.400000000000000022e-01 4.520000000000000129e-01
4.259999999999999898e-01 4.279999999999999916e-01 4.279999999999999916e-01 4.380000000000000004e-01 4.400000000000000022e-01
4.420000000000000040e-01 4.440000000000000058e-01 4.440000000000000058e-01 4.480000000000000093e-01 4.380000000000000004e-01
