0.000000000000000000e+00 0.000000000000000000e+00 0.000000000000000000e+00 0.000000000000000000e+00 0.000000000000000000e+00
4.994537065744913962e-01 5.113394213654272047e-01 5.132413637496233694e-01 5.112517845115285287e-01 4.930837573169994936e-01
5.037913282333232878e-01 5.114627994955863732e-01 4.877227194642389518e-01 4.891035234442138724e-01 4.893637951684851051e-01
4.910635964912280493e-01 5.015959649496717354e-01 5.032061526512312533e-01 5.114473018863144871e-01 5.070328757042075196e-01
4.921176303969264643e-01 5.087890336604097286e-01 4.947617737860070530e-01 4.851060599616856539e-01 5.182683550544014972e-01
5.219447334833136054e-01 5.008265436111928315e-01 5.060980639974199669e-01 5.040975137624470470e-01 5.299280547375926353e-01
5.183743953893912293e-01 5.199108734971212842e-01 5.278455716720131807e-01 5.070551227136868011e-01 5.205455901253599471e-01
5.320444518478451013e-01 5.093853671681083384e-01 5.165599259727198245e-01 5.388141123331093851e-01 5.179107541103677992e-01
5.383629045399807023e-01 4.896047175670174001e-01 5.044642830828641733e-01 5.316020180617154756e-01 5.336791226982426917e-01
4.949916367378577320e-01 4.928571768819278720e-01 4.901836390102453089e-01 5.070623737290403943e-01 5.056744189718327398e-01
3.714939680820012469e-01 3.871859644420619917e-01 3.676931886797532578e-01 3.836832694022694334e-01 3.538265821579109627e-01
