0.000000000000000000e+00 0.000000000000000000e+00 0.000000000000000000e+00 0.000000000000000000e+00 0.000000000000000000e+00
6.839280771554114846e-01 6.854732863906080054e-01 6.885025216286119187e-01 6.900053331021015479e-01 6.900251060115120127e-01
6.794177241132708378e-01 6.869857392424683074e-01 6.944756220012195946e-01 6.794519673146414140e-01 6.839678485087528070e-01
6.900222286469734900e-01 6.944530411867351205e-01 6.823941802662882861e-01 6.929854038236564762e-01 6.884488637060153238e-01
6.912974139305695376e-01 6.881965368606571820e-01 6.869713929971211774e-01 6.883963297971236184e-01 7.003393709754909269e-01
7.120232394234247142e-01 6.730585477856603216e-01 6.883495404610717738e-01 7.046809021126955175e-01 7.076415576249124317e-01
6.771667597321185950e-01 7.030749261535542693e-01 6.802489399315191365e-01 6.759195997095812647e-01 6.848597991514042693e-01
6.525245487686428536e-01 6.524136614993945038e-01 6.400073781142792129e-01 6.693384707330657379e-01 6.445446844727376057e-01
5.999732812086067124e-01 5.969130509373870019e-01 6.209859289187541487e-01 5.966989783663415592e-01 6.064861205489479046e-01
5.850499266414668220e-01 5.869805523434494798e-01 5.867573953866261904e-01 5.949336445704362930e-01 5.964613466242303375e-01
5.981361243349077039e-01 5.996521161049011006e-01 5.996560434126834149e-01 6.027389934162791230e-01 5.947034060924578647e-01
