0.000000000000000000e+00 0.000000000000000000e+00 0.000000000000000000e+00 0.000000000000000000e+00 0.000000000000000000e+00
4.209693870369902724e-01 4.317929445876623196e-01 4.338667246622566198e-01 4.274941120576084552e-01 4.089515689684588007e-01
4.189925998687775155e-01 4.351065361642911244e-01 4.065390503704395808e-01 4.068911644483433898e-01 4.108469586258519102e-01
4.056274949530682683e-01 4.212137158921839819e-01 4.153273742697959903e-01 4.231190573861843829e-01 4.300571759398795213e-01
4.067119571205621842e-01 4.237853918534286168e-01 3.927220627335211711e-01 4.043765327623555783e-01 4.316070177354019988e-01
4.350971077567774570e-01 3.863698009137745415e-01 4.128326537661519691e-01 4.141454891485731316e-01 4.469264831872747368e-01
3.904429066694450889e-01 4.310225155301882216e-01 4.381702404815055463e-01 4.061984010503981724e-01 3.931167514684004161e-01
4.245459205718197238e-01 3.767483553852344902e-01 4.104199197968721458e-01 4.551828518843226146e-01 3.904992100180537107e-01
3.939158432587754888e-01 3.355797317837574956e-01 3.658900494173717988e-01 3.975486279066233752e-01 3.935224430592128009e-01
3.354099014756088959e-01 3.323668926010446278e-01 3.237341305427024474e-01 3.501017177278807901e-01 3.458071748298968129e-01
2.582364901290075676e-01 2.721343001928978045e-01 2.621073116156856231e-01 2.507052989790929387e-01 2.346972355087797724e-01
