0.000000000000000000e+00 0.000000000000000000e+00 0.000000000000000000e+00 0.000000000000000000e+00 0.000000000000000000e+00
8.362886597938143929e-01 8.371134020618556937e-01 8.358762886597937980e-01 8.408247422680412697e-01 8.272164948453608613e-01
8.296907216494845416e-01 8.383505154639174783e-01 8.321649484536082220e-01 8.350515463917526082e-01 8.379381443298968835e-01
8.445360824742268457e-01 8.383505154639174783e-01 8.367010309278350988e-01 8.387628865979381843e-01 8.383505154639174783e-01
8.255670103092783707e-01 8.309278350515464373e-01 8.420618556701030544e-01 8.358762886597937980e-01 8.362886597938143929e-01
8.395876288659793740e-01 8.383505154639174783e-01 8.346391752577320133e-01 8.404123711340205638e-01 8.408247422680412697e-01
8.404123711340205638e-01 8.321649484536082220e-01 8.284536082474226459e-01 8.404123711340205638e-01 8.383505154639174783e-01
8.218556701030927947e-01 8.346391752577320133e-01 8.131958762886597469e-01 8.354639175257732031e-01 8.288659793814433518e-01
8.379381443298968835e-01 8.379381443298968835e-01 8.226804123711339845e-01 8.379381443298968835e-01 8.375257731958762886e-01
8.354639175257732031e-01 8.024742268041237248e-01 8.350515463917526082e-01 8.325773195876288169e-01 8.408247422680412697e-01
8.049484536082474051e-01 8.136082474226804528e-01 8.218556701030927947e-01 7.641237113402061798e-01 8.045360824742268102e-01
