0.000000000000000000e+00 0.000000000000000000e+00 0.000000000000000000e+00 0.000000000000000000e+00 0.000000000000000000e+00
7.895383446488555279e-01 7.798539590800543930e-01 7.924325792800605006e-01 7.961816730829532895e-01 7.883502356051389492e-01
8.027318802004249632e-01 7.906773268417393030e-01 7.858652050665129174e-01 7.906510791821707018e-01 7.998815195033158743e-01
7.971822943680683116e-01 7.959541651811388174e-01 7.916587392225635789e-01 7.958926548574514204e-01 7.992706967304822330e-01
7.963775482896400248e-01 7.983434409433545209e-01 7.914854765065236775e-01 7.883930292960088515e-01 7.947274519784512936e-01
7.924366586581494953e-01 8.018828059001640307e-01 7.845610868227534951e-01 7.965824035643102041e-01 8.062174703360353023e-01
7.936962807868854775e-01 7.960745577318543154e-01 7.813455902219135218e-01 8.061699795772752086e-01 7.906192120616134522e-01
7.959573271545354878e-01 7.972775157521375666e-01 7.646985284207442612e-01 8.028110934440069180e-01 7.914819743613131786e-01
8.013256411683562508e-01 8.024049203940285535e-01 7.942462522320774543e-01 7.992925067888762003e-01 7.996568443312765950e-01
8.000321754146025865e-01 7.739170034433969780e-01 7.896596686195065384e-01 8.043677801952153761e-01 7.976732405884886523e-01
7.812344513292247550e-01 7.716349052160615951e-01 7.996221899202922145e-01 7.409303190533712558e-01 7.843632285271150417e-01
