0.000000000000000000e+00 0.000000000000000000e+00 0.000000000000000000e+00 0.000000000000000000e+00 0.000000000000000000e+00
9.531891964706674658e-01 9.599358974358974672e-01 9.662114547743811954e-01 9.798544439040628440e-01 9.532912954992825982e-01
9.933326665999931970e-01 9.731932376911159865e-01 9.799819837854069071e-01 9.128104441735865882e-01 9.733333333333332726e-01
9.732905982905982745e-01 9.327962542174481619e-01 9.799819837854069071e-01 9.733184961916445666e-01 8.786764705882353921e-01
9.801215376804836010e-01 9.535711116848427649e-01 9.731020432140301546e-01 9.593059285271637870e-01 9.933326665999931970e-01
9.665032679738562171e-01 9.799819837854069071e-01 9.666239316239315649e-01 9.731020432140301546e-01 9.666559957316259721e-01
9.933326665999931970e-01 9.330694405472935715e-01 9.105163787406777010e-01 9.530228758169934089e-01 9.798544439040628440e-01
9.465008962994541086e-01 9.799959587795513682e-01 8.785386848163346807e-01 9.866613311991462298e-01 9.465885364046608963e-01
9.667713239141809689e-01 9.595588235294117974e-01 9.462489270959618670e-01 9.599920776391365207e-01 9.461220154898954959e-01
9.397060991726826629e-01 9.394017094017094172e-01 9.126984126984126755e-01 9.335396777543296665e-01 9.536406665369902003e-01
9.599164578111946122e-01 9.405864197530865445e-01 8.710161503581307363e-01 9.124572649572649796e-01 6.557319223985890178e-01
