0.000000000000000000e+00 0.000000000000000000e+00 0.000000000000000000e+00 0.000000000000000000e+00 0.000000000000000000e+00
9.802614379131475708e-01 9.705825243243505485e-01 9.512056245040940716e-01 9.802614379131475708e-01 9.604483138441105572e-01
9.513327995330069786e-01 9.330529677131488286e-01 9.599999999999999645e-01 9.610256413181585966e-01 8.900593392673260551e-01
9.705825243243505485e-01 8.532485283837509815e-01 9.105464918919164985e-01 9.705825243243505485e-01 9.502534347117247426e-01
9.700646731340519802e-01 9.602561024455322780e-01 9.802614379131475708e-01 9.705825243243505485e-01 9.604483138441105572e-01
9.602561024455322780e-01 9.308070493157879488e-01 9.315538857953780116e-01 9.504436439082343258e-01 9.007810154668915992e-01
9.705825243243505485e-01 9.599999999999999645e-01 9.604483138441105572e-01 9.802614379131475708e-01 9.604483138441105572e-01
9.219072478423812056e-01 9.224013694095978266e-01 9.012626521891644593e-01 9.701940582194068519e-01 9.002400960426865106e-01
9.305585027027278855e-01 8.355892887414602122e-01 9.212907111267014670e-01 9.802614379131475708e-01 9.705825243243505485e-01
8.475485453458082574e-01 9.122530062252525163e-01 8.141354561424504199e-01 8.664941591117449882e-01 8.451428475216280489e-01
5.973087938837210453e-01 8.395123981830415749e-01 5.858481134912648658e-01 5.679512319111404972e-01 5.651223918382718425e-01
