0.000000000000000000e+00 0.000000000000000000e+00 0.000000000000000000e+00 0.000000000000000000e+00 0.000000000000000000e+00
4.961932896284564909e-01 5.245808468314862028e-01 5.043539140862741688e-01 5.157598364662790980e-01 4.944557865590307189e-01
5.111507665751092722e-01 5.030629502881452941e-01 4.932148944024253301e-01 4.877678276958852810e-01 4.998251403273294979e-01
5.011563520622647205e-01 4.460292876809663909e-01 5.280371117058720865e-01 5.313523373900731483e-01 4.858603765786869144e-01
4.821061638342840627e-01 4.888087956895296737e-01 4.988016327753435064e-01 4.704313753689732813e-01 4.772695272732883631e-01
4.884352502769384041e-01 5.054163845633040664e-01 4.697525526173245147e-01 4.733885225404532160e-01 5.374239524608606100e-01
4.922902587958948306e-01 4.246211360135410118e-01 4.740710494079216630e-01 4.988646364631517116e-01 5.288423689389872839e-01
5.191434060240481818e-01 4.108654290693126154e-01 4.634294998358290951e-01 4.669144396594104296e-01 4.853747829985484152e-01
4.088712895326842012e-01 4.840935920514244928e-01 4.515850382136801788e-01 3.949018459832058237e-01 3.864462503163723084e-01
3.128052589489027091e-01 3.378056596447400750e-01 3.608708391936240045e-01 4.231631132270863294e-01 3.555935275518824490e-01
1.780893695506371444e-01 2.051461454609982693e-01 2.218004179151460697e-01 2.197189194093218945e-01 1.842906603262003395e-01
