0.000000000000000000e+00 0.000000000000000000e+00 0.000000000000000000e+00 0.000000000000000000e+00 0.000000000000000000e+00
4.922399362943461476e-01 5.101523758753004900e-01 5.392559722588751159e-01 5.327191127802675119e-01 5.263741322135482292e-01
5.176439137869431883e-01 5.177527329694315839e-01 5.046867615674955898e-01 5.018546449918999119e-01 5.151379396042835568e-01
4.941327057269086498e-01 4.620487038273253799e-01 5.265942308768251090e-01 5.211692695877611081e-01 5.077539202603584823e-01
5.176777152386907721e-01 4.919972576679971787e-01 4.954225333427633715e-01 4.719021380552434475e-01 5.050968804056900074e-01
4.946409005140217086e-01 5.261395395777969108e-01 4.566889534857712096e-01 4.785956203979213064e-01 5.144952513746333667e-01
5.045794376830065042e-01 4.496384939394968416e-01 5.151487775071549313e-01 4.988201501555040718e-01 5.025552473765816375e-01
5.033276828595373287e-01 3.937968507429585041e-01 4.599927927695457996e-01 5.010823507737657279e-01 4.884517075762128679e-01
3.882061461995393592e-01 4.864694963364857294e-01 4.583427240628052401e-01 3.713514147213907157e-01 3.657815591207941863e-01
3.038836179633143120e-01 3.690544498236805748e-01 3.302209772798008203e-01 4.559778406139996521e-01 3.265190488910165167e-01
1.778346983735466791e-01 1.995674816386149297e-01 2.005306407807236901e-01 2.055724284156188464e-01 1.774623309507030733e-01
