0.000000000000000000e+00 0.000000000000000000e+00 0.000000000000000000e+00 0.000000000000000000e+00 0.000000000000000000e+00
2.343235117546777768e-01 2.627841431987638643e-01 3.034804439546311960e-01 2.940235731497481408e-01 2.866821306934807523e-01
2.737340314756288029e-01 2.742827547363311247e-01 2.542252267857318948e-01 2.515784073070677085e-01 2.705251440771259119e-01
2.395762538885111148e-01 1.943272060314746863e-01 2.867132955209644729e-01 2.787368817041131486e-01 2.622958689059138315e-01
2.769939777627198896e-01 2.353863020092225866e-01 2.429913302240036543e-01 2.080818164789537406e-01 2.551883359954286168e-01
2.426651867930160744e-01 2.960916149275659714e-01 1.986344835393984432e-01 2.361698238138783545e-01 2.735810762987641032e-01
2.598564757000446646e-01 1.908029416052959559e-01 2.906725440502271329e-01 2.576089275443725346e-01 2.695912076695661796e-01
2.666204401037547411e-01 1.275053606505583970e-01 2.065551459769976450e-01 2.730449796738829704e-01 2.567774329976588721e-01
1.115397112463692997e-01 2.653095911555755082e-01 2.174241876189788869e-01 1.236711847340953713e-01 1.063210505705791536e-01
9.533126619564752380e-02 1.682739262924161094e-01 1.797950521082480324e-01 3.085376093866972202e-01 1.967867274961223878e-01
6.341488564351137336e-02 1.022595231248092651e-01 9.026214086552034055e-02 7.034685744158127030e-02 2.011294966772823878e-02
