0.000000000000000000e+00 0.000000000000000000e+00 0.000000000000000000e+00 0.000000000000000000e+00 0.000000000000000000e+00
9.790081646226832524e-01 9.790081646226832524e-01 9.790081646226832524e-01 9.790081646226832524e-01 9.790081646226832524e-01
9.790081646226832524e-01 9.790081646226832524e-01 9.790081646226832524e-01 9.790081646226832524e-01 9.790081646226832524e-01
9.652574128380581042e-01 9.860349491847627545e-01 9.860349491847627545e-01 9.860349491847627545e-01 9.790081646226832524e-01
9.511758083186654389e-01 9.720698983695256201e-01 9.790081646226832524e-01 9.790081646226832524e-01 9.720698983695256201e-01
9.509777288800149719e-01 9.860349491847627545e-01 8.722291932843150297e-01 9.720698983695256201e-01 9.650369847528857958e-01
9.513405797101449624e-01 9.510785345051862016e-01 9.162705335901212278e-01 9.860349491847627545e-01 9.720698983695256201e-01
9.440526903589282481e-01 9.721483692047989678e-01 9.372669445053739556e-01 8.952283942545270490e-01 9.582192039237881209e-01
9.581707330867464956e-01 9.930548019533369519e-01 9.230234677603098570e-01 9.381191443825915854e-01 9.582485555681431455e-01
9.442558815754691359e-01 9.510873498335503662e-01 9.000400160064025989e-01 9.441841162044898317e-01 9.581095596133190062e-01
9.092148390096741473e-01 8.154244515675684868e-01 9.372084085553372690e-01 8.529203567178250678e-01 8.935642265965139108e-01
