0.000000000000000000e+00 0.000000000000000000e+00 0.000000000000000000e+00 0.000000000000000000e+00 0.000000000000000000e+00
9.843612212439541986e-01 9.895772416966504004e-01 9.843612212439541986e-01 9.843612212439541986e-01 9.843612212439541986e-01
9.843612212439541986e-01 9.843612212439541986e-01 9.843612212439541986e-01 9.843612212439541986e-01 9.843612212439541986e-01
9.843612212439541986e-01 9.895772416966504004e-01 9.843612212439541986e-01 9.895772416966504004e-01 9.895772416966504004e-01
9.739196491624405594e-01 9.791420406674760102e-01 9.843612212439541986e-01 9.843612212439541986e-01 9.791420406674760102e-01
9.843612212439541986e-01 9.895772416966504004e-01 9.162456945817022413e-01 9.791420406674760102e-01 9.791420406674760102e-01
9.686939947968892239e-01 9.791420406674760102e-01 9.477576687980067138e-01 9.895772416966502893e-01 9.791420406674760102e-01
9.686939947968892239e-01 9.582326839255744799e-01 9.529969176235566497e-01 9.529969176235566497e-01 9.739196491624406704e-01
9.004376722145790435e-01 9.843612212439541986e-01 9.477576687980066028e-01 9.477576687980067138e-01 9.372684899334993158e-01
9.895772416966501783e-01 9.477576687980067138e-01 9.004376722145792655e-01 9.634650244793848683e-01 9.477576687980067138e-01
8.898784639238975780e-01 8.687080880732896970e-01 8.845924813295054090e-01 8.740073734751262480e-01 8.951601691290009821e-01
