0.000000000000000000e+00 0.000000000000000000e+00 0.000000000000000000e+00 0.000000000000000000e+00 0.000000000000000000e+00
8.322807017543859542e-01 8.687719298245614175e-01 8.470175438596491135e-01 8.656140350877192802e-01 9.357894736842105043e-01
9.308771929824561919e-01 9.259649122807017685e-01 8.873684210526315841e-01 8.494736842105262697e-01 8.870175438596491491e-01
8.340350877192982404e-01 9.063157894736841858e-01 8.343859649122806754e-01 9.182456140350877538e-01 8.814035087719298556e-01
8.470175438596491135e-01 8.399999999999999689e-01 8.150877192982456387e-01 9.245614035087719174e-01 8.842105263157894468e-01
7.554385964912280205e-01 8.494736842105262697e-01 7.856140350877193201e-01 8.929824561403508776e-01 7.922807017543859187e-01
8.978947368421053010e-01 7.943859649122807509e-01 7.785964912280701755e-01 8.621052631578947079e-01 7.792982456140350456e-01
7.768421052631578894e-01 7.831578947368420529e-01 7.470175438596491357e-01 8.017543859649123306e-01 7.810526315789473317e-01
7.649122807017544323e-01 8.115789473684210664e-01 5.754385964912280826e-01 7.301754385964912553e-01 8.094736842105263452e-01
8.056140350877193379e-01 7.961403508771930371e-01 7.880701754385964763e-01 5.908771929824561120e-01 7.161403508771929660e-01
6.428070175438596046e-01 7.129824561403508287e-01 6.080701754385965385e-01 7.589473684210525928e-01 6.157894736842105532e-01
