0.000000000000000000e+00 0.000000000000000000e+00 0.000000000000000000e+00 0.000000000000000000e+00 0.000000000000000000e+00
8.322766545059135934e-01 8.686684491319721646e-01 8.469874028740655980e-01 8.656036937283571042e-01 9.357323072847192336e-01
9.308366529153007107e-01 9.258176069168312372e-01 8.871782805148621387e-01 8.494735174221799134e-01 8.869881030256697718e-01
8.340179020074593996e-01 9.059530443739230998e-01 8.343721804363157801e-01 9.180392717843913752e-01 8.810740740740741206e-01
8.453946107841052715e-01 8.399192747737116438e-01 8.148990062999286188e-01 9.245472744111270513e-01 8.837152369761065440e-01
7.548213409172567223e-01 8.469355371578020097e-01 7.856137975406805030e-01 8.928256893832641206e-01 7.919819855807712639e-01
8.975839392451157028e-01 7.939703798958711589e-01 7.785198968778491713e-01 8.619032653364682162e-01 7.786435100435575851e-01
7.764969378378870912e-01 7.830617448176476758e-01 7.468938654049606107e-01 8.016512128500205003e-01 7.810050714615028866e-01
7.649048711168981995e-01 8.085410375450718945e-01 5.609342087572267710e-01 7.177923874443397079e-01 8.063669494889940115e-01
8.037467235186724901e-01 7.952206147425575633e-01 7.844768223064360058e-01 5.786239029081303720e-01 7.012141540245473426e-01
6.232077922077920995e-01 6.985306326395388510e-01 5.903344434219623960e-01 7.508757424773178091e-01 5.797125358993437949e-01
