0.000000000000000000e+00 0.000000000000000000e+00 0.000000000000000000e+00 0.000000000000000000e+00 0.000000000000000000e+00
6.645934782308726696e-01 7.387088871425842029e-01 6.943086765889243672e-01 7.313406274100274773e-01 8.731336440565744539e-01
8.627663998380804555e-01 8.553335002007649290e-01 7.773614763773391001e-01 6.989489173400371680e-01 7.744386923725659067e-01
6.682085617969741875e-01 8.189738046901466895e-01 6.688832755265585739e-01 8.407351666033662241e-01 7.670685424201799663e-01
7.090815560753032099e-01 6.806868576826540229e-01 6.314643270388937690e-01 8.494409952061940938e-01 7.750517403212170420e-01
5.134691285966868080e-01 7.233483612629746373e-01 5.712293360590263713e-01 7.882743556773746940e-01 5.862475442513462864e-01
8.006637903854274541e-01 5.911616395079225539e-01 5.575787702781708211e-01 7.263385134455809800e-01 5.619305760424843088e-01
5.554023415905618988e-01 5.668184553127758596e-01 4.945186098816095610e-01 6.041375956721615204e-01 5.623495722186032664e-01
5.298579619362656645e-01 6.439274490744617552e-01 1.619565124232298370e-01 5.069884848183383586e-01 6.398188691347561630e-01
6.232024070411555927e-01 5.976737591401213301e-01 5.963696295841763861e-01 1.933466378475403591e-01 4.832515692166954313e-01
3.209478771339147052e-01 4.738069794396870815e-01 2.376996117701796474e-01 5.551138413823312190e-01 2.857812388071989673e-01
