0.000000000000000000e+00 0.000000000000000000e+00 0.000000000000000000e+00 0.000000000000000000e+00 0.000000000000000000e+00
7.653648961874668366e-01 6.945339460963086964e-01 7.682508497283613291e-01 8.414232688786925651e-01 7.773598476451624162e-01
7.705542415793832367e-01 7.425367747611012481e-01 8.299801925353367249e-01 8.576113051975335910e-01 7.761405419859987997e-01
7.050130690235144604e-01 8.628170608281744425e-01 7.686663836585042597e-01 8.890912253475032889e-01 7.866189396921018373e-01
7.822175881336584924e-01 8.919817301735062376e-01 7.942606389072812689e-01 7.431696062122665758e-01 7.239622717239625471e-01
8.417668765599806147e-01 7.884248175879265963e-01 7.204767829222262776e-01 8.765091889398873848e-01 7.068678991986298010e-01
7.412762574101108282e-01 7.544929809245454200e-01 6.435144762385528461e-01 8.590597894445640703e-01 7.811336448365383545e-01
9.150610332493038790e-01 9.062703885123106762e-01 7.375794568327848078e-01 8.350985047971509756e-01 8.701328791358623471e-01
8.023574102954916798e-01 7.081745799652559015e-01 2.222194007667571969e-01 7.396131081484028646e-01 7.623284009654908155e-01
7.286667749038412412e-01 7.699097242586597778e-01 7.010237228428226608e-01 4.900312551902157865e-01 6.261408893734179415e-01
6.448234777337605861e-01 7.197046698951136134e-01 5.193263705385553486e-01 7.203775399968748161e-01 6.021664330954400457e-01
