0.000000000000000000e+00 0.000000000000000000e+00 0.000000000000000000e+00 0.000000000000000000e+00 0.000000000000000000e+00
5.540000000000000480e-01 5.480000000000000426e-01 5.480000000000000426e-01 5.460000000000000409e-01 5.420000000000000373e-01
5.480000000000000426e-01 5.560000000000000497e-01 5.580000000000000515e-01 5.600000000000000533e-01 5.480000000000000426e-01
5.540000000000000480e-01 5.560000000000000497e-01 5.659999999999999476e-01 5.440000000000000391e-01 5.600000000000000533e-01
5.779999999999999583e-01 5.560000000000000497e-01 5.600000000000000533e-01 5.699999999999999512e-01 5.460000000000000409e-01
5.580000000000000515e-01 5.659999999999999476e-01 5.639999999999999458e-01 5.699999999999999512e-01 5.520000000000000462e-01
5.260000000000000231e-01 5.400000000000000355e-01 5.380000000000000338e-01 5.420000000000000373e-01 5.580000000000000515e-01
5.200000000000000178e-01 5.040000000000000036e-01 5.040000000000000036e-01 4.600000000000000200e-01 4.879999999999999893e-01
4.480000000000000093e-01 4.400000000000000022e-01 4.640000000000000235e-01 4.380000000000000004e-01 4.460000000000000075e-01
4.339999999999999969e-01 4.299999999999999933e-01 4.239999999999999880e-01 4.199999999999999845e-01 4.380000000000000004e-01
4.359999999999999987e-01 4.520000000000000129e-01 4.440000000000000058e-01 4.460000000000000075e-01 4.440000000000000058e-01
