0.000000000000000000e+00 0.000000000000000000e+00 0.000000000000000000e+00 0.000000000000000000e+00 0.000000000000000000e+00
5.054924325836808174e-01 4.985636315483381598e-01 4.975277810020080071e-01 4.946154254798995065e-01 4.882014509124483759e-01
5.022257459653632905e-01 5.054567683087959340e-01 5.122169987905513810e-01 5.136306836626860495e-01 4.992534292947132246e-01
5.041531219779323836e-01 5.160316728437863709e-01 5.236896593484583473e-01 4.980088425127964236e-01 5.187820512820512375e-01
5.471316956665919218e-01 5.164222815600469918e-01 5.217719942606612316e-01 5.316583026350455432e-01 5.066695888585699414e-01
5.314198248571331273e-01 5.392309615407154810e-01 5.240282868746750644e-01 5.423812456712723273e-01 5.259194792044696865e-01
5.129543456925766964e-01 5.245946211988292696e-01 5.273980637800138593e-01 5.281005898682772370e-01 5.427033671179999352e-01
5.071306759547726806e-01 4.960509558483012782e-01 4.984760262785372098e-01 4.514140686785211853e-01 4.794757461335690807e-01
4.168272558865418476e-01 3.956007214037535746e-01 4.416664591585359734e-01 4.013240022975173016e-01 4.184643935438468465e-01
3.729605100434826292e-01 3.617332502218852941e-01 3.617966960828283285e-01 3.601538932880845034e-01 3.695711318437338022e-01
3.783536255562301442e-01 3.878907000420843132e-01 3.790103753057252889e-01 3.746398129637648067e-01 3.829901512686633147e-01
