0.000000000000000000e+00 0.000000000000000000e+00 0.000000000000000000e+00 0.000000000000000000e+00 0.000000000000000000e+00
6.855144324266337907e-01 6.779838349479623272e-01 6.885140147723411985e-01 6.809244522437486458e-01 6.914755663547996756e-01
6.824397223293096060e-01 6.870282649112123829e-01 6.869601719424539565e-01 6.899513998774803314e-01 6.840018950252165775e-01
6.869800007802807640e-01 6.823898949877630349e-01 6.929743405767899711e-01 6.989638900502369578e-01 7.004097479961495232e-01
6.987612676607666273e-01 6.943079629975171807e-01 6.944573749138230889e-01 6.883282997596594788e-01 6.959521026803504595e-01
6.806252220371407091e-01 6.987837828583195465e-01 6.898241161089972984e-01 6.956645950114614951e-01 6.834645899750557696e-01
6.542488608531478178e-01 6.711022404947994957e-01 6.680164412778991645e-01 6.665594124394264020e-01 6.681404262337342637e-01
6.493535909112434501e-01 6.585682599080969757e-01 6.384802986471480590e-01 6.256961278541292026e-01 6.539017420473544062e-01
6.031903074622660954e-01 5.934671492548412308e-01 6.112394334721776845e-01 5.998528894134592671e-01 5.921344285653762363e-01
5.836965728829368594e-01 5.771495390560494876e-01 5.835261480336765283e-01 5.837199988521981631e-01 5.867704306620795673e-01
5.883419572999443181e-01 5.898507452507677495e-01 5.948178834373549773e-01 5.882720172468344222e-01 5.979845983533582654e-01
