0.000000000000000000e+00 0.000000000000000000e+00 0.000000000000000000e+00 0.000000000000000000e+00 0.000000000000000000e+00
6.870098716130101923e-01 6.825365158596898851e-01 6.824881198101286905e-01 6.809657630187750943e-01 6.779595690985685819e-01
6.824610641910416886e-01 6.884701023405200848e-01 6.900024558200149594e-01 6.915064136698038100e-01 6.825094608253540196e-01
6.868849027984613720e-01 6.884301887055618296e-01 6.960278657047167528e-01 6.794733613220150792e-01 6.915487839276482918e-01
7.047257543948622915e-01 6.883567224020331610e-01 6.914231078839317979e-01 6.988556771984351101e-01 6.808617440468358595e-01
6.896741581059312454e-01 6.958728544263634852e-01 6.942656822963526597e-01 6.987024204769165525e-01 6.851168343521575332e-01
6.650746272621115285e-01 6.757780586651854771e-01 6.742189684168057306e-01 6.773725953710747483e-01 6.894745426122712573e-01
6.601198026521483131e-01 6.478334872558235702e-01 6.478596184510069245e-01 6.131969536546786337e-01 6.353918259573507754e-01
6.031889928281007895e-01 5.966423248240207977e-01 6.160405327102922435e-01 5.951393651191794198e-01 6.016491873170930482e-01
5.916829702044710260e-01 5.882953313283314500e-01 5.836015769818537757e-01 5.803301558486628764e-01 5.947908239094952254e-01
5.933449237846455393e-01 6.060134739729932107e-01 5.996125822027396080e-01 6.011524485344104107e-01 5.996369312974888510e-01
