0.000000000000000000e+00 0.000000000000000000e+00 0.000000000000000000e+00 0.000000000000000000e+00 0.000000000000000000e+00
9.339012822232720668e-01 9.381726393551285126e-01 9.267652492192907099e-01 9.324757965283126948e-01 9.324757965283126948e-01
9.438560258486801136e-01 9.339012822232720668e-01 9.410159993916740184e-01 9.353259153371271672e-01 9.381726393551285126e-01
9.438560258486800025e-01 9.324757965283126948e-01 9.353259153371270562e-01 9.210407425205010545e-01 9.452747983758185146e-01
9.339012822232720668e-01 9.296222517045283906e-01 9.395947379614991712e-01 9.339012822232719557e-01 9.253354413467289596e-01
9.267652492192907099e-01 9.424364274332176494e-01 9.395947379614991712e-01 9.210407425205010545e-01 9.381726393551284016e-01
9.196074041555872824e-01 9.167380443590789074e-01 9.052242065905722335e-01 9.224731920893186610e-01 9.267652492192905989e-01
8.863853633412946964e-01 8.965496274986127778e-01 8.921993908798747652e-01 8.776343061370389664e-01 9.023364733352582379e-01
8.921993908798748762e-01 8.437358137810615499e-01 8.614938217644231289e-01 8.834723859805260204e-01 8.570693678078618039e-01
7.755651065951210121e-01 7.970625081982645188e-01 8.077089990587537072e-01 7.940084273583305485e-01 7.332584136814032094e-01
5.739993977714394902e-01 5.480278897111301450e-01 5.074749887408549487e-01 5.684981296862726685e-01 5.648117789839481873e-01
