0.000000000000000000e+00 0.000000000000000000e+00 0.000000000000000000e+00 0.000000000000000000e+00 0.000000000000000000e+00
8.696860574668782151e-01 8.779457958283930497e-01 8.557668821131950709e-01 8.667790341953928168e-01 8.668325579065147002e-01
8.889218125286908467e-01 8.695947577641095494e-01 8.834696817687111015e-01 8.723837897372178629e-01 8.778482252151513787e-01
8.889492516899707431e-01 8.669824770632750255e-01 8.724430536593672514e-01 8.445852203801469393e-01 8.919695472575914774e-01
8.698902431825529247e-01 8.612174408159198880e-01 8.808764270162121601e-01 8.697397766094271399e-01 8.530411027115749611e-01
8.558884658151815206e-01 8.863683046620035588e-01 8.812739233919556492e-01 8.451908375336296686e-01 8.782875493571542513e-01
8.430572969176346465e-01 8.375807518874851532e-01 8.156479532331006865e-01 8.487692303381846326e-01 8.568417836266394305e-01
7.821741712053550399e-01 8.013734032037431732e-01 7.937049250968331027e-01 7.669517686802844736e-01 8.120259208035244258e-01
7.949277616003294078e-01 7.076877637416143507e-01 7.359772347925845892e-01 7.816838161900910853e-01 7.317008780905048804e-01
6.043701823866002298e-01 6.326103052234119950e-01 6.515031409508807991e-01 6.333228736922709157e-01 5.327645227051966970e-01
2.759251651587519283e-01 2.669610634041394981e-01 1.903423332226296671e-01 2.763340331283771212e-01 2.737082160170157263e-01
