0.000000000000000000e+00 0.000000000000000000e+00 0.000000000000000000e+00 0.000000000000000000e+00 0.000000000000000000e+00
8.723137661246180841e-01 8.779945933369144306e-01 8.668325579065147002e-01 8.778428055793099372e-01 8.751350621293836340e-01
8.584234195302770098e-01 8.780271295300194900e-01 8.723299239232220614e-01 8.363021402075903055e-01 8.611908546970681311e-01
8.615899052048821005e-01 8.667522760575671059e-01 8.639955615927453758e-01 8.444913619345184586e-01 8.640435772032114548e-01
8.753512916866099669e-01 8.421398534735567987e-01 8.445852203801469393e-01 8.584870268674994476e-01 8.477456836389989370e-01
8.446373774854067928e-01 8.729769730347552992e-01 8.424158138258049933e-01 8.366121956349142907e-01 8.451281270615872421e-01
8.341472815047594747e-01 8.430155298758117421e-01 7.878638693876678367e-01 8.350412444478972906e-01 8.233767756903664914e-01
7.740788998970988821e-01 7.769607855215926451e-01 7.784675788370691851e-01 7.917137981756116050e-01 8.033143101989783652e-01
7.883470068526833296e-01 7.345476912642386891e-01 7.588256426693829049e-01 7.594583669979815266e-01 7.178515670769829438e-01
6.229873303427913012e-01 6.041467078957849512e-01 6.427863714844612719e-01 6.337340413471450606e-01 5.860855633421755417e-01
3.499056249619354464e-01 3.318911909221327616e-01 2.961802742169711289e-01 3.274428332911318851e-01 3.537231326804151643e-01
