0.000000000000000000e+00 0.000000000000000000e+00 0.000000000000000000e+00 0.000000000000000000e+00 0.000000000000000000e+00
5.480000000000000426e-01 5.580000000000000515e-01 5.480000000000000426e-01 5.400000000000000355e-01 5.560000000000000497e-01
4.540000000000000147e-01 4.520000000000000129e-01 5.440000000000000391e-01 5.480000000000000426e-01 5.320000000000000284e-01
4.279999999999999916e-01 4.359999999999999987e-01 4.480000000000000093e-01 4.359999999999999987e-01 4.279999999999999916e-01
4.000000000000000222e-01 4.359999999999999987e-01 4.079999999999999738e-01 4.000000000000000222e-01 4.179999999999999827e-01
3.519999999999999796e-01 3.980000000000000204e-01 3.739999999999999991e-01 3.780000000000000027e-01 4.099999999999999756e-01
3.439999999999999725e-01 3.459999999999999742e-01 3.360000000000000209e-01 3.459999999999999742e-01 3.380000000000000226e-01
3.160000000000000031e-01 3.340000000000000191e-01 3.380000000000000226e-01 3.240000000000000102e-01 3.360000000000000209e-01
3.240000000000000102e-01 3.340000000000000191e-01 3.260000000000000120e-01 3.300000000000000155e-01 3.180000000000000049e-01
3.280000000000000138e-01 3.320000000000000173e-01 3.360000000000000209e-01 3.240000000000000102e-01 3.280000000000000138e-01
3.360000000000000209e-01 3.380000000000000226e-01 3.380000000000000226e-01 3.340000000000000191e-01 3.260000000000000120e-01
