0.000000000000000000e+00 0.000000000000000000e+00 0.000000000000000000e+00 0.000000000000000000e+00 0.000000000000000000e+00
6.825023178019153924e-01 6.900010171744723753e-01 6.824667782942882566e-01 6.764687176919630396e-01 6.885082682244582086e-01
6.094888407178670198e-01 6.078657970754881568e-01 6.793464139635122523e-01 6.823785504877514230e-01 6.702500968188414010e-01
5.883954184248055830e-01 5.947318019725490457e-01 6.044835478056586053e-01 5.948243702258184662e-01 5.882983464863216216e-01
5.649308949029886451e-01 5.945786043647213193e-01 5.715433198972532658e-01 5.650743145832877179e-01 5.799010331292975273e-01
5.242093595599348621e-01 5.632186819410029965e-01 5.430146246801900167e-01 5.464058641271508643e-01 5.730032992593561136e-01
5.170981533331391322e-01 5.188266615256270642e-01 5.101715173241304635e-01 5.188049165410014707e-01 5.119034402457849353e-01
4.924873774239600377e-01 5.083174395462860540e-01 5.117062975424970794e-01 4.994711804361600116e-01 5.100041294297218419e-01
4.994936882776214726e-01 5.082218501259914145e-01 5.012780304004694765e-01 5.046688033047510569e-01 4.941212736265696570e-01
5.028676629213167937e-01 5.065073024323341055e-01 5.098750453773255309e-01 4.994181326890977379e-01 5.029170144757730831e-01
5.097994459043561077e-01 5.116076990377207423e-01 5.116575844863113787e-01 5.081169467613509960e-01 5.011462920588677372e-01
