0.000000000000000000e+00 0.000000000000000000e+00 0.000000000000000000e+00 0.000000000000000000e+00 0.000000000000000000e+00
6.899783666044820851e-01 6.764272423706912951e-01 6.840047562933949665e-01 6.930532131402796781e-01 6.855314229685425254e-01
6.778653465965277514e-01 6.854859804072582774e-01 6.914784475450103107e-01 6.915164984850024066e-01 6.869644756693632504e-01
6.899740507555417457e-01 6.838981776180278471e-01 6.869558681885823415e-01 6.959914320071982630e-01 6.839365190226788238e-01
6.958531878344615951e-01 6.989413780497691908e-01 6.959784123165680958e-01 6.838000330385175518e-01 7.003393709754910379e-01
6.986195999526453315e-01 6.942497955568155410e-01 6.927016160708973080e-01 6.805097936689250560e-01 7.047871971501677990e-01
6.774254123161576047e-01 6.681056739480570883e-01 7.060607706635182446e-01 6.681446524429081046e-01 6.969161597999058433e-01
6.491943190039118905e-01 6.541478684236540220e-01 6.432556458835684277e-01 6.617307604112405706e-01 6.479461949889719907e-01
6.302139711026539803e-01 6.065697030701938663e-01 6.015664120075269183e-01 6.032158894388498505e-01 6.080899626447020534e-01
5.737139089836212902e-01 5.819783133089404537e-01 5.900589015798517467e-01 5.868040964391636471e-01 5.949143995838339638e-01
5.995717356537737519e-01 5.948488478895593845e-01 5.868728528791244958e-01 6.044500211076564433e-01 5.915681125982001909e-01
