0.000000000000000000e+00 0.000000000000000000e+00 0.000000000000000000e+00 0.000000000000000000e+00 0.000000000000000000e+00
4.149043092291344048e-01 4.279888569916052710e-01 4.150578090483200144e-01 4.042021218394295512e-01 4.281313785508187308e-01
2.839939029663571257e-01 2.812554939388850483e-01 4.118979175321541564e-01 4.186395952950553445e-01 3.933317603855477351e-01
2.442936017735645726e-01 2.532880027520718613e-01 2.733243995436658302e-01 2.552822697439860455e-01 2.434848630796481450e-01
2.074851828349850436e-01 2.543235263044195116e-01 2.187944266100457502e-01 2.068767587010583719e-01 2.306414891242822840e-01
1.436384768928549716e-01 2.055675166913460972e-01 1.738771091916360423e-01 1.788341532021221203e-01 2.233297699261067581e-01
1.358810842593901336e-01 1.372480841440709420e-01 1.243699291468046281e-01 1.373385311669058362e-01 1.268968186013868515e-01
9.451803732958065363e-02 1.215777640840981638e-01 1.283987250059524798e-01 1.075731991016833644e-01 1.247720109246787945e-01
1.077892558979301058e-01 1.221043378054405687e-01 1.096118008869540056e-01 1.164134308882047858e-01 9.897915078883819107e-02
1.146860547924844487e-01 1.194283813278500112e-01 1.265718859620965087e-01 1.081157309576518954e-01 1.144353926030371171e-01
1.273364046263342486e-01 1.296193617830028455e-01 1.294252260154288015e-01 1.236948764954242524e-01 1.117235099859519160e-01
