0.000000000000000000e+00 0.000000000000000000e+00 0.000000000000000000e+00 0.000000000000000000e+00 0.000000000000000000e+00
8.387705127932152394e-01 8.415016811066106106e-01 8.414365282568233573e-01 8.423371047923126076e-01 8.305446292393228180e-01
8.338192345921182635e-01 8.461278500384509238e-01 8.335325612245452209e-01 8.312298635032862038e-01 8.361335570150348895e-01
8.428286677668775928e-01 8.350179811925999562e-01 8.391559571829401154e-01 8.351249615931392034e-01 8.404085450732852181e-01
8.512649748991052423e-01 8.391574104896800668e-01 8.456519102993219628e-01 8.475058719153711895e-01 8.425018796677411492e-01
8.299877952377510137e-01 8.385497431064159457e-01 8.344794378220911080e-01 8.343813666223549586e-01 8.326754665629009233e-01
8.372853813977492177e-01 8.468590879973127983e-01 8.269955772248067660e-01 8.146115633757740060e-01 8.435403981090981995e-01
8.382738367858705297e-01 8.119595185590269271e-01 8.432204316375777609e-01 8.372395703408525014e-01 8.359405500289577295e-01
8.420011310852071329e-01 8.271450328507515826e-01 8.117283231771688090e-01 8.482288388748582264e-01 8.354172347911351659e-01
8.355397882539323806e-01 8.356476902352649727e-01 8.304596663180466853e-01 8.274550595044297685e-01 8.391128805859604523e-01
7.946943080747820298e-01 8.024031337401869024e-01 8.055665209032936147e-01 8.343621913061328721e-01 7.891933192174220846e-01
