0.000000000000000000e+00 0.000000000000000000e+00 0.000000000000000000e+00 0.000000000000000000e+00 0.000000000000000000e+00
9.051613088486540892e-01 9.052293951130285787e-01 9.057157922028590269e-01 9.053288129975687326e-01 9.002376589314643462e-01
9.017386366773985085e-01 9.080251162291346212e-01 9.011485316078478025e-01 9.000243088439232597e-01 9.028497958188909100e-01
9.069151221750926251e-01 9.021973877484178450e-01 9.043086541431893943e-01 9.015341190566114049e-01 9.051732031463876060e-01
9.111656122443883010e-01 9.039317492965077694e-01 9.078188294605542552e-01 9.087118540799189459e-01 9.061497323756333433e-01
8.992910431030823881e-01 9.033567217088699364e-01 8.988217960855021671e-01 9.003839816711660671e-01 9.011602709973344227e-01
8.992232608872164912e-01 9.075139909032281516e-01 8.941732162107559612e-01 8.807013785907779058e-01 9.053414786699746086e-01
9.033169253167868673e-01 8.793983217249277118e-01 9.052844894039266954e-01 9.034926682859805158e-01 9.022590466378982432e-01
9.042489377280203966e-01 8.915675569756663643e-01 8.783110590054691302e-01 9.074562745684994214e-01 8.953932323325572984e-01
8.985371263659511776e-01 8.971135293028373869e-01 8.920124164972587089e-01 8.913696771712553701e-01 8.998190599401219014e-01
8.668499782665530784e-01 8.714605764352503225e-01 8.739567486816415265e-01 8.941034728197941872e-01 8.624283976319407907e-01
