0.000000000000000000e+00 0.000000000000000000e+00 0.000000000000000000e+00 0.000000000000000000e+00 0.000000000000000000e+00
7.946269728105611607e-01 7.951676423324145482e-01 8.066313834064270383e-01 7.924061886310652669e-01 8.007001289958001200e-01
7.918751286935602485e-01 7.983495140573863003e-01 7.956025186973411101e-01 7.937201632322435918e-01 7.979489685402816335e-01
8.047498349391423167e-01 7.916845010946597094e-01 7.945863587334016653e-01 7.925405598309385180e-01 7.932505007205338243e-01
7.889475122464404411e-01 7.944396779746315529e-01 7.967164827265768023e-01 7.983340967086525186e-01 7.945822452631610133e-01
7.899170767188561371e-01 8.003883136119221975e-01 7.889086071527925403e-01 7.971810697844042837e-01 7.951848879047692664e-01
7.869188212082178779e-01 7.924264521077142298e-01 7.912088361906502998e-01 7.757400515405110664e-01 7.908859854876078010e-01
7.926679531518816546e-01 7.732971491054376756e-01 7.984540883127992927e-01 7.945210643395459460e-01 7.973052470833794647e-01
7.916944859303111093e-01 7.921183590718479106e-01 7.684760556355507699e-01 8.057843797041345235e-01 8.128528175179520199e-01
7.955146115410745011e-01 7.935285232494596608e-01 7.911474983923492132e-01 7.949365554001354139e-01 8.003860444996304668e-01
7.776597804489381316e-01 7.687752734773406482e-01 7.576796016481315288e-01 7.956263215407003431e-01 7.657079276003707635e-01
