0.000000000000000000e+00 0.000000000000000000e+00 0.000000000000000000e+00 0.000000000000000000e+00 0.000000000000000000e+00
7.992008582680419915e-01 8.005106034126956427e-01 8.011302811850214978e-01 8.008752580508194940e-01 7.897536887651981363e-01
7.931386363891792524e-01 8.062392298604086349e-01 7.919992635876299536e-01 7.898138422029797878e-01 7.967236013008013318e-01
8.040257820571654612e-01 7.949153953789851457e-01 7.981020255958257703e-01 7.937424537509533140e-01 8.008860395682767530e-01
8.122927279236651366e-01 7.975686989688252071e-01 8.056950872088246562e-01 8.075793558838325614e-01 8.016859586927965742e-01
7.890660132815539018e-01 7.976803321796269719e-01 7.915312824785212253e-01 7.914280327189816555e-01 7.923101138907582275e-01
7.936502265328113648e-01 8.062547666844580574e-01 7.826967120092711561e-01 7.673457793648639225e-01 8.011629704898777238e-01
7.966958037678397719e-01 7.647229549274068283e-01 8.002879024071715142e-01 7.963026075143851967e-01 7.944938580324560906e-01
7.990536800080149105e-01 7.813033623051751642e-01 7.647048506620632846e-01 8.061343551821489317e-01 7.890176517177142079e-01
7.912679369376128813e-01 7.914722924634627343e-01 7.836347999299183575e-01 7.807661562226057006e-01 7.958262606299255637e-01
7.490538697368017695e-01 7.564140379055699359e-01 7.578420229231362937e-01 7.902254587541042152e-01 7.446573213442001515e-01
