0.000000000000000000e+00 0.000000000000000000e+00 0.000000000000000000e+00 0.000000000000000000e+00 0.000000000000000000e+00
5.547372041038575174e-01 5.537689708775958009e-01 5.770656544165139179e-01 5.629221684200972353e-01 5.715118998794509464e-01
5.747824349652760345e-01 5.478234010518329145e-01 5.593808346369280038e-01 5.951700282364901229e-01 5.633249090287238969e-01
5.610087300821550160e-01 5.914845525459123676e-01 5.604037778986752372e-01 5.899176314765982587e-01 5.643885400221836379e-01
5.602538807466018733e-01 5.773175855656630384e-01 5.536388888888889026e-01 5.467022287992729934e-01 5.460312393648640850e-01
5.670425273243776543e-01 5.303274237374240307e-01 5.087293804869789104e-01 5.561254365602191774e-01 5.419838744857360391e-01
5.534012328295628835e-01 5.236369591543138524e-01 4.800414725837767738e-01 5.455172626197296593e-01 4.831528251239951000e-01
4.607619734596648531e-01 4.723586986360708839e-01 4.623904288083391934e-01 4.669913834092938587e-01 4.460913573359278073e-01
4.728264034194225029e-01 4.523813084993946187e-01 4.514492030706714343e-01 4.519246413884052127e-01 4.486783200721133902e-01
4.678170016641531315e-01 4.354804179529147556e-01 4.510806122824305153e-01 4.515849231532625407e-01 4.505976899049188300e-01
4.335727171087378484e-01 4.353825463468246615e-01 4.350777798454741885e-01 4.377667360781807848e-01 4.286741887087161529e-01
