0.000000000000000000e+00 0.000000000000000000e+00 0.000000000000000000e+00 0.000000000000000000e+00 0.000000000000000000e+00
5.588674788583842812e-01 5.724289186993857248e-01 5.715144303569927864e-01 5.832644381516561838e-01 5.885450818784151439e-01
5.824234143880762105e-01 5.757368223347493208e-01 5.531140170084869467e-01 5.805909108282689690e-01 5.623428273339331485e-01
5.943640819639945949e-01 5.452683442858112794e-01 5.606364961203670338e-01 5.823308428797752123e-01 5.448913043478261775e-01
5.139264989867399214e-01 5.380099042540992249e-01 5.259557522194512336e-01 5.267840123515769024e-01 5.305136140227575403e-01
5.276385407964355734e-01 4.878213152732466806e-01 4.887136818312009523e-01 5.121954091348385196e-01 4.953631252535790619e-01
4.993573344980346551e-01 5.011541620838960709e-01 4.520776628561060106e-01 4.787969232413676335e-01 4.623679892392398849e-01
4.421402678663053365e-01 4.357245871744628851e-01 4.358414468232703065e-01 4.382963547788259473e-01 4.401717173957509499e-01
4.434485629502928905e-01 4.383638169328809009e-01 4.341552737736290024e-01 4.325898847175442818e-01 4.414682539682539542e-01
4.299292158606096703e-01 4.431087754144941715e-01 4.371637771303012454e-01 4.505627705627706092e-01 4.392733427387147671e-01
4.437390209828899756e-01 4.275054038797792000e-01 4.325926231878072237e-01 4.384677236459600391e-01 4.358789129686962416e-01
