0.000000000000000000e+00 0.000000000000000000e+00 0.000000000000000000e+00 0.000000000000000000e+00 0.000000000000000000e+00
6.587692227851031923e-01 6.566284252824339251e-01 6.737121046856735518e-01 6.630461689974705974e-01 6.694501890025542634e-01
6.779682063997461983e-01 6.523421052041805668e-01 6.630461689974704864e-01 6.885837316953948850e-01 6.673170161175271398e-01
6.715818805046948059e-01 6.970515683139152374e-01 6.715818805046948059e-01 6.949366078203743635e-01 6.737121046856735518e-01
6.758408754203084623e-01 6.864634003353711211e-01 6.737121046856735518e-01 6.694501890025541524e-01 6.651823475976760269e-01
6.907027017626485854e-01 6.673170161175271398e-01 6.544860579110909349e-01 6.800941111346281431e-01 6.715818805046948059e-01
6.885837316953948850e-01 6.737121046856735518e-01 6.544860579110910459e-01 6.822186029581883693e-01 6.394442031083625855e-01
6.480493808345163531e-01 6.544860579110910459e-01 6.480493808345163531e-01 6.544860579110910459e-01 6.437501240560830063e-01
6.609084656743322572e-01 6.501965514792857892e-01 6.523421052041805668e-01 6.437501240560830063e-01 6.501965514792859002e-01
6.673170161175271398e-01 6.437501240560830063e-01 6.501965514792857892e-01 6.544860579110909349e-01 6.480493808345163531e-01
6.437501240560830063e-01 6.415980049844295374e-01 6.437501240560830063e-01 6.480493808345163531e-01 6.394442031083625855e-01
