0.000000000000000000e+00 0.000000000000000000e+00 0.000000000000000000e+00 0.000000000000000000e+00 0.000000000000000000e+00
9.183505154639175494e-01 9.121649484536082930e-01 9.154639175257731631e-01 9.167010309278350588e-01 9.121649484536082930e-01
9.125773195876288879e-01 9.158762886597938691e-01 9.146391752577319734e-01 9.183505154639175494e-01 9.150515463917525683e-01
9.010309278350515649e-01 9.092783505154639068e-01 9.080412371134020111e-01 9.035051546391752453e-01 9.096907216494845017e-01
9.068041237113402264e-01 9.092783505154639068e-01 9.088659793814433119e-01 9.018556701030927547e-01 9.072164948453608213e-01
8.816494845360824950e-01 8.861855670103092608e-01 8.676288659793814917e-01 8.824742268041236848e-01 8.734020618556701532e-01
8.606185567010309345e-01 8.680412371134020866e-01 8.536082474226803773e-01 8.643298969072165105e-01 8.787628865979381088e-01
8.350515463917526082e-01 8.309278350515464373e-01 8.395876288659793740e-01 8.098969072164948768e-01 8.338144329896907125e-01
7.839175257731958446e-01 7.884536082474227214e-01 7.967010309278350633e-01 8.078350515463917914e-01 7.950515463917525727e-01
7.356701030927834672e-01 7.393814432989690433e-01 7.439175257731959201e-01 7.670103092783505661e-01 7.546391752577319423e-01
6.841237113402062198e-01 6.907216494845360710e-01 6.969072164948453274e-01 6.787628865979381532e-01 6.791752577319587481e-01
