0.000000000000000000e+00 0.000000000000000000e+00 0.000000000000000000e+00 0.000000000000000000e+00 0.000000000000000000e+00
9.466235811964650582e-01 9.461202752089039603e-01 9.473918594601355991e-01 9.464490224005217556e-01 9.456553482535422495e-01
9.480768778186038359e-01 9.447620309757445156e-01 9.461903769206875259e-01 9.463169256609121893e-01 9.468935949623362713e-01
9.420671108535214611e-01 9.442935094580728883e-01 9.450348930204522935e-01 9.468904754941933621e-01 9.417022802918351143e-01
9.379624330335630811e-01 9.422164386238105482e-01 9.429744297283543242e-01 9.397945283149338191e-01 9.412134208148703607e-01
9.309198187732847796e-01 9.347793873899595818e-01 9.200004007125203165e-01 9.304731139566975173e-01 9.275137280055762989e-01
9.193912447067685845e-01 9.232026865726224996e-01 9.200642320354203152e-01 9.254438484720411973e-01 9.288100875861111660e-01
9.037762098746970896e-01 9.000374251120599745e-01 9.100773916253097617e-01 9.109968060225434039e-01 9.071232691753564614e-01
8.867891472932721841e-01 8.821154971904137110e-01 8.870002872023159401e-01 8.908215431220576352e-01 8.906275129090781562e-01
8.465893008711140588e-01 8.525420388841262742e-01 8.551219074078529880e-01 8.641333197686917877e-01 8.606803467307436728e-01
8.016866258286097224e-01 8.005765385008085655e-01 8.062449667841382617e-01 7.963983908323305494e-01 8.017758318425212138e-01
