0.000000000000000000e+00 0.000000000000000000e+00 0.000000000000000000e+00 0.000000000000000000e+00 0.000000000000000000e+00
8.918555761060522613e-01 8.903153757102539867e-01 8.939356045470087109e-01 8.902707849070884416e-01 8.892182153340005835e-01
8.934573823351724675e-01 8.862268559965544856e-01 8.903002871125426099e-01 8.888157008118470204e-01 8.923118618534308100e-01
8.801039295083040725e-01 8.839480002772138745e-01 8.863568921662001721e-01 8.908759791280373985e-01 8.791359956621497274e-01
8.694314651892759427e-01 8.790884172142972020e-01 8.797981018199839687e-01 8.739161013724774385e-01 8.766904083867207431e-01
8.543079375804655262e-01 8.623203161596804112e-01 8.319757617385545867e-01 8.541858938780341193e-01 8.472934272711282189e-01
8.317041706046464089e-01 8.381397934142648110e-01 8.323793433026872579e-01 8.435633441089848139e-01 8.500686929624692301e-01
8.027546541585529605e-01 7.938892178600157612e-01 8.137616534667316825e-01 8.158307781945125514e-01 8.079977366463979571e-01
7.720469359312200908e-01 7.634353174119553609e-01 7.724689558015950253e-01 7.789476695519400584e-01 7.782961374487398221e-01
7.064472294102123184e-01 7.133549226750214300e-01 7.178865389181079415e-01 7.333605101924639547e-01 7.284712428968352915e-01
6.470116607275411269e-01 6.455979797032019851e-01 6.515250738437073919e-01 6.401609019448094573e-01 6.470919587408827667e-01
