0.000000000000000000e+00 0.000000000000000000e+00 0.000000000000000000e+00 0.000000000000000000e+00 0.000000000000000000e+00
8.374278909014553074e-01 8.369478963975709451e-01 8.413346633551285203e-01 8.336136350662822769e-01 8.389743277452925696e-01
8.319187034672881342e-01 8.290566950545235070e-01 8.399496714691151444e-01 8.399657709900957281e-01 8.353084313051727383e-01
8.396824153125074242e-01 8.265145340664288298e-01 8.375790248176195885e-01 8.377641878459302083e-01 8.324551188162037096e-01
8.270687979557529435e-01 8.398019666633649294e-01 8.395827236554035400e-01 8.351740710150267200e-01 8.273284588935210238e-01
8.346260424810735268e-01 8.274300318822905842e-01 8.407826770209856360e-01 8.349610750103015899e-01 8.278322930847579197e-01
8.481642606015574737e-01 8.417667872217649006e-01 8.370137950059053367e-01 8.281787881242113070e-01 8.313909238852061900e-01
8.280363421272504132e-01 8.271542306697708957e-01 8.315482475589766054e-01 8.302982003591642401e-01 8.289163930015241988e-01
8.110306576309301851e-01 8.347747297976862990e-01 8.160825853692303955e-01 8.254005663341071886e-01 8.252726302752557697e-01
8.376109291086860642e-01 8.262140912431819029e-01 8.154591560836722541e-01 8.464237153573238581e-01 8.362519017956087097e-01
8.308834853679887278e-01 8.366803345464172148e-01 8.102787085690079660e-01 8.369142933670834505e-01 8.325537529841625650e-01
