0.000000000000000000e+00 0.000000000000000000e+00 0.000000000000000000e+00 0.000000000000000000e+00 0.000000000000000000e+00
7.383880230595559757e-01 7.177723511056844918e-01 7.345005740528128824e-01 7.248018763691579380e-01 7.046936873980899074e-01
7.590318610693285173e-01 7.213867239481649429e-01 7.423550766616459073e-01 7.445708840375081516e-01 6.994064635574069877e-01
7.310162194530193114e-01 7.488872762457668975e-01 7.447642163661581938e-01 6.575989797874296494e-01 6.983284128806518387e-01
7.557982740021574886e-01 7.569660802397374377e-01 6.681931431378741459e-01 6.791666935101136060e-01 6.958351761757334275e-01
7.045244653218074582e-01 6.622826458520755244e-01 6.609295424574691546e-01 7.363115693012600715e-01 6.743989171702550189e-01
6.712866368604073486e-01 6.698977265324734809e-01 6.792994883903974435e-01 7.262902846587797612e-01 7.172861698788648432e-01
7.331282887625906186e-01 6.623828995478244774e-01 7.235675420576314076e-01 6.187713611702919669e-01 7.366279845271441751e-01
6.848653785239151581e-01 7.422030227937401747e-01 6.725515263721243420e-01 5.854035036792110125e-01 5.623826591568527045e-01
6.614882260596545160e-01 5.501582070145986103e-01 6.111953773925604683e-01 6.501942501942502561e-01 6.727040561555691633e-01
6.097587207371700790e-01 5.967323983454511094e-01 5.513354700854700141e-01 5.542560807599520301e-01 6.099240832696714021e-01
