0.000000000000000000e+00 0.000000000000000000e+00 0.000000000000000000e+00 0.000000000000000000e+00 0.000000000000000000e+00
6.294810746730902240e-01 5.708682460362892730e-01 6.450114958497210615e-01 5.194228451268818603e-01 5.641749333874834793e-01
6.201926062739610002e-01 5.962569731531101036e-01 5.872878222603520326e-01 5.601008026231397707e-01 5.949455788296450498e-01
5.474938410062648586e-01 6.640440507870977171e-01 6.031358152912132953e-01 5.264549319385376513e-01 5.247670728104000260e-01
5.881046061219259435e-01 5.249188384630307791e-01 5.783935312452546107e-01 5.078746490001780911e-01 5.454001026330709267e-01
6.641233638727805921e-01 4.398378233773238555e-01 4.813872362424394535e-01 5.940971965228034612e-01 4.209467182101676586e-01
4.613761953775774027e-01 4.358762964495535019e-01 4.868815358551706884e-01 5.802363959510833391e-01 5.510188687688553077e-01
5.367204660397656424e-01 4.516007754665384843e-01 5.806038932277951536e-01 5.282693583564768147e-01 5.301515014312102592e-01
5.137404243842343954e-01 6.798311146728914789e-01 5.381410044450426478e-01 5.021715087255317345e-01 4.199323389727852018e-01
4.185245330558611254e-01 4.319251235661200061e-01 3.631213675351980252e-01 5.074135267961318307e-01 6.107507990114027230e-01
4.610782355849777359e-01 4.676830421981361674e-01 3.855355402083331939e-01 3.305631324734091825e-01 4.644999696833483349e-01
