0.000000000000000000e+00 0.000000000000000000e+00 0.000000000000000000e+00 0.000000000000000000e+00 0.000000000000000000e+00
1.000000000000000000e+00 9.888875169774046237e-01 1.000000000000000000e+00 1.000000000000000000e+00 1.000000000000000000e+00
1.000000000000000000e+00 9.944442729713880436e-01 1.000000000000000000e+00 1.000000000000000000e+00 1.000000000000000000e+00
1.000000000000000000e+00 1.000000000000000000e+00 1.000000000000000000e+00 1.000000000000000000e+00 1.000000000000000000e+00
1.000000000000000000e+00 1.000000000000000000e+00 9.888875169774046237e-01 1.000000000000000000e+00 1.000000000000000000e+00
1.000000000000000000e+00 1.000000000000000000e+00 9.944442729713880436e-01 9.944442729713880436e-01 1.000000000000000000e+00
9.944442729713880436e-01 9.777667984189724049e-01 9.833287024173380519e-01 1.000000000000000000e+00 9.888875169774046237e-01
9.944442729713880436e-01 9.888875169774046237e-01 1.000000000000000000e+00 1.000000000000000000e+00 9.888875169774046237e-01
9.777667984189724049e-01 9.944442729713880436e-01 9.888875169774046237e-01 1.000000000000000000e+00 9.777667984189724049e-01
9.722007722007721675e-01 9.554675903018308158e-01 9.554675903018308158e-01 9.888875169774046237e-01 9.888875169774046237e-01
7.662337662337661559e-01 7.129186602870813960e-01 7.333333333333333925e-01 6.703296703296703907e-01 7.466531373768452440e-01
