0.000000000000000000e+00 0.000000000000000000e+00 0.000000000000000000e+00 0.000000000000000000e+00 0.000000000000000000e+00
7.989941070947225166e-01 7.991966521228592857e-01 8.023046725599126683e-01 8.019594527150051277e-01 7.889463210009953764e-01
8.013127916925175676e-01 7.958149626761501505e-01 7.956470201817716914e-01 7.967015997958710738e-01 8.000811120560862300e-01
7.959675852377565697e-01 8.063360897353794021e-01 7.973600680395848128e-01 7.933433945282705180e-01 7.918749640853705030e-01
7.952986719357199030e-01 7.965902432577108838e-01 8.077701821254203995e-01 8.056983843278296975e-01 7.946800597515240039e-01
8.017695632209442813e-01 8.041233632816928711e-01 7.961618131311976043e-01 8.049565750032907641e-01 7.931860284198507527e-01
7.960412941708944201e-01 7.892598971295069488e-01 7.976885370733280967e-01 8.106061604232438489e-01 7.993402984920547905e-01
8.041300978860246307e-01 7.825467475429088715e-01 7.788129368063321234e-01 7.887377302413388636e-01 8.100440125758742171e-01
7.883811798258862913e-01 7.960585667082116235e-01 7.886445862562463383e-01 7.975788480959897786e-01 7.929711635641202294e-01
7.806810920994076142e-01 7.897663001479816591e-01 7.655320981994847562e-01 7.868438282820334750e-01 7.820133867342003997e-01
7.549055111320868150e-01 7.395016051233154197e-01 7.428096105490648027e-01 7.560578791732068815e-01 7.492263320209640032e-01
