0.000000000000000000e+00 0.000000000000000000e+00 0.000000000000000000e+00 0.000000000000000000e+00 0.000000000000000000e+00
5.120000000000000107e-01 4.986666666666666470e-01 5.173333333333333117e-01 5.013333333333332975e-01 5.120000000000000107e-01
5.040000000000000036e-01 4.613333333333333175e-01 4.879999999999999893e-01 4.693333333333333246e-01 5.066666666666667096e-01
4.693333333333333246e-01 4.986666666666666470e-01 4.879999999999999893e-01 5.146666666666667167e-01 4.879999999999999893e-01
4.666666666666666741e-01 5.146666666666667167e-01 4.853333333333333388e-01 5.040000000000000036e-01 4.719999999999999751e-01
4.746666666666666812e-01 4.533333333333333104e-01 4.719999999999999751e-01 4.613333333333333175e-01 4.426666666666666528e-01
4.879999999999999893e-01 4.239999999999999880e-01 4.719999999999999751e-01 4.453333333333333588e-01 4.773333333333333317e-01
4.373333333333333517e-01 4.133333333333333304e-01 4.560000000000000164e-01 3.653333333333333433e-01 4.693333333333333246e-01
4.186666666666666869e-01 4.053333333333333233e-01 4.079999999999999738e-01 4.506666666666666599e-01 4.426666666666666528e-01
3.893333333333333091e-01 3.519999999999999796e-01 4.159999999999999809e-01 4.426666666666666528e-01 4.506666666666666599e-01
3.493333333333333290e-01 3.813333333333333575e-01 3.386666666666666714e-01 3.786666666666666514e-01 3.226666666666666572e-01
