0.000000000000000000e+00 0.000000000000000000e+00 0.000000000000000000e+00 0.000000000000000000e+00 0.000000000000000000e+00
8.029460878066455587e-01 8.034053409569263948e-01 8.166197948261820772e-01 8.159733487090781168e-01 8.185286569133030099e-01
8.102350790949769399e-01 7.927458073536248762e-01 8.135749496828316163e-01 8.061806100251373008e-01 8.137821370683556710e-01
8.107818685098960865e-01 7.934190018419818857e-01 7.602010625011720313e-01 7.891095707555232375e-01 7.925063914490969585e-01
8.033140003840982812e-01 7.933026125100974824e-01 7.851396969044027729e-01 8.024652671104283153e-01 7.877084579864690461e-01
7.901939845849330624e-01 8.005128205128203556e-01 8.004231557377048389e-01 7.721006352433031905e-01 8.196961889611658059e-01
7.902735426808610297e-01 7.956153846153846132e-01 7.837986446176472555e-01 7.731741777446390351e-01 7.770219361956973714e-01
8.042312580918734577e-01 7.855202179097142690e-01 7.979138031311944212e-01 7.881257540273933770e-01 7.713212713212712623e-01
7.867563764787616210e-01 7.617554293953320288e-01 7.949245113449854294e-01 7.456915598762704489e-01 7.616347661084068577e-01
7.851218313011517624e-01 7.511297812106518812e-01 7.951725253554312589e-01 7.783592821736401435e-01 7.669955781918389448e-01
6.800195561805469913e-01 4.761949127201516307e-01 6.053827885669318398e-01 6.566945353204894920e-01 4.923155755808816814e-01
