0.000000000000000000e+00 0.000000000000000000e+00 0.000000000000000000e+00 0.000000000000000000e+00 0.000000000000000000e+00
8.505705274827138895e-01 8.505705274827138895e-01 8.607717467482305373e-01 8.607717467482306484e-01 8.628098799207672975e-01
8.566933847973589033e-01 8.423965811896435563e-01 8.587329166989130513e-01 8.526121952890162170e-01 8.587329166989130513e-01
8.566933847973589033e-01 8.423965811896435563e-01 8.178019320104349399e-01 8.403512493131799488e-01 8.423965811896436673e-01
8.505705274827138895e-01 8.423965811896435563e-01 8.362583332918124279e-01 8.505705274827138895e-01 8.383051685129679909e-01
8.403512493131799488e-01 8.485281374238571317e-01 8.485281374238571317e-01 8.260126445090831826e-01 8.628098799207672975e-01
8.403512493131799488e-01 8.444411695842931609e-01 8.342107380965290142e-01 8.260126445090831826e-01 8.301132452864489197e-01
8.505705274827140006e-01 8.362583332918125389e-01 8.464850198845156326e-01 8.383051685129679909e-01 8.260126445090831826e-01
8.383051685129678798e-01 8.198558138816578467e-01 8.444411695842931609e-01 8.075202095854251416e-01 8.178019320104349399e-01
8.403512493131799488e-01 8.136917243171533087e-01 8.444411695842931609e-01 8.342107380965289032e-01 8.260126445090831826e-01
7.723994361008357235e-01 6.758408754203084623e-01 7.328143618194780107e-01 7.578589725154820655e-01 6.758408754203084623e-01
