0.000000000000000000e+00 0.000000000000000000e+00 0.000000000000000000e+00 0.000000000000000000e+00 0.000000000000000000e+00
8.648473211433848062e-01 8.668840752949611428e-01 8.628098799207672975e-01 8.729902634050393795e-01 8.709555416641859837e-01
8.485281374238571317e-01 8.566933847973587923e-01 8.505705274827138895e-01 8.505705274827138895e-01 8.505705274827140006e-01
8.526121952890162170e-01 8.423965811896437783e-01 8.423965811896437783e-01 8.607717467482306484e-01 8.423965811896437783e-01
8.709555416641859837e-01 8.546531460188980800e-01 8.485281374238571317e-01 8.566933847973590144e-01 8.505705274827140006e-01
8.546531460188980800e-01 8.444411695842931609e-01 8.464850198845157436e-01 8.423965811896436673e-01 8.505705274827138895e-01
8.280633362786260498e-01 8.403512493131799488e-01 8.403512493131799488e-01 8.403512493131799488e-01 8.301132452864489197e-01
8.423965811896435563e-01 8.423965811896435563e-01 8.546531460188980800e-01 8.464850198845156326e-01 8.054613584772395418e-01
8.342107380965289032e-01 8.280633362786260498e-01 8.362583332918124279e-01 8.013410981320973070e-01 8.280633362786260498e-01
8.013410981320973070e-01 8.034016568455795149e-01 8.485281374238570207e-01 8.054613584772395418e-01 8.219088892463826124e-01
7.265284272177899849e-01 6.800941111346281431e-01 7.181309072864082710e-01 7.432684575575637664e-01 6.800941111346281431e-01
