0.000000000000000000e+00 0.000000000000000000e+00 0.000000000000000000e+00 0.000000000000000000e+00 0.000000000000000000e+00
7.046843459023203193e-01 7.044735654074303355e-01 7.243323033088282514e-01 7.244947573558818688e-01 7.285908839453689723e-01
7.163668737831212496e-01 6.886687925863584914e-01 7.203766152921234900e-01 7.085973631731853351e-01 7.202381981527971044e-01
7.160076374555328638e-01 6.888013124266563203e-01 6.404989294920002685e-01 6.841532674998029862e-01 6.882276115682283146e-01
7.041201801003141858e-01 6.890223489333865414e-01 6.768959005256612871e-01 7.040300392558593856e-01 6.809376156831965510e-01
6.861404373306158044e-01 7.007478634611573609e-01 7.002689549279571546e-01 6.576646831448879071e-01 7.293159005995258903e-01
6.861404373306158044e-01 6.927393164501726153e-01 6.751472201046262445e-01 6.601820759118105508e-01 6.657135328876787606e-01
7.098005310600505879e-01 6.766715914935287346e-01 7.013240891752149375e-01 6.837370352424178011e-01 6.576012356812175330e-01
6.864518481526338256e-01 6.503860573095973097e-01 6.997761996815117236e-01 6.260595300035985966e-01 6.430527438921936900e-01
6.943498098648648309e-01 6.450107989312665602e-01 6.999365473258428727e-01 6.830246541566015184e-01 6.686659149832960836e-01
5.836986935719745695e-01 4.359128991862409874e-01 5.177306972068348445e-01 5.603477993764316434e-01 4.242079390496878988e-01
