0.000000000000000000e+00 0.000000000000000000e+00 0.000000000000000000e+00 0.000000000000000000e+00 0.000000000000000000e+00
9.971929824561402977e-01 9.971929810737980571e-01 9.954385959296516706e-01 9.950877192982455766e-01 9.954385959296516706e-01
9.982456138190967110e-01 9.943859649122807065e-01 9.968421048743743018e-01 9.957894716106969746e-01 9.957894405077492017e-01
9.947368103544114160e-01 9.985964905368990285e-01 9.971929810737980571e-01 9.936841825337729972e-01 9.975438569276346978e-01
9.947367896189546199e-01 9.961403389976577483e-01 9.968421048743743018e-01 9.957894716106969746e-01 9.919297043390858937e-01
9.849094548822254769e-01 9.971929769267627863e-01 9.940350517349997306e-01 9.912276802945628740e-01 9.943859538535255727e-01
9.390941011886564382e-01 9.982456120911675779e-01 9.926314256338482078e-01 9.957894716106969746e-01 9.936841607616238026e-01
9.824533406622959486e-01 9.394534955416429245e-01 9.669888671525550539e-01 9.835050170238814893e-01 9.901751289421987234e-01
9.227424206434133858e-01 9.915784455484943916e-01 9.722604533367600332e-01 9.645236275598356723e-01 9.943859538535255727e-01
9.806950781747728607e-01 9.546496029604503164e-01 9.309012622827768091e-01 9.047908820799090979e-01 8.947218646064348802e-01
7.544720009328163002e-01 7.671839622781961854e-01 8.705312442628840852e-01 7.886186414926991128e-01 7.817139142495792559e-01
