0.000000000000000000e+00 0.000000000000000000e+00 0.000000000000000000e+00 0.000000000000000000e+00 0.000000000000000000e+00
9.971929824561402977e-01 9.971929824561402977e-01 9.954385964912280116e-01 9.950877192982455766e-01 9.954385964912280116e-01
9.982456140350877138e-01 9.943859649122807065e-01 9.968421052631578627e-01 9.957894736842105576e-01 9.957894736842105576e-01
9.947368421052631415e-01 9.985964912280702599e-01 9.971929824561402977e-01 9.936842105263157254e-01 9.975438596491228438e-01
9.947368421052631415e-01 9.961403508771929927e-01 9.968421052631578627e-01 9.957894736842105576e-01 9.919298245614035503e-01
9.849122807017542947e-01 9.971929824561402977e-01 9.940350877192982715e-01 9.912280701754385692e-01 9.943859649122807065e-01
9.392982456140350767e-01 9.982456140350877138e-01 9.926315789473684204e-01 9.957894736842105576e-01 9.936842105263157254e-01
9.824561403508771384e-01 9.396491228070175117e-01 9.670175438596491091e-01 9.835087719298245545e-01 9.901754385964912641e-01
9.231578947368421773e-01 9.915789473684211153e-01 9.722807017543859676e-01 9.645614035087719529e-01 9.943859649122807065e-01
9.807017543859648523e-01 9.547368421052631060e-01 9.312280701754385159e-01 9.056140350877193157e-01 8.957894736842104688e-01
7.677192982456140236e-01 7.785964912280701755e-01 8.726315789473684248e-01 7.971929824561403422e-01 7.912280701754386136e-01
