0.000000000000000000e+00 0.000000000000000000e+00 0.000000000000000000e+00 0.000000000000000000e+00 0.000000000000000000e+00
4.240542824224474705e-01 4.079999999999999738e-01 4.240542824224474705e-01 3.840122885898554217e-01 3.920501856358477033e-01
4.001152497902999428e-01 4.082090565691528505e-01 3.680117765652781148e-01 4.160133126390100911e-01 3.611575592573076365e-01
4.080522340291475869e-01 3.922008582723233716e-01 3.290546651011024837e-01 4.080522340291475869e-01 3.689575806862584462e-01
3.360968098238519275e-01 3.777446765084191416e-01 3.539191986482827512e-01 2.891216547914560175e-01 3.924523658384260760e-01
3.622793870315243470e-01 4.010408485720200478e-01 3.246137365805977226e-01 2.959999999999999853e-01 3.525532375553151465e-01
3.075738564131336727e-01 3.283785101913360704e-01 3.373085972566986501e-01 4.010408485720200478e-01 3.529159467433776731e-01
3.365520762781989417e-01 2.991174959562951097e-01 2.389848365947954412e-01 3.483588380133541551e-01 3.223291856101521136e-01
3.755884272267539514e-01 1.319602701042989490e-01 1.879124097682095818e-01 2.807712859298966412e-01 2.833333333333333259e-01
2.726392706363988117e-01 2.337131762214013364e-01 3.329748276855712397e-01 3.529692507307940486e-01 3.055050463303893293e-01
7.862136275414387254e-02 0.000000000000000000e+00 1.733333333333333393e-01 3.112508255602868812e-01 7.210122041000543991e-02
