0.000000000000000000e+00 0.000000000000000000e+00
8.693672340731164461e-01 8.498233703151735208e-01
8.425124332289555262e-01 8.633548239654277312e-01
8.691040656614380522e-01 8.155086254227034148e-01
8.229960935933665622e-01 8.765947023655579207e-01
8.346718551636583827e-01 8.561514243332424279e-01
8.627882729006324247e-01 8.358501713340422690e-01
8.360747337174786464e-01 8.824214011736550844e-01
8.498233703151735208e-01 8.637271819090001079e-01
8.571152482967067110e-01 8.299768058804203319e-01
8.538224296514642653e-01 8.890918539496115436e-01
7.849432540508054501e-01 8.494524130476647228e-01
8.633548239654277312e-01 8.490984066060675017e-01
8.421211728634969695e-01 8.767746414805238642e-01
7.363699102829537324e-01 8.890918539496115436e-01
8.498603400356253834e-01 8.566416372446639116e-01
8.756959759840931001e-01 8.000743218134522827e-01
7.771966147252188373e-01 7.363699102829537324e-01
8.197599477710632021e-01 7.238978770035614518e-01
7.449260833242526969e-01 8.357599234177074399e-01
8.195148035573566192e-01 7.748488869231904275e-01
6.603174603174603030e-01 7.363699102829537324e-01
8.268430928349271847e-01 8.055287662063990162e-01
7.288600288600287636e-01 8.207360783285252426e-01
8.368742368742368987e-01 7.318484206672354331e-01
7.204844819796337729e-01 6.587462462462462254e-01
8.556268949527375822e-01 8.426868398507649793e-01
8.498233703151735208e-01 8.002631475590117338e-01
8.831299980894676827e-01 8.364313300547357999e-01
8.561514243332424279e-01 8.334521918592715517e-01
8.695464095909034574e-01 8.831299980894676827e-01
8.694486341545165642e-01 9.024466261492909425e-01
7.242926155969634516e-01 8.752044132247647212e-01
8.700462584699688584e-01 8.944384653147539055e-01
8.219590506098169991e-01 8.660733960505128115e-01
8.059578997313431303e-01 7.363699102829537324e-01
8.212608403442999139e-01 8.675159148843359924e-01
8.739939079402706534e-01 8.949232985846258259e-01
8.566416372446639116e-01 7.504503246276540418e-01
7.306506443197090528e-01 7.204844819796337729e-01
6.966966966966966490e-01 7.936155323373368375e-01
8.498603400356253834e-01 8.200832591076493427e-01
8.082454552264457526e-01 6.886245188178147236e-01
8.359818106655643177e-01 6.298596733379341339e-01
6.891301975335588637e-01 9.401180261395315485e-01
8.431284430660933582e-01 7.836954115675299759e-01
