0.000000000000000000e+00 0.000000000000000000e+00
8.943153806124548577e-01 9.044458094447794805e-01
8.790904390334364216e-01 8.943153806124548577e-01
8.790904390334364216e-01 8.383051685129678798e-01
8.790904390334364216e-01 8.943153806124548577e-01
8.740073734751262480e-01 9.044458094447794805e-01
8.790904390334364216e-01 8.485281374238571317e-01
8.587329166989129403e-01 8.993825042154693916e-01
9.044458094447794805e-01 9.196134453610870230e-01
8.943153806124548577e-01 8.790904390334364216e-01
8.790904390334364216e-01 8.841694156413438810e-01
8.178019320104349399e-01 9.044458094447794805e-01
8.790904390334364216e-01 8.689201472069929544e-01
8.740073734751262480e-01 9.246621004453464687e-01
8.075202095854250306e-01 8.993825042154693916e-01
8.790904390334364216e-01 8.943153806124548577e-01
9.044458094447793695e-01 8.229351263752339163e-01
8.331866537577279352e-01 8.023714850367004159e-01
8.536327599670064936e-01 8.023714850367004159e-01
8.536327599670064936e-01 8.892443733617636514e-01
8.587329166989129403e-01 8.331866537577279352e-01
7.505701536535779317e-01 8.023714850367004159e-01
8.638286867197685348e-01 8.178019320104348289e-01
8.178019320104348289e-01 8.689201472069929544e-01
8.587329166989129403e-01 7.920577981154881542e-01
8.023714850367004159e-01 7.713624310270756901e-01
8.790904390334364216e-01 8.943153806124548577e-01
8.943153806124548577e-01 8.485281374238570207e-01
9.044458094447794805e-01 8.740073734751262480e-01
8.943153806124548577e-01 8.790904390334364216e-01
8.943153806124548577e-01 8.892443733617636514e-01
8.892443733617636514e-01 9.397872099576584093e-01
7.868926229162401809e-01 9.145612184114425558e-01
8.993825042154693916e-01 8.790904390334364216e-01
8.587329166989129403e-01 9.044458094447793695e-01
8.434189679842133414e-01 8.023714850367004159e-01
8.790904390334364216e-01 8.841694156413438810e-01
8.892443733617636514e-01 8.993825042154693916e-01
8.841694156413438810e-01 8.023714850367004159e-01
8.075202095854250306e-01 8.023714850367004159e-01
8.689201472069929544e-01 8.689201472069928434e-01
8.943153806124548577e-01 8.740073734751262480e-01
8.485281374238570207e-01 7.972173828734264722e-01
8.587329166989129403e-01 7.505701536535778207e-01
7.868926229162401809e-01 8.993825042154693916e-01
8.075202095854250306e-01 8.023714850367004159e-01
