0.000000000000000000e+00 0.000000000000000000e+00 0.000000000000000000e+00 0.000000000000000000e+00 0.000000000000000000e+00 0.000000000000000000e+00 0.000000000000000000e+00 0.000000000000000000e+00 0.000000000000000000e+00 0.000000000000000000e+00
8.251570664478623529e-01 8.236767586437685473e-01 7.998142220853495798e-01 8.148571981787423590e-01 7.961394557865771882e-01 8.118306873639135057e-01 7.915602085497570606e-01 7.688904634881676969e-01 7.895601935970759655e-01 8.132836793622447713e-01
8.165532879862329452e-01 7.730726414556886583e-01 8.148571981787423590e-01 8.062903736661294340e-01 8.081444984329385628e-01 7.893942091811854134e-01 8.165532879862329452e-01 7.998142220853495798e-01 7.875752625959210329e-01 7.859325396867492541e-01
7.979148212375848370e-01 8.408324321658492417e-01 8.065144365782401792e-01 8.251570664478623529e-01 8.165532879862329452e-01 8.429690930050718345e-01 8.046714832015080532e-01 8.062903736661294340e-01 7.734562323699677444e-01 8.062903736661294340e-01
8.250429131559765539e-01 7.915602085497570606e-01 7.564868384643314014e-01 7.810601269057294571e-01 7.978035127595044518e-01 8.336732125709234165e-01 8.423900113313135263e-01 7.757145035476136208e-01 7.893942091811854134e-01 7.893942091811854134e-01
7.646086152533025926e-01 7.061348126430063710e-01 7.773470124323376140e-01 7.895601935970759655e-01 8.253855152524740557e-01 7.979148212375848370e-01 7.752723119748144986e-01 7.773470124323376140e-01 8.250429131559765539e-01 7.623331505718040635e-01
8.165532879862329452e-01 7.710002031328802019e-01 7.646086152533025926e-01 7.357423707102437316e-01 7.816106733382996996e-01 8.063463718864050112e-01 8.148571981787423590e-01 7.833802766750979085e-01 8.151955706197274720e-01 7.627650062362795191e-01
7.978035127595044518e-01 8.062903736661294340e-01 7.784336036985968210e-01 8.518960170799139142e-01 7.287828881031496175e-01 7.090840424177302648e-01 7.519781496301753965e-01 8.341331702404384263e-01 7.876851440422312223e-01 8.148571981787423590e-01
8.135079097716232388e-01 8.165532879862329452e-01 7.752723119748144986e-01 7.979148212375848370e-01 8.053401853805142174e-01 6.682749842936971385e-01 6.633893902771932360e-01 8.031176333702166881e-01 8.236767586437685473e-01 8.081444984329385628e-01
7.998142220853495798e-01 8.170073702056668274e-01 7.875752625959210329e-01 6.766903161637787267e-01 7.519781496301753965e-01 7.810601269057294571e-01 8.234497253542727435e-01 7.564868384643314014e-01 8.251570664478623529e-01 8.338456075159138559e-01
6.902902998007934832e-01 7.592641453446125066e-01 7.752723119748144986e-01 8.250429131559765539e-01 7.519781496301753965e-01 7.252317654143830561e-01 7.978035127595044518e-01 8.046714832015080532e-01 7.833802766750979085e-01 8.250429131559765539e-01
6.562702951308824195e-01 7.752723119748144986e-01 7.833802766750979085e-01 7.280252610747451891e-01 7.382900511557073386e-01 8.000946913656626913e-01 8.234497253542727435e-01 7.564868384643314014e-01 7.961394557865771882e-01 8.119421795964467670e-01
7.832713915672410154e-01 7.484315829237978557e-01 7.483867177951498695e-01 7.893942091811854134e-01 7.833802766750979085e-01 7.812802058413186312e-01 6.682749842936971385e-01 7.488065701242740957e-01 6.562702951308824195e-01 8.087088846309525847e-01
7.677295914596202753e-01 6.682749842936971385e-01 8.165532879862329452e-01 7.658379174700346015e-01 7.365600453600477104e-01 7.458570650482096998e-01 7.915602085497570606e-01 7.984720633065102158e-01 7.364478066372568410e-01 8.000946913656626913e-01
8.251570664478623529e-01 8.170073702056668274e-01 8.250429131559765539e-01 7.765350484778369422e-01 6.766903161637787267e-01 8.087088846309525847e-01 7.203670070658918512e-01 8.250429131559765539e-01 7.923421069214217072e-01 6.851604793846803876e-01
7.203670070658918512e-01 7.357611716570894300e-01 7.837689821349006492e-01 7.378772564743542040e-01 7.180840698020628521e-01 8.081444984329385628e-01 7.627650062362795191e-01 6.655262432987004706e-01 7.090840424177302648e-01 7.435200400845366486e-01
7.752723119748144986e-01 7.634141680612132053e-01 7.011191853980021094e-01 6.682749842936971385e-01 7.918950243032774061e-01 6.682749842936971385e-01 7.057716530692319523e-01 7.710002031328802019e-01 7.752723119748144986e-01 7.441732056922696348e-01
7.876851440422312223e-01 7.653716435003121710e-01 7.042190681346933712e-01 7.093088934588124284e-01 6.766903161637787267e-01 7.892283294029702745e-01 6.383269070860773109e-01 6.976156963290288671e-01 6.766903161637787267e-01 7.844085693393259007e-01
7.918950243032774061e-01 7.566794439158729402e-01 7.475704503700598691e-01 7.955870797707359499e-01 8.408899662883406734e-01 6.362847629757777401e-01 7.408913207576930393e-01 7.169371300356678356e-01 6.244536738482088234e-01 7.370815868674882587e-01
7.018629354917732543e-01 6.682749842936971385e-01 7.929020265071790030e-01 7.989186985327704216e-01 7.672342642405501900e-01 6.667506667510001428e-01 6.882472016116852886e-01 6.816744667777898670e-01 6.951065219972237808e-01 6.852729128392216484e-01
6.682749842936971385e-01 6.682749842936971385e-01 7.203670070658918512e-01 7.626569735176247367e-01 7.172469336353062275e-01 6.682749842936971385e-01 6.986958822773050581e-01 7.710002031328802019e-01 6.766903161637787267e-01 6.320343161814017119e-01
6.424731740100791955e-01 6.682749842936971385e-01 6.495698024616308741e-01 6.013892731559561389e-01 6.584797885474433787e-01 7.029767938645958836e-01 6.330328764112768125e-01 6.682749842936971385e-01 7.118321296786987995e-01 6.535857986575637213e-01
6.660404784484252882e-01 6.851604793846803876e-01 7.022753459139793319e-01 6.487565457228537946e-01 6.573722569830281470e-01 6.682749842936971385e-01 6.682749842936971385e-01 6.682749842936971385e-01 6.932700689069789535e-01 6.186102153323811415e-01
6.682749842936971385e-01 6.330328764112768125e-01 5.661078236641849948e-01 6.766903161637787267e-01 6.766903161637787267e-01 6.391014819458268326e-01 5.552430211466873322e-01 7.495957015163299264e-01 7.687288922756204679e-01 6.682749842936971385e-01
6.584797885474433787e-01 6.660404784484252882e-01 6.391014819458268326e-01 7.344453359938968307e-01 6.074227793851011414e-01 6.766903161637787267e-01 6.627826315615701347e-01 6.320343161814017119e-01 5.861932904812643397e-01 6.780158540415118784e-01
5.786834234912158204e-01 7.319976627225611709e-01 6.755645977434254768e-01 6.077601846280320519e-01 6.463643290709529809e-01 5.542342668426366581e-01 6.584797885474433787e-01 7.148819813902465015e-01 6.851604793846803876e-01 6.851604793846803876e-01
7.730726414556886583e-01 8.167234800792304572e-01 7.893942091811854134e-01 8.165532879862329452e-01 8.234497253542727435e-01 7.998142220853495798e-01 8.132836793622447713e-01 8.081444984329385628e-01 7.978035127595044518e-01 8.063463718864050112e-01
7.484315829237978557e-01 7.895601935970759655e-01 7.960841664045329447e-01 7.979148212375848370e-01 8.250429131559765539e-01 8.165532879862329452e-01 7.646086152533025926e-01 8.063463718864050112e-01 7.978035127595044518e-01 8.081444984329385628e-01
7.706744971957381063e-01 7.672342642405501900e-01 7.734562323699677444e-01 7.915602085497570606e-01 7.683362962136727203e-01 7.895601935970759655e-01 7.627650062362795191e-01 8.065144365782401792e-01 7.944857682242737473e-01 7.105712615188294334e-01
7.127134766499567675e-01 8.167234800792304572e-01 7.875752625959210329e-01 7.751852437721981071e-01 7.961394557865771882e-01 7.672342642405501900e-01 8.065144365782401792e-01 7.895601935970759655e-01 8.148571981787423590e-01 8.307019209349354449e-01
7.816106733382996996e-01 7.441732056922696348e-01 7.683362962136727203e-01 7.713263223733221041e-01 7.981375780317730984e-01 7.706744971957381063e-01 7.752723119748144986e-01 8.046714832015080532e-01 8.869453672681809620e-01 8.598589114055494864e-01
8.235064660761560740e-01 8.148571981787423590e-01 8.338456075159138559e-01 8.046714832015080532e-01 7.052205130238685671e-01 8.050056259869808883e-01 8.170073702056668274e-01 7.429408153432454087e-01 7.325125817591067179e-01 8.000946913656626913e-01
8.223173682105585636e-01 8.251570664478623529e-01 8.236767586437685473e-01 7.965821859505252123e-01 7.816106733382996996e-01 7.923421069214217072e-01 8.155343649422929220e-01 7.174741703345314248e-01 7.951460058187356239e-01 7.978035127595044518e-01
8.088376508130468157e-01 7.380366998276339796e-01 7.513600272295352100e-01 7.979148212375848370e-01 8.429690930050718345e-01 7.504401977160034543e-01 8.510211707014532223e-01 7.504401977160034543e-01 7.893942091811854134e-01 7.208200240974355077e-01
7.998142220853495798e-01 7.240661880382167626e-01 8.087088846309525847e-01 7.374634140302496199e-01 7.949440272625214465e-01 7.930062265918540465e-01 7.979148212375848370e-01 7.920625915823815699e-01 7.339809284480636187e-01 6.861520222961887683e-01
8.336732125709234165e-01 7.450579607885035038e-01 8.165532879862329452e-01 6.682749842936971385e-01 6.851604793846803876e-01 7.054049573444702848e-01 8.287198090172283038e-01 7.907250236283950295e-01 7.021276595744680993e-01 7.795794428691072975e-01
6.657655821106420735e-01 8.864052604279183400e-01 8.322407340863579028e-01 7.893942091811854134e-01 7.109251746565147245e-01 8.145744615429938440e-01 7.918950243032774061e-01 6.851604793846803876e-01 7.842695975536890796e-01 7.458570650482096998e-01
8.257285445040715155e-01 7.690551687197494379e-01 7.539005511044751806e-01 7.163055583389219549e-01 7.758873060752690121e-01 7.573548672507064428e-01 7.922744514942696714e-01 8.321264545480112629e-01 8.021234704555590955e-01 6.646683945540153848e-01
8.000946913656626913e-01 7.854118058351090559e-01 7.441732056922696348e-01 6.356179474110810190e-01 6.636360319904718308e-01 6.851744328627356051e-01 7.108574919693607663e-01 7.196400936083013899e-01 7.951460058187356239e-01 6.256800169261814704e-01
6.935977921078647634e-01 7.554849348517951313e-01 6.417616600696095519e-01 6.720102263811930099e-01 7.974698666114664602e-01 6.968731476445666484e-01 6.548483922086272280e-01 7.539541618103993148e-01 7.717617924559302400e-01 7.051271524166892180e-01
7.659180643905755259e-01 7.236759610155114597e-01 7.085023274026651663e-01 6.424731740100791955e-01 6.766903161637787267e-01 6.851604793846803876e-01 7.907250236283950295e-01 7.984720633065102158e-01 6.845844432875998198e-01 8.001508206365842701e-01
6.728770932133704141e-01 6.612231413170528427e-01 9.235160542506480885e-01 7.784336036985968210e-01 8.226000194986673453e-01 6.851604793846803876e-01 7.620097397601460765e-01 6.232579739979908773e-01 7.827181425361299238e-01 6.907601071818234573e-01
7.187500000000000000e-01 6.766903161637787267e-01 6.660887153949012207e-01 7.105225951817578656e-01 6.794961320295360707e-01 5.160395430450367416e-01 6.747639441246009451e-01 6.682749842936971385e-01 7.235285914433355892e-01 6.936879756192959601e-01
6.319797849857851091e-01 6.981936713623058122e-01 6.573722569830281470e-01 6.313803731041690570e-01 5.930211828005035324e-01 5.301507128802248614e-01 6.479459766379663810e-01 5.998858827434878638e-01 6.476669039389295612e-01 6.766903161637787267e-01
7.810601269057294571e-01 7.196400936083013899e-01 4.881844658360055544e-01 5.384547414426135159e-01 6.169281904857489840e-01 5.879523344497800119e-01 5.624734062893107511e-01 8.598589114055494864e-01 7.069985864370522677e-01 6.541241440738024826e-01
5.408826020516462885e-01 6.213017880810459692e-01 4.646620069137834541e-01 5.785861886114470609e-01 6.396439124573691792e-01 5.349781159141393516e-01 7.057716530692319523e-01 6.682024131538657485e-01 5.958658388566701047e-01 6.032506032509048488e-01
