0.000000000000000000e+00 0.000000000000000000e+00 0.000000000000000000e+00 0.000000000000000000e+00 0.000000000000000000e+00 0.000000000000000000e+00 0.000000000000000000e+00 0.000000000000000000e+00 0.000000000000000000e+00 0.000000000000000000e+00
7.012563018376971602e-01 7.788249694002448154e-01 7.828320802005012125e-01 8.158957321748019353e-01 8.557080129425995718e-01 8.000146470071282101e-01 6.834807349513232211e-01 8.565107597716292709e-01 8.729249011857707075e-01 8.592558983666062078e-01
8.699009324009323585e-01 7.864356011981171735e-01 8.707363360323887580e-01 8.382694541231126006e-01 7.648141332351858779e-01 7.068107242897159193e-01 8.066027874564460909e-01 7.186073957513768873e-01 8.720735785953176444e-01 7.390873015873016261e-01
5.836805555555555358e-01 3.848940914158305304e-01 5.903996101364522575e-01 8.189330540498835909e-01 5.604434624792866693e-01 7.170114457266160146e-01 3.507362032145666664e-01 7.044746011369887873e-01 4.913350449293966138e-01 6.591991341991341180e-01
5.780020703933748116e-01 8.587454212454211921e-01 5.645919121528877316e-01 7.017993702204229356e-01 7.561188811188811476e-01 8.068625865739618153e-01 7.374757595345831085e-01 7.919642857142856762e-01 4.700852612142934484e-01 7.648594730974593858e-01
6.057232241442767062e-01 6.961950429692365105e-01 7.953269537480063267e-01 6.343460461107519599e-01 7.346153846153845590e-01 5.266049739733950075e-01 7.852181602181601550e-01 4.868421052631579093e-01 4.611499611499610962e-01 7.250639105581339061e-01
7.257026789635485642e-01 4.012820512820512442e-01 4.876984126984126866e-01 8.200353825740822611e-01 4.932882882882883013e-01 7.467852870813397326e-01 6.080112044817926886e-01 7.066350316350316074e-01 8.784090909090909172e-01 5.807867132867132742e-01
8.135198135198135061e-01 8.833333333333333037e-01 7.892585719335454275e-01 7.703786906290116532e-01 6.866057233704292440e-01 5.861244019138754924e-01 7.029327849787324611e-01 7.017609406722310483e-01 5.730519480519480346e-01 7.676733597786228325e-01
7.620299406835514544e-01 6.367135020152260294e-01 6.674137931034482829e-01 5.214285714285714635e-01 5.025290498974709363e-01 8.653648793735000400e-01 7.509749034749034768e-01 7.992871429304065911e-01 7.575396825396825129e-01 7.879874927271128815e-01
7.888634169884169989e-01 2.824675324675324228e-01 8.385281385281384559e-01 6.643049932523616974e-01 7.195344129554657187e-01 5.730081300813008038e-01 7.779857397504456040e-01 8.031882591093117973e-01 8.140580008227067399e-01 8.969722455845248188e-01
8.470157293686705335e-01 5.749579831932771778e-01 8.357142857142857428e-01 7.733828671328670801e-01 7.407205697528277399e-01 8.528208440999139883e-01 3.448043184885289936e-01 6.597569097569097041e-01 5.489610963748894346e-01 6.508620689655172376e-01
7.423558897243107690e-01 6.509055010893246562e-01 5.684281842818428299e-01 7.123578176209754975e-01 5.875362844702467502e-01 6.795951462632738860e-01 6.509396095602991705e-01 8.631484794275492423e-01 7.259157509157508903e-01 7.898981324278437910e-01
7.872385290148449233e-01 7.948435972629520618e-01 4.958646616541353414e-01 6.105682670667667011e-01 5.484890090839747989e-01 6.059492672395897506e-01 7.421886936592818618e-01 6.849898580121703828e-01 5.800000000000000711e-01 7.319973932877158473e-01
6.914335664335664600e-01 6.676986584107327261e-01 5.423593350383630884e-01 6.150877192982455721e-01 7.989681050656660677e-01 7.787207357859531331e-01 7.812865497076023624e-01 6.030020703933747228e-01 6.196969696969696351e-01 7.145693779904306320e-01
6.526159147869674548e-01 8.155832742526291090e-01 6.917701863354037695e-01 5.392857142857143682e-01 8.773897625655256993e-01 7.775613275613275643e-01 7.152822580645161743e-01 1.997250789125343817e-01 8.487315010570823937e-01 8.086627417998317746e-01
6.326938742261323245e-01 2.998358348968105380e-01 4.397075903532143837e-01 6.116239316239315826e-01 6.122448979591836593e-02 6.873737373737374146e-01 7.679487179487178850e-01 7.711675297882194524e-01 7.156862745098039325e-01 3.626613038377744513e-01
6.541424262012497381e-01 7.458252531781943695e-01 3.486486486486486402e-01 6.174182139699380123e-01 5.295893719806763489e-01 6.535087719298244835e-01 7.405303030303029832e-01 6.478394816262803557e-01 7.716795089460622981e-01 2.983193277310924318e-01
8.503463335929677402e-01 7.215336134453780303e-01 7.747773906310491121e-01 8.089709568037741771e-01 2.625000000000000111e-01 7.808134394341290641e-01 7.698373311276537345e-01 8.117658203865100175e-01 8.283256217466743454e-01 7.017863004705109375e-01
8.003442560244804493e-01 7.254091784338896343e-01 6.153931208110774431e-01 7.934857304551701240e-01 8.340679284417941153e-01 6.218267442800549105e-01 6.666666666666666297e-01 4.668997668997668660e-01 7.867121848739495604e-01 5.214285714285713524e-01
4.568421052631579382e-01 6.365800865800865793e-01 4.314560439560439775e-01 5.517160999919621389e-01 5.313020313020313523e-01 7.232600732600732441e-01 8.371080627099664051e-01 6.694362984685564566e-01 7.298449515629681361e-01 7.130660287987873325e-01
7.069542061675928579e-01 5.211834733893556670e-01 4.803674586283281922e-01 6.199633699633699813e-01 4.702163702163703052e-01 4.499095022624434170e-01 5.544191919191918672e-01 4.742230854605993251e-01 6.960470085470085166e-01 4.365196078431372584e-01
