0.000000000000000000e+00 0.000000000000000000e+00 0.000000000000000000e+00 0.000000000000000000e+00 0.000000000000000000e+00 0.000000000000000000e+00 0.000000000000000000e+00 0.000000000000000000e+00 0.000000000000000000e+00 0.000000000000000000e+00
5.156483709138131033e-01 7.399652879920104454e-01 6.735501403784773800e-01 7.525963955197756405e-01 7.118536754230334607e-01 7.575207231055273160e-01 6.568103606850512755e-01 8.051391092719849540e-01 7.745939063496091181e-01 7.187130919537754181e-01
7.168815626390491191e-01 7.921949702059720710e-01 5.829537063918359685e-01 6.154090100124780527e-01 5.893124239015006260e-01 6.240528922060282202e-01 7.708751571218307452e-01 2.874984454663496170e-01 8.181167317650334114e-01 8.921900771817885545e-01
4.974653477520220579e-01 5.355775390404869940e-01 6.890005401473765501e-01 7.153508259055212370e-01 5.627303616528958052e-01 7.553623870467449652e-01 7.068441272688321675e-01 6.404820725332747156e-01 5.985108820160366383e-01 3.604883872255980060e-01
6.995658332092880016e-01 6.132111005348990229e-01 7.508176906102067560e-01 6.822322871381829579e-01 5.276585240001188115e-01 7.012183936450195887e-01 6.027432606083922284e-01 7.153508259055212370e-01 4.964771021663245687e-01 4.304481216325823922e-01
-2.763422240965594107e-02 4.507328956493443783e-01 6.548148331004378653e-01 6.590258961791692904e-01 5.251131541990705642e-01 5.773373015829266208e-01 7.460705887020158134e-01 7.863114531665993390e-01 8.657417547356881515e-01 7.275061094468749934e-01
5.915301219702885360e-01 7.560943821832941669e-01 5.412630203762544001e-01 2.410217593991456353e-01 7.552419483455712346e-01 7.633239075744813196e-01 5.371416051388614443e-01 4.567938397254580618e-01 7.454781308149924790e-01 5.040186450970908227e-01
7.540948560750253549e-01 6.454698542750479939e-01 6.826881572898624295e-01 5.764809109399033904e-01 5.486596117886650692e-01 5.758300892032631735e-01 5.560390391899392576e-02 6.038855863684453595e-01 5.851725342984165357e-01 7.590079277105848954e-01
7.461186936105022038e-01 7.286337419112203229e-01 4.522041811101100151e-01 6.468587809169673575e-01 7.019529812683507064e-01 7.112894614140524707e-01 6.849942726231386114e-01 6.185300071796395738e-01 7.483981344607583130e-01 6.609937836934625111e-01
7.322158890708391210e-01 4.681006179364842756e-01 6.839470046389846125e-01 5.938021120100492878e-01 5.643551748377073629e-01 7.402008525493160018e-01 6.516096006728648860e-01 6.204197247997801368e-01 6.101273118289501918e-01 6.707667378269185354e-01
5.380339504175737364e-01 2.442194215639565680e-01 6.642357826693378042e-01 7.870897186114617083e-01 5.377961377500258822e-01 7.512037815803430663e-01 7.608533946577462626e-01 5.047145365804528439e-01 6.491810861368304542e-01 8.058419243986254532e-01
6.215032855649977872e-01 5.408978215758221131e-01 6.156136269954074480e-01 4.669699401153816209e-01 3.220099507817319462e-01 4.604745255036294949e-01 5.697099129215257296e-01 6.172925178725672257e-01 6.719936114922886450e-01 7.747173819702871667e-01
5.675308896889266208e-01 6.791967106110106123e-01 5.424093773368725557e-01 5.051396399742553722e-01 6.603487535714421819e-01 5.284168946540995782e-01 5.466110841421049082e-01 7.784337189150455361e-01 4.591644610847159802e-01 6.748730105056794937e-01
3.896505535597371006e-01 5.994871005328710201e-01 4.632294139420337631e-01 3.902302309836021554e-01 5.144094562577578023e-01 6.734688066161047537e-01 6.154959309331143880e-01 6.187831130925605105e-01 6.180123527442186182e-01 6.331072123013931074e-01
4.640796676396204412e-01 7.856217111569261391e-01 4.559660695725739621e-01 6.364157458323176364e-01 8.305465135802806431e-01 6.360521934697225266e-01 5.783366508213965140e-01 6.326180664422438316e-01 5.241448953831662205e-01 5.350463108689673675e-01
4.861961748421880225e-01 3.806562820004070202e-01 5.352612949974954182e-01 4.811509704802781062e-01 4.879916734610471041e-01 7.136249268813157354e-01 5.752010966637628453e-01 6.121368881293373088e-01 5.663925186145298829e-01 4.522568586990465267e-01
5.864452395919865779e-01 5.485917870934982066e-01 5.675180009026687955e-01 6.126107558019273647e-01 7.153029662101598740e-01 4.350102259827764439e-01 7.467004657778024690e-01 6.211193871432969527e-01 6.452113682213874712e-01 3.842509488862378975e-01
7.588774341351660624e-01 5.520598579219916369e-01 6.279392506853200828e-01 7.353412280704834103e-01 7.421896500514275630e-01 6.224054361707413996e-01 6.647999541320882555e-01 6.789936888421642669e-01 7.004919067537522803e-01 5.039321100040130563e-01
6.596799617958889472e-01 6.958099320644079988e-01 8.913809166992155975e-01 6.538220915203121208e-01 6.511863910179592763e-01 3.210900048944550500e-01 7.014634491474019962e-01 4.827628251792318026e-01 8.081931322840248955e-01 4.972733580392285080e-01
5.431235709743833517e-01 4.572724500101397194e-01 7.132699343789946633e-01 4.519039959859658673e-01 7.754703337997430612e-01 2.891600849418886621e-01 6.227863807801452545e-01 4.925316638909711942e-01 4.959917235420595039e-01 5.837915054027771333e-01
5.253495824830421990e-01 3.865873841349318218e-01 6.121265451477633235e-01 5.020057187925884845e-01 4.331032707565569684e-01 3.986841980759403548e-01 5.017497673865097818e-01 5.450841400261495773e-01 5.319785725253657338e-01 3.696382561567177483e-01
