0.000000000000000000e+00 0.000000000000000000e+00 0.000000000000000000e+00 0.000000000000000000e+00 0.000000000000000000e+00
8.133333333333333526e-01 8.159999999999999476e-01 8.293333333333333668e-01 8.239999999999999547e-01 8.186666666666666536e-01
8.106666666666666465e-01 8.239999999999999547e-01 8.159999999999999476e-01 8.293333333333333668e-01 8.186666666666666536e-01
8.080000000000000515e-01 8.186666666666666536e-01 8.159999999999999476e-01 8.186666666666666536e-01 8.133333333333333526e-01
8.213333333333333597e-01 8.133333333333333526e-01 8.106666666666666465e-01 7.893333333333333313e-01 7.973333333333333384e-01
7.866666666666666252e-01 8.159999999999999476e-01 8.026666666666666394e-01 8.026666666666666394e-01 7.973333333333333384e-01
8.000000000000000444e-01 7.733333333333333171e-01 8.026666666666666394e-01 7.760000000000000231e-01 7.920000000000000373e-01
7.893333333333333313e-01 7.840000000000000302e-01 7.813333333333333242e-01 7.973333333333333384e-01 7.973333333333333384e-01
7.733333333333333171e-01 7.386666666666666936e-01 7.946666666666666323e-01 7.413333333333332886e-01 7.706666666666667220e-01
7.546666666666667078e-01 7.626666666666667149e-01 7.226666666666666794e-01 7.279999999999999805e-01 7.573333333333333028e-01
6.079999999999999849e-01 7.359999999999999876e-01 6.933333333333333570e-01 6.480000000000000204e-01 6.933333333333333570e-01
