0.000000000000000000e+00 0.000000000000000000e+00 0.000000000000000000e+00 0.000000000000000000e+00 0.000000000000000000e+00
8.186720880550817370e-01 8.159034513873223426e-01 8.212720742589322276e-01 8.212888221289206259e-01 8.238762422710664834e-01
8.155897435897436765e-01 8.264775070058064665e-01 8.127154278502404239e-01 8.238563143400697841e-01 8.263647672249821996e-01
8.181971272780298454e-01 8.238707710902110071e-01 8.151799421698547876e-01 8.049214722699252755e-01 7.936877936877936301e-01
8.100609680843186000e-01 7.902424483306836889e-01 8.047472749012101190e-01 7.895437606813761056e-01 7.884071179265687013e-01
7.621722846441946198e-01 8.152505446623092844e-01 7.900417803860531052e-01 7.917572806906777449e-01 7.756626089959423043e-01
7.948670940923419082e-01 7.592265920091141318e-01 7.879713423831070651e-01 7.596276085978601600e-01 7.620016123345160208e-01
7.609223763634438420e-01 7.549882087021209109e-01 7.614634660319938853e-01 7.868184025318739616e-01 7.442636421692103710e-01
7.358682427746744414e-01 6.881319160571940374e-01 7.235952558241759425e-01 6.817861796751348846e-01 7.276614179887005429e-01
6.683597730516973590e-01 6.926230143875516942e-01 6.418491399785898333e-01 6.879649816026000009e-01 7.132972361189202637e-01
5.169099599384456845e-01 6.021448983402393207e-01 5.812247219778748919e-01 5.539128703041383828e-01 6.375809704619946894e-01
