0.000000000000000000e+00 0.000000000000000000e+00 0.000000000000000000e+00 0.000000000000000000e+00 0.000000000000000000e+00
8.587329166989130513e-01 8.607717467482306484e-01 8.709555416641859837e-01 8.668840752949611428e-01 8.628098799207674086e-01
8.566933847973590144e-01 8.668840752949611428e-01 8.607717467482306484e-01 8.709555416641859837e-01 8.628098799207674086e-01
8.546531460188981910e-01 8.628098799207672975e-01 8.607717467482306484e-01 8.628098799207672975e-01 8.587329166989130513e-01
8.648473211433848062e-01 8.587329166989130513e-01 8.566933847973589033e-01 8.403512493131799488e-01 8.464850198845156326e-01
8.383051685129679909e-01 8.607717467482306484e-01 8.505705274827140006e-01 8.505705274827138895e-01 8.464850198845156326e-01
8.485281374238570207e-01 8.280633362786260498e-01 8.505705274827138895e-01 8.301132452864486977e-01 8.423965811896435563e-01
8.403512493131799488e-01 8.362583332918124279e-01 8.342107380965289032e-01 8.464850198845156326e-01 8.464850198845156326e-01
8.280633362786260498e-01 8.013410981320973070e-01 8.444411695842931609e-01 8.034016568455795149e-01 8.260126445090829606e-01
8.136917243171534198e-01 8.198558138816578467e-01 7.889593708733605437e-01 7.930901588091987531e-01 8.157472375408669762e-01
6.991652165261083018e-01 7.992796757080715686e-01 7.661737545897941981e-01 7.307201926866397912e-01 7.661737545897941981e-01
