0.000000000000000000e+00 0.000000000000000000e+00 0.000000000000000000e+00 0.000000000000000000e+00 0.000000000000000000e+00
8.628098799207674086e-01 8.607717467482306484e-01 8.648473211433849173e-01 8.648473211433849173e-01 8.668840752949611428e-01
8.607717467482306484e-01 8.689201472069929544e-01 8.587329166989130513e-01 8.668840752949611428e-01 8.689201472069929544e-01
8.628098799207672975e-01 8.668840752949613648e-01 8.607717467482306484e-01 8.526121952890163280e-01 8.444411695842931609e-01
8.566933847973589033e-01 8.423965811896435563e-01 8.526121952890162170e-01 8.423965811896435563e-01 8.403512493131799488e-01
8.239611641333588476e-01 8.607717467482306484e-01 8.423965811896435563e-01 8.444411695842931609e-01 8.321623773172049932e-01
8.464850198845156326e-01 8.219088892463823903e-01 8.423965811896435563e-01 8.219088892463823903e-01 8.239611641333588476e-01
8.239611641333589587e-01 8.198558138816578467e-01 8.239611641333589587e-01 8.403512493131799488e-01 8.136917243171534198e-01
8.075202095854251416e-01 7.806868770512285227e-01 8.013410981320973070e-01 7.744727238579807160e-01 8.034016568455795149e-01
7.723994361008357235e-01 7.848249627924829275e-01 7.599391788528576663e-01 7.806868770512285227e-01 7.951542128557341771e-01
7.033886234191989439e-01 7.390901313251464488e-01 7.286248844379542566e-01 7.181309072864082710e-01 7.578589725154820655e-01
