0.000000000000000000e+00 0.000000000000000000e+00 0.000000000000000000e+00 0.000000000000000000e+00 0.000000000000000000e+00
7.288011498703463875e-01 7.246495771621956905e-01 7.325236974706057502e-01 7.328525591516168447e-01 7.363849845208373379e-01
7.247735044941112648e-01 7.407351741201348982e-01 7.213014401533772713e-01 7.367312002059720477e-01 7.405294209402298877e-01
7.290817878248625483e-01 7.370463658604488044e-01 7.256350045171187091e-01 7.098270802477056884e-01 6.936891083710404748e-01
7.180556240609823337e-01 6.928353115144267882e-01 7.104672370712563634e-01 6.920497285601716619e-01 6.862951485210667668e-01
6.620111595754869516e-01 7.280887779717623021e-01 6.931052707334179885e-01 6.986112693679839003e-01 6.730443003333087537e-01
7.011342743277760858e-01 6.585365853658536883e-01 6.979271944647684744e-01 6.575232733926954509e-01 6.609653277066908084e-01
6.660444234282202336e-01 6.567399832503580948e-01 6.672561779726218223e-01 6.937095890526882025e-01 6.493175054183669692e-01
6.400588481572820898e-01 5.961967553975144885e-01 6.306239669699229555e-01 5.798919852560373567e-01 6.311617662437316589e-01
5.876083442343197349e-01 6.054483221282600525e-01 5.681006832490773650e-01 5.970252456651516937e-01 6.208620776134298191e-01
4.770624981127544739e-01 5.338567820356787674e-01 5.157706170667779588e-01 5.003591237843786343e-01 5.645992299583713070e-01
