0.000000000000000000e+00 0.000000000000000000e+00 0.000000000000000000e+00 0.000000000000000000e+00 0.000000000000000000e+00
7.906407450131566206e-01 7.975155638605264663e-01 8.012184303745057967e-01 7.983534515982066981e-01 8.003023201135530673e-01
7.776114493618115908e-01 7.875574737599535524e-01 7.870453777801563744e-01 7.954737884412264037e-01 7.771450265403465618e-01
8.016038743873749040e-01 7.735284097941544923e-01 7.986394258907856258e-01 7.968267368306369836e-01 8.062312578237861294e-01
7.866928469885134945e-01 7.881067786239126516e-01 7.575243795444126516e-01 7.635983814057200059e-01 7.637212423110548709e-01
7.176809641671663131e-01 7.632997777877952306e-01 7.283675940932983206e-01 7.778038929626367448e-01 7.653799252778987761e-01
7.488733625899096635e-01 7.174611035787864521e-01 7.520524734626133911e-01 7.716636617445417068e-01 7.701002207294163071e-01
6.895150292425036298e-01 7.248118890209589438e-01 7.064069451749591666e-01 7.289581594461552738e-01 6.999653966058252408e-01
6.732937012532573817e-01 7.265675231667538814e-01 7.140249214547177425e-01 7.191175537256717654e-01 6.702965431286281861e-01
5.843355050808658468e-01 6.246136837205694681e-01 6.211910020508915053e-01 6.648930671537578441e-01 6.231801264411054309e-01
5.781957786672727861e-01 5.594165390774465951e-01 6.105391116980467547e-01 5.126764032141616356e-01 5.355814950737048941e-01
