0.000000000000000000e+00 0.000000000000000000e+00 0.000000000000000000e+00 0.000000000000000000e+00 0.000000000000000000e+00
5.783778080881810668e-01 5.849976258261414541e-01 5.739531533341568625e-01 5.761666425609869302e-01 5.805866764651845813e-01
5.628498911788115677e-01 5.628498911788115677e-01 5.761666425609869302e-01 5.805866764651845813e-01 5.739531533341568625e-01
5.739531533341568625e-01 5.672984713143123248e-01 5.583913402703242213e-01 5.672984713143123248e-01 5.672984713143122137e-01
5.717373134189821515e-01 5.717373134189821515e-01 5.561582508603103436e-01 5.583913402703239992e-01 5.695190953778458409e-01
5.449534128916179165e-01 5.539225778231305908e-01 5.381978157600502133e-01 5.131999826794835240e-01 5.516842897487254094e-01
5.516842897487252984e-01 5.471997400909064391e-01 5.291502622129181654e-01 5.336798874065071807e-01 5.314165555903914706e-01
5.154881181947843505e-01 5.200546979779039347e-01 5.109085588983175441e-01 5.154881181947843505e-01 5.154881181947843505e-01
5.177730090386026829e-01 4.947726750741193169e-01 4.970884115415374893e-01 5.063156678946006961e-01 4.947726750741193169e-01
4.924532690745612173e-01 5.040141091499544812e-01 4.831378915198250579e-01 5.086138024080747444e-01 4.994005295240373510e-01
4.854725075177332427e-01 4.878032390216367475e-01 4.924532690745612173e-01 5.040141091499544812e-01 5.063156678946006961e-01
