0.000000000000000000e+00 0.000000000000000000e+00 0.000000000000000000e+00 0.000000000000000000e+00 0.000000000000000000e+00
1.840255199749441239e-01 1.960083632019153921e-01 2.120475039619272306e-01 1.880782568356525464e-01 1.920266295390721523e-01
1.760920615158524105e-01 1.600358520467375367e-01 2.120022613695153046e-01 1.760507099077319448e-01 1.840726616852148834e-01
1.804567728141460714e-01 2.040457113595903482e-01 1.642577584064536522e-01 1.600221912825601223e-01 1.562719414291224018e-01
1.562602337238150618e-01 1.763974596616200152e-01 1.761823844428514474e-01 1.724216843486689743e-01 1.721543194363227280e-01
1.845381598263201028e-01 1.405241017400236658e-01 1.642173486482373657e-01 1.403251828045984917e-01 1.566227168717685692e-01
1.767329586925863172e-01 1.406057218380517559e-01 1.490966127986764755e-01 1.492679938474425205e-01 1.291120540883270162e-01
1.091422201858993912e-01 1.128714203573025210e-01 1.483437646791469777e-01 1.503882811061320879e-01 1.216140709458461422e-01
1.230307500474430021e-01 1.109368396777871274e-01 1.223820556025470713e-01 1.062023925720459588e-01 1.274838897604797794e-01
7.959900202439712524e-02 5.436967338011191447e-02 7.947449058097211250e-02 8.217821151132929935e-02 9.941944690050108502e-02
1.031649485002850836e-01 2.667044250276161960e-02 6.433490199589557423e-02 4.444722476933178623e-02 8.621177140584566911e-02
