0.000000000000000000e+00 0.000000000000000000e+00 0.000000000000000000e+00 0.000000000000000000e+00 0.000000000000000000e+00
1.880621961843414736e-01 2.000192027652424320e-01 1.801557218445971609e-01 1.840549792986188593e-01 1.921250500621047297e-01
1.601555331596182519e-01 1.602583309620850549e-01 1.842024884287688513e-01 1.921373632709785506e-01 1.803311516084029897e-01
1.808371643600414080e-01 1.686996423883778407e-01 1.527859149334236388e-01 1.688832042286832757e-01 1.690710194408295564e-01
1.781936421642693336e-01 1.775656928090177666e-01 1.497170190176180526e-01 1.537634249370131434e-01 1.735979750864131421e-01
1.310214276794213206e-01 1.479157862370495125e-01 1.181611590186038979e-01 7.388475304630383322e-02 1.432758664358390333e-01
1.452511419205494425e-01 1.367111237248616051e-01 1.048398515398077380e-01 1.122430703590798357e-01 1.086633459960335696e-01
8.059921230767273792e-02 8.979717747811852280e-02 7.277816940698331183e-02 8.132838345823097115e-02 8.088500188456827777e-02
8.680677656352378535e-02 4.384840392375984747e-02 4.793009364078532758e-02 6.589604006570423667e-02 4.342793879151106429e-02
3.978304543973715940e-02 6.383539012778084720e-02 2.243799971384190933e-02 6.983770678385653463e-02 5.181148814920716328e-02
2.771291145607349821e-02 3.178186792188304050e-02 4.157054966052699252e-02 6.466897875841060017e-02 6.928424943421165882e-02
