0.000000000000000000e+00 0.000000000000000000e+00 0.000000000000000000e+00
6.969439728353140628e-01 5.977705861201005888e-01 6.257861635220125507e-01
7.142655367231638408e-01 6.974576271186441190e-01 7.057992512537967222e-01
6.108567691301503011e-01 6.049304231122413222e-01 6.779202279202279913e-01
6.972866026003390338e-01 6.553648371830189667e-01 6.972866026003391449e-01
6.225490196078431460e-01 6.804691916336913504e-01 6.584385763490241406e-01
6.053921568627451677e-01 6.508215962441314950e-01 6.636517806670434450e-01
6.707810172377099978e-01 6.134180790960451768e-01 7.057992512537967222e-01
7.142655367231638408e-01 6.619318181818182323e-01 6.450284090909090828e-01
5.710784313725489891e-01 6.427958833619211720e-01 7.137804187889077445e-01
6.626984126984126755e-01 6.270655270655269842e-01 6.208849557522124751e-01
4.969387755102040449e-01 5.393091125670042008e-01 5.675936225435669336e-01
5.762108262108261991e-01 6.550724637681160090e-01 6.148867313915857835e-01
5.663265306122449161e-01 6.788352272727271597e-01 5.994987468671679753e-01
5.316326530612245360e-01 5.532572690467427723e-01 3.814165042235216907e-01
4.604440275171982622e-01 5.146459028550240955e-01 5.285190999476713225e-01
5.635382955771306435e-01 4.221001512618422491e-01 5.635269953051643688e-01
4.418386491557223517e-01 3.183063511830634962e-01 5.199056101088528337e-01
2.958579881656804855e-01 3.380655873806558409e-01 3.229585006693440064e-01
2.958579881656804855e-01 4.031526152376402883e-01 2.958579881656804855e-01
