0.000000000000000000e+00 0.000000000000000000e+00 0.000000000000000000e+00
7.226086956521738935e-01 5.988405797101449268e-01 6.646376811594203460e-01
7.315942028985507051e-01 7.171014492753622349e-01 7.271014492753622438e-01
6.656521739130434323e-01 6.181159420289854545e-01 7.136231884057970820e-01
7.115942028985506873e-01 6.698550724637681864e-01 7.198550724637681197e-01
6.701449275362318936e-01 7.026086956521738758e-01 6.605797101449275566e-01
6.060869565217391619e-01 6.495652173913043503e-01 6.853623188405797428e-01
7.008695652173912993e-01 6.308695652173912372e-01 7.215942028985506962e-01
7.343478260869564789e-01 6.688405797101448780e-01 6.763768115942029313e-01
6.184057971014492727e-01 6.818840579710144789e-01 7.260869565217391575e-01
6.715942028985506518e-01 6.618840579710144612e-01 6.463768115942029047e-01
5.549275362318840665e-01 6.149275362318840088e-01 6.394202898550724878e-01
6.101449275362318403e-01 6.781159420289855078e-01 6.601449275362318847e-01
6.239130434782609314e-01 7.108695652173913082e-01 6.401449275362318669e-01
5.894202898550724434e-01 6.194202898550724701e-01 5.334782608695651795e-01
5.769565217391303680e-01 5.876811594202898670e-01 6.076811594202897737e-01
6.084057971014492638e-01 5.552173913043477738e-01 6.266666666666667052e-01
5.597101449275362350e-01 4.944927536231883969e-01 6.131884057971014323e-01
5.000000000000000000e-01 5.117391304347825853e-01 5.044927536231883503e-01
5.000000000000000000e-01 5.379710144927536408e-01 5.000000000000000000e-01
