0.000000000000000000e+00 0.000000000000000000e+00 0.000000000000000000e+00
7.088405797101449135e-01 7.350724637681159690e-01 6.353623188405796984e-01
7.053623188405797606e-01 7.098550724637681109e-01 6.878260869565218094e-01
6.588405797101448691e-01 6.656521739130434323e-01 7.091304347826086207e-01
6.671014492753623015e-01 7.578260869565216495e-01 6.718840579710144700e-01
6.663768115942029224e-01 6.366666666666666030e-01 6.936231884057970642e-01
7.171014492753622349e-01 7.188405797101449224e-01 6.763768115942029313e-01
6.491304347826086785e-01 6.411594202898550643e-01 7.253623188405797784e-01
7.053623188405797606e-01 7.226086956521738935e-01 5.842028985507246031e-01
6.818840579710144789e-01 6.418840579710144434e-01 6.301449275362318581e-01
6.221739130434782439e-01 5.976811594202898759e-01 6.433333333333333126e-01
5.742028985507245942e-01 5.284057971014493038e-01 7.081159420289855344e-01
6.428985507246376407e-01 6.194202898550724701e-01 6.836231884057970554e-01
5.586956521739130377e-01 6.998550724637681020e-01 6.618840579710144612e-01
6.284057971014492816e-01 5.289855072463768293e-01 6.546376811594203371e-01
5.669565217391303591e-01 5.769565217391303680e-01 5.279710144927536319e-01
6.031884057971014235e-01 5.000000000000000000e-01 6.756521739130434412e-01
5.697101449275362439e-01 5.976811594202898759e-01 5.362318840579710644e-01
5.479710144927536497e-01 5.134782608695651618e-01 5.379710144927536408e-01
5.000000000000000000e-01 5.072463768115942351e-01 5.000000000000000000e-01
