0.000000000000000000e+00 0.000000000000000000e+00 0.000000000000000000e+00 0.000000000000000000e+00 0.000000000000000000e+00
4.153731823177073679e-01 4.220263082076620154e-01 3.883701573659312234e-01 4.201371218729750279e-01 4.099126590428646133e-01
4.078403520401876481e-01 3.924261365960742265e-01 4.035942202739999374e-01 3.970807739071405273e-01 3.946757056941021524e-01
4.262316038067999746e-01 4.262777362905352807e-01 3.848758442471372221e-01 4.303873431533005722e-01 4.248080354997802455e-01
4.186720360390887574e-01 3.944244364412431980e-01 3.923277286029687727e-01 4.220523772057997447e-01 4.129265146860414681e-01
4.037096801807971147e-01 4.116344174904498776e-01 4.140437225708543667e-01 3.963495553726000264e-01 3.832414726198105637e-01
4.316090265493531253e-01 3.886568997792456126e-01 3.886508989795777747e-01 3.751301355570826335e-01 4.089979335224686596e-01
3.510790680316391854e-01 3.764258691283865477e-01 3.579566842517190040e-01 4.075827494010099694e-01 3.738311965273519721e-01
3.591447287109133524e-01 3.568795039383275136e-01 3.426943708911074915e-01 3.642949445710463863e-01 3.595069294240166857e-01
3.129979460137458647e-01 3.108683869349222473e-01 3.012976441847268205e-01 3.363682059872064589e-01 3.005504594676569052e-01
2.865787525525667068e-01 2.821300880088008500e-01 2.852307354464740929e-01 3.059878587196467881e-01 2.880228216787195650e-01
