0.000000000000000000e+00 0.000000000000000000e+00 0.000000000000000000e+00 0.000000000000000000e+00 0.000000000000000000e+00
1.212691335398882048e-01 1.248350262698085245e-01 1.046257193623330445e-01 1.248998559931051022e-01 1.249918712404401167e-01
8.427100184553699969e-02 8.904037093147834647e-02 1.132054910153415805e-01 1.207219838796150524e-01 1.338297376023921681e-01
8.130170866279433362e-02 1.176079512263446397e-01 8.897723515743923006e-02 1.221141039025991776e-01 1.330385616053051667e-01
1.272345308785921558e-01 9.361460889795165941e-02 1.199426238162949049e-01 1.217301512177241668e-01 9.342289165087956648e-02
9.103456935516067439e-02 1.244838283189285549e-01 1.107723964336838063e-01 1.151467391384978778e-01 9.045612185510568115e-02
1.458907553477802876e-01 9.280580263539447983e-02 1.169281527213631433e-01 6.274301887971482639e-02 1.449270185379518683e-01
7.277283461147150689e-02 5.999216480033223858e-02 9.609841447764895517e-02 1.144451426932861227e-01 1.034957171447593027e-01
6.498928487235763884e-02 9.083507212412636478e-02 4.687405423591331499e-02 3.891960880755621077e-02 7.918535523091950468e-02
4.000566375414242593e-02 7.200878560779891413e-02 3.622023664750022298e-02 5.795568621415626148e-02 4.911366881005571616e-02
5.902346899778278949e-02 2.300202304021671182e-02 6.432584673637517514e-02 2.285735681544341300e-02 3.676280114051175968e-02
