0.000000000000000000e+00 0.000000000000000000e+00 0.000000000000000000e+00 0.000000000000000000e+00 0.000000000000000000e+00
4.257774450972739433e-01 4.244598287645675039e-01 3.910886186678110277e-01 4.029741304394491297e-01 4.176795461267510667e-01
4.119167869167869589e-01 4.034969978538443525e-01 4.055314055314054866e-01 4.222120300479119126e-01 4.241064743947393079e-01
3.799266047261465329e-01 3.861510889639270250e-01 4.210867682730529693e-01 4.193548387096774910e-01 3.859956041693347051e-01
4.038276033363369932e-01 3.922690056059048302e-01 3.840911589826867534e-01 3.866455853249249341e-01 4.039010815326604664e-01
4.208658436954257342e-01 4.076025692171922898e-01 3.907570163121674156e-01 3.896851990775471175e-01 4.189478054039852961e-01
3.392766539314326923e-01 3.364168116380505946e-01 4.257915658851634810e-01 3.980225051696710259e-01 3.331453071132457477e-01
3.397966605166937715e-01 3.666162248307642813e-01 3.188914609705686964e-01 3.506664223464615593e-01 3.428317065520231632e-01
3.511897709361258557e-01 3.006575648887346297e-01 3.194888572806184324e-01 3.088934897630550291e-01 2.939854387727042218e-01
2.741592247633942159e-01 3.249799112799223177e-01 2.577466942586197907e-01 3.006981018213736867e-01 2.604846257075226212e-01
1.905819057702660413e-01 1.835146286571642804e-01 2.011719712114549974e-01 1.928010846843926374e-01 1.783600825729961814e-01
