0.000000000000000000e+00 0.000000000000000000e+00 0.000000000000000000e+00 0.000000000000000000e+00 0.000000000000000000e+00
5.516842897487252984e-01 5.516842897487252984e-01 5.223332269729736854e-01 5.336798874065071807e-01 5.449534128916179165e-01
5.404524853202998802e-01 5.336798874065071807e-01 5.359402951822151984e-01 5.516842897487252984e-01 5.516842897487252984e-01
5.154881181947843505e-01 5.200546979779039347e-01 5.471997400909064391e-01 5.494433546781687383e-01 5.246086371975038354e-01
5.359402951822153094e-01 5.291502622129181654e-01 5.223332269729736854e-01 5.268809690580553706e-01 5.359402951822153094e-01
5.516842897487252984e-01 5.494433546781688493e-01 5.381978157600502133e-01 5.291502622129181654e-01 5.516842897487252984e-01
5.040141091499544812e-01 4.994005295240373510e-01 5.628498911788115677e-01 5.471997400909064391e-01 4.878032390216367475e-01
5.063156678946006961e-01 5.314165555903914706e-01 4.947726750741193169e-01 4.994005295240373510e-01 5.131999826794835240e-01
5.268809690580554816e-01 4.994005295240372955e-01 5.063156678946006961e-01 5.017090790488050178e-01 4.970884115415374338e-01
4.947726750741193169e-01 5.177730090386026829e-01 4.878032390216367475e-01 5.131999826794835240e-01 4.994005295240373510e-01
4.714045207910316782e-01 4.784567784961237802e-01 4.714045207910316782e-01 4.761101646561317624e-01 4.737594326237737907e-01
