0.000000000000000000e+00 0.000000000000000000e+00 0.000000000000000000e+00 0.000000000000000000e+00 0.000000000000000000e+00
1.975147355751654954e-01 1.977738446594687616e-01 1.982001508111192467e-01 1.982754580995534643e-01 1.985046229195018275e-01
1.925803443809575299e-01 1.959161141735206724e-01 2.008601766108815967e-01 2.016831756406397003e-01 2.000011530364704804e-01
1.985428995826751253e-01 1.974683356082673757e-01 1.968468451713634160e-01 1.974990939343019836e-01 2.028290065756451488e-01
1.969766206650421791e-01 1.981474058595778798e-01 2.027054277117942838e-01 1.945192647299612276e-01 2.007670778857966187e-01
1.968816550164546597e-01 1.936590785584670349e-01 1.988339191445809007e-01 2.011506475028812524e-01 1.997767465987148328e-01
2.133429074021662153e-01 1.894707378018869737e-01 1.947489006226957309e-01 1.926907968574635144e-01 1.954804343649989562e-01
2.049523956309299011e-01 1.875730698690621923e-01 1.829868785042920720e-01 1.924746950933322043e-01 1.982843566507144495e-01
1.763210500620652488e-01 2.013912151213822221e-01 1.936130882793214436e-01 1.920355710187053866e-01 1.746958263631362696e-01
1.697445329335435793e-01 1.713189095432086084e-01 1.502602940925160391e-01 1.751507759291451027e-01 1.972874515431602693e-01
1.435960345805719629e-01 1.581689989183051315e-01 1.414236895501961022e-01 1.403585992436166552e-01 1.519574772518780259e-01
