0.000000000000000000e+00 0.000000000000000000e+00 0.000000000000000000e+00 0.000000000000000000e+00 0.000000000000000000e+00
1.985966264081520660e-01 1.983835187140378653e-01 1.994958546133129562e-01 1.979216654485113636e-01 1.974496483049114903e-01
1.938765038451376321e-01 1.970372190668821799e-01 2.011819394499228808e-01 1.982866861127730862e-01 1.995983853311439626e-01
1.977820158697430886e-01 1.996112081954831696e-01 1.927288982014094820e-01 1.946760556490080840e-01 1.988442286629815148e-01
1.951894282886770804e-01 2.010836751497422914e-01 1.927494007007191645e-01 1.947644253515949664e-01 2.010971663816762123e-01
1.984243615445905606e-01 1.975037686793598424e-01 2.004932592749656683e-01 1.987720119828122467e-01 2.017493289049841765e-01
2.004165204165204162e-01 1.774987659438552190e-01 1.937934031329851536e-01 1.959017737041494345e-01 2.003923388698545249e-01
2.092625041045483303e-01 1.902167903052271181e-01 1.831387496635074608e-01 1.918755993076051436e-01 1.920662279976193543e-01
1.843353587037629415e-01 2.005399317836364104e-01 1.887870244831024447e-01 1.997338282450765445e-01 1.805146147340616625e-01
1.510932281594680460e-01 1.763024110392531207e-01 1.366439375400138878e-01 1.706880761573172645e-01 1.864572533011086275e-01
1.427160135297432519e-01 1.547254344632876255e-01 1.243122481338901630e-01 1.536478752382972601e-01 1.445711966206511545e-01
