0.000000000000000000e+00 0.000000000000000000e+00 0.000000000000000000e+00 0.000000000000000000e+00 0.000000000000000000e+00
5.438954147832303354e-01 5.438954147832303354e-01 5.438954147832303354e-01 5.438954147832303354e-01 5.451549115169196380e-01
5.337277453181995535e-01 5.413688872745121561e-01 5.438954147832303354e-01 5.476664575750778141e-01 5.438954147832303354e-01
5.464119200699759649e-01 5.451549115169196380e-01 5.426334125430937183e-01 5.413688872745121561e-01 5.476664575750778141e-01
5.438954147832303354e-01 5.413688872745121561e-01 5.438954147832303354e-01 5.375599950696849927e-01 5.489185409747517896e-01
5.438954147832303354e-01 5.362851984335917921e-01 5.438954147832303354e-01 5.426334125430937183e-01 5.362851984335917921e-01
5.563804307067865551e-01 5.350077881053072471e-01 5.324450510863105723e-01 5.337277453181996645e-01 5.337277453181996645e-01
5.426334125430937183e-01 5.285808664966069603e-01 5.246921135856312812e-01 5.311596862007675890e-01 5.337277453181996645e-01
4.994554858172299827e-01 5.401018212561989884e-01 5.272873721123194635e-01 5.350077881053072471e-01 5.048598287762833259e-01
4.939993665478326079e-01 5.168386810429558276e-01 4.556724865141479897e-01 5.021640244810386955e-01 5.246921135856312812e-01
4.541978551358177851e-01 4.730470054738272756e-01 4.330810359199180337e-01 4.629825422919531808e-01 4.716209323756476723e-01
