0.000000000000000000e+00 0.000000000000000000e+00 0.000000000000000000e+00 0.000000000000000000e+00 0.000000000000000000e+00
5.451549115169196380e-01 5.451549115169196380e-01 5.438954147832303354e-01 5.426334125430937183e-01 5.438954147832303354e-01
5.350077881053072471e-01 5.413688872745121561e-01 5.476664575750778141e-01 5.413688872745121561e-01 5.438954147832303354e-01
5.438954147832303354e-01 5.451549115169196380e-01 5.375599950696849927e-01 5.362851984335917921e-01 5.413688872745122671e-01
5.311596862007675890e-01 5.438954147832303354e-01 5.350077881053072471e-01 5.375599950696849927e-01 5.426334125430937183e-01
5.438954147832303354e-01 5.388321965644050637e-01 5.451549115169196380e-01 5.375599950696849927e-01 5.401018212561989884e-01
5.401018212561989884e-01 5.181547584858182676e-01 5.298716312261219086e-01 5.324450510863105723e-01 5.401018212561989884e-01
5.388321965644050637e-01 5.337277453181995535e-01 5.141977437989116995e-01 5.233903084371991365e-01 5.181547584858182676e-01
5.075431016179807742e-01 5.375599950696849927e-01 5.168386810429558276e-01 5.128728387747146789e-01 5.088801007271749333e-01
4.658778561712804689e-01 4.994554858172299827e-01 4.315370934676979742e-01 4.815246477539418812e-01 5.035135056184054658e-01
4.467593060597846999e-01 4.600709794395305696e-01 4.221661557237254003e-01 4.600709794395305696e-01 4.482558793070464120e-01
