0.000000000000000000e+00 0.000000000000000000e+00 0.000000000000000000e+00 0.000000000000000000e+00 0.000000000000000000e+00
2.734157961490524258e-01 2.733002959103512652e-01 2.733925292937560703e-01 2.734887374473959354e-01 2.749308404191214694e-01
2.607152002143597325e-01 2.698266704296780061e-01 2.748968453788570576e-01 2.790747965403023723e-01 2.752689047451148396e-01
2.765871366818689614e-01 2.760477273259529518e-01 2.712758282156958467e-01 2.714365346069819718e-01 2.793824300673340977e-01
2.735353262575745958e-01 2.711821463075111405e-01 2.766477679862296979e-01 2.647204626010783435e-01 2.830469645771601095e-01
2.735772765499724368e-01 2.630409762008657504e-01 2.754471741346393721e-01 2.743418771057468675e-01 2.689489592823287034e-01
2.984176860307862222e-01 2.596141719824920369e-01 2.580688141132758129e-01 2.599768514311209811e-01 2.608072814204392409e-01
2.790103022353017104e-01 2.523606521867898800e-01 2.479321230559558553e-01 2.609643916973861111e-01 2.710042915705224709e-01
2.187118515647941963e-01 2.695896493855887144e-01 2.583220967094421727e-01 2.646376330887022510e-01 2.222974135646451632e-01
2.088881970117021647e-01 2.368437733712500382e-01 1.644694868528120135e-01 2.290115086929416510e-01 2.553182474293350657e-01
1.667242679672688022e-01 1.845581618705525451e-01 1.610399040123032255e-01 1.710019942536839532e-01 1.894220710518182693e-01
