0.000000000000000000e+00 0.000000000000000000e+00 0.000000000000000000e+00 0.000000000000000000e+00 0.000000000000000000e+00
4.826666666666666883e-01 4.586666666666666670e-01 4.693333333333333246e-01 4.853333333333333388e-01 4.560000000000000164e-01
4.586666666666666670e-01 4.480000000000000093e-01 4.480000000000000093e-01 4.640000000000000235e-01 4.213333333333333375e-01
4.400000000000000022e-01 4.586666666666666670e-01 4.533333333333333104e-01 4.799999999999999822e-01 4.373333333333333517e-01
4.426666666666666528e-01 4.480000000000000093e-01 4.186666666666666869e-01 4.693333333333333246e-01 4.400000000000000022e-01
3.920000000000000151e-01 4.533333333333333104e-01 4.079999999999999738e-01 4.346666666666666456e-01 4.666666666666666741e-01
4.053333333333333233e-01 4.533333333333333104e-01 4.266666666666666941e-01 4.293333333333333446e-01 4.453333333333333588e-01
4.239999999999999880e-01 4.079999999999999738e-01 4.506666666666666599e-01 4.666666666666666741e-01 3.706666666666666443e-01
3.386666666666666714e-01 4.079999999999999738e-01 3.893333333333333091e-01 3.893333333333333091e-01 3.813333333333333575e-01
3.519999999999999796e-01 3.786666666666666514e-01 3.599999999999999867e-01 4.026666666666666727e-01 3.866666666666666585e-01
3.493333333333333290e-01 3.519999999999999796e-01 3.333333333333333148e-01 3.333333333333333148e-01 3.386666666666666714e-01
