0.000000000000000000e+00 0.000000000000000000e+00 0.000000000000000000e+00 0.000000000000000000e+00 0.000000000000000000e+00
4.586666666666666670e-01 4.666666666666666741e-01 4.666666666666666741e-01 4.773333333333333317e-01 4.799999999999999822e-01
4.480000000000000093e-01 4.640000000000000235e-01 4.613333333333333175e-01 4.533333333333333104e-01 4.400000000000000022e-01
4.506666666666666599e-01 4.613333333333333175e-01 4.266666666666666941e-01 4.693333333333333246e-01 4.453333333333333588e-01
4.266666666666666941e-01 4.400000000000000022e-01 4.213333333333333375e-01 4.640000000000000235e-01 4.213333333333333375e-01
3.893333333333333091e-01 4.266666666666666941e-01 4.159999999999999809e-01 4.186666666666666869e-01 4.346666666666666456e-01
3.920000000000000151e-01 3.946666666666666656e-01 4.079999999999999738e-01 4.053333333333333233e-01 4.000000000000000222e-01
3.946666666666666656e-01 3.866666666666666585e-01 3.946666666666666656e-01 3.760000000000000009e-01 3.760000000000000009e-01
3.466666666666666785e-01 3.679999999999999938e-01 3.466666666666666785e-01 3.413333333333333219e-01 3.333333333333333148e-01
3.253333333333333077e-01 3.519999999999999796e-01 3.360000000000000209e-01 3.360000000000000209e-01 3.653333333333333433e-01
3.360000000000000209e-01 3.333333333333333148e-01 3.333333333333333148e-01 3.333333333333333148e-01 3.333333333333333148e-01
