0.000000000000000000e+00 0.000000000000000000e+00 0.000000000000000000e+00 0.000000000000000000e+00 0.000000000000000000e+00
8.404182815498278947e-01 8.271181981352728751e-01 8.397602742459902014e-01 8.375581601827072342e-01 8.320055616228738682e-01
8.277489907353678955e-01 8.311889204355841221e-01 8.385628138832375011e-01 8.315196205742495517e-01 8.345216570380150634e-01
8.188002859259253530e-01 8.245817150855460076e-01 8.205918098699418461e-01 8.081255458625550281e-01 8.061609675997987168e-01
8.190358285300833874e-01 7.869044500208504100e-01 8.019364991483535210e-01 8.217077358837590051e-01 7.920966378833935728e-01
7.695974107612192361e-01 7.670913569200008553e-01 7.770776028423221904e-01 7.927218481953329787e-01 7.990803098388894465e-01
7.305908735403573440e-01 7.496188968058650204e-01 7.661468696176128024e-01 7.237967520715707925e-01 7.463407017819768674e-01
7.257121975660508761e-01 7.307430772671692498e-01 7.228034235669550389e-01 7.556474005851689935e-01 7.365290758734955867e-01
7.375321732740454106e-01 6.861226335056109793e-01 6.810138179569580341e-01 6.748678120515837486e-01 7.476553167276580592e-01
6.967009518709836868e-01 6.633136643615171746e-01 6.382083014458229675e-01 7.097861026024181452e-01 6.907652007796967197e-01
5.663644981441835480e-01 6.117826857064405655e-01 6.602365792338491524e-01 6.483279340868967067e-01 6.223294487905240979e-01
