0.000000000000000000e+00 0.000000000000000000e+00 0.000000000000000000e+00 0.000000000000000000e+00 0.000000000000000000e+00
8.896340158379112406e-01 8.896340158379112406e-01 8.896340158379112406e-01 8.726546336591280983e-01 8.809319611206403167e-01
8.975315729047071978e-01 8.633754305396096340e-01 8.809319611206403167e-01 8.899793755778393489e-01 8.902603390792367399e-01
8.896340158379112406e-01 8.899793755778393489e-01 8.809319611206403167e-01 8.804535017221584159e-01 9.042918768735833668e-01
8.852799406748238509e-01 9.062656641604009966e-01 8.896340158379112406e-01 8.639222412807318063e-01 8.721804511278196115e-01
8.945035460992907250e-01 8.959183673469388598e-01 8.709980487099804325e-01 8.952464788732392709e-01 8.892230576441102485e-01
8.487702773417059587e-01 8.843537414965986221e-01 8.709980487099804325e-01 9.036437246963562320e-01 8.665620094191524014e-01
8.633754305396096340e-01 8.380952380952380043e-01 8.202804746494067878e-01 8.945035460992907250e-01 8.769208037825060309e-01
8.716289104638619278e-01 8.361383108935128705e-01 8.721804511278196115e-01 8.529903350047235433e-01 8.377272727272726538e-01
8.361383108935128705e-01 8.278906904163813030e-01 8.543451652386782058e-01 8.261437908496732652e-01 8.570570570570570368e-01
7.821033357216782278e-01 7.890070921985814500e-01 7.254449571522743057e-01 7.254449571522743057e-01 7.254449571522743057e-01
