0.000000000000000000e+00 0.000000000000000000e+00 0.000000000000000000e+00 0.000000000000000000e+00 0.000000000000000000e+00
8.809319611206403167e-01 8.896340158379112406e-01 8.899793755778393489e-01 9.069056254889411584e-01 8.896340158379112406e-01
8.809319611206403167e-01 8.721804511278196115e-01 8.726546336591280983e-01 8.816761363636363980e-01 8.726546336591280983e-01
8.892230576441102485e-01 8.813390313390312425e-01 8.726546336591280983e-01 8.896340158379112406e-01 9.221713538260301046e-01
8.529903350047235433e-01 8.809319611206403167e-01 8.982905982905983189e-01 8.887450557353470115e-01 8.809319611206403167e-01
8.694889230094319243e-01 8.529903350047235433e-01 8.447826086956521374e-01 8.861244019138756478e-01 8.721804511278196115e-01
8.665620094191524014e-01 8.694889230094319243e-01 8.709980487099804325e-01 8.959183673469388598e-01 8.759678379988088404e-01
8.545127651923769552e-01 8.380952380952380043e-01 8.183998255940702071e-01 8.665620094191524014e-01 8.627450980392157298e-01
8.620289855072462704e-01 8.278906904163813030e-01 8.520874460773562031e-01 8.582489577129244207e-01 8.474474021567001136e-01
8.676307007786427938e-01 8.377272727272726538e-01 8.543451652386782058e-01 8.078431372549019773e-01 8.665620094191524014e-01
7.821033357216782278e-01 8.065898345153665883e-01 7.332503113325030686e-01 7.216261998870694416e-01 7.134910751349108349e-01
