0.000000000000000000e+00 0.000000000000000000e+00 0.000000000000000000e+00 0.000000000000000000e+00 0.000000000000000000e+00
8.875362318840580578e-01 8.975362318840579556e-01 9.002898550724637294e-01 9.175362318840579734e-01 8.975362318840579556e-01
8.875362318840580578e-01 8.775362318840580489e-01 8.802898550724638227e-01 8.930434782608696054e-01 8.802898550724638227e-01
8.947826086956521818e-01 8.902898550724637206e-01 8.802898550724638227e-01 8.975362318840579556e-01 9.210144927536232373e-01
8.520289855072463725e-01 8.875362318840580578e-01 9.075362318840579645e-01 8.920289855072464080e-01 8.875362318840580578e-01
8.665217391304347316e-01 8.520289855072463725e-01 8.447826086956521374e-01 8.810144927536232018e-01 8.775362318840580489e-01
8.582608695652174102e-01 8.665217391304347316e-01 8.720289855072463903e-01 8.937681159420289845e-01 8.682608695652174191e-01
8.575362318840580311e-01 8.430434782608695610e-01 8.175362318840579956e-01 8.582608695652174102e-01 8.647826086956521552e-01
8.620289855072463814e-01 8.182608695652173747e-01 8.492753623188405987e-01 8.510144927536231751e-01 8.382608695652173925e-01
8.610144927536231840e-01 8.282608695652173836e-01 8.427536231884058537e-01 7.982608695652173569e-01 8.582608695652174102e-01
7.727536231884057916e-01 8.020289855072464391e-01 7.299999999999999822e-01 7.182608695652173969e-01 7.127536231884058493e-01
