0.000000000000000000e+00 0.000000000000000000e+00 0.000000000000000000e+00 0.000000000000000000e+00 0.000000000000000000e+00
7.855665588407965139e-01 7.855665588407965139e-01 7.855665588407965139e-01 7.514862013847065647e-01 7.664565979793972472e-01
7.971560581724067562e-01 7.287627121576147893e-01 7.664565979793972472e-01 7.903373304364648133e-01 7.959990089799410251e-01
7.855665588407965139e-01 7.903373304364648133e-01 7.664565979793972472e-01 7.629593851650108283e-01 8.098124222614646595e-01
7.773022697659929259e-01 8.158230666149863808e-01 7.855665588407965139e-01 7.323472729384292723e-01 7.475269393359266212e-01
7.939738449112552221e-01 7.923741480522082936e-01 7.421245126463155151e-01 7.926693247486144012e-01 7.816750029754564455e-01
7.083911876233964788e-01 7.800431649520698230e-01 7.421245126463155151e-01 8.107464656541532033e-01 7.442171762877330954e-01
7.287627121576147893e-01 6.792308120568669727e-01 6.416388006587904203e-01 7.939738449112552221e-01 7.587058764362871743e-01
7.444046381801847634e-01 6.995357397921366793e-01 7.475269393359266212e-01 7.061076346552460636e-01 6.950632889715185891e-01
6.995357397921366793e-01 6.787580604732157408e-01 7.365992985789863168e-01 6.835577574202992279e-01 7.277809473459427858e-01
6.271765587880054893e-01 5.823660340614470465e-01 5.480206159207814398e-01 5.480206159207814398e-01 5.480206159207814398e-01
