0.000000000000000000e+00 0.000000000000000000e+00 0.000000000000000000e+00 0.000000000000000000e+00 0.000000000000000000e+00 0.000000000000000000e+00 0.000000000000000000e+00 0.000000000000000000e+00 0.000000000000000000e+00 0.000000000000000000e+00
8.498233703151735208e-01 8.417491599309782080e-01 8.571152482967067110e-01 8.425124332289555262e-01 8.624286341677646073e-01 8.686372444662792125e-01 8.555555555555555136e-01 8.426868398507649793e-01 8.633548239654277312e-01 8.571152482967067110e-01
8.624286341677646073e-01 8.767746414805238642e-01 8.629629629629630427e-01 8.431610752889137084e-01 8.629629629629630427e-01 8.498233703151735208e-01 8.296296296296296058e-01 8.565058140134748088e-01 8.695464095909034574e-01 8.753737980613354175e-01
8.561514243332424279e-01 8.426868398507649793e-01 8.358501713340422690e-01 8.431610752889137084e-01 8.619598266657089169e-01 8.364313300547357999e-01 8.694486341545165642e-01 8.959663498039471818e-01 8.624286341677646073e-01 8.633548239654277312e-01
8.828644347654552860e-01 8.749712859439980894e-01 8.559775752359820578e-01 8.561514243332424279e-01 8.693672340731164461e-01 8.831299980894676827e-01 8.824214011736550844e-01 8.571152482967067110e-01 8.417491599309782080e-01 8.561514243332424279e-01
8.758924691128080475e-01 8.828644347654552860e-01 8.561514243332424279e-01 7.238978770035614518e-01 8.296296296296296058e-01 8.571152482967067110e-01 8.500030699330755057e-01 8.693672340731164461e-01 8.619598266657089169e-01 8.436933085889442019e-01
8.633548239654277312e-01 8.765947023655579207e-01 8.618835743418613582e-01 8.358648142150469917e-01 8.364313300547357999e-01 7.941354658911911057e-01 8.822884040275345008e-01 8.430063002293016750e-01 8.299768058804203319e-01 8.490984066060675017e-01
8.504387778352610061e-01 7.643507608158039979e-01 7.795907795907796034e-01 8.695464095909034574e-01 8.016078093597474030e-01 8.087642331828378550e-01 8.223673896002091643e-01 8.477124302101070041e-01 8.700043917435221763e-01 8.504387778352610061e-01
7.565432098765431101e-01 8.411511995304284950e-01 8.571152482967067110e-01 8.767746414805238642e-01 8.695464095909034574e-01 8.765947023655579207e-01 8.637271819090001079e-01 8.762345602952813506e-01 8.633548239654277312e-01 8.087454832881663114e-01
7.565432098765431101e-01 8.489319480126424899e-01 8.290606922632374198e-01 7.713447414939951230e-01 8.896144113535418008e-01 8.633548239654277312e-01 8.702789096047522932e-01 7.790630422209369188e-01 8.767746414805238642e-01 8.504387778352610061e-01
8.216117216117216904e-01 8.637271819090001079e-01 8.767746414805238642e-01 8.150818530128876027e-01 8.952806269839651554e-01 8.159269999547777985e-01 8.042209041714237783e-01 8.360747337174786464e-01 7.306506443197090528e-01 7.643507608158039979e-01
8.627882729006324247e-01 8.831299980894676827e-01 8.494524130476647228e-01 8.436933085889442019e-01 8.354982400398717202e-01 7.941354658911911057e-01 7.944352033016018888e-01 8.461402243376903165e-01 8.702789096047522932e-01 8.368742368742368987e-01
7.565432098765431101e-01 8.629629629629630427e-01 8.139977975250625164e-01 8.358501713340422690e-01 7.849432540508054501e-01 8.702789096047522932e-01 7.795907795907796034e-01 7.354502557500935955e-01 8.555555555555555136e-01 8.296296296296296058e-01
7.866577866577865175e-01 8.229960935933665622e-01 8.358501713340422690e-01 8.494524130476647228e-01 8.393440709617179252e-01 7.363699102829537324e-01 8.532329598506068757e-01 8.421211728634969695e-01 7.941354658911911057e-01 8.620486351741328823e-01
7.420289205078468564e-01 8.504387778352610061e-01 8.087642331828378550e-01 7.181254144169745279e-01 8.566416372446639116e-01 7.866577866577865175e-01 7.742706838833094407e-01 8.488091164546198719e-01 8.689042828082906844e-01 8.055177230661776377e-01
8.157916003471453736e-01 7.555100016824431997e-01 7.672909261322439223e-01 8.504387778352610061e-01 8.544170908764581185e-01 7.941354658911911057e-01 8.157916003471453736e-01 6.969510106200753619e-01 8.561514243332424279e-01 7.363699102829537324e-01
8.306766005371221118e-01 7.761713242262441304e-01 8.357599234177074399e-01 6.836283781963192752e-01 8.339352914164875896e-01 8.360747337174786464e-01 7.643507608158039979e-01 8.633548239654277312e-01 7.238978770035614518e-01 8.163689225382194659e-01
8.890918539496115436e-01 8.050652704232063028e-01 7.306506443197090528e-01 7.727507985490769116e-01 7.035762694192472244e-01 8.347507899042123647e-01 6.705738705738705230e-01 7.046998940650595067e-01 7.931048925234972513e-01 7.062289562289562062e-01
7.363699102829537324e-01 7.849432540508054501e-01 7.709596548303380148e-01 7.943732193732193636e-01 7.914356104600006603e-01 8.157916003471453736e-01 8.035816035816036873e-01 6.894830556768970498e-01 7.595988241149530529e-01 7.869762921309312320e-01
8.159269999547777985e-01 8.504387778352610061e-01 7.634960968294302042e-01 7.138008274698922628e-01 7.306506443197090528e-01 8.188167488830201401e-01 7.363699102829537324e-01 8.409376539826487473e-01 7.900365070083031904e-01 8.043859649122806488e-01
8.436933085889442019e-01 7.420289205078468564e-01 7.383199148930662536e-01 7.306506443197090528e-01 8.159269999547777985e-01 8.360747337174786464e-01 8.339352914164875896e-01 7.306506443197090528e-01 7.452256834075016156e-01 8.063492063492064821e-01
7.527086910417715160e-01 6.992637179068162956e-01 6.866807610993658217e-01 7.476309672805291351e-01 8.391534457388784007e-01 6.270719738276989697e-01 6.157394421069035673e-01 7.238978770035614518e-01 6.760073218684322649e-01 7.363699102829537324e-01
7.786662205865954034e-01 7.180278054357044359e-01 6.795350666128500139e-01 6.228743902767672758e-01 8.261380153435945450e-01 6.807902358141592059e-01 8.762345602952813506e-01 7.042483660130719469e-01 7.306506443197090528e-01 7.166577663531946696e-01
7.014812153152073515e-01 6.997425241769112958e-01 6.446242967982098726e-01 6.953812048848285743e-01 7.290178171725311129e-01 7.306506443197090528e-01 7.261960417640641596e-01 7.666666666666667185e-01 6.346400222650041556e-01 7.204844819796337729e-01
8.375698375698376053e-01 7.686542847833169878e-01 6.891436133389938767e-01 6.997425241769112958e-01 7.895027291629032051e-01 7.306506443197090528e-01 7.320893852980505656e-01 7.261960417640641596e-01 7.363699102829537324e-01 7.238978770035614518e-01
7.699502379136246022e-01 6.983742122894559534e-01 8.400602056104448101e-01 7.238978770035614518e-01 6.706874416433240560e-01 6.720250593783346771e-01 7.261960417640641596e-01 7.366378910238559063e-01 7.306506443197090528e-01 8.053304063942361424e-01
8.627882729006324247e-01 7.944352033016018888e-01 8.621226268285090422e-01 8.564225847167624694e-01 8.702789096047522932e-01 8.694486341545165642e-01 8.765947023655579207e-01 8.637271819090001079e-01 8.751216577303533306e-01 8.556268949527375822e-01
8.758836212778732255e-01 8.702789096047522932e-01 8.561514243332424279e-01 8.571152482967067110e-01 8.564225847167624694e-01 8.436933085889442019e-01 8.627882729006324247e-01 8.489319480126424899e-01 8.767746414805238642e-01 8.364313300547357999e-01
8.556268949527375822e-01 8.425124332289555262e-01 8.751216577303533306e-01 8.350217965248357688e-01 8.762345602952813506e-01 7.640693666863485056e-01 8.627882729006324247e-01 8.566416372446639116e-01 8.564225847167624694e-01 8.693672340731164461e-01
8.637271819090001079e-01 8.561514243332424279e-01 8.765947023655579207e-01 8.431610752889137084e-01 8.691040656614380522e-01 8.957093557240293213e-01 8.411511995304284950e-01 8.076965472798806056e-01 8.637271819090001079e-01 8.633548239654277312e-01
8.689042828082906844e-01 8.559070485616598889e-01 8.627955887043384786e-01 7.839089774038331404e-01 8.494524130476647228e-01 8.229960935933665622e-01 8.620227520648278130e-01 8.743633276740236937e-01 8.694486341545165642e-01 8.951859118371606749e-01
8.959663498039471818e-01 8.828644347654552860e-01 7.363699102829537324e-01 8.170315671287299297e-01 8.490877074669364033e-01 8.467461275810421739e-01 8.627882729006324247e-01 8.555555555555555136e-01 8.810000875925196873e-01 7.955008342121855369e-01
8.299768058804203319e-01 8.358501713340422690e-01 8.767746414805238642e-01 8.360747337174786464e-01 8.559775752359820578e-01 8.481344379810801248e-01 8.547198856451702076e-01 7.795907795907796034e-01 8.425675794975017174e-01 8.695464095909034574e-01
8.620412267471090351e-01 8.360747337174786464e-01 8.624286341677646073e-01 8.624286341677646073e-01 7.929153103571708883e-01 8.637271819090001079e-01 8.740662931839402461e-01 8.490877074669364033e-01 8.566416372446639116e-01 8.758836212778732255e-01
8.734170313117681772e-01 9.147959955482080074e-01 8.885685464632834263e-01 9.088851160158460951e-01 8.494524130476647228e-01 8.756936866211390003e-01 8.626171810755990377e-01 8.610688064630585004e-01 8.741374183559426081e-01 8.569866160946729705e-01
8.482297613420118898e-01 8.015022951731811673e-01 8.559775752359820578e-01 7.925669860618417273e-01 7.901759915944314150e-01 8.430063002293016750e-01 7.849432540508054501e-01 7.078437969237669769e-01 8.317402562399530686e-01 8.058096924076304512e-01
8.207109191996161401e-01 7.625852016095917563e-01 8.066666666666666430e-01 6.766381766381766028e-01 8.683704247167196577e-01 8.595026983902552820e-01 8.476276870636098026e-01 6.781455236463725944e-01 7.363699102829537324e-01 8.518781846190307538e-01
8.662121212121212110e-01 7.288604879845755891e-01 8.420898269602240527e-01 7.830538085255067671e-01 8.133580705009276768e-01 7.363699102829537324e-01 8.228537331244871744e-01 7.480690720511971037e-01 7.907668292458142068e-01 8.584308928883453982e-01
7.946425086535399140e-01 7.345389113810165682e-01 8.566416372446639116e-01 6.482942520888123061e-01 8.599401573085784234e-01 7.530648753880421209e-01 7.861757105943151247e-01 8.671111987036307367e-01 7.792501327075126438e-01 8.436933085889442019e-01
8.260827220987918551e-01 7.420289205078468564e-01 7.429884594739667447e-01 7.272110670634536200e-01 7.654059845301307563e-01 8.514314271435711179e-01 7.948896535234987182e-01 7.849077822762033918e-01 7.626084140168646330e-01 7.261960417640641596e-01
6.443439700895573496e-01 7.744510391569215946e-01 8.424051017309444056e-01 7.318405979549309492e-01 9.064657992050731972e-01 7.631096994202191119e-01 8.795024256579192512e-01 8.207695662892796618e-01 8.478642380110122945e-01 8.812455392646669772e-01
8.655325378014454563e-01 7.251466839203454251e-01 7.641268118750484950e-01 7.571881091617934656e-01 8.296941454468406141e-01 7.499363724829702926e-01 8.348873348873349087e-01 7.912517589936944873e-01 5.852780098394133601e-01 8.296076507829294178e-01
6.646505376344086224e-01 7.612860490107992151e-01 5.956205990346568058e-01 7.710633892452074534e-01 7.772727272727272263e-01 7.351424538357388405e-01 6.952404893581364265e-01 7.023088559663265285e-01 6.268814921478856883e-01 7.215339766332964366e-01
6.971105069520415753e-01 6.649875621890548594e-01 7.219602557270651255e-01 7.329296096461984655e-01 8.209800851427745405e-01 7.593324549846288685e-01 6.925473641891551901e-01 7.204844819796337729e-01 6.984126984126984850e-01 6.796883458129606703e-01
7.695320552463410513e-01 6.686241804353526552e-01 7.381519772087939968e-01 7.489882260524461932e-01 7.702392047219633886e-01 8.470562145042638269e-01 7.531792444073145409e-01 8.303564239970415706e-01 6.515093704410279685e-01 6.782160665655810883e-01
6.318840579710144345e-01 8.028208904497563525e-01 6.279909379045577333e-01 7.306120023767083138e-01 8.125982486788543291e-01 6.299564731294844400e-01 7.987428889684529132e-01 6.336695359823784068e-01 6.743908984983568722e-01 7.166577663531946696e-01
