0.000000000000000000e+00 0.000000000000000000e+00 0.000000000000000000e+00 0.000000000000000000e+00 0.000000000000000000e+00 0.000000000000000000e+00 0.000000000000000000e+00 0.000000000000000000e+00 0.000000000000000000e+00 0.000000000000000000e+00
7.893942091811854134e-01 7.774554668468776075e-01 7.998142220853495798e-01 7.790877496994931262e-01 8.065144365782401792e-01 8.133397195813887315e-01 7.960841664045329447e-01 7.812802058413186312e-01 8.083701110834624615e-01 7.998142220853495798e-01
8.065144365782401792e-01 8.250429131559765539e-01 8.062903736661294340e-01 7.810601269057294571e-01 8.062903736661294340e-01 7.893942091811854134e-01 7.646086152533025926e-01 7.978035127595044518e-01 8.170073702056668274e-01 8.236767586437685473e-01
7.979148212375848370e-01 7.812802058413186312e-01 7.730726414556886583e-01 7.810601269057294571e-01 8.046714832015080532e-01 7.727989971012675374e-01 8.148571981787423590e-01 8.510211707014532223e-01 8.065144365782401792e-01 8.083701110834624615e-01
8.338456075159138559e-01 8.261865828388411659e-01 8.004878445142048493e-01 7.979148212375848370e-01 8.148571981787423590e-01 8.336732125709234165e-01 8.341331702404384263e-01 7.998142220853495798e-01 7.774554668468776075e-01 7.979148212375848370e-01
8.234497253542727435e-01 8.338456075159138559e-01 7.979148212375848370e-01 6.562702951308824195e-01 7.646086152533025926e-01 7.998142220853495798e-01 7.893389043008023354e-01 8.148571981787423590e-01 8.046714832015080532e-01 7.833802766750979085e-01
8.083701110834624615e-01 8.251570664478623529e-01 8.067947780780960754e-01 7.706744971957381063e-01 7.727989971012675374e-01 7.280252610747451891e-01 8.321264545480112629e-01 7.837689821349006492e-01 7.672342642405501900e-01 7.875752625959210329e-01
7.915602085497570606e-01 6.937437399146149097e-01 7.090840424177302648e-01 8.170073702056668274e-01 7.325125817591067179e-01 7.435200400845366486e-01 7.540614175420480292e-01 7.766033147824744631e-01 8.167234800792304572e-01 7.915602085497570606e-01
6.861520222961887683e-01 7.820519496886759736e-01 7.998142220853495798e-01 8.250429131559765539e-01 8.170073702056668274e-01 8.251570664478623529e-01 8.081444984329385628e-01 8.253855152524740557e-01 8.083701110834624615e-01 7.404408215440425600e-01
6.861520222961887683e-01 7.875752625959210329e-01 7.677295914596202753e-01 7.052205130238685671e-01 8.422743381400602525e-01 8.083701110834624615e-01 8.165532879862329452e-01 7.127659574468084847e-01 8.250429131559765539e-01 7.915602085497570606e-01
7.545983836554861490e-01 8.081444984329385628e-01 8.250429131559765539e-01 7.436260226075170898e-01 8.514874198369387637e-01 7.513600272295352100e-01 7.458136806179218592e-01 7.757145035476136208e-01 6.682749842936971385e-01 6.937437399146149097e-01
8.063463718864050112e-01 8.336732125709234165e-01 7.895601935970759655e-01 7.833802766750979085e-01 7.707830199727593312e-01 7.280252610747451891e-01 7.216267898705190920e-01 7.817091031137408663e-01 8.165532879862329452e-01 7.752723119748144986e-01
6.861520222961887683e-01 8.062903736661294340e-01 7.417295519077012900e-01 7.730726414556886583e-01 7.211768027355283106e-01 8.165532879862329452e-01 7.090840424177302648e-01 6.731182406973184040e-01 7.960841664045329447e-01 7.646086152533025926e-01
7.203670070658918512e-01 7.592641453446125066e-01 7.730726414556886583e-01 7.895601935970759655e-01 7.757256235869213201e-01 6.766903161637787267e-01 7.961394557865771882e-01 7.842695975536890796e-01 7.280252610747451891e-01 8.091612459498572774e-01
6.851604793846803876e-01 7.915602085497570606e-01 7.435200400845366486e-01 6.481028750531406812e-01 8.000946913656626913e-01 7.203670070658918512e-01 7.078726286775485210e-01 7.902251798409458683e-01 8.174053141871967521e-01 7.343430633584075995e-01
7.484315829237978557e-01 6.902902998007934832e-01 6.964571674429784753e-01 7.915602085497570606e-01 7.951460058187356239e-01 7.280252610747451891e-01 7.484315829237978557e-01 6.244536738482088234e-01 7.979148212375848370e-01 6.766903161637787267e-01
7.661575271038144619e-01 7.105712615188294334e-01 7.734562323699677444e-01 6.007193079742976227e-01 7.723071686758237187e-01 7.757145035476136208e-01 6.937437399146149097e-01 8.083701110834624615e-01 6.562702951308824195e-01 7.472879566842980381e-01
8.426215007589673567e-01 7.403871411277220815e-01 6.682749842936971385e-01 7.094549715838476267e-01 6.365304622625286290e-01 7.717617924559302400e-01 6.050372210951205920e-01 6.122311244130325125e-01 7.225758136032821577e-01 6.295146596700718078e-01
6.766903161637787267e-01 7.211768027355283106e-01 6.928728036858942119e-01 7.246449434844950410e-01 7.260744095474542803e-01 7.484315829237978557e-01 7.399516991738489535e-01 6.195506388235235695e-01 6.846025624697564815e-01 7.197399065979126487e-01
7.513600272295352100e-01 7.915602085497570606e-01 6.977291260389600902e-01 6.463643290709529809e-01 6.682749842936971385e-01 7.496483990243225648e-01 6.766903161637787267e-01 7.804558674773769411e-01 7.248048445441775955e-01 7.362357032586018812e-01
7.833802766750979085e-01 6.851604793846803876e-01 6.714928786229913404e-01 6.682749842936971385e-01 7.513600272295352100e-01 7.757145035476136208e-01 7.723071686758237187e-01 6.682749842936971385e-01 6.644115712608344992e-01 7.339244553361576884e-01
6.857317790950484548e-01 6.346984232342250953e-01 6.235477811794194469e-01 6.936879756192959601e-01 7.796341329279539156e-01 5.538681543285413067e-01 5.564263687415537118e-01 6.562702951308824195e-01 6.005283002403835058e-01 6.766903161637787267e-01
7.010681840159741496e-01 6.532881762277349402e-01 6.107298657565274347e-01 5.599776673618872547e-01 7.559420934090969046e-01 6.197392387179451179e-01 8.253855152524740557e-01 6.340544258104467978e-01 6.682749842936971385e-01 6.654061540393301222e-01
6.219606793676816237e-01 6.391014819458268326e-01 5.880183948595949506e-01 6.119632629323944473e-01 6.501271401374899561e-01 6.682749842936971385e-01 6.669953756820604651e-01 6.947576354693849598e-01 5.704077425669838997e-01 6.584797885474433787e-01
7.742214450621918154e-01 7.008597079130126639e-01 6.295108804536503344e-01 6.391014819458268326e-01 7.203672221498257366e-01 6.682749842936971385e-01 6.610008023945070921e-01 6.669953756820604651e-01 6.766903161637787267e-01 6.562702951308824195e-01
7.029767938645958836e-01 6.257269317852378610e-01 7.789786108392954267e-01 6.562702951308824195e-01 5.838303457308071653e-01 6.074227793851011414e-01 6.669953756820604651e-01 6.806668737320107354e-01 6.682749842936971385e-01 7.378772564743542040e-01
8.063463718864050112e-01 7.216267898705190920e-01 8.046714832015080532e-01 7.978035127595044518e-01 8.165532879862329452e-01 8.148571981787423590e-01 8.251570664478623529e-01 8.081444984329385628e-01 8.219785709559623843e-01 7.961394557865771882e-01
8.235064660761560740e-01 8.165532879862329452e-01 7.979148212375848370e-01 7.998142220853495798e-01 7.978035127595044518e-01 7.833802766750979085e-01 8.063463718864050112e-01 7.875752625959210329e-01 8.250429131559765539e-01 7.727989971012675374e-01
7.961394557865771882e-01 7.790877496994931262e-01 8.219785709559623843e-01 7.688365950981840280e-01 8.253855152524740557e-01 6.873530041966153803e-01 8.063463718864050112e-01 8.000946913656626913e-01 7.978035127595044518e-01 8.148571981787423590e-01
8.081444984329385628e-01 7.979148212375848370e-01 8.251570664478623529e-01 7.810601269057294571e-01 8.149699421707282676e-01 8.511959243575684120e-01 7.820519496886759736e-01 7.409244712957916423e-01 8.081444984329385628e-01 8.083701110834624615e-01
8.174053141871967521e-01 7.951460058187356239e-01 8.087088846309525847e-01 7.182208172610750063e-01 7.895601935970759655e-01 7.592641453446125066e-01 7.990539693549432165e-01 8.180566277873615455e-01 8.148571981787423590e-01 8.497429242125430493e-01
8.510211707014532223e-01 8.338456075159138559e-01 6.766903161637787267e-01 7.429922503140211631e-01 7.923421069214217072e-01 7.846257367214877210e-01 8.063463718864050112e-01 7.960841664045329447e-01 8.350553741376114392e-01 7.125909318658737446e-01
7.672342642405501900e-01 7.730726414556886583e-01 8.250429131559765539e-01 7.757145035476136208e-01 8.004878445142048493e-01 7.902251798409458683e-01 7.969701813325168471e-01 7.090840424177302648e-01 7.699715353965529419e-01 8.170073702056668274e-01
8.046714832015080532e-01 7.757145035476136208e-01 8.065144365782401792e-01 8.065144365782401792e-01 7.146263285617765471e-01 8.081444984329385628e-01 8.267602040860608792e-01 7.923421069214217072e-01 8.000946913656626913e-01 8.235064660761560740e-01
8.226565847398893405e-01 8.778181362510156793e-01 8.429690930050718345e-01 8.685539504902851649e-01 7.895601935970759655e-01 8.257285445040715155e-01 8.079571632467767994e-01 8.031729730866213890e-01 8.243589868877106985e-01 7.906668898485860186e-01
7.750281593887204945e-01 7.357423707102437316e-01 8.004878445142048493e-01 7.287828881031496175e-01 7.147796873378676752e-01 7.837689821349006492e-01 7.211768027355283106e-01 6.344796961814911374e-01 7.661575271038144619e-01 7.510329460152131986e-01
7.604716796286967728e-01 6.835067426013200498e-01 7.208957772448695289e-01 5.605824515307274991e-01 8.106627851024461595e-01 8.033390608994779303e-01 7.867526149051768947e-01 5.652817484933828629e-01 6.766903161637787267e-01 7.915349201798156376e-01
8.077923917220194427e-01 6.612231413170528427e-01 7.656872064307709280e-01 6.734206859449898275e-01 7.599220866685447717e-01 6.766903161637787267e-01 7.522874034100763829e-01 6.334891184950774967e-01 7.296516506087148413e-01 8.051170994523060287e-01
7.022317295710127638e-01 6.547510097421493924e-01 8.000946913656626913e-01 5.720905140928781440e-01 8.023440764747068465e-01 6.847367880174607402e-01 7.268394636086120686e-01 8.146881698903526425e-01 7.023134657959884120e-01 7.833802766750979085e-01
7.469541466616624881e-01 6.851604793846803876e-01 6.928744559590729324e-01 6.478516407596709437e-01 6.999132392733555807e-01 7.905585867332435290e-01 7.193974853079087017e-01 7.140138790889825060e-01 7.108574919693607663e-01 6.669953756820604651e-01
5.167350622467572485e-01 7.015157220021959183e-01 7.662058593429370568e-01 6.592613235831960017e-01 8.642161362141441705e-01 7.010705562053618500e-01 8.311000527195636645e-01 7.579533732918662947e-01 7.886761511156836768e-01 8.312139098408212190e-01
8.141817154446524540e-01 6.035509545258654907e-01 7.196400936083013899e-01 6.366560157203741133e-01 7.770456319459201344e-01 6.786068034744735522e-01 7.556635108532658851e-01 7.267319509294337676e-01 4.213652075483875770e-01 7.526135985924327088e-01
6.019070125492869128e-01 6.940614355309729921e-01 5.650288661787007394e-01 7.074638672006007267e-01 6.838158865269705622e-01 6.709514512551436605e-01 6.468821248193545870e-01 6.236261527789803694e-01 5.679528002666086595e-01 6.660404784484252882e-01
5.991045018640556163e-01 5.670909303982457628e-01 6.797154091271843113e-01 6.448544796077531061e-01 7.639564042032059854e-01 7.193082328142611503e-01 6.181548469209282581e-01 6.584797885474433787e-01 5.998775884920444224e-01 5.736031823498415338e-01
7.284227860260539256e-01 5.485629380094662055e-01 6.923877158526646758e-01 6.739219888599427000e-01 7.046726714462264729e-01 7.913372338386995830e-01 7.022753459139793319e-01 7.610912694036688908e-01 5.624333787823709851e-01 6.184458574573721279e-01
5.446944236993118693e-01 7.055247239633257728e-01 6.249024496343599244e-01 6.779813713981676093e-01 7.316529130196308683e-01 4.844879672862891784e-01 7.417326646109587696e-01 4.956438352162774175e-01 5.703518254720301162e-01 6.654061540393301222e-01
