0.000000000000000000e+00 0.000000000000000000e+00 0.000000000000000000e+00 0.000000000000000000e+00 0.000000000000000000e+00
5.739531533341568625e-01 5.981779742592407967e-01 5.937930803084709996e-01 5.849976258261414541e-01 5.761666425609869302e-01
5.783778080881810668e-01 5.871997577958930625e-01 5.827932738115634281e-01 5.893996946046036189e-01 5.871997577958930625e-01
5.672984713143123248e-01 5.761666425609868192e-01 5.915974607413012620e-01 5.695190953778459519e-01 5.761666425609869302e-01
5.650754128629400519e-01 5.650754128629400519e-01 5.561582508603103436e-01 5.650754128629401629e-01 5.628498911788114567e-01
5.672984713143122137e-01 5.404524853202998802e-01 5.672984713143122137e-01 5.336798874065071807e-01 5.314165555903914706e-01
5.336798874065071807e-01 5.404524853202998802e-01 5.291502622129181654e-01 5.359402951822151984e-01 5.177730090386025719e-01
5.539225778231305908e-01 5.086138024080747444e-01 5.246086371975038354e-01 4.878032390216367475e-01 5.109085588983175441e-01
5.086138024080747444e-01 5.109085588983175441e-01 5.246086371975038354e-01 5.154881181947844615e-01 5.063156678946006961e-01
5.063156678946006961e-01 4.947726750741193169e-01 4.924532690745612173e-01 4.737594326237737907e-01 4.947726750741193169e-01
4.994005295240373510e-01 4.878032390216367475e-01 5.109085588983175441e-01 4.831378915198250579e-01 4.807993344421350734e-01
