0.000000000000000000e+00 0.000000000000000000e+00 0.000000000000000000e+00 0.000000000000000000e+00 0.000000000000000000e+00
5.739531533341568625e-01 5.871997577958930625e-01 5.893996946046036189e-01 5.783778080881811778e-01 5.805866764651845813e-01
5.761666425609869302e-01 5.739531533341568625e-01 5.849976258261414541e-01 5.761666425609869302e-01 5.849976258261414541e-01
5.805866764651845813e-01 5.739531533341568625e-01 5.561582508603103436e-01 5.672984713143123248e-01 5.761666425609869302e-01
5.539225778231305908e-01 5.761666425609868192e-01 5.494433546781687383e-01 5.650754128629401629e-01 5.628498911788114567e-01
5.717373134189822625e-01 5.200546979779039347e-01 5.606218769267650170e-01 5.516842897487254094e-01 5.494433546781688493e-01
5.359402951822151984e-01 5.449534128916179165e-01 5.494433546781688493e-01 5.336798874065071807e-01 5.381978157600502133e-01
5.359402951822151984e-01 5.017090790488050178e-01 5.177730090386025719e-01 4.947726750741193169e-01 4.947726750741193169e-01
5.063156678946006961e-01 4.878032390216367475e-01 5.109085588983175441e-01 5.109085588983175441e-01 4.947726750741193169e-01
4.924532690745612173e-01 4.994005295240373510e-01 5.063156678946006961e-01 4.761101646561317624e-01 4.878032390216367475e-01
4.878032390216367475e-01 5.063156678946006961e-01 5.109085588983175441e-01 4.970884115415374893e-01 4.854725075177332427e-01
