0.000000000000000000e+00 0.000000000000000000e+00 0.000000000000000000e+00 0.000000000000000000e+00 0.000000000000000000e+00
6.870296995960905040e-01 6.900024558200149594e-01 6.854675561824449259e-01 6.719231959226948936e-01 6.824909769211928712e-01
6.885295052744381250e-01 6.673288451630619011e-01 6.719118823225810333e-01 6.870340036327490241e-01 6.763900255806356565e-01
6.765073498132235796e-01 6.719979938601606806e-01 6.750808584958329917e-01 6.535889305825176576e-01 6.704670835295183373e-01
6.582701271551502087e-01 6.763958516159016554e-01 6.552349628391694880e-01 6.445339709819510876e-01 6.459538203607009255e-01
6.672395740888086291e-01 6.568753351324584377e-01 6.658812646655530854e-01 6.351253014889474136e-01 6.582539266424345392e-01
6.765245341020756920e-01 6.688023351421643614e-01 6.320470393804306086e-01 6.565049984275251882e-01 6.551122634910996334e-01
6.671112827888650010e-01 6.537527783992260755e-01 6.368571822274223804e-01 6.567760447336544738e-01 6.491479275527570758e-01
6.321011545103569773e-01 6.380221633029847794e-01 6.600684392774831544e-01 6.446483362643358195e-01 6.521446887949261528e-01
6.522322827801952938e-01 6.241580681619129933e-01 6.272446857424934796e-01 6.551744420250437129e-01 6.164094167360473220e-01
6.002828390050443108e-01 5.392539556102007303e-01 5.222060861435968704e-01 5.776281849808275748e-01 5.625829299288109819e-01
