0.000000000000000000e+00 0.000000000000000000e+00 0.000000000000000000e+00 0.000000000000000000e+00 0.000000000000000000e+00
4.229516602852126939e-01 4.286108854114972777e-01 4.207741880377777743e-01 3.948220229497659273e-01 4.148129357196980171e-01
4.262418681005076815e-01 3.784233603638616494e-01 3.959365539221726960e-01 4.235926234850349026e-01 4.066076422531438861e-01
3.986167232773135671e-01 3.847733190665925673e-01 3.953752725940871682e-01 3.562462033280799911e-01 3.864717331893260388e-01
3.626710907974010079e-01 3.976863845857916413e-01 3.575606219453776324e-01 3.393944450444247862e-01 3.392549515363730284e-01
3.773430937609593694e-01 3.606082799843283171e-01 3.714048948344040868e-01 3.184604163959361967e-01 3.659769513948937236e-01
3.942144590761129108e-01 3.760872040082639534e-01 3.245773559126697294e-01 3.562396558653244671e-01 3.573356944890908604e-01
3.731763752334372186e-01 3.550897772827536492e-01 3.230503202831202514e-01 3.612905957779530830e-01 3.457112208388840591e-01
3.183619947611451839e-01 3.245791161402502567e-01 3.682180645163233845e-01 3.442073742602282382e-01 3.492900233107673613e-01
3.569809731816543930e-01 3.128860631155241379e-01 3.115880751497935308e-01 3.579932083228863915e-01 2.955025652921901003e-01
2.815616416988310777e-01 2.080524671700691441e-01 1.638120138210147347e-01 2.498190852092302128e-01 2.238448200159763590e-01
