0.000000000000000000e+00 0.000000000000000000e+00
8.936504412303006850e-01 9.153020145163985877e-01
8.273115763993904581e-01 8.717797887081346619e-01
8.936504412303006850e-01 9.153020145163985877e-01
8.936504412303006850e-01 8.936504412303006850e-01
8.717797887081346619e-01 8.936504412303006850e-01
8.936504412303006850e-01 8.717797887081346619e-01
8.496731397687258269e-01 9.153020145163988097e-01
8.496731397687258269e-01 8.273115763993904581e-01
8.717797887081346619e-01 8.717797887081346619e-01
8.936504412303006850e-01 8.936504412303006850e-01
8.717797887081346619e-01 8.046738469715540853e-01
8.936504412303006850e-01 8.717797887081346619e-01
8.496731397687258269e-01 9.153020145163988097e-01
8.496731397687258269e-01 8.936504412303006850e-01
8.936504412303006850e-01 7.817359599705715478e-01
8.046738469715540853e-01 8.717797887081346619e-01
8.496731397687258269e-01 8.273115763993904581e-01
8.273115763993904581e-01 8.046738469715540853e-01
8.717797887081346619e-01 8.936504412303006850e-01
8.936504412303006850e-01 7.817359599705716589e-01
8.273115763993904581e-01 8.046738469715540853e-01
8.273115763993904581e-01 8.496731397687257159e-01
8.936504412303006850e-01 8.273115763993904581e-01
7.817359599705716589e-01 8.046738469715540853e-01
8.717797887081346619e-01 8.496731397687257159e-01
8.496731397687257159e-01 7.817359599705716589e-01
7.817359599705716589e-01 8.046738469715540853e-01
8.046738469715540853e-01 8.717797887081346619e-01
7.584706835321836094e-01 7.348469228349534532e-01
8.273115763993904581e-01 8.046738469715540853e-01
8.496731397687257159e-01 8.717797887081346619e-01
7.817359599705716589e-01 8.273115763993904581e-01
8.936504412303006850e-01 8.273115763993904581e-01
7.108289370712039812e-01 6.863753427324668088e-01
8.046738469715540853e-01 7.584706835321836094e-01
8.046738469715540853e-01 8.046738469715540853e-01
8.046738469715540853e-01 8.273115763993904581e-01
8.046738469715540853e-01 7.108289370712040922e-01
8.046738469715540853e-01 7.348469228349535642e-01
8.496731397687258269e-01 8.717797887081346619e-01
8.936504412303006850e-01 8.717797887081346619e-01
8.046738469715540853e-01 8.273115763993904581e-01
9.153020145163985877e-01 7.817359599705716589e-01
8.717797887081346619e-01 8.496731397687257159e-01
8.717797887081346619e-01 8.273115763993904581e-01
8.273115763993904581e-01 8.273115763993904581e-01
7.817359599705716589e-01 8.046738469715540853e-01
7.348469228349535642e-01 8.496731397687257159e-01
7.817359599705716589e-01 8.273115763993904581e-01
8.046738469715540853e-01 8.496731397687258269e-01
8.496731397687258269e-01 7.584706835321836094e-01
8.717797887081346619e-01 8.273115763993904581e-01
7.817359599705716589e-01 7.108289370712040922e-01
7.817359599705716589e-01 8.273115763993904581e-01
7.817359599705716589e-01 7.584706835321836094e-01
8.273115763993904581e-01 7.817359599705716589e-01
7.108289370712040922e-01 7.817359599705716589e-01
7.108289370712040922e-01 7.584706835321836094e-01
7.108289370712040922e-01 7.108289370712040922e-01
7.348469228349535642e-01 7.584706835321836094e-01
7.817359599705716589e-01 7.348469228349535642e-01
6.863753427324665868e-01 7.348469228349534532e-01
7.584706835321834983e-01 7.817359599705716589e-01
8.273115763993904581e-01 8.273115763993903471e-01
7.348469228349534532e-01 8.273115763993904581e-01
8.273115763993904581e-01 8.936504412303006850e-01
8.273115763993903471e-01 7.817359599705716589e-01
8.046738469715540853e-01 8.046738469715540853e-01
7.817359599705716589e-01 8.046738469715540853e-01
6.614378277661476790e-01 7.108289370712039812e-01
