0.000000000000000000e+00 0.000000000000000000e+00
7.573997563604336625e-01 7.552632224670201566e-01
7.531446678801506645e-01 8.403658068160179129e-01
7.949860383179369050e-01 8.006123366751000114e-01
8.380019039424886351e-01 7.552632224670201566e-01
8.811404262115234420e-01 8.380019039424886351e-01
7.983475164752169562e-01 7.163373538671946594e-01
7.573997563604336625e-01 7.584748452711473909e-01
7.214798273066092005e-01 6.810052246069988602e-01
7.123016183511153843e-01 7.617277901987241640e-01
7.123016183511153843e-01 7.606388292556649500e-01
7.595545253127500285e-01 6.921285402059826897e-01
7.972222903818545481e-01 7.949860383179369050e-01
7.949860383179369050e-01 7.994775206026799586e-01
7.628214415734115850e-01 7.573997563604336625e-01
7.983475164752169562e-01 6.770913690655325778e-01
6.790398374650439273e-01 7.972222903818545481e-01
7.235680511449362751e-01 7.093191839611953098e-01
7.133041545521856541e-01 6.770913690655325778e-01
6.694619270045784054e-01 7.639198171481744737e-01
7.153219921181873664e-01 6.347731584989367848e-01
7.163373538671946594e-01 6.356845346445096911e-01
7.595545253127500285e-01 7.204424725971110277e-01
7.133041545521856541e-01 7.563292261344161105e-01
6.375191258606680567e-01 7.204424725971110277e-01
7.628214415734115850e-01 7.143109357936151538e-01
7.214798273066092005e-01 5.941598577819134919e-01
6.002450479987808674e-01 6.047078979069521187e-01
7.661308776828736899e-01 7.163373538671946594e-01
5.092798780987829455e-01 5.541204008197596620e-01
6.120602396848353610e-01 6.029108422308602222e-01
7.214798273066092005e-01 7.246189856873780366e-01
6.065211190617090242e-01 6.450196088941702044e-01
8.006123366751000114e-01 7.277994793289130904e-01
5.028011423654932255e-01 4.809044740380849503e-01
6.365998476234787651e-01 6.177539459159318014e-01
6.440675499119308256e-01 6.518043744853108112e-01
6.537825410197561915e-01 6.459759023902074127e-01
6.459759023902074127e-01 4.801708283415850320e-01
6.890409625495546031e-01 4.801708283415850320e-01
7.235680511449362751e-01 7.563292261344161105e-01
7.972222903818545481e-01 6.713450866373512627e-01
7.173570516842638911e-01 5.941598577819134919e-01
8.403658068160179129e-01 7.183811165192390824e-01
7.938749461770396865e-01 6.713450866373512627e-01
7.983475164752169562e-01 7.153219921181873664e-01
7.133041545521856541e-01 6.741998624632420389e-01
6.029108422308602222e-01 6.356845346445096911e-01
4.758383713916131130e-01 6.921285402059826897e-01
6.111265087983809297e-01 5.666115355504554030e-01
6.047078979069521187e-01 6.751595780557777537e-01
6.819943394704734985e-01 5.790660241435862110e-01
7.531446678801506645e-01 6.880209161537814699e-01
5.581918765903400859e-01 4.801708283415850320e-01
7.214798273066092005e-01 6.450196088941702044e-01
5.509265966919083546e-01 5.541204008197596620e-01
6.819943394704734985e-01 6.393696932535688493e-01
3.465834966066908551e-01 5.718499662507018355e-01
4.899789435061114307e-01 6.029108422308602222e-01
6.120602396848353610e-01 6.393696932535688493e-01
4.955156044825574368e-01 4.716211091418992529e-01
6.393696932535688493e-01 6.577935144802719014e-01
6.047078979069521187e-01 5.206576008754674190e-01
5.303300858899105963e-01 6.819943394704734985e-01
7.123016183511153843e-01 6.311664636336947742e-01
6.403010407148537197e-01 7.606388292556649500e-01
6.329621044272916164e-01 7.123016183511153843e-01
5.924549479323409917e-01 5.666115355504554030e-01
7.573997563604336625e-01 5.525165757459122862e-01
6.120602396848353610e-01 5.152540399295446605e-01
4.002570376677112574e-01 5.598457820715131428e-01
