0.000000000000000000e+00 0.000000000000000000e+00 0.000000000000000000e+00 0.000000000000000000e+00 0.000000000000000000e+00 0.000000000000000000e+00 0.000000000000000000e+00 0.000000000000000000e+00 0.000000000000000000e+00 0.000000000000000000e+00
7.510438418412656025e-01 8.040460007653198460e-01 7.983475164752169562e-01 7.994775206026799586e-01 8.380019039424886351e-01 8.040460007653198460e-01 7.994775206026799586e-01 7.983475164752169562e-01 8.344931576014062991e-01 7.552632224670201566e-01
7.573997563604336625e-01 8.403658068160179129e-01 7.949860383179369050e-01 8.344931576014062991e-01 8.403658068160179129e-01 7.542017135482397272e-01 7.949860383179369050e-01 7.938749461770396865e-01 7.552632224670201566e-01 7.606388292556649500e-01
6.732442278759410703e-01 6.704015231539909303e-01 8.403658068160179129e-01 7.204424725971110277e-01 7.531446678801506645e-01 6.732442278759410703e-01 7.983475164752169562e-01 7.510438418412656025e-01 8.811404262115234420e-01 7.542017135482397272e-01
7.133041545521856541e-01 7.983475164752169562e-01 7.552632224670201566e-01 7.983475164752169562e-01 8.040460007653198460e-01 6.704015231539909303e-01 8.380019039424886351e-01 6.732442278759410703e-01 7.542017135482397272e-01 7.949860383179369050e-01
6.770913690655325778e-01 7.617277901987241640e-01 6.790398374650439273e-01 7.552632224670201566e-01 6.741998624632420389e-01 7.994775206026799586e-01 6.829877767625106566e-01 7.927684997213360063e-01 7.194095796321283709e-01 7.542017135482397272e-01
7.163373538671946594e-01 7.143109357936151538e-01 7.617277901987241640e-01 7.983475164752169562e-01 6.713450866373512627e-01 7.214798273066092005e-01 7.531446678801506645e-01 7.617277901987241640e-01 7.584748452711473909e-01 6.741998624632420389e-01
7.983475164752169562e-01 7.542017135482397272e-01 7.331946568012513987e-01 8.380019039424886351e-01 8.403658068160179129e-01 7.143109357936151538e-01 7.949860383179369050e-01 8.006123366751000114e-01 7.194095796321283709e-01 7.994775206026799586e-01
7.256745128101675935e-01 7.133041545521856541e-01 5.129891760425769887e-01 7.563292261344161105e-01 7.123016183511153843e-01 7.542017135482397272e-01 4.801708283415850320e-01 6.074338676880454146e-01 5.238227218271837016e-01 6.810052246069988602e-01
8.380019039424886351e-01 7.606388292556649500e-01 7.204424725971110277e-01 7.113032974423645349e-01 7.972222903818545481e-01 7.133041545521856541e-01 6.518043744853108112e-01 6.751595780557777537e-01 7.153219921181873664e-01 6.365998476234787651e-01
8.006123366751000114e-01 7.595545253127500285e-01 8.391813582966890506e-01 7.938749461770396865e-01 5.674746153127823156e-01 8.403658068160179129e-01 7.153219921181873664e-01 7.542017135482397272e-01 7.153219921181873664e-01 6.120602396848353610e-01
6.338656910463874583e-01 7.949860383179369050e-01 6.984302957695782688e-01 7.617277901987241640e-01 7.994775206026799586e-01 7.531446678801506645e-01 7.617277901987241640e-01 7.994775206026799586e-01 8.403658068160179129e-01 7.994775206026799586e-01
7.153219921181873664e-01 7.949860383179369050e-01 7.153219921181873664e-01 7.531446678801506645e-01 7.573997563604336625e-01 7.994775206026799586e-01 7.542017135482397272e-01 7.542017135482397272e-01 7.983475164752169562e-01 7.123016183511153843e-01
6.732442278759410703e-01 7.531446678801506645e-01 7.994775206026799586e-01 7.163373538671946594e-01 7.542017135482397272e-01 6.732442278759410703e-01 6.694619270045784054e-01 8.403658068160179129e-01 7.584748452711473909e-01 7.194095796321283709e-01
7.938749461770396865e-01 7.552632224670201566e-01 7.628214415734115850e-01 6.741998624632420389e-01 7.133041545521856541e-01 7.949860383179369050e-01 8.391813582966890506e-01 7.531446678801506645e-01 7.531446678801506645e-01 6.732442278759410703e-01
5.857791861290061464e-01 6.675945260811250170e-01 7.972222903818545481e-01 6.790398374650439273e-01 7.628214415734115850e-01 7.123016183511153843e-01 6.311664636336947742e-01 7.552632224670201566e-01 7.163373538671946594e-01 7.573997563604336625e-01
8.403658068160179129e-01 6.347731584989367848e-01 7.983475164752169562e-01 6.311664636336947742e-01 6.819943394704734985e-01 8.006123366751000114e-01 6.732442278759410703e-01 6.890409625495546031e-01 7.628214415734115850e-01 7.628214415734115850e-01
6.741998624632420389e-01 7.267346660603174469e-01 6.450196088941702044e-01 7.563292261344161105e-01 7.183811165192390824e-01 7.520920542729849778e-01 7.183811165192390824e-01 8.403658068160179129e-01 7.267346660603174469e-01 7.520920542729849778e-01
6.751595780557777537e-01 8.006123366751000114e-01 7.246189856873780366e-01 6.819943394704734985e-01 6.338656910463874583e-01 7.552632224670201566e-01 8.403658068160179129e-01 7.552632224670201566e-01 8.006123366751000114e-01 6.311664636336947742e-01
7.542017135482397272e-01 8.403658068160179129e-01 5.573704017131536625e-01 6.732442278759410703e-01 7.542017135482397272e-01 8.403658068160179129e-01 7.983475164752169562e-01 7.949860383179369050e-01 7.133041545521856541e-01 7.214798273066092005e-01
7.552632224670201566e-01 7.628214415734115850e-01 7.214798273066092005e-01 6.393696932535688493e-01 7.163373538671946594e-01 6.347731584989367848e-01 6.029108422308602222e-01 6.849877452507416864e-01 6.547784022839795437e-01 6.393696932535688493e-01
5.924549479323409917e-01 6.311664636336947742e-01 6.800204009180459419e-01 6.337502222976297839e-01 7.661308776828736899e-01 6.338656910463874583e-01 6.020183016345588278e-01 6.403010407148537197e-01 7.277994793289130904e-01 7.173570516842638911e-01
7.563292261344161105e-01 7.573997563604336625e-01 7.552632224670201566e-01 6.547784022839795437e-01 7.267346660603174469e-01 7.639198171481744737e-01 6.527912098338668478e-01 7.267346660603174469e-01 6.849877452507416864e-01 6.751595780557777537e-01
5.262348115842174767e-01 6.839855680567693552e-01 4.628554066647094789e-01 6.819943394704734985e-01 4.765523078341999397e-01 5.890886993914483671e-01 4.661686587393071290e-01 7.277994793289130904e-01 5.598457820715131428e-01 6.440675499119308256e-01
7.204424725971110277e-01 8.391813582966890506e-01 6.849877452507416864e-01 5.648971245539360364e-01 5.549275686195399571e-01 6.393696932535688493e-01 6.890409625495546031e-01 6.890409625495546031e-01 7.204424725971110277e-01 8.006123366751000114e-01
6.890409625495546031e-01 6.790398374650439273e-01 6.849877452507416864e-01 6.488705064431088410e-01 7.256745128101675935e-01 7.267346660603174469e-01 6.029108422308602222e-01 6.403010407148537197e-01 6.810052246069988602e-01 6.412364700532212636e-01
6.498440561375453672e-01 7.584748452711473909e-01 6.311664636336947742e-01 7.256745128101675935e-01 7.552632224670201566e-01 7.531446678801506645e-01 6.311664636336947742e-01 6.320623710592894184e-01 5.874269508076823687e-01 4.838730483659784976e-01
5.809131293900694493e-01 5.984873720496731719e-01 6.412364700532212636e-01 6.020183016345588278e-01 4.737156617528187619e-01 5.533167449931866155e-01 5.078185267991494056e-01 6.870053865727262510e-01 6.421760111725703934e-01 7.246189856873780366e-01
7.542017135482397272e-01 6.741998624632420389e-01 7.617277901987241640e-01 6.011297132511355112e-01 6.952579994509981987e-01 6.770913690655325778e-01 7.277994793289130904e-01 7.288689868556624818e-01 7.214798273066092005e-01 6.770913690655325778e-01
6.196874528219471490e-01 6.577935144802719014e-01 6.859943405700352770e-01 7.256745128101675935e-01 6.403010407148537197e-01 6.111265087983809297e-01 5.933055656682090229e-01 4.419417382415921636e-01 6.450196088941702044e-01 7.994775206026799586e-01
5.967450470366643112e-01 6.393696932535688493e-01 7.552632224670201566e-01 5.495574790854838021e-01 7.256745128101675935e-01 6.459759023902074127e-01 7.113032974423645349e-01 7.214798273066092005e-01 5.509265966919083546e-01 7.310222234133928465e-01
7.628214415734115850e-01 6.393696932535688493e-01 7.994775206026799586e-01 7.246189856873780366e-01 7.153219921181873664e-01 7.628214415734115850e-01 7.163373538671946594e-01 7.256745128101675935e-01 5.818433351570392320e-01 6.450196088941702044e-01
6.011297132511355112e-01 7.573997563604336625e-01 6.780635036208103594e-01 6.498440561375453672e-01 6.479013191860201193e-01 7.214798273066092005e-01 6.518043744853108112e-01 6.459759023902074127e-01 6.440675499119308256e-01 5.958795715311240304e-01
6.741998624632420389e-01 5.238227218271837016e-01 6.780635036208103594e-01 4.838730483659784976e-01 6.849877452507416864e-01 7.163373538671946594e-01 6.498440561375453672e-01 6.450196088941702044e-01 6.741998624632420389e-01 6.849877452507416864e-01
6.829877767625106566e-01 6.859943405700352770e-01 6.384423980690614453e-01 5.144957554275264577e-01 5.470109351492020711e-01 5.846609949059380362e-01 6.074338676880454146e-01 6.829877767625106566e-01 5.167807219121659523e-01 6.450196088941702044e-01
4.674734950042286341e-01 4.332293707583635967e-01 5.683416511359186130e-01 6.020183016345588278e-01 6.921285402059826897e-01 6.547784022839795437e-01 5.846609949059380362e-01 5.976143046671968939e-01 6.412364700532212636e-01 4.971322991677537551e-01
7.310222234133928465e-01 6.859943405700352770e-01 6.450196088941702044e-01 6.440675499119308256e-01 5.599900447099180889e-01 6.910947404650881198e-01 5.517198679403482187e-01 6.810052246069988602e-01 7.288689868556624818e-01 6.101970382851058528e-01
6.092717958449423987e-01 6.167939547439612591e-01 5.772364270768776118e-01 5.206576008754674190e-01 6.020183016345588278e-01 5.727372436908211295e-01 5.509265966919083546e-01 6.547784022839795437e-01 6.459759023902074127e-01 6.440675499119308256e-01
6.890409625495546031e-01 6.890409625495546031e-01 5.924549479323409917e-01 6.393696932535688493e-01 5.993642770943989895e-01 6.393696932535688493e-01 6.890409625495546031e-01 6.216392291597143682e-01 6.092717958449423987e-01 6.849877452507416864e-01
6.120602396848353610e-01 6.459759023902074127e-01 5.993642770943989895e-01 5.958795715311240304e-01 6.810052246069988602e-01 6.083507495196234238e-01 7.267346660603174469e-01 5.923796259683974386e-01 6.498440561375453672e-01 5.772364270768776118e-01
8.403658068160179129e-01 7.628214415734115850e-01 7.153219921181873664e-01 7.994775206026799586e-01 7.510438418412656025e-01 8.403658068160179129e-01 6.751595780557777537e-01 8.403658068160179129e-01 8.786687791935091640e-01 7.927684997213360063e-01
6.770913690655325778e-01 7.584748452711473909e-01 7.163373538671946594e-01 7.949860383179369050e-01 7.617277901987241640e-01 7.983475164752169562e-01 7.204424725971110277e-01 8.006123366751000114e-01 6.751595780557777537e-01 7.552632224670201566e-01
7.661308776828736899e-01 7.113032974423645349e-01 6.450196088941702044e-01 7.938749461770396865e-01 7.153219921181873664e-01 6.880209161537814699e-01 7.552632224670201566e-01 6.412364700532212636e-01 5.941598577819134919e-01 7.628214415734115850e-01
8.006123366751000114e-01 6.311664636336947742e-01 7.194095796321283709e-01 8.006123366751000114e-01 7.972222903818545481e-01 7.639198171481744737e-01 8.403658068160179129e-01 7.563292261344161105e-01 6.810052246069988602e-01 6.029108422308602222e-01
6.356845346445096911e-01 6.347731584989367848e-01 7.584748452711473909e-01 5.993642770943989895e-01 7.093191839611953098e-01 6.092717958449423987e-01 7.552632224670201566e-01 7.133041545521856541e-01 6.849877452507416864e-01 6.384423980690614453e-01
7.246189856873780366e-01 5.958795715311240304e-01 6.890409625495546031e-01 5.557382740461250803e-01 7.277994793289130904e-01 5.984873720496731719e-01 5.866013327597420224e-01 6.320623710592894184e-01 6.829877767625106566e-01 7.163373538671946594e-01
5.107539184552492006e-01 6.770913690655325778e-01 5.598457820715131428e-01 6.029108422308602222e-01 6.450196088941702044e-01 6.713450866373512627e-01 5.533167449931866155e-01 6.921285402059826897e-01 6.557788282337522201e-01 6.770913690655325778e-01
5.631981819858726812e-01 5.984873720496731719e-01 5.085476277156077973e-01 6.347731584989367848e-01 6.047078979069521187e-01 8.040460007653198460e-01 5.598457820715131428e-01 6.498440561375453672e-01 5.167807219121659523e-01 6.829877767625106566e-01
5.674746153127823156e-01 5.501367373657451987e-01 5.874269508076823687e-01 5.648971245539360364e-01 7.949860383179369050e-01 7.573997563604336625e-01 5.890886993914483671e-01 5.557382740461250803e-01 5.063160398440779142e-01 6.527912098338668478e-01
5.657523818560179496e-01 6.518043744853108112e-01 5.581918765903400859e-01 6.810052246069988602e-01 6.029108422308602222e-01 5.984873720496731719e-01 6.547784022839795437e-01 7.628214415734115850e-01 6.952579994509981987e-01 5.598457820715131428e-01
6.780635036208103594e-01 7.256745128101675935e-01 5.924549479323409917e-01 7.531446678801506645e-01 5.303300858899105963e-01 7.994775206026799586e-01 7.123016183511153843e-01 8.006123366751000114e-01 5.278615073083401388e-01 7.628214415734115850e-01
7.573997563604336625e-01 6.074338676880454146e-01 6.440675499119308256e-01 6.440675499119308256e-01 6.819943394704734985e-01 6.083507495196234238e-01 6.393696932535688493e-01 7.235680511449362751e-01 5.167807219121659523e-01 6.356845346445096911e-01
6.732442278759410703e-01 5.206576008754674190e-01 5.790660241435862110e-01 7.204424725971110277e-01 6.859943405700352770e-01 8.006123366751000114e-01 6.741998624632420389e-01 5.924549479323409917e-01 6.338656910463874583e-01 6.347731584989367848e-01
5.122408325718830202e-01 5.517198679403482187e-01 3.856149436398494945e-01 5.078185267991494056e-01 6.384423980690614453e-01 6.083507495196234238e-01 6.393696932535688493e-01 4.709290748598849441e-01 6.365998476234787651e-01 5.214434995882486490e-01
6.780635036208103594e-01 6.083507495196234238e-01 7.173570516842638911e-01 5.590169943749474513e-01 4.351941398892446022e-01 6.479013191860201193e-01 6.393696932535688493e-01 5.674746153127823156e-01 7.617277901987241640e-01 7.573997563604336625e-01
6.011297132511355112e-01 6.187184335382290845e-01 6.065211190617090242e-01 6.421760111725703934e-01 5.790660241435862110e-01 6.065211190617090242e-01 7.628214415734115850e-01 5.933055656682090229e-01 6.890409625495546031e-01 7.584748452711473909e-01
6.849877452507416864e-01 4.923289759021101109e-01 6.547784022839795437e-01 5.214434995882486490e-01 6.459759023902074127e-01 5.958795715311240304e-01 7.972222903818545481e-01 5.692126733345478362e-01 7.163373538671946594e-01 4.504687313477794830e-01
5.122408325718830202e-01 5.581918765903400859e-01 6.910947404650881198e-01 6.158384251930635322e-01 4.412528185113798740e-01 5.122408325718830202e-01 6.011297132511355112e-01 4.716211091418992529e-01 5.246230625870017539e-01 4.412528185113798740e-01
4.398845894236168008e-01 5.167807219121659523e-01 6.158384251930635322e-01 6.111265087983809297e-01 5.152540399295446605e-01 5.984873720496731719e-01 5.615144766278841182e-01 4.838730483659784976e-01 5.674746153127823156e-01 6.065211190617090242e-01
2.230720657025780373e-01 4.378559025650367587e-01 5.160156871153360747e-01 5.525165757459122862e-01 4.823819106188660388e-01 4.526787302125926948e-01 3.746343246326775955e-01 6.196874528219471490e-01 4.955156044825574368e-01 6.002450479987808674e-01
6.083507495196234238e-01 5.865623364936022321e-01 3.429971702850176385e-01 6.002450479987808674e-01 5.336760502236149728e-01 5.206576008754674190e-01 3.508232077228116697e-01 4.709290748598849441e-01 2.591605276744080588e-01 5.772364270768776118e-01
6.092717958449423987e-01 5.631981819858726812e-01 6.029108422308602222e-01 5.598457820715131428e-01 6.819943394704734985e-01 5.278615073083401388e-01 5.198752449100363382e-01 6.547784022839795437e-01 6.020183016345588278e-01 6.547784022839795437e-01
4.876622452156872400e-01 5.167807219121659523e-01 6.450196088941702044e-01 6.177539459159318014e-01 4.823819106188660388e-01 6.047078979069521187e-01 6.111265087983809297e-01 6.365998476234787651e-01 6.931669932133817102e-01 6.139406135149204635e-01
5.648971245539360364e-01 6.139406135149204635e-01 5.486377169695912936e-01 3.922695246118537149e-01 5.648971245539360364e-01 5.984873720496731719e-01 5.581918765903400859e-01 4.816414928215404512e-01 5.772364270768776118e-01 4.899789435061114307e-01
7.927684997213360063e-01 8.391813582966890506e-01 7.628214415734115850e-01 7.972222903818545481e-01 5.477873882513841775e-01 7.133041545521856541e-01 7.938749461770396865e-01 7.983475164752169562e-01 7.531446678801506645e-01 6.329621044272916164e-01
6.761234037828133259e-01 6.285014279568664763e-01 5.890886993914483671e-01 7.552632224670201566e-01 6.293860187225167602e-01 7.267346660603174469e-01 6.311664636336947742e-01 6.311664636336947742e-01 6.732442278759410703e-01 6.704015231539909303e-01
6.101970382851058528e-01 5.933055656682090229e-01 8.391813582966890506e-01 5.493502655735358342e-01 5.477873882513841775e-01 5.899248796553367979e-01 4.661686587393071290e-01 6.393696932535688493e-01 7.961018087453641812e-01 6.074338676880454146e-01
5.899248796553367979e-01 5.976143046671968939e-01 6.101970382851058528e-01 5.501367373657451987e-01 6.770913690655325778e-01 5.447012375626175684e-01 5.167807219121659523e-01 6.047078979069521187e-01 6.459759023902074127e-01 6.459759023902074127e-01
5.967450470366643112e-01 6.083507495196234238e-01 6.890409625495546031e-01 5.107539184552492006e-01 6.859943405700352770e-01 5.666115355504554030e-01 7.214798273066092005e-01 4.737156617528187619e-01 4.319342127906800610e-01 6.751595780557777537e-01
5.122408325718830202e-01 6.074338676880454146e-01 5.976143046671968939e-01 6.020183016345588278e-01 6.732442278759410703e-01 4.737156617528187619e-01 6.829877767625106566e-01 5.549275686195399571e-01 4.419417382415921636e-01 5.328336249940408553e-01
2.366507642696103197e-01 4.319342127906800610e-01 3.465834966066908551e-01 4.275064126442849055e-01 4.461441314051560747e-01 4.426338948728194000e-01 3.856149436398494945e-01 4.823819106188660388e-01 4.716211091418992529e-01 5.262348115842174767e-01
