0.000000000000000000e+00 0.000000000000000000e+00 0.000000000000000000e+00 0.000000000000000000e+00 0.000000000000000000e+00
9.044444444444444953e-01 8.866666666666667140e-01 8.933333333333333126e-01 8.888888888888888395e-01 9.022222222222222587e-01
8.866666666666667140e-01 8.866666666666667140e-01 8.866666666666667140e-01 8.866666666666667140e-01 9.066666666666666208e-01
8.911111111111110761e-01 9.088888888888888573e-01 9.000000000000000222e-01 9.022222222222222587e-01 9.000000000000000222e-01
8.977777777777777857e-01 8.933333333333333126e-01 9.066666666666666208e-01 8.955555555555555491e-01 9.000000000000000222e-01
8.977777777777777857e-01 9.000000000000000222e-01 8.733333333333332948e-01 8.977777777777777857e-01 8.955555555555555491e-01
8.533333333333333881e-01 9.022222222222222587e-01 8.688888888888889328e-01 8.711111111111110583e-01 8.844444444444444775e-01
8.399999999999999689e-01 8.555555555555555136e-01 8.866666666666667140e-01 8.355555555555556069e-01 8.800000000000000044e-01
8.311111111111111338e-01 7.755555555555555536e-01 8.266666666666666607e-01 8.155555555555555891e-01 8.088888888888888795e-01
7.244444444444444464e-01 6.911111111111111205e-01 7.711111111111110805e-01 7.422222222222222276e-01 7.800000000000000266e-01
4.977777777777777635e-01 5.311111111111110894e-01 5.088888888888888351e-01 5.022222222222222365e-01 4.622222222222222010e-01
