0.000000000000000000e+00 0.000000000000000000e+00 0.000000000000000000e+00 0.000000000000000000e+00 0.000000000000000000e+00
8.933333333333333126e-01 9.022222222222222587e-01 8.911111111111110761e-01 8.955555555555555491e-01 8.911111111111110761e-01
8.977777777777777857e-01 8.822222222222222410e-01 9.066666666666666208e-01 9.000000000000000222e-01 9.022222222222222587e-01
8.800000000000000044e-01 9.044444444444444953e-01 8.866666666666667140e-01 8.911111111111110761e-01 8.955555555555555491e-01
8.644444444444444597e-01 8.666666666666666963e-01 8.866666666666667140e-01 8.711111111111110583e-01 8.733333333333332948e-01
8.577777777777777501e-01 8.777777777777777679e-01 8.622222222222222232e-01 8.511111111111111516e-01 8.644444444444444597e-01
8.311111111111111338e-01 8.644444444444444597e-01 8.644444444444444597e-01 8.599999999999999867e-01 8.466666666666666785e-01
8.155555555555555891e-01 8.199999999999999512e-01 8.199999999999999512e-01 7.955555555555555713e-01 8.044444444444444065e-01
7.355555555555555181e-01 7.044444444444444287e-01 7.555555555555555358e-01 7.822222222222222632e-01 7.533333333333332993e-01
6.666666666666666297e-01 5.933333333333333792e-01 6.933333333333333570e-01 6.422222222222222499e-01 6.622222222222222676e-01
4.511111111111111294e-01 3.955555555555555491e-01 4.088888888888889128e-01 4.333333333333333481e-01 4.244444444444444575e-01
