0.000000000000000000e+00 0.000000000000000000e+00 0.000000000000000000e+00 0.000000000000000000e+00 0.000000000000000000e+00
9.395947379614991712e-01 9.281941846642028926e-01 9.324757965283126948e-01 9.296222517045285016e-01 9.381726393551285126e-01
9.281941846642028926e-01 9.281941846642028926e-01 9.281941846642028926e-01 9.281941846642028926e-01 9.410159993916740184e-01
9.310494543362093367e-01 9.424364274332176494e-01 9.367496997597597463e-01 9.381726393551285126e-01 9.367496997597597463e-01
9.353259153371271672e-01 9.324757965283126948e-01 9.410159993916740184e-01 9.339012822232720668e-01 9.367496997597597463e-01
9.353259153371270562e-01 9.367496997597596353e-01 9.196074041555872824e-01 9.353259153371271672e-01 9.339012822232720668e-01
9.066666666666666208e-01 9.381726393551284016e-01 9.167380443590789074e-01 9.181731728321416153e-01 9.267652492192904878e-01
8.979977728257458880e-01 9.081081950005519543e-01 9.281941846642028926e-01 8.951005185294024225e-01 9.239047569960877615e-01
8.921993908798749873e-01 8.555923513010962322e-01 8.892943519692704246e-01 8.820143891774382405e-01 8.776343061370389664e-01
8.213027892348462311e-01 7.985874875733038891e-01 8.526349862356612519e-01 8.333007401033496464e-01 8.585452812752509821e-01
6.597567827204802171e-01 6.847284764194878637e-01 6.681381907774084361e-01 6.631164730197278701e-01 6.325179936932062708e-01
