0.000000000000000000e+00 0.000000000000000000e+00 0.000000000000000000e+00 0.000000000000000000e+00 0.000000000000000000e+00
8.668807377250548063e-01 8.778970064552255037e-01 8.641503072269897112e-01 8.695303282244183363e-01 8.640862644669786707e-01
8.724107263864372408e-01 8.530147592406760459e-01 8.834369523860127194e-01 8.751350621293836340e-01 8.778807451383019433e-01
8.504673604835839562e-01 8.808709855942821187e-01 8.584234195302770098e-01 8.639902270190250588e-01 8.698096263789291127e-01
8.308787379179847221e-01 8.336987999487995848e-01 8.587681285040326129e-01 8.390650074356935662e-01 8.419993741276963206e-01
8.238358764677004009e-01 8.491007078685509635e-01 8.289093462298504633e-01 8.148905119423301979e-01 8.315879815280633469e-01
7.928285620613576556e-01 8.324435408525343583e-01 8.321804073220377962e-01 8.267472014220178522e-01 8.115104546231037830e-01
7.740788998970988821e-01 7.805950422059995120e-01 7.790500462427931705e-01 7.524623336677148666e-01 7.602060990304204680e-01
6.806714748458274622e-01 6.480024940969701941e-01 7.084319381784749403e-01 7.358528743888720358e-01 7.043144158831007307e-01
6.125724920342565660e-01 5.259218131352534353e-01 6.435761362226837257e-01 5.861587818355531443e-01 6.082432999123342787e-01
3.735485142158312399e-01 3.031125510862556771e-01 3.235797468490704820e-01 3.538680799217885919e-01 3.329089869977431837e-01
