0.000000000000000000e+00 0.000000000000000000e+00 0.000000000000000000e+00 0.000000000000000000e+00 0.000000000000000000e+00 0.000000000000000000e+00 0.000000000000000000e+00 0.000000000000000000e+00 0.000000000000000000e+00 0.000000000000000000e+00
4.288203086112494233e-01 4.736187157789945035e-01 4.873065015479874917e-01 4.791666666666666297e-01 5.051737451737451368e-01 4.491669500170010210e-01 4.883203559510567171e-01 5.020979020979020602e-01 5.105672969966629227e-01 5.219861660079051502e-01
5.265942634363687258e-01 4.699782358212777345e-01 5.235277630718444541e-01 4.531250000000000000e-01 4.767441860465115866e-01 4.937500000000000222e-01 5.488721804511277336e-01 4.837261503928170780e-01 5.054181717143650943e-01 4.196428571428570953e-01
4.736187157789945035e-01 4.994438264738598754e-01 4.812008160886038777e-01 4.725028058361391281e-01 5.247940456121377162e-01 4.857142857142857650e-01 4.874683187834412679e-01 4.714407502131287009e-01 4.666498549993695621e-01 4.600738846263143222e-01
4.999382639832077868e-01 5.023148148148148806e-01 4.220735785953176888e-01 4.581577363034316508e-01 4.199029916338422597e-01 4.301589352629539009e-01 4.857142857142856540e-01 5.488156410577766930e-01 5.081481481481481266e-01 4.594594594594594295e-01
4.918592436974790205e-01 4.812008160886038777e-01 4.211418098827759970e-01 4.822742474916387190e-01 4.257486878666255636e-01 4.499999999999999556e-01 4.668936170212766301e-01 5.141323570475628824e-01 4.668687146989943804e-01 5.410504844467107777e-01
3.924783027965284554e-01 3.948732315450342867e-01 3.767665347654042263e-01 3.324775353016687918e-01 4.769515255580504265e-01 4.556451612903225645e-01 4.200868468973245062e-01 4.203842396613480803e-01 4.776253090179499172e-01 4.682247899159663884e-01
4.584874995677582499e-01 4.356087794189868467e-01 4.016806722689075237e-01 4.151260504201680357e-01 3.607954545454545303e-01 3.881355312694177440e-01 4.109090909090908905e-01 4.084092025235163126e-01 4.276427360090446217e-01 4.334093129273852152e-01
3.429591174561972822e-01 4.632727272727272805e-01 4.857142857142856540e-01 3.570451436388508704e-01 3.907692307692307021e-01 4.874999999999999889e-01 4.038018433179724198e-01 3.636544190665342846e-01 3.607954545454545303e-01 4.016806722689075237e-01
3.665013597824348102e-01 3.808990561510158801e-01 3.465909090909090606e-01 3.548387096774193172e-01 3.493545183714001912e-01 3.410188502882068873e-01 3.308550185873606053e-01 3.283582089552238847e-01 4.569653948535935539e-01 3.550397258139896817e-01
