0.000000000000000000e+00 0.000000000000000000e+00 0.000000000000000000e+00 0.000000000000000000e+00 0.000000000000000000e+00 0.000000000000000000e+00 0.000000000000000000e+00 0.000000000000000000e+00 0.000000000000000000e+00 0.000000000000000000e+00
-5.683653335182083793e-02 -1.112829768149314544e-02 3.494282789073061002e-02 -4.472135954999579416e-02 -9.072184232530289272e-02 -4.472135954999579416e-02 3.350126050864040556e-02 1.111111111111111049e-01 4.454354031873739711e-02 1.111385561185967569e-01
6.673260799501935792e-02 4.516387521771449143e-02 1.333662673423161027e-01 6.693161223797403081e-02 7.816960785349427732e-02 -1.131479477142639800e-02 -3.380617018914066491e-02 7.778257931976326200e-02 4.642383454426296518e-02 1.114487204492616360e-02
4.462107482531602054e-02 8.944271909999158832e-02 -1.119504303676685346e-02 -1.156629863932480580e-02 0.000000000000000000e+00 7.014785603174333861e-02 5.657397385713199001e-02 -6.030226891555272306e-02 1.383428927732149316e-01 3.447820373544150524e-02
6.774581282657173020e-02 2.377585171827370156e-02 6.030226891555272306e-02 1.142651950318434965e-02 -3.550606663113377998e-02 0.000000000000000000e+00 7.071067811865475172e-02 -1.302883213545188469e-02 1.485447535413965403e-01 6.030226891555272306e-02
1.758816176703621170e-01 5.254069374927337888e-02 -7.356919825739856311e-02 -3.849001794597504966e-02 -2.672612419124243896e-02 0.000000000000000000e+00 4.533501691682768897e-02 2.981423969999719495e-02 -1.986972839105871358e-01 -1.324648559403914135e-02
0.000000000000000000e+00 5.555555555555555247e-02 2.672612419124243896e-02 -3.908649640635565581e-02 -7.555836152804613903e-02 0.000000000000000000e+00 -1.034175379990038279e-01 0.000000000000000000e+00 -8.652902194186083695e-02 5.812381937190963521e-02
-8.320630954070128149e-02 -5.424147816551094792e-02 0.000000000000000000e+00 0.000000000000000000e+00 -4.850712500726659521e-02 3.904344047215151797e-02 3.392267657763791550e-02 1.664126190814025491e-02 0.000000000000000000e+00 0.000000000000000000e+00
-6.784535315527583099e-02 -8.032193289024988636e-02 0.000000000000000000e+00 1.111111111111111049e-01 1.435768307513160015e-02 0.000000000000000000e+00 -1.899685628040686733e-02 2.146199494651634260e-02 1.471383965147971158e-02 6.784535315527583099e-02
7.779333800155610601e-02 2.549063709672908656e-02 0.000000000000000000e+00 2.146199494651634260e-02 4.454354031873739711e-02 0.000000000000000000e+00 -2.319318035213566165e-02 4.339630366027461689e-02 -7.474350927519357590e-02 -1.808049272183698264e-02
