0.000000000000000000e+00 0.000000000000000000e+00 0.000000000000000000e+00 0.000000000000000000e+00 0.000000000000000000e+00 0.000000000000000000e+00 0.000000000000000000e+00 0.000000000000000000e+00 0.000000000000000000e+00 0.000000000000000000e+00
-1.354916256531434604e-01 -4.516387521771449143e-02 -2.236067977499789708e-02 0.000000000000000000e+00 1.112829768149314544e-02 -1.003038484043354689e-01 -2.227177015936869856e-02 1.126872339638022164e-02 2.227177015936869856e-02 4.448840533001290759e-02
5.583543418106733797e-02 -2.400076803686596733e-02 5.657397385713199001e-02 -8.968970586617500129e-02 -4.462107482531602054e-02 0.000000000000000000e+00 1.005037815259212097e-01 -2.268046058132572318e-02 1.111728909941783403e-02 -1.569569852658062592e-01
-4.516387521771449143e-02 0.000000000000000000e+00 1.232877869092181833e-02 -4.536092116265144636e-02 8.284748880597882226e-02 0.000000000000000000e+00 -1.142651950318434965e-02 -3.494282789073061002e-02 -4.642383454426296518e-02 -5.823804648455101207e-02
0.000000000000000000e+00 4.849286449688719469e-02 -8.017837257372731341e-02 -5.868560769933364035e-02 -1.123333787135620127e-01 -9.805806756909202226e-02 2.480694691784169140e-02 1.145873121285264085e-01 8.981004187394178717e-02 -2.512594538148030243e-02
5.094818021126677060e-02 1.232877869092181833e-02 -4.414151895443913648e-02 5.345224838248487792e-02 -4.307304922539480219e-02 2.981423969999719495e-02 4.211174438061578845e-02 3.368660776264854190e-02 5.812381937190963521e-02 1.188792585913685113e-01
-1.162476387438192704e-01 -9.197090092274487483e-02 -1.264279082482027972e-01 -2.288021576612147001e-01 2.585438449975095698e-02 1.017680297329137534e-01 -3.065696697424829045e-02 1.730580438837216878e-02 1.497713571732622873e-01 0.000000000000000000e+00
4.414151895443913648e-02 1.502339646256143912e-01 2.010075630518423986e-02 6.030226891555271612e-02 0.000000000000000000e+00 -5.424147816551094792e-02 0.000000000000000000e+00 6.438598483954903473e-02 0.000000000000000000e+00 5.191741316511650634e-02
0.000000000000000000e+00 1.414213562373095034e-01 2.480694691784169140e-02 -8.908708063747479422e-02 4.850712500726659521e-02 1.192569587999887798e-01 -3.392267657763791550e-02 3.380617018914066491e-02 0.000000000000000000e+00 2.010075630518423986e-02
7.537783614444089342e-02 1.507556722888817868e-01 -6.189844605901728691e-02 4.339630366027461689e-02 -3.380617018914066491e-02 -1.078327732034384118e-01 -7.474350927519357590e-02 -1.059997880006360027e-01 8.032193289024988636e-02 -5.391638660171920588e-02
