0.000000000000000000e+00 0.000000000000000000e+00 0.000000000000000000e+00 0.000000000000000000e+00 0.000000000000000000e+00
7.442455242966751205e-01 7.979797979797980112e-01 7.493734335839599137e-01 7.979797979797980112e-01 6.875000000000000000e-01
7.979797979797980112e-01 7.442455242966751205e-01 6.491228070175438791e-01 8.000000000000001554e-01 7.442455242966751205e-01
7.493734335839599137e-01 6.969696969696967948e-01 6.999999999999999556e-01 8.465473145780051389e-01 7.333333333333333925e-01
6.875000000000000000e-01 7.979797979797980112e-01 6.419437340153452132e-01 7.916666666666665186e-01 7.333333333333333925e-01
7.493734335839599137e-01 6.266666666666667052e-01 7.442455242966751205e-01 6.969696969696967948e-01 6.999999999999999556e-01
6.999999999999999556e-01 5.959595959595960224e-01 7.979797979797980112e-01 7.493734335839599137e-01 6.999999999999999556e-01
6.011396011396010763e-01 8.000000000000001554e-01 7.493734335839599137e-01 7.916666666666665186e-01 7.333333333333333925e-01
5.959595959595960224e-01 6.011396011396010763e-01 6.266666666666667052e-01 3.103448275862069061e-01 7.916666666666665186e-01
4.047619047619047672e-01 4.871794871794872250e-01 6.419437340153452132e-01 4.871794871794872250e-01 5.200000000000000178e-01
