0.000000000000000000e+00 0.000000000000000000e+00 0.000000000000000000e+00 0.000000000000000000e+00 0.000000000000000000e+00
4.155555555555555669e-01 4.133333333333333304e-01 4.133333333333333304e-01 4.199999999999999845e-01 4.044444444444444398e-01
4.311111111111111116e-01 4.422222222222222388e-01 4.311111111111111116e-01 4.177777777777778034e-01 4.266666666666666941e-01
4.288888888888888751e-01 4.066666666666666763e-01 4.111111111111110938e-01 4.199999999999999845e-01 4.377777777777777657e-01
3.955555555555555491e-01 4.133333333333333304e-01 4.311111111111111116e-01 4.244444444444444575e-01 4.088888888888889128e-01
3.822222222222222410e-01 3.777777777777777679e-01 4.088888888888889128e-01 3.955555555555555491e-01 4.022222222222222032e-01
3.977777777777777857e-01 4.066666666666666763e-01 3.933333333333333126e-01 3.822222222222222410e-01 3.977777777777777857e-01
4.111111111111110938e-01 3.866666666666666585e-01 3.933333333333333126e-01 3.822222222222222410e-01 3.777777777777777679e-01
3.844444444444444220e-01 3.599999999999999867e-01 3.733333333333333504e-01 3.955555555555555491e-01 3.822222222222222410e-01
3.577777777777777501e-01 3.222222222222222432e-01 3.644444444444444597e-01 3.688888888888888773e-01 3.644444444444444597e-01
2.777777777777777901e-01 2.955555555555555713e-01 3.444444444444444420e-01 3.311111111111111338e-01 3.400000000000000244e-01
