0.000000000000000000e+00 0.000000000000000000e+00 0.000000000000000000e+00 0.000000000000000000e+00 0.000000000000000000e+00
6.075605949559351737e-01 5.950918592853159383e-01 6.250759953797617730e-01 6.057901686186906165e-01 6.004574387935160962e-01
6.215996885773883429e-01 6.057901686186907275e-01 6.075605949559351737e-01 6.285393610547088672e-01 6.233394731327641658e-01
6.004574387935160962e-01 6.093274981485736763e-01 6.233394731327642768e-01 6.040161881568701929e-01 6.215996885773883429e-01
6.057901686186906165e-01 6.040161881568701929e-01 6.233394731327641658e-01 6.128508569297315134e-01 6.004574387935160962e-01
6.040161881568701929e-01 6.110909087569803555e-01 6.004574387935160962e-01 6.022386221629192349e-01 6.198566142441510607e-01
5.806161052953965340e-01 5.968840903257102148e-01 6.215996885773883429e-01 5.806161052953965340e-01 6.057901686186906165e-01
5.914961152205376882e-01 6.022386221629192349e-01 5.896925334024649690e-01 6.285393610547088672e-01 6.057901686186906165e-01
5.860737744821914452e-01 6.075605949559351737e-01 5.950918592853159383e-01 5.896925334024649690e-01 5.950918592853160494e-01
5.527609712687977517e-01 5.751221019042526139e-01 5.714387300684319326e-01 5.584113267803073599e-01 5.640208384207444636e-01
4.263065609987926052e-01 4.620608692732811607e-01 4.489207909455852352e-01 4.620608692732811607e-01 4.916377267063499756e-01
