0.000000000000000000e+00 0.000000000000000000e+00 0.000000000000000000e+00 0.000000000000000000e+00 0.000000000000000000e+00
3.182019358586293811e-01 3.160247744133168335e-01 3.161785847956827267e-01 3.248909458216162061e-01 3.053882966932408571e-01
3.370572890374509689e-01 3.535433312145700446e-01 3.381373242303767901e-01 3.208488466101151459e-01 3.320056407564107581e-01
3.357638041299592091e-01 3.062654103248226289e-01 3.124819264184836021e-01 3.243776030205503536e-01 3.451532575254780966e-01
2.957316957869024487e-01 3.154499782926526441e-01 3.384266352554023971e-01 3.291370669244772507e-01 3.092338572894378079e-01
2.764011417788819758e-01 2.711851674513787724e-01 3.095912186885727002e-01 2.934703207853082141e-01 3.009550575909896164e-01
2.943625469258032146e-01 3.057392985418528886e-01 2.903305517279329839e-01 2.753597289432233586e-01 2.952310495886106279e-01
3.123118522170646449e-01 2.798501547233047115e-01 2.891886567223582172e-01 2.761378162731394359e-01 2.705155122675845236e-01
2.775710239453074157e-01 2.471414723883511855e-01 2.655914554849614362e-01 2.899472664058279081e-01 2.770467555485219280e-01
2.480591495050060991e-01 2.032746214897191428e-01 2.526275945128978462e-01 2.609836493239964805e-01 2.541664396576393536e-01
1.549354479728639045e-01 1.772297551027387508e-01 2.302456214118591971e-01 2.205420736170060070e-01 2.291393776044005071e-01
