0.000000000000000000e+00 0.000000000000000000e+00 0.000000000000000000e+00 0.000000000000000000e+00 0.000000000000000000e+00
9.171134020618556537e-01 9.175257731958762486e-01 9.171134020618556537e-01 9.175257731958762486e-01 9.195876288659793341e-01
9.121649484536082930e-01 9.200000000000000400e-01 9.113402061855669922e-01 9.191752577319587392e-01 9.204123711340206349e-01
9.101030927835052076e-01 9.117525773195875871e-01 9.162886597938144639e-01 9.092783505154639068e-01 9.134020618556700777e-01
9.134020618556700777e-01 9.129896907216494828e-01 9.117525773195875871e-01 9.096907216494845017e-01 9.113402061855669922e-01
9.121649484536082930e-01 9.117525773195875871e-01 9.117525773195875871e-01 9.092783505154639068e-01 9.109278350515463973e-01
9.068041237113402264e-01 9.121649484536082930e-01 9.113402061855669922e-01 9.162886597938144639e-01 9.072164948453608213e-01
9.113402061855669922e-01 9.113402061855669922e-01 9.080412371134020111e-01 9.121649484536082930e-01 9.059793814432989256e-01
9.134020618556700777e-01 9.121649484536082930e-01 9.113402061855669922e-01 9.134020618556700777e-01 9.105154639175258025e-01
9.129896907216494828e-01 9.043298969072165461e-01 9.096907216494845017e-01 9.068041237113402264e-01 9.092783505154639068e-01
9.039175257731958402e-01 9.059793814432989256e-01 9.084536082474227170e-01 9.109278350515463973e-01 9.117525773195875871e-01
