0.000000000000000000e+00 0.000000000000000000e+00 0.000000000000000000e+00 0.000000000000000000e+00 0.000000000000000000e+00
9.091287442871902602e-01 9.144444560871554106e-01 9.181577495463605354e-01 9.177770774532791886e-01 9.197338217114916503e-01
9.168255505228095625e-01 9.187448820492349899e-01 9.164812447286300179e-01 9.156917416175891500e-01 9.173324313013988540e-01
9.173286556270390246e-01 9.196836423886761702e-01 9.166396959151994484e-01 9.185585726361757963e-01 9.157326332262716306e-01
9.119579325021630600e-01 9.146617785768713649e-01 9.162118019505024469e-01 9.210003216865981779e-01 9.183903812767537644e-01
9.173351475479828432e-01 9.170505544881943916e-01 9.206295688445574887e-01 9.212186342292636443e-01 9.169334791779762961e-01
9.192041444650763671e-01 9.196208529467559956e-01 9.169021240025649888e-01 9.200051466024021796e-01 9.163330129930166157e-01
9.238994026665652282e-01 9.204558806664040471e-01 9.200274672289724398e-01 9.184440082687451712e-01 9.110157556172098214e-01
9.221630903835077442e-01 9.094185019945602022e-01 9.154186126695785797e-01 9.201918573848727467e-01 9.114320919378515740e-01
9.178257460158745218e-01 9.041242727779745803e-01 9.143749825994526015e-01 9.136974790761664966e-01 9.102548463613701069e-01
8.495406574269489530e-01 8.258850213716305566e-01 7.438048637561747167e-01 8.585660778472036236e-01 8.286559362608159063e-01
