0.000000000000000000e+00 0.000000000000000000e+00 0.000000000000000000e+00 0.000000000000000000e+00 0.000000000000000000e+00
8.949823744864713326e-01 8.955040054315337450e-01 8.949974672554600330e-01 8.954431380324938683e-01 8.980993002543142811e-01
8.887683132061595659e-01 8.986243945177715409e-01 8.877051808852332027e-01 8.975998726133178618e-01 8.992504203143948383e-01
8.862572885858522875e-01 8.883250894693989208e-01 8.940157493737671546e-01 8.852246630726449128e-01 8.904569557436001759e-01
8.905241391561403708e-01 8.899213591683482472e-01 8.883276281400960261e-01 8.858191920789268980e-01 8.879748323424718759e-01
8.889066489174939356e-01 8.885188693861937326e-01 8.884070323806503300e-01 8.853107768425688695e-01 8.874662856380779452e-01
8.823033904737417332e-01 8.889829511199783818e-01 8.879894030022004170e-01 8.941083429560894302e-01 8.828746259753939007e-01
8.880725899543612245e-01 8.880487232758947913e-01 8.840789522798143674e-01 8.888354061763862335e-01 8.809881042009628516e-01
8.906320577449273745e-01 8.889875850530526424e-01 8.880268853170342203e-01 8.908143898468835475e-01 8.869802574902098113e-01
8.901659269111424910e-01 8.789901628605346628e-01 8.861042819192673781e-01 8.824625568559769651e-01 8.854163184652882324e-01
8.788239043468317746e-01 8.807382520338452592e-01 8.843467031020749713e-01 8.870550600947546549e-01 8.884422367003154131e-01
