0.000000000000000000e+00 0.000000000000000000e+00 0.000000000000000000e+00 0.000000000000000000e+00 0.000000000000000000e+00
8.856226587545574791e-01 8.923169698213843093e-01 8.970728490949319012e-01 8.965510961682798818e-01 8.991811475226588746e-01
8.944041898634015331e-01 8.975919249703278036e-01 8.944845169170126953e-01 8.939448145186120742e-01 8.954926080852471104e-01
8.954517967399138190e-01 8.980637034243568184e-01 8.944187850142392149e-01 8.964519481938594270e-01 8.933911387114061853e-01
8.881152248959544027e-01 8.917689768564573960e-01 8.938660513891597548e-01 8.996570326575609178e-01 8.965435004613155900e-01
8.949220135303435075e-01 8.944234750341459872e-01 9.001825945029539033e-01 9.001469526999447135e-01 8.954757346884012481e-01
8.970192370490174261e-01 8.975277736483024960e-01 8.953800817245105570e-01 8.990719684972976466e-01 8.938992009552346740e-01
9.032421415609119819e-01 8.985714423499285841e-01 8.990630980389210380e-01 8.970140705869484865e-01 8.875013202167456594e-01
9.006337127725581038e-01 8.853807040433696596e-01 8.921909103005322139e-01 8.979612766809906832e-01 8.879763907919644428e-01
8.948460882358759694e-01 8.807348625116324659e-01 8.900522713926255491e-01 8.896110430369582600e-01 8.864770964207080439e-01
8.313013658805250561e-01 8.161659917558388155e-01 7.739126785745835679e-01 8.399381515905218754e-01 8.165257152585557732e-01
