0.000000000000000000e+00 0.000000000000000000e+00 0.000000000000000000e+00 0.000000000000000000e+00 0.000000000000000000e+00 0.000000000000000000e+00 0.000000000000000000e+00 0.000000000000000000e+00 0.000000000000000000e+00 0.000000000000000000e+00
-7.957114669254916617e-02 -3.333539113704139800e-02 4.755170343654740311e-02 -1.005037815259212097e-01 -2.224420266500645380e-02 -7.789808377045201460e-02 -1.000556018947605097e-01 1.680053762580617505e-01 -2.627034687463668944e-02 -1.000061734111241940e-01
0.000000000000000000e+00 7.816960785349427732e-02 3.368660776264854190e-02 6.748819059987712365e-02 1.126872339638022164e-02 4.499212706658475142e-02 -4.445542244743870552e-02 -2.222771122371935276e-02 -1.156629863932480580e-02 1.806555008708579657e-01
3.333539113704139800e-02 -7.957114669254916617e-02 1.173712153986672911e-02 1.156629863932480580e-02 -1.173712153986672911e-02 1.194290606500031035e-02 -8.215985077906709511e-02 1.411300658019085108e-01 -3.550606663113377998e-02 -1.119504303676685346e-02
1.154700538379251490e-01 -2.377585171827370156e-02 5.445327701173301171e-02 -6.726727939963124403e-02 1.135465911607319023e-01 6.623242797019571193e-02 -7.881104062391006138e-02 -8.630145083645272830e-02 5.971453032500155522e-02 5.170876899950191397e-02
8.718572905786445282e-02 1.606438657804997588e-02 -1.313719667150034243e-01 1.089106732021785373e-01 -1.361331925293325085e-01 -1.283000598199168438e-02 6.514416067725942172e-02 -1.292191476761843927e-01 1.503618823112224667e-01 7.642227031690014549e-02
0.000000000000000000e+00 -1.419332389509148917e-01 -1.664126190814025491e-02 9.040246360918491320e-02 9.482093118615209093e-02 7.555836152804613903e-02 4.211174438061578845e-02 -3.973945678211742577e-02 2.672612419124243896e-02 6.873866979368109531e-02
9.701425001453319041e-02 2.146199494651634260e-02 0.000000000000000000e+00 8.652902194186083695e-02 -6.438598483954903473e-02 0.000000000000000000e+00 5.191741316511650634e-02 2.672612419124243896e-02 -6.784535315527583099e-02 2.549063709672908656e-02
1.899685628040686733e-02 1.899685628040686733e-02 0.000000000000000000e+00 -1.899685628040686733e-02 -7.537783614444089342e-02 6.321395412410139858e-02 0.000000000000000000e+00 2.549063709672908656e-02 0.000000000000000000e+00 -1.014185105674220017e-01
1.078327732034384118e-01 -7.474350927519357590e-02 7.537783614444089342e-02 -3.380617018914066491e-02 4.339630366027461689e-02 -4.339630366027461689e-02 6.189844605901728691e-02 7.474350927519357590e-02 -3.380617018914066491e-02 -2.873610675690390498e-02
