0.000000000000000000e+00 0.000000000000000000e+00 0.000000000000000000e+00 0.000000000000000000e+00 0.000000000000000000e+00
5.600000000000000533e-01 5.340000000000000302e-01 5.180000000000000160e-01 5.020000000000000018e-01 4.979999999999999982e-01
5.699999999999999512e-01 5.440000000000000391e-01 5.300000000000000266e-01 5.320000000000000284e-01 5.300000000000000266e-01
4.859999999999999876e-01 5.080000000000000071e-01 5.520000000000000462e-01 4.739999999999999769e-01 5.240000000000000213e-01
5.759999999999999565e-01 4.779999999999999805e-01 5.100000000000000089e-01 5.220000000000000195e-01 5.480000000000000426e-01
4.979999999999999982e-01 4.879999999999999893e-01 5.000000000000000000e-01 5.480000000000000426e-01 4.879999999999999893e-01
5.100000000000000089e-01 5.360000000000000320e-01 5.200000000000000178e-01 5.220000000000000195e-01 5.460000000000000409e-01
5.360000000000000320e-01 5.400000000000000355e-01 5.000000000000000000e-01 5.839999999999999636e-01 5.020000000000000018e-01
4.580000000000000182e-01 4.919999999999999929e-01 4.739999999999999769e-01 5.540000000000000480e-01 4.879999999999999893e-01
4.600000000000000200e-01 4.560000000000000164e-01 5.040000000000000036e-01 4.299999999999999933e-01 4.239999999999999880e-01
2.700000000000000178e-01 3.099999999999999978e-01 3.059999999999999942e-01 2.959999999999999853e-01 3.360000000000000209e-01
