0.000000000000000000e+00 0.000000000000000000e+00 0.000000000000000000e+00 0.000000000000000000e+00 0.000000000000000000e+00
5.423825730845193149e-01 5.138221813693181206e-01 4.951892141827156646e-01 4.800181133960808033e-01 4.723644998288323293e-01
5.474441956741059601e-01 5.207988065703730296e-01 5.005777532953574749e-01 5.137160078066649316e-01 5.050775575016942520e-01
4.609094141671975509e-01 4.805425062523596691e-01 5.296505299647558118e-01 4.397890222614673217e-01 4.972678362711357991e-01
5.445376112022159987e-01 4.393075266383494881e-01 4.821455737087586568e-01 4.936210242013164828e-01 5.265850613429049476e-01
4.678703477708841540e-01 4.410468115179334569e-01 4.606829442928382368e-01 5.303185100176759370e-01 4.437890832919804129e-01
4.547839752821521975e-01 4.769328602218571023e-01 4.625712915046720219e-01 4.748375466168445191e-01 4.993792167155124972e-01
4.855808501379737518e-01 4.869318024316986460e-01 4.462394400758689095e-01 5.506719082150021150e-01 4.314321465799152433e-01
3.675396399683856785e-01 4.199272459666824053e-01 3.950613800050316593e-01 4.909942750321299454e-01 4.234361039505127877e-01
3.571831677953649642e-01 3.503438855108830796e-01 4.428720048286270972e-01 3.329468751023156314e-01 3.160529806679500675e-01
1.368643002726671609e-01 1.977244492924885577e-01 1.961019059477061566e-01 1.825579187888448085e-01 2.302436096735473170e-01
