0.000000000000000000e+00 0.000000000000000000e+00 0.000000000000000000e+00 0.000000000000000000e+00 0.000000000000000000e+00
6.914924310778890471e-01 6.855072692589351258e-01 6.795090002053618683e-01 6.349918445873279360e-01 6.224983727654059829e-01
6.442527903031807224e-01 7.064776656687251633e-01 6.335374495236127945e-01 6.854194416257272104e-01 6.413211684616946240e-01
6.533798980825928915e-01 6.581246181833030340e-01 6.640737832295290355e-01 6.333828731500009690e-01 6.504430759816247631e-01
6.457115695065952510e-01 6.674148011952332205e-01 7.047627608964128765e-01 6.222520810903628963e-01 7.184196998220471198e-01
6.624865559351930111e-01 6.687244447232192357e-01 6.350585757375842855e-01 6.807164397710936399e-01 6.841668235210431881e-01
6.519012605334177923e-01 6.472103011894460023e-01 7.017805544740056689e-01 6.987539396862710861e-01 6.715483064291415394e-01
6.914196232376557116e-01 6.898248313279370381e-01 6.683324845827373073e-01 6.987212718555042557e-01 6.987481392617554965e-01
6.516849348606719161e-01 6.313979737439660012e-01 6.592907532305610774e-01 6.986929541680537703e-01 6.438045981932623008e-01
6.545223080220297085e-01 6.092453791258783946e-01 6.622176434228334019e-01 6.027203970356515006e-01 5.882684659732697607e-01
4.908531569713895926e-01 5.191309496434703963e-01 5.118903934692216051e-01 5.325786947965266416e-01 5.119287593060303232e-01
