0.000000000000000000e+00 0.000000000000000000e+00 0.000000000000000000e+00 0.000000000000000000e+00 0.000000000000000000e+00
6.914644630711103135e-01 6.718900350943054489e-01 6.597878634666336506e-01 6.473930189766017307e-01 6.443630652551952664e-01
6.989094068310953700e-01 6.794904552781761975e-01 6.688826012292888867e-01 6.703405689277635027e-01 6.688999558844496152e-01
6.348651759028752783e-01 6.518915568266231420e-01 6.853441062052312294e-01 6.254490683765159265e-01 6.642632252129986314e-01
7.032857087255550699e-01 6.286846652201173447e-01 6.532295133655692254e-01 6.624186326760297394e-01 6.823159454117913025e-01
6.439631919882035094e-01 6.363178861675778952e-01 6.458547512080081709e-01 6.821067516031512623e-01 6.363818152984271892e-01
6.532256745611343396e-01 6.729645724162984788e-01 6.606956427867654025e-01 6.623394993521951601e-01 6.805211990840095426e-01
6.731584691447443092e-01 6.759494077624524921e-01 6.453314864360396585e-01 7.088831371802871706e-01 6.469324641123364028e-01
6.124289640199314100e-01 6.388651726635529160e-01 6.251006181155920327e-01 6.865986177618783604e-01 6.360207954036020128e-01
6.139409929593790949e-01 6.107331630875185713e-01 6.482703094100004115e-01 5.899099675693753042e-01 5.850177926488409064e-01
4.502477064253775918e-01 4.872342945885284049e-01 4.836080622256764827e-01 4.743933720826986611e-01 5.103352616284009269e-01
