0.000000000000000000e+00 0.000000000000000000e+00 0.000000000000000000e+00 0.000000000000000000e+00 0.000000000000000000e+00
4.226902681116207483e-01 4.111585828397680276e-01 4.023919982497130565e-01 3.254327495039153195e-01 3.044985581997282642e-01
3.407213001899846994e-01 4.490389456420381120e-01 3.241763896097690778e-01 4.125415891946324076e-01 3.378960182970858761e-01
3.556540071984543583e-01 3.637600696124414501e-01 3.751278290195365628e-01 3.242075286239760601e-01 3.556030769830785254e-01
3.452908780821629109e-01 3.825220610423348266e-01 4.456698404261357771e-01 3.052390428545567747e-01 4.675164881015687612e-01
3.695979915055699894e-01 3.841261594868829454e-01 3.251861271237146966e-01 3.993332428430932390e-01 4.101304693104861898e-01
3.613938858222383033e-01 3.579423184666873925e-01 4.477736607285366932e-01 4.414325759356216294e-01 3.899062385777731232e-01
4.277935074088268785e-01 4.296143778585880257e-01 3.854520753678271072e-01 4.348835889766420881e-01 4.418984315182854505e-01
3.633065293102548110e-01 3.253261370085540616e-01 3.823878270929546019e-01 4.457240273389921348e-01 3.474485616970378055e-01
3.818125218108054941e-01 3.049055276295266625e-01 3.989268262269725085e-01 2.882591344721502358e-01 2.627994754169602487e-01
1.740601158593452213e-01 2.235650165708697734e-01 2.284784916833732527e-01 2.586195699042501128e-01 1.887981129508962685e-01
