0.000000000000000000e+00 0.000000000000000000e+00 0.000000000000000000e+00 0.000000000000000000e+00 0.000000000000000000e+00
6.004574387935160962e-01 6.110909087569803555e-01 6.040161881568701929e-01 5.878850983728783897e-01 6.110909087569803555e-01
6.163604845490828765e-01 6.163604845490828765e-01 5.896925334024649690e-01 6.233394731327641658e-01 5.986726057611864160e-01
6.075605949559351737e-01 6.040161881568701929e-01 6.093274981485735653e-01 6.198566142441509497e-01 5.986726057611864160e-01
5.986726057611864160e-01 5.950918592853160494e-01 6.075605949559351737e-01 6.022386221629192349e-01 5.914961152205376882e-01
6.057901686186907275e-01 6.040161881568701929e-01 5.986726057611864160e-01 6.075605949559351737e-01 6.004574387935160962e-01
5.950918592853160494e-01 5.842585255615514450e-01 5.695907129219309750e-01 5.896925334024649690e-01 5.986726057611864160e-01
5.914961152205376882e-01 6.093274981485736763e-01 5.787888589199662315e-01 5.896925334024649690e-01 5.986726057611864160e-01
6.075605949559351737e-01 5.787888589199662315e-01 5.621554637572232505e-01 5.968840903257102148e-01 5.806161052953965340e-01
5.584113267803073599e-01 5.968840903257102148e-01 5.860737744821914452e-01 5.621554637572232505e-01 5.602856414365801063e-01
4.620608692732812162e-01 4.642221690335590067e-01 4.263065609987926052e-01 4.377315260395222007e-01 4.309060222368677473e-01
