0.000000000000000000e+00 0.000000000000000000e+00 0.000000000000000000e+00 0.000000000000000000e+00 0.000000000000000000e+00
6.040161881568701929e-01 6.057901686186906165e-01 6.163604845490828765e-01 6.198566142441509497e-01 6.093274981485736763e-01
6.004574387935160962e-01 5.986726057611864160e-01 5.932958789676530120e-01 6.057901686186906165e-01 6.040161881568701929e-01
5.986726057611864160e-01 6.004574387935160962e-01 6.075605949559351737e-01 6.057901686186907275e-01 6.004574387935160962e-01
5.968840903257102148e-01 6.181102223014761643e-01 6.093274981485736763e-01 6.198566142441510607e-01 6.110909087569803555e-01
6.181102223014761643e-01 5.968840903257102148e-01 6.110909087569803555e-01 6.057901686186906165e-01 6.093274981485736763e-01
6.057901686186907275e-01 5.896925334024649690e-01 6.004574387935160962e-01 5.914961152205376882e-01 5.932958789676531230e-01
6.022386221629191239e-01 6.163604845490828765e-01 6.093274981485736763e-01 5.968840903257102148e-01 6.075605949559351737e-01
5.968840903257102148e-01 5.842585255615514450e-01 5.732825128208367538e-01 5.787888589199662315e-01 5.769575374323486772e-01
5.546490381814030979e-01 5.842585255615514450e-01 5.806161052953965340e-01 5.508682260478777737e-01 5.546490381814030979e-01
4.511319097558939006e-01 4.663755705860955225e-01 4.216663006878810238e-01 4.377315260395222007e-01 4.286113091379969986e-01
