0.000000000000000000e+00 0.000000000000000000e+00 0.000000000000000000e+00 0.000000000000000000e+00 0.000000000000000000e+00
9.004376722145792655e-01 8.951601691290009821e-01 8.951601691290010931e-01 8.421409554753223059e-01 9.004376722145791545e-01
9.320184396853854469e-01 9.004376722145791545e-01 9.109803640943268110e-01 8.951601691290009821e-01 9.057110466368398782e-01
8.474641048154295531e-01 8.951601691290009821e-01 9.162456945817022413e-01 8.793021442044077762e-01 8.474641048154295531e-01
8.421409554753223059e-01 8.951601691290010931e-01 9.057110466368398782e-01 8.793021442044077762e-01 8.368127593050923574e-01
8.951601691290009821e-01 8.951601691290009821e-01 8.793021442044077762e-01 8.845924813295054090e-01 8.368127593050923574e-01
8.047319784243479601e-01 9.320184396853853359e-01 8.898784639238975780e-01 7.724426394062148260e-01 8.687080880732898081e-01
9.004376722145792655e-01 8.580956386091238564e-01 8.634042048702649241e-01 9.267646664140687385e-01 8.740073734751262480e-01
8.314794192830980979e-01 8.740073734751262480e-01 8.634042048702648131e-01 8.100925873009825473e-01 8.687080880732896970e-01
8.047319784243480711e-01 8.634042048702649241e-01 8.474641048154295531e-01 8.634042048702648131e-01 8.154475263374564298e-01
7.399174388795176638e-01 8.261408357874313602e-01 7.832305143316665719e-01 8.047319784243479601e-01 8.207969065051323732e-01
