0.000000000000000000e+00 0.000000000000000000e+00 0.000000000000000000e+00 0.000000000000000000e+00 0.000000000000000000e+00 0.000000000000000000e+00 0.000000000000000000e+00 0.000000000000000000e+00 0.000000000000000000e+00 0.000000000000000000e+00
6.317043575174149383e-01 6.330311637105030531e-01 6.669475767600432370e-01 6.859086320080781674e-01 6.821840369958998007e-01 6.748584263979029441e-01 6.494977020833642145e-01 7.001409466785648572e-01 6.572759977042463841e-01 6.494977020833642145e-01
6.389912442300773598e-01 6.400316135234466186e-01 7.245176475617298717e-01 6.809240045979230160e-01 7.167653515483155546e-01 6.096303138653715870e-01 6.861149544289443236e-01 6.911081981196200985e-01 6.748167666018629607e-01 5.984456227036276665e-01
6.806715063444594982e-01 6.255250118708237661e-01 6.927246118401562125e-01 6.317043575174149383e-01 7.090521237413595079e-01 7.078655639945026223e-01 7.072640086716738272e-01 6.993897221762074290e-01 6.910675492087472449e-01 6.839662447375706167e-01
6.658971414306924519e-01 6.768829417221065015e-01 6.645735190004180559e-01 6.936527546125689225e-01 6.807219133509342379e-01 6.853317405684559160e-01 6.423983668163223415e-01 7.163866282189413903e-01 6.976808879309790434e-01 6.991944510016305792e-01
7.032179898361843318e-01 7.173529035482235638e-01 5.526784523225229950e-01 6.918098362884673724e-01 6.134097371309814584e-01 6.800827931352513289e-01 6.736381684795423874e-01 6.065334049997720411e-01 7.031138130807847997e-01 6.995247582528780761e-01
6.324494385991010770e-01 6.407920482785460781e-01 7.325105635477440202e-01 7.233967870574951053e-01 6.378081906430881354e-01 6.688200180658078198e-01 7.752642497283414036e-01 7.234021535118048130e-01 6.894211737846336341e-01 7.131358163818602991e-01
6.482538491042749706e-01 6.240918240220109103e-01 7.837467464461601585e-01 6.115863477284049221e-01 6.772096199672822392e-01 6.564725338522714448e-01 6.685748889294480524e-01 7.248468092235526017e-01 7.146917350396667645e-01 6.290639178940720111e-01
7.067186378853910211e-01 6.139699755090337607e-01 5.888666265328319493e-01 6.979511920788876722e-01 6.858443510051164260e-01 7.606960918976820585e-01 6.196530859976926431e-01 5.613690109413354001e-01 7.196351528648895490e-01 6.463712214638143161e-01
7.493830268050492016e-01 7.320929251101977453e-01 7.316653364800661530e-01 6.655048603118580708e-01 6.980868845611347684e-01 6.252381091500284205e-01 6.729476674143325399e-01 6.575474797566920326e-01 6.818477040676045320e-01 6.464412197530379212e-01
5.707252638769116926e-01 6.180801587672251074e-01 6.677689432287935434e-01 6.588615448241832429e-01 6.284065927275702679e-01 7.004309800149134402e-01 6.551115238736227031e-01 6.453307643500533208e-01 7.218215099437939042e-01 6.912512884560290116e-01
6.820319435865890290e-01 7.665499995291378266e-01 7.128739033473453501e-01 6.833230066678234182e-01 7.247399338179796313e-01 5.833988978961873739e-01 6.738031921621332465e-01 6.935121344911042707e-01 7.548637119686593122e-01 7.576671168667198364e-01
6.018235142692012207e-01 5.446204238693042043e-01 6.705609559510148365e-01 6.896914013228785389e-01 5.346224435919966211e-01 6.491550019735103927e-01 6.311078955254837419e-01 6.497797437101199280e-01 6.815789956023645679e-01 7.156814536920795833e-01
5.930071067064830448e-01 6.898467993613032201e-01 6.388833474277183511e-01 6.204940205361473282e-01 6.337236779223553995e-01 7.305452850547220489e-01 6.168657033829627601e-01 7.103908421227160819e-01 6.359947278525649450e-01 7.325956164976871188e-01
6.712203674043151214e-01 5.913960354468491554e-01 6.628330969818103657e-01 6.092811234933142028e-01 7.429036206384186380e-01 6.763185702971769020e-01 7.178480983150052896e-01 6.506871240304209492e-01 6.894790582611342034e-01 7.056222581338672528e-01
6.644687770676899197e-01 6.463712214638143161e-01 6.866676589632954020e-01 5.917081602296551113e-01 6.278472632062134240e-01 6.410730880938403375e-01 7.101544544234767997e-01 6.841305582673329333e-01 7.069972849688198613e-01 6.621067779713618595e-01
7.581947102159942720e-01 5.860100159833896427e-01 6.828703771925480615e-01 7.074959517081025329e-01 7.069972849688198613e-01 6.371720959187293643e-01 6.510026674270827929e-01 7.415601480366171838e-01 6.154314426720900455e-01 6.858443510051164260e-01
6.519351888967692688e-01 6.397044746240125868e-01 6.417544960636618612e-01 5.994377251779959836e-01 6.342783245654700641e-01 6.630813452966918264e-01 5.987692738420999916e-01 6.349481566842142266e-01 5.522439416110864752e-01 5.828105712222246826e-01
5.889418953402795198e-01 6.687875084145344928e-01 6.850886588851964332e-01 5.888831586127353246e-01 5.671427824564578835e-01 6.656162166368599920e-01 6.717080067641729713e-01 5.598030351867737675e-01 7.006916426218731120e-01 6.071340791491688371e-01
7.014949979755009668e-01 6.561358103240768624e-01 6.135026504197482744e-01 6.845354092101151311e-01 6.522115028890422828e-01 6.166785948290250952e-01 6.816618910926929287e-01 5.645687982198469568e-01 6.809733361928369533e-01 6.966075961672737460e-01
6.145114485826138617e-01 6.195440890079922935e-01 6.982073265427846120e-01 6.038171879789875351e-01 7.235451183656732566e-01 6.028017426663170308e-01 6.980564918563236798e-01 6.725995892023159950e-01 5.700886764180199684e-01 6.992992433107876327e-01
6.021453881861658086e-01 6.509846341303573425e-01 6.046754574735839771e-01 6.189794778173264289e-01 7.090945905950186701e-01 6.453330222412371198e-01 7.213969090188507849e-01 6.096303138653715870e-01 6.097684895606128030e-01 5.423237812831881444e-01
6.047765620148556343e-01 6.125072277096386131e-01 6.464834599322637487e-01 5.816424181272122906e-01 4.801029408267816212e-01 5.732952655971654821e-01 6.496349479839462759e-01 6.988416519784285130e-01 5.948585543220680227e-01 6.798684090247644196e-01
6.016681923287482414e-01 6.428805710783891403e-01 6.504928213961091998e-01 6.208294099817803779e-01 5.852350269533755922e-01 6.050383581736391569e-01 6.748992435740324147e-01 6.427531863064598339e-01 5.693768320343080003e-01 5.904172285747153470e-01
5.935613592017295881e-01 6.049216266855178548e-01 7.031138130807847997e-01 6.601985272311893249e-01 5.660137076739018003e-01 6.185423808346252050e-01 5.616256822549479111e-01 6.452442218917381345e-01 6.562516776354543335e-01 7.311737914828683182e-01
6.958518654273798676e-01 6.145598686710518344e-01 7.120348988549691782e-01 6.611521234610330255e-01 7.329339165884379836e-01 6.669849847481111871e-01 5.912396932840346953e-01 6.404503211495197190e-01 6.555200118326257597e-01 6.761087957678643123e-01
6.748236062611731034e-01 6.219420884234094782e-01 5.950676743535942004e-01 6.460908519832280206e-01 5.442444648648615546e-01 5.266303318996772287e-01 6.618102304377753153e-01 5.754115938294211974e-01 6.877788730716980492e-01 6.257568122891937756e-01
6.069903075220954847e-01 6.662738607050150419e-01 6.173144420557934442e-01 5.616364025314125596e-01 5.969282165253925188e-01 6.533810848999968002e-01 6.612839635184191156e-01 5.301085620863691394e-01 6.261827041151385442e-01 7.037131695129149600e-01
5.816016837217932167e-01 6.463231215517858397e-01 6.434110834924556821e-01 6.411547850367832480e-01 6.830662749946505574e-01 6.361465012862033142e-01 6.335153148751720975e-01 6.671218123215446605e-01 5.927940302000055395e-01 6.512710782902696449e-01
6.422645331362700771e-01 6.417544960636618612e-01 7.276907232709654005e-01 6.933081303288758379e-01 6.225101804971738817e-01 6.304888011624547595e-01 6.042910400170028451e-01 5.795017475893315950e-01 6.737861392954557216e-01 6.253546081775146481e-01
6.427157789122881493e-01 6.706537581870952724e-01 6.831886925620213047e-01 6.515624027670550156e-01 6.580684393718478908e-01 5.690133532377577019e-01 6.301763531522056594e-01 6.307775593459528096e-01 6.387390594820254730e-01 6.847849175007764133e-01
6.114612653199540393e-01 6.157342919965206329e-01 5.791947917722153338e-01 6.725356688951105166e-01 5.408636416663226143e-01 5.992437290873221523e-01 5.809288619420682753e-01 4.972806087997383440e-01 5.763565717076087891e-01 6.052264207126233364e-01
5.830036437501502355e-01 6.153285564283711429e-01 5.791158385375602125e-01 6.315312936561198187e-01 6.206256001079529794e-01 5.988947979785301801e-01 6.193406349629504426e-01 5.556837503613776263e-01 6.236787513582929821e-01 5.820705884804273644e-01
5.890858681972668265e-01 6.584354513474698356e-01 6.078669155322423689e-01 6.064332962777850833e-01 5.606309333097718728e-01 5.095436827654338252e-01 6.050711256768017687e-01 5.014340900979433746e-01 5.685781633807620583e-01 6.261723989113570088e-01
4.785023508901463662e-01 5.986834619285937853e-01 6.416282765606166061e-01 6.566983974522287992e-01 6.200616766593314289e-01 5.677785365836836018e-01 4.681042586880468370e-01 6.204472584885580844e-01 5.792682246871545537e-01 6.743972926083959818e-01
5.965247230076343721e-01 5.788726116384445008e-01 6.045658703029166414e-01 7.501863794847963840e-01 6.683772513760545264e-01 6.010237837043054254e-01 6.552167969639474121e-01 6.158791411329253007e-01 6.478823823961333828e-01 5.687849408686381780e-01
6.190170419999084794e-01 6.060822112917743087e-01 6.377496541043502498e-01 6.049916423856855907e-01 5.424892148687197047e-01 6.470623902384615711e-01 6.834280077490211269e-01 4.187194125079147233e-01 5.491202310253211483e-01 6.893349042654375314e-01
6.400815022221327810e-01 6.992992433107876327e-01 7.338617535163930450e-01 6.303628902377731436e-01 6.796312770663195391e-01 7.087591267213833035e-01 6.809733361928369533e-01 6.423983668163223415e-01 6.684675809997079332e-01 7.076002841910411512e-01
7.496665266737302380e-01 6.586209954636981223e-01 6.909044616051593923e-01 6.276308679041943117e-01 6.809240045979230160e-01 7.262451475158147041e-01 6.883974140244412121e-01 6.902180497490882916e-01 6.387667756929195084e-01 7.172588217283181189e-01
7.139611911040485426e-01 6.350961587135514064e-01 7.147937771130445928e-01 6.742660857251555617e-01 7.372168151588501805e-01 7.155345235621556332e-01 5.934153943989042279e-01 7.063819121570460435e-01 7.343252720337976047e-01 6.081317716646086335e-01
6.386078199995086635e-01 6.203588724587550951e-01 7.368689745209080488e-01 6.624881648280737112e-01 7.238734366878752935e-01 6.311602743185972253e-01 6.539628100259627930e-01 6.726164760623105643e-01 6.324388750310834251e-01 6.070659193513463503e-01
6.160191911887734628e-01 6.696400935994375470e-01 7.318764559084545152e-01 6.432416486221368412e-01 7.256748724789006122e-01 6.970730493845720410e-01 7.323495232942666133e-01 6.134097371309814584e-01 6.084927577660791398e-01 7.319642456140567077e-01
7.611440433106713144e-01 6.476280759352491811e-01 7.493066432262263099e-01 7.153503912096472739e-01 7.262424031972456451e-01 6.332691085354468230e-01 6.628595495056982534e-01 7.150897370368428652e-01 6.348396590402415329e-01 6.729476674143325399e-01
6.081058463072431808e-01 7.333796687340454756e-01 6.833906019959691269e-01 6.374677896327567428e-01 6.639979480385763688e-01 6.157560880332834108e-01 6.896237414020484069e-01 6.697050680099085884e-01 6.407693658396197423e-01 7.586063939609508644e-01
6.735450467307371181e-01 6.335755909844252853e-01 6.804813633873059153e-01 6.341429279457257984e-01 7.471505874590997909e-01 6.524618973130640320e-01 6.557666311199241704e-01 6.403173494938495525e-01 6.354155323497369112e-01 6.394118031005124880e-01
6.662738607050150419e-01 6.389599408180688389e-01 6.675293249990102984e-01 6.820145046686144630e-01 6.255060680818840257e-01 6.286996614658010296e-01 6.727625702155594078e-01 6.995373020096952166e-01 7.435453272285912352e-01 6.537872815569856222e-01
6.315633497455177547e-01 6.205516197972669179e-01 6.200702199666473513e-01 7.356118757818176368e-01 6.972349305087710558e-01 6.449820453526178277e-01 7.309729427512077216e-01 5.698734958422847496e-01 6.841110828454122217e-01 6.573540170506686486e-01
6.368989927365455994e-01 7.009531013813039557e-01 6.446649304138554193e-01 7.247399338179796313e-01 6.522695446650612627e-01 5.934153943989042279e-01 6.984977168958427240e-01 5.892764782613618690e-01 6.261827041151385442e-01 6.924225093262907915e-01
5.796592289523391228e-01 5.845795492792352777e-01 5.541952193576283880e-01 6.924529551191843657e-01 5.584088300368516000e-01 6.569891363590159017e-01 5.266303318996772287e-01 6.714115995981200236e-01 6.505190258821201832e-01 6.888201062748510184e-01
6.620781453749813306e-01 6.108189165800819165e-01 6.639733577541367948e-01 6.860027491253594123e-01 6.798491460934913411e-01 5.766397908334066624e-01 6.156704427502226462e-01 7.489472706802638990e-01 6.489819456340102377e-01 6.057174589679517052e-01
6.331179101383273000e-01 6.848927394794582790e-01 6.153200810341781235e-01 4.935166640627742796e-01 6.088207860492902412e-01 6.309107133986918692e-01 6.314596379849136687e-01 6.409782581066839624e-01 6.151569278362293280e-01 5.948565716006694037e-01
6.447355547083081229e-01 5.610486895403652419e-01 6.328236819157740944e-01 6.231140788910254358e-01 5.890837725012925130e-01 6.094326127416236361e-01 5.946392363579687812e-01 7.666850541747288750e-01 6.808574909016702481e-01 7.097776236722815879e-01
6.264472864067501812e-01 6.575474797566920326e-01 6.841615416941708716e-01 6.336459710720655503e-01 6.201682611938726941e-01 5.924952477207086066e-01 6.562772692435236976e-01 6.166553191130420553e-01 6.681807620850014340e-01 6.284177255487544134e-01
6.678183455309888439e-01 6.543625802480796949e-01 6.155850949019923135e-01 6.735315308429092873e-01 5.907085476744213803e-01 6.170120025157661559e-01 5.780395406128058244e-01 6.867015108038327931e-01 6.106462177403300107e-01 5.332971900549317024e-01
6.522556569173252328e-01 6.921840443208588933e-01 5.775758431325763720e-01 6.178443369247641481e-01 6.724626531633605131e-01 5.635345083347470529e-01 7.008625117046562991e-01 5.701689388733360841e-01 6.173509987189994552e-01 5.882033221576281612e-01
6.622489707089080913e-01 6.282984450042126134e-01 5.687846869948174344e-01 5.523993810806210325e-01 5.467625363207466727e-01 6.315633497455177547e-01 5.975840263887640669e-01 6.120219868256440154e-01 6.110907739738543620e-01 6.544526381240358681e-01
7.070589109224379998e-01 5.569417397404952119e-01 6.746438539614461050e-01 7.039379723175031023e-01 5.106507537504791916e-01 5.965156365518486936e-01 6.772096199672822392e-01 6.854390455323088327e-01 6.247906993017999788e-01 6.233078739596019657e-01
6.846007387859743831e-01 6.708273899764222170e-01 6.354229753278322068e-01 6.163417048817170230e-01 6.075217187650739925e-01 6.346660080835195838e-01 6.364858150941087311e-01 7.318764559084545152e-01 6.215996585245685546e-01 5.625131051614085109e-01
6.111605525159925500e-01 6.678445847898015764e-01 6.533998520227806139e-01 5.149317495579640580e-01 6.816792470636007240e-01 6.058118633825018140e-01 7.137492636100387644e-01 5.991535085772307090e-01 5.676594364539695459e-01 6.564725220675720063e-01
6.354215754770162761e-01 5.667920797190333371e-01 4.805730699724810595e-01 6.050046163169773283e-01 6.260247041732478479e-01 4.933329408148707795e-01 6.440671788560526911e-01 7.113979808583639208e-01 5.274677249621586572e-01 6.501901338863326218e-01
6.050999322078741693e-01 6.982600071482262249e-01 5.831607780065916069e-01 6.511833396873784041e-01 4.612263496964773557e-01 5.223173391302988744e-01 5.240592109139882160e-01 6.590763159435667484e-01 6.329338065957097470e-01 6.689211774988933490e-01
5.830620827430093023e-01 6.303142832115865568e-01 5.398527702264683814e-01 6.127129149124316276e-01 5.595672338478167029e-01 7.068507993915363885e-01 5.514390046728308015e-01 5.915338329123996930e-01 6.009562812684656752e-01 6.000296376782312535e-01
5.583789433909188693e-01 6.498742386879968747e-01 6.098813486588048338e-01 6.313972848813945715e-01 5.079070918001760138e-01 5.892853391619071735e-01 5.421532224485846596e-01 4.814866823566341103e-01 5.400666398998247297e-01 5.434612724273739648e-01
5.529338128611780423e-01 4.202422986916562464e-01 6.816944932786140887e-01 5.900349041500885239e-01 5.587490672197333863e-01 5.195786907263385546e-01 6.294442609703218006e-01 6.250477687388034109e-01 6.427783308242318583e-01 6.927635873772826081e-01
5.690762718562939471e-01 6.604266062754747812e-01 6.497475557315796069e-01 5.505195542124423635e-01 5.999007622301353315e-01 4.081859989579538772e-01 5.290678898502609862e-01 6.181809143939973605e-01 5.441503498887712009e-01 5.873659049753986450e-01
4.903317096863402114e-01 6.014805026395803056e-01 5.218007331700648121e-01 5.852971869697748408e-01 4.430055806433425003e-01 5.449981472677343231e-01 5.962842036436484250e-01 5.649101785883864357e-01 5.873107821737428846e-01 5.595475237625235909e-01
5.640689216773061565e-01 4.846012146055686531e-01 5.811428371865523523e-01 6.876642096762317635e-01 6.212542522742309226e-01 5.979408510895991569e-01 4.329896557599134388e-01 6.049787966757033120e-01 4.997418950772034574e-01 5.189523359326323471e-01
