0.000000000000000000e+00 0.000000000000000000e+00 0.000000000000000000e+00 0.000000000000000000e+00 0.000000000000000000e+00
9.230769230769231282e-01 9.076923076923076872e-01 9.000000000000000222e-01 9.076923076923076872e-01 9.000000000000000222e-01
9.153846153846153522e-01 9.000000000000000222e-01 9.153846153846153522e-01 9.153846153846153522e-01 9.000000000000000222e-01
9.153846153846153522e-01 9.153846153846153522e-01 9.153846153846153522e-01 9.230769230769231282e-01 9.153846153846153522e-01
9.076923076923076872e-01 9.461538461538461231e-01 9.230769230769231282e-01 9.076923076923076872e-01 9.076923076923076872e-01
9.000000000000000222e-01 9.000000000000000222e-01 9.153846153846153522e-01 9.076923076923076872e-01 9.307692307692307931e-01
9.153846153846153522e-01 9.000000000000000222e-01 9.307692307692307931e-01 9.076923076923076872e-01 9.230769230769231282e-01
9.076923076923076872e-01 9.153846153846153522e-01 9.153846153846153522e-01 9.230769230769231282e-01 9.153846153846153522e-01
8.923076923076923572e-01 9.000000000000000222e-01 8.923076923076923572e-01 9.153846153846153522e-01 9.076923076923076872e-01
9.076923076923076872e-01 8.923076923076923572e-01 8.692307692307692513e-01 9.307692307692307931e-01 9.076923076923076872e-01
8.692307692307692513e-01 8.615384615384615863e-01 8.769230769230769162e-01 8.615384615384615863e-01 8.923076923076923572e-01
