0.000000000000000000e+00 0.000000000000000000e+00 0.000000000000000000e+00 0.000000000000000000e+00 0.000000000000000000e+00
9.790081646226832524e-01 9.790081646226832524e-01 9.790081646226832524e-01 9.790081646226832524e-01 9.790081646226832524e-01
9.790081646226832524e-01 9.790081646226832524e-01 9.790081646226832524e-01 9.860349491847627545e-01 9.790081646226832524e-01
9.860349491847627545e-01 9.719698101589629990e-01 9.790081646226832524e-01 9.791606358855599046e-01 9.720698983695256201e-01
9.790081646226832524e-01 9.860349491847627545e-01 9.650369847528857958e-01 9.860349491847627545e-01 9.860349491847627545e-01
9.512319953206112011e-01 9.719698101589629990e-01 9.790081646226832524e-01 9.790928136492432765e-01 9.860349491847627545e-01
9.860349491847627545e-01 9.719698101589629990e-01 9.719698101589629990e-01 9.581863809007052923e-01 9.719698101589629990e-01
9.651308253451498231e-01 9.719698101589629990e-01 9.442243925966118390e-01 9.231375401588167717e-01 9.860349491847627545e-01
8.805798160389386453e-01 9.651308253451498231e-01 9.023563948194638362e-01 9.295883066986420085e-01 9.370507068075456525e-01
9.930548019533369519e-01 9.722804755279558231e-01 9.003565873828761612e-01 8.853941576630651733e-01 9.069963369963369715e-01
9.511688370410563698e-01 9.008628061816628119e-01 8.726258843112776331e-01 8.531523447131396098e-01 8.714563106796117120e-01
