0.000000000000000000e+00 0.000000000000000000e+00 0.000000000000000000e+00 0.000000000000000000e+00 0.000000000000000000e+00
9.790081646226832524e-01 9.790081646226832524e-01 9.790081646226832524e-01 9.790081646226832524e-01 9.790081646226832524e-01
9.790081646226832524e-01 9.790081646226832524e-01 9.790081646226832524e-01 9.860349491847627545e-01 9.720698983695256201e-01
9.790928136492432765e-01 9.790081646226832524e-01 9.790081646226832524e-01 9.791606358855599046e-01 9.720698983695256201e-01
9.790081646226832524e-01 9.860349491847627545e-01 9.372068487369626943e-01 9.860349491847627545e-01 9.860349491847627545e-01
9.650369847528857958e-01 9.650369847528857958e-01 9.581048475542882636e-01 9.861103575088924211e-01 9.651970461358486686e-01
9.930548019533369519e-01 9.860349491847627545e-01 9.652294685990338019e-01 9.372750363337544188e-01 9.580940013739671635e-01
9.301759701525306179e-01 9.790081646226832524e-01 9.370008873114463732e-01 9.158815494602913221e-01 9.930548019533369519e-01
7.997131861886943582e-01 8.577020268753824395e-01 8.629629629629630427e-01 9.220130863842763702e-01 8.808044957113280171e-01
9.378940581628151252e-01 9.097139325978176316e-01 8.860752244823162371e-01 8.788167670533892917e-01 9.074753001975984779e-01
8.260802522676721216e-01 9.217631858945128931e-01 8.543028322440086031e-01 8.386844636844638101e-01 8.502164502164503146e-01
