0.000000000000000000e+00 0.000000000000000000e+00 0.000000000000000000e+00 0.000000000000000000e+00 0.000000000000000000e+00
9.016114839605464670e-01 9.006212552197055965e-01 8.983193326259341083e-01 9.037742748383108538e-01 8.978041752332663883e-01
9.068555505078287338e-01 9.038100094650675098e-01 9.041639785141055707e-01 9.055594948606785488e-01 8.987824777965073286e-01
9.000277057855796681e-01 9.028619190209676848e-01 8.963015023195888276e-01 8.994627692734193936e-01 8.858617919345964653e-01
8.745623080284977702e-01 8.866519923424532879e-01 9.006462266472410327e-01 8.972921961050287498e-01 8.931582613852784291e-01
8.813733133730154989e-01 8.686541301170952467e-01 8.796818067758743753e-01 8.659907972991390812e-01 8.728932029336854415e-01
8.655234601287777885e-01 8.716907948098401304e-01 8.879555231038285257e-01 8.510172151467393364e-01 8.820579072516110397e-01
8.666088452335314329e-01 8.572117084153396682e-01 8.713392177322993870e-01 8.770501013742199037e-01 8.565896658936515973e-01
8.535209206802608639e-01 8.620979904588658149e-01 8.209082890140735334e-01 8.517006844341769023e-01 8.501647332395596557e-01
8.181607524864313863e-01 8.760329180688661843e-01 8.209617568336703419e-01 8.225286267427444065e-01 8.316712207335260620e-01
7.858940077147773540e-01 7.633523791566589889e-01 8.014864335314751953e-01 7.734633712674667816e-01 7.480756139409207028e-01
