0.000000000000000000e+00 0.000000000000000000e+00 0.000000000000000000e+00 0.000000000000000000e+00 0.000000000000000000e+00
8.981022186382127126e-01 8.975771586158755033e-01 8.944511817813860510e-01 8.876968143218572083e-01 8.970201465315454925e-01
8.787259334502602881e-01 8.871575033393591658e-01 8.809916998760249918e-01 8.919033370126587812e-01 8.917876484257784009e-01
8.923939346067840672e-01 8.742492680935237681e-01 8.898121833905631162e-01 8.868881175585242582e-01 8.887873525720260126e-01
8.847484538267329501e-01 8.779839753462260754e-01 8.837367049025883770e-01 8.789233438258500231e-01 8.867405141809762137e-01
8.780361894235264586e-01 8.845324094379130031e-01 8.691933525597328458e-01 8.753873980348640949e-01 8.824958932498857545e-01
8.628025039905100613e-01 8.599046394607704480e-01 8.763490901850150561e-01 8.614041191860349889e-01 8.722744062029732515e-01
8.422292313804085051e-01 8.341837608404737425e-01 8.518274665441100124e-01 8.428840517658153786e-01 8.641322143924209387e-01
8.290589951830124038e-01 8.376690396426389462e-01 8.365389241824557898e-01 8.334232685746734148e-01 8.023881498012283009e-01
7.903597528424339824e-01 8.247238831181664676e-01 8.220765936286110742e-01 7.628859223884165708e-01 7.838798582143386984e-01
5.718308541075166618e-01 6.036491915551726040e-01 6.361549685835928836e-01 5.564717751111029065e-01 6.259348022426350910e-01
