0.000000000000000000e+00 0.000000000000000000e+00 0.000000000000000000e+00 0.000000000000000000e+00 0.000000000000000000e+00
9.513327995330069786e-01 9.300620062006890176e-01 9.705825243243505485e-01 9.500633396673705544e-01 9.512056245040940716e-01
9.404389739723582053e-01 9.104249641647297331e-01 9.900660066007335169e-01 9.802614379131475708e-01 9.204296341006058535e-01
9.704529837799866776e-01 8.912486227203959555e-01 8.900593392673260551e-01 9.700646731340519802e-01 9.700646731340519802e-01
9.408157272654200654e-01 9.802614379131475708e-01 9.705825243243505485e-01 9.705825243243505485e-01 9.500633396673705544e-01
9.100606727340074809e-01 9.322400674763769990e-01 9.305585027027278855e-01 9.705825243243505485e-01 8.604016144853490200e-01
9.411929337198403633e-01 9.700646731340519802e-01 8.388261481515847384e-01 9.399999999999999467e-01 8.231338744407951102e-01
8.833631823267069638e-01 9.105464918919164985e-01 9.205524972973221365e-01 9.309935900269661335e-01 9.700646731340519802e-01
7.458570650482096998e-01 8.391690627185359741e-01 9.515873026942033297e-01 8.192831837689924512e-01 7.974245330348733729e-01
9.229582069908971453e-01 7.837689821349006492e-01 9.230201401033300002e-01 6.051969430249013460e-01 9.222159807293192069e-01
3.338902816470888935e-01 4.862214144977322072e-01 3.113335830266683590e-01 5.483968054994288188e-01 4.491476912354768203e-01
