0.000000000000000000e+00 0.000000000000000000e+00 0.000000000000000000e+00 0.000000000000000000e+00 0.000000000000000000e+00 0.000000000000000000e+00 0.000000000000000000e+00 0.000000000000000000e+00 0.000000000000000000e+00 0.000000000000000000e+00
9.722145040288969753e-01 9.944442729713880436e-01 9.888888888888889284e-01 9.722213648569399957e-01 9.666625509322139820e-01 9.944442729713880436e-01 9.888888888888889284e-01 9.666666666666666741e-01 9.888888888888889284e-01 9.888888888888889284e-01
9.833328189141640197e-01 9.888888888888889284e-01 9.777750339548092473e-01 9.944442729713880436e-01 9.888888888888889284e-01 9.888888888888889284e-01 9.833328189141640197e-01 9.888888888888889284e-01 9.944442729713880436e-01 9.888875169774046237e-01
9.888888888888889284e-01 9.888888888888889284e-01 9.777750339548092473e-01 9.611099107997160829e-01 9.944442729713880436e-01 9.777777777777777457e-01 9.722213648569399957e-01 9.888888888888889284e-01 9.722213648569399957e-01 9.833328189141640197e-01
9.722145040288969753e-01 9.777777777777777457e-01 9.888888888888889284e-01 9.888888888888889284e-01 9.888888888888889284e-01 9.833328189141640197e-01 9.944442729713880436e-01 9.833328189141640197e-01 9.833328189141640197e-01 9.944442729713880436e-01
9.833328189141640197e-01 9.833328189141640197e-01 9.944442729713880436e-01 9.555500679096184946e-01 9.944442729713880436e-01 9.833328189141640197e-01 9.888888888888889284e-01 9.944442729713880436e-01 9.722213648569399957e-01 9.777750339548092473e-01
9.888888888888889284e-01 9.944442729713880436e-01 9.777750339548092473e-01 9.833328189141640197e-01 9.888875169774046237e-01 9.833328189141640197e-01 9.611099107997160829e-01 9.777777777777777457e-01 9.611099107997160829e-01 9.944442729713880436e-01
9.833328189141640197e-01 9.833328189141640197e-01 9.722213648569399957e-01 9.499984567424919479e-01 9.777750339548092473e-01 9.833328189141640197e-01 9.944442729713880436e-01 9.611003056404556766e-01 9.666501976284584963e-01 9.888888888888889284e-01
9.944442729713880436e-01 9.888888888888889284e-01 9.888888888888889284e-01 9.499861072520145999e-01 9.888888888888889284e-01 9.722213648569399957e-01 9.722145040288969753e-01 9.666666666666666741e-01 9.833328189141640197e-01 9.833328189141640197e-01
9.777750339548092473e-01 9.833328189141640197e-01 9.944442729713880436e-01 9.833328189141640197e-01 9.833328189141640197e-01 9.888888888888889284e-01 9.833328189141640197e-01 9.611003056404556766e-01 9.722145040288969753e-01 9.888888888888889284e-01
9.722145040288969753e-01 9.722213648569399957e-01 9.944442729713880436e-01 9.722145040288969753e-01 9.722213648569399957e-01 9.722145040288969753e-01 9.777750339548092473e-01 9.833328189141640197e-01 9.777750339548092473e-01 9.777777777777777457e-01
9.777750339548092473e-01 9.444444444444444198e-01 9.833287024173380519e-01 9.443826473859844306e-01 9.499613899613901236e-01 9.888888888888889284e-01 9.944442729713880436e-01 9.777750339548092473e-01 9.888875169774046237e-01 9.722213648569399957e-01
9.888888888888889284e-01 9.833328189141640197e-01 9.666625509322139820e-01 9.833328189141640197e-01 9.722145040288969753e-01 9.777750339548092473e-01 9.777750339548092473e-01 9.555555555555556024e-01 9.944442729713880436e-01 9.722213648569399957e-01
9.666625509322139820e-01 9.666625509322139820e-01 9.611003056404556766e-01 9.555500679096184946e-01 9.610810810810810345e-01 9.499984567424919479e-01 9.888888888888889284e-01 9.777750339548092473e-01 9.833287024173380519e-01 9.722145040288969753e-01
9.722213648569399957e-01 9.777777777777777457e-01 9.833328189141640197e-01 9.666666666666666741e-01 9.666501976284584963e-01 9.833328189141640197e-01 9.833328189141640197e-01 9.888888888888889284e-01 9.777750339548092473e-01 9.777777777777777457e-01
9.722145040288969753e-01 9.722145040288969753e-01 9.777750339548092473e-01 9.888888888888889284e-01 9.888888888888889284e-01 9.944442729713880436e-01 9.388719088635731902e-01 9.777750339548092473e-01 9.888888888888889284e-01 9.611099107997160829e-01
9.833328189141640197e-01 9.777750339548092473e-01 9.777750339548092473e-01 9.777667984189724049e-01 9.610810810810810345e-01 9.722213648569399957e-01 9.722213648569399957e-01 9.722145040288969753e-01 9.777750339548092473e-01 9.722007722007721675e-01
9.888875169774046237e-01 9.777750339548092473e-01 9.722213648569399957e-01 9.332591768631812723e-01 9.666501976284584963e-01 9.444375848870231183e-01 9.610810810810810345e-01 9.888888888888889284e-01 9.555555555555556024e-01 9.666625509322139820e-01
9.777777777777777457e-01 9.777750339548092473e-01 9.555500679096184946e-01 9.777777777777777457e-01 9.666501976284584963e-01 9.722213648569399957e-01 9.777750339548092473e-01 9.499242681833637292e-01 9.333251018644277419e-01 9.610810810810810345e-01
9.777750339548092473e-01 9.388719088635731902e-01 9.499984567424919479e-01 9.611003056404556766e-01 9.722145040288969753e-01 9.722145040288969753e-01 9.555335968379445877e-01 9.944442729713880436e-01 9.722145040288969753e-01 9.722145040288969753e-01
9.833328189141640197e-01 9.666666666666666741e-01 9.777750339548092473e-01 9.722213648569399957e-01 9.555500679096184946e-01 9.833328189141640197e-01 9.443826473859844306e-01 9.888888888888889284e-01 9.444169960474309011e-01 9.611099107997160829e-01
9.777777777777777457e-01 9.888888888888889284e-01 9.611099107997160829e-01 9.444169960474309011e-01 9.611003056404556766e-01 9.611003056404556766e-01 9.944442729713880436e-01 9.833328189141640197e-01 9.666501976284584963e-01 9.888875169774046237e-01
9.610810810810810345e-01 9.777667984189724049e-01 9.777750339548092473e-01 9.666666666666666741e-01 9.777777777777777457e-01 9.666666666666666741e-01 9.499613899613901236e-01 9.666501976284584963e-01 9.611099107997160829e-01 9.722145040288969753e-01
9.555335968379445877e-01 9.777750339548092473e-01 9.666625509322139820e-01 9.666666666666666741e-01 9.722213648569399957e-01 9.611099107997160829e-01 9.611099107997160829e-01 9.777750339548092473e-01 9.555555555555556024e-01 9.444444444444444198e-01
9.555500679096184946e-01 9.888888888888889284e-01 9.611099107997160829e-01 9.888875169774046237e-01 9.777777777777777457e-01 9.499984567424919479e-01 9.333003952569169925e-01 9.499984567424919479e-01 9.833328189141640197e-01 9.944442729713880436e-01
9.777750339548092473e-01 9.555500679096184946e-01 9.666666666666666741e-01 9.555061179087875889e-01 9.611099107997160829e-01 9.555555555555556024e-01 9.610810810810810345e-01 9.443826473859844306e-01 9.777777777777777457e-01 9.722145040288969753e-01
9.722145040288969753e-01 9.833328189141640197e-01 9.944442729713880436e-01 9.722213648569399957e-01 9.499984567424919479e-01 9.611099107997160829e-01 9.499861072520145999e-01 9.777777777777777457e-01 9.833328189141640197e-01 9.666625509322139820e-01
9.499242681833637292e-01 9.722145040288969753e-01 9.888888888888889284e-01 9.333333333333333481e-01 9.722213648569399957e-01 9.666625509322139820e-01 9.666501976284584963e-01 9.555061179087875889e-01 9.833287024173380519e-01 9.944442729713880436e-01
9.777750339548092473e-01 9.555500679096184946e-01 9.833287024173380519e-01 9.833328189141640197e-01 9.666501976284584963e-01 9.777777777777777457e-01 9.555500679096184946e-01 9.777750339548092473e-01 9.833287024173380519e-01 9.555555555555556024e-01
9.555555555555556024e-01 9.833328189141640197e-01 9.611099107997160829e-01 9.666625509322139820e-01 9.555500679096184946e-01 9.777777777777777457e-01 9.666501976284584963e-01 9.777667984189724049e-01 9.611003056404556766e-01 9.833328189141640197e-01
9.611099107997160829e-01 9.388719088635731902e-01 9.722213648569399957e-01 9.888875169774046237e-01 9.666501976284584963e-01 9.666666666666666741e-01 9.722145040288969753e-01 9.499984567424919479e-01 9.333003952569169925e-01 9.499984567424919479e-01
9.666666666666666741e-01 9.388719088635731902e-01 9.055293136982496272e-01 9.611099107997160829e-01 9.444375848870231183e-01 9.277577104751320025e-01 9.555061179087875889e-01 9.833328189141640197e-01 9.722007722007721675e-01 9.888888888888889284e-01
9.666666666666666741e-01 9.722145040288969753e-01 9.554675903018308158e-01 9.944442729713880436e-01 9.666666666666666741e-01 9.777777777777777457e-01 9.222126188418323656e-01 9.444375848870231183e-01 9.722213648569399957e-01 9.666666666666666741e-01
9.555500679096184946e-01 9.888875169774046237e-01 9.833328189141640197e-01 9.499984567424919479e-01 9.555500679096184946e-01 9.611099107997160829e-01 9.611003056404556766e-01 9.777777777777777457e-01 9.777777777777777457e-01 9.833328189141640197e-01
9.666666666666666741e-01 9.555500679096184946e-01 9.888888888888889284e-01 9.555500679096184946e-01 9.833287024173380519e-01 9.777750339548092473e-01 9.222126188418323656e-01 9.777750339548092473e-01 9.277755486280441222e-01 9.666501976284584963e-01
9.555500679096184946e-01 9.833328189141640197e-01 9.388416988416988795e-01 9.722213648569399957e-01 9.888888888888889284e-01 9.611003056404556766e-01 9.555061179087875889e-01 9.388416988416988795e-01 9.388719088635731902e-01 9.833287024173380519e-01
9.555335968379445877e-01 9.555500679096184946e-01 9.833287024173380519e-01 9.722213648569399957e-01 9.555555555555556024e-01 9.444169960474309011e-01 9.944442729713880436e-01 9.333333333333333481e-01 9.555061179087875889e-01 9.611099107997160829e-01
9.555500679096184946e-01 9.611003056404556766e-01 9.333333333333333481e-01 9.722213648569399957e-01 9.166435120866907038e-01 9.722145040288969753e-01 9.611099107997160829e-01 9.944442729713880436e-01 9.666625509322139820e-01 9.833328189141640197e-01
9.666625509322139820e-01 9.722145040288969753e-01 9.555500679096184946e-01 9.722213648569399957e-01 9.722213648569399957e-01 9.555500679096184946e-01 9.666625509322139820e-01 9.611003056404556766e-01 9.666625509322139820e-01 9.555500679096184946e-01
9.722007722007721675e-01 9.666501976284584963e-01 9.443344878772885753e-01 9.722213648569399957e-01 9.499613899613901236e-01 9.388870026852680351e-01 9.666625509322139820e-01 9.222222222222222765e-01 9.499613899613901236e-01 9.944442729713880436e-01
9.611003056404556766e-01 9.777750339548092473e-01 9.722145040288969753e-01 9.611003056404556766e-01 9.276683873759699051e-01 9.276683873759699051e-01 9.499242681833637292e-01 9.888888888888889284e-01 9.611003056404556766e-01 9.833328189141640197e-01
9.444444444444444198e-01 9.388416988416988795e-01 9.722213648569399957e-01 9.833328189141640197e-01 9.277220077220077465e-01 9.276683873759699051e-01 9.611099107997160829e-01 9.055293136982496272e-01 9.722213648569399957e-01 9.333251018644277419e-01
8.999876527966415019e-01 9.722145040288969753e-01 9.333003952569169925e-01 9.555500679096184946e-01 9.611099107997160829e-01 9.888888888888889284e-01 9.499861072520145999e-01 9.499861072520145999e-01 9.610810810810810345e-01 9.610810810810810345e-01
9.555555555555556024e-01 9.833287024173380519e-01 9.444169960474309011e-01 9.332591768631812723e-01 9.333251018644277419e-01 9.666666666666666741e-01 9.611003056404556766e-01 9.722213648569399957e-01 9.332591768631812723e-01 9.499984567424919479e-01
9.444375848870231183e-01 9.555061179087875889e-01 9.555500679096184946e-01 9.333003952569169925e-01 9.388719088635731902e-01 9.555500679096184946e-01 9.611099107997160829e-01 9.611099107997160829e-01 9.722145040288969753e-01 9.611003056404556766e-01
9.166023166023166135e-01 9.944442729713880436e-01 9.555335968379445877e-01 9.333333333333333481e-01 9.055293136982496272e-01 9.166640945708200983e-01 9.444169960474309011e-01 9.722213648569399957e-01 9.333251018644277419e-01 9.611099107997160829e-01
9.777777777777777457e-01 9.833328189141640197e-01 9.666625509322139820e-01 9.444169960474309011e-01 9.444375848870231183e-01 9.387357282094124233e-01 9.777777777777777457e-01 9.611099107997160829e-01 9.444444444444444198e-01 9.611099107997160829e-01
9.610810810810810345e-01 9.499984567424919479e-01 9.499861072520145999e-01 9.444169960474309011e-01 9.443826473859844306e-01 9.888888888888889284e-01 9.611003056404556766e-01 9.555335968379445877e-01 9.166435120866907038e-01 9.611099107997160829e-01
9.610810810810810345e-01 9.555061179087875889e-01 9.611003056404556766e-01 9.777750339548092473e-01 9.499613899613901236e-01 9.555335968379445877e-01 9.443826473859844306e-01 9.222126188418323656e-01 9.666501976284584963e-01 9.444375848870231183e-01
9.554675903018308158e-01 9.722145040288969753e-01 9.722145040288969753e-01 9.276683873759699051e-01 9.499861072520145999e-01 9.555335968379445877e-01 9.443826473859844306e-01 9.666501976284584963e-01 9.555500679096184946e-01 9.888875169774046237e-01
9.611003056404556766e-01 9.444375848870231183e-01 9.444169960474309011e-01 9.444375848870231183e-01 9.611003056404556766e-01 9.833328189141640197e-01 9.333251018644277419e-01 9.944442729713880436e-01 9.444169960474309011e-01 9.221837944664031950e-01
9.277577104751320025e-01 9.277220077220077465e-01 9.444375848870231183e-01 9.499984567424919479e-01 9.333003952569169925e-01 9.275070479258962219e-01 9.333251018644277419e-01 9.722213648569399957e-01 9.777667984189724049e-01 9.833287024173380519e-01
9.944442729713880436e-01 9.443826473859844306e-01 9.611003056404556766e-01 9.555335968379445877e-01 9.499861072520145999e-01 9.330357142857143016e-01 9.444169960474309011e-01 9.333333333333333481e-01 9.166640945708200983e-01 9.217488510744007435e-01
9.499984567424919479e-01 9.498746867167919827e-01 9.388719088635731902e-01 9.611099107997160829e-01 9.666625509322139820e-01 9.166023166023166135e-01 9.777777777777777457e-01 8.768043802887007798e-01 9.722145040288969753e-01 9.499984567424919479e-01
9.722213648569399957e-01 9.611099107997160829e-01 9.499861072520145999e-01 9.499861072520145999e-01 9.332591768631812723e-01 9.444375848870231183e-01 9.610810810810810345e-01 9.611099107997160829e-01 9.499984567424919479e-01 9.443344878772885753e-01
9.333003952569169925e-01 9.555335968379445877e-01 9.722213648569399957e-01 9.277220077220077465e-01 9.499984567424919479e-01 9.666625509322139820e-01 9.444375848870231183e-01 9.277755486280441222e-01 9.277577104751320025e-01 9.388416988416988795e-01
9.054826254826255916e-01 8.942845661648789468e-01 9.221357063403782250e-01 9.164578111946533046e-01 9.444169960474309011e-01 9.277755486280441222e-01 9.333251018644277419e-01 9.610522085870607523e-01 9.388870026852680351e-01 9.222222222222222765e-01
9.277220077220077465e-01 9.611099107997160829e-01 9.555500679096184946e-01 9.444375848870231183e-01 9.555555555555556024e-01 9.219814241486068429e-01 9.555555555555556024e-01 9.555061179087875889e-01 9.666666666666666741e-01 9.388870026852680351e-01
8.998020781791191691e-01 9.221357063403782250e-01 9.666666666666666741e-01 9.444169960474309011e-01 9.666625509322139820e-01 9.055293136982496272e-01 9.611099107997160829e-01 9.666625509322139820e-01 9.444444444444444198e-01 9.055293136982496272e-01
8.998020781791191691e-01 9.111111111111110938e-01 9.499861072520145999e-01 9.222222222222222765e-01 9.499861072520145999e-01 9.166640945708200983e-01 9.611099107997160829e-01 8.996904024767802266e-01 9.333251018644277419e-01 9.277577104751320025e-01
9.499613899613901236e-01 9.499984567424919479e-01 8.998020781791191691e-01 9.222222222222222765e-01 9.444169960474309011e-01 8.666502037288553728e-01 8.666007905138339851e-01 9.222126188418323656e-01 9.498746867167919827e-01 9.388719088635731902e-01
9.277220077220077465e-01 9.388719088635731902e-01 8.998887652947720195e-01 9.554675903018308158e-01 9.111001358192369892e-01 9.332013854527461127e-01 9.332591768631812723e-01 9.555500679096184946e-01 9.444375848870231183e-01 8.772321428571429047e-01
9.333251018644277419e-01 8.944411864563721615e-01 9.555061179087875889e-01 9.277755486280441222e-01 9.499861072520145999e-01 9.108359133126934237e-01 9.666625509322139820e-01 9.666625509322139820e-01 9.163542860683415725e-01 9.443826473859844306e-01
9.555335968379445877e-01 9.053188526872737452e-01 9.555555555555556024e-01 9.722213648569399957e-01 8.944151153098083284e-01 9.444375848870231183e-01 9.499613899613901236e-01 9.499984567424919479e-01 9.277577104751320025e-01 9.333251018644277419e-01
9.276683873759699051e-01 9.555500679096184946e-01 8.938909745276286678e-01 9.110122358175749557e-01 9.555500679096184946e-01 8.887652947719688612e-01 9.555061179087875889e-01 8.888888888888888395e-01 9.610522085870607523e-01 9.499984567424919479e-01
8.995535714285713969e-01 9.499861072520145999e-01 9.443344878772885753e-01 8.830409356725146264e-01 9.666625509322139820e-01 8.944151153098083284e-01 9.277755486280441222e-01 9.444375848870231183e-01 9.555555555555556024e-01 8.720286853574850117e-01
9.333251018644277419e-01 9.166435120866907038e-01 9.221357063403782250e-01 8.886689757545769286e-01 9.277577104751320025e-01 9.054125065685758589e-01 9.053188526872737452e-01 8.713286713286714225e-01 9.277220077220077465e-01 9.666625509322139820e-01
9.055293136982496272e-01 9.444375848870231183e-01 8.553948832035593863e-01 9.277220077220077465e-01 9.388870026852680351e-01 9.499984567424919479e-01 9.443826473859844306e-01 9.331269349845201511e-01 9.333251018644277419e-01 8.492134901182092355e-01
9.666666666666666741e-01 9.777777777777777457e-01 8.665183537263626556e-01 8.998887652947720195e-01 9.166640945708200983e-01 9.388719088635731902e-01 9.332591768631812723e-01 8.998020781791191691e-01 9.333003952569169925e-01 9.166023166023166135e-01
8.772321428571429047e-01 9.277577104751320025e-01 8.887652947719688612e-01 9.277577104751320025e-01 8.999876527966415019e-01 8.662538699690403021e-01 9.555500679096184946e-01 8.544051767048282953e-01 8.943629343629344586e-01 9.332591768631812723e-01
8.942845661648789468e-01 9.332013854527461127e-01 9.443826473859844306e-01 9.332013854527461127e-01 9.109351806036616317e-01 9.166023166023166135e-01 9.388870026852680351e-01 9.222126188418323656e-01 9.110122358175749557e-01 9.444375848870231183e-01
9.387963277796667061e-01 9.387357282094124233e-01 9.388719088635731902e-01 9.277577104751320025e-01 9.222126188418323656e-01 8.312500000000000444e-01 9.387963277796667061e-01 8.998020781791191691e-01 9.333251018644277419e-01 8.546764377096013332e-01
9.221357063403782250e-01 8.831566257611820348e-01 9.166435120866907038e-01 9.166640945708200983e-01 9.053188526872737452e-01 9.053188526872737452e-01 9.276683873759699051e-01 9.163542860683415725e-01 8.882126443920009828e-01 9.499984567424919479e-01
9.443344878772885753e-01 8.662538699690403021e-01 9.052015242107871451e-01 9.555061179087875889e-01 9.165404469722728820e-01 8.765432098765432167e-01 9.888888888888889284e-01 9.444375848870231183e-01 8.887652947719688612e-01 9.222126188418323656e-01
9.332591768631812723e-01 8.653198653198653778e-01 8.546764377096013332e-01 9.333333333333333481e-01 8.775358733300346881e-01 8.656047784967646486e-01 9.054826254826255916e-01 9.104031856645097287e-01 8.887652947719688612e-01 9.443826473859844306e-01
8.649999999999999911e-01 9.499613899613901236e-01 9.054125065685758589e-01 9.443344878772885753e-01 9.388870026852680351e-01 8.940487623532327177e-01 9.277755486280441222e-01 8.607630186577555076e-01 8.940487623532327177e-01 9.047055526143690241e-01
8.660714285714284921e-01 8.268747479134994638e-01 8.941798941798941858e-01 8.603828612205639548e-01 8.995535714285713969e-01 8.996904024767802266e-01 8.832432432432433256e-01 8.258372608383532931e-01 9.052015242107871451e-01 8.940487623532327177e-01
9.330357142857143016e-01 8.883928571428570953e-01 8.136236704213861692e-01 9.333333333333333481e-01 9.222222222222222765e-01 9.332591768631812723e-01 9.111001358192369892e-01 9.220682830282038722e-01 8.092031425364758501e-01 8.070861177657294716e-01
9.054125065685758589e-01 8.941798941798941858e-01 8.598611067858366042e-01 8.601398601398602128e-01 8.549107142857141906e-01 9.107142857142855874e-01 8.877665544332211667e-01 9.054125065685758589e-01 8.483098723430819721e-01 8.605904767805694355e-01
9.388870026852680351e-01 8.549107142857141906e-01 9.048951048951048293e-01 8.777777777777778789e-01 8.942845661648789468e-01 8.377622377622376826e-01 8.998020781791191691e-01 8.605904767805694355e-01 8.603828612205639548e-01 9.443826473859844306e-01
8.944151153098083284e-01 9.221837944664031950e-01 8.328173374613003777e-01 9.222126188418323656e-01 8.938909745276286678e-01 9.388416988416988795e-01 7.790715971675845619e-01 9.054125065685758589e-01 8.595461780954460895e-01 7.028571428571428470e-01
8.303167420814480115e-01 8.540965207631874279e-01 8.370735665907175216e-01 8.940487623532327177e-01 8.551083591331269940e-01 9.275967697020328639e-01 8.765432098765432167e-01 8.827216034252738375e-01 8.533650833437773642e-01 9.047055526143690241e-01
8.886689757545769286e-01 8.092031425364758501e-01 9.388719088635731902e-01 8.268747479134994638e-01 8.204264870931536890e-01 8.136236704213861692e-01 8.765432098765432167e-01 7.401764234161989364e-01 9.052015242107871451e-01 8.249192055473627549e-01
8.425000000000000266e-01 8.701013460512692088e-01 9.555500679096184946e-01 8.130605822187254583e-01 8.320059731209556997e-01 9.107142857142855874e-01 8.885448916408669184e-01 8.642533936651582982e-01 8.830409356725146264e-01 8.370735665907175216e-01
8.249192055473627549e-01 8.943629343629344586e-01 7.850678733031674073e-01 9.166435120866907038e-01 8.483098723430819721e-01 8.883928571428570953e-01 7.783461210571185340e-01 8.658551732704011794e-01 8.719019771651350670e-01 7.934727180010199277e-01
6.944770857814337450e-01 8.076923076923077094e-01 8.479301605181639445e-01 9.218750000000000000e-01 8.150166609573044063e-01 7.597578046160357035e-01 7.850678733031674073e-01 8.130605822187254583e-01 8.882126443920009828e-01 7.428571428571429935e-01
7.273694047887596659e-01 8.057142857142857162e-01 8.999505928853754888e-01 8.656047784967646486e-01 8.768043802887007798e-01 9.050603456299834981e-01 8.303167420814480115e-01 8.200000000000000622e-01 8.096067695370832151e-01 7.969670384759994786e-01
8.937062937062937307e-01 9.052015242107871451e-01 7.453703703703704608e-01 8.715522323229188961e-01 9.162297167323383285e-01 7.904012588512983051e-01 9.052015242107871451e-01 7.942857142857142616e-01 8.297818686168201285e-01 7.442455242966751205e-01
8.649999999999999911e-01 6.889952153110048272e-01 7.400210084033613800e-01 7.705252422233553888e-01 7.222222222222223209e-01 8.017309205350118262e-01 6.848060344827586743e-01 8.171428571428571708e-01 8.992035838725734864e-01 7.333333333333333925e-01
7.401764234161989364e-01 8.759243012908886072e-01 6.139574468085106096e-01 7.757976430008624025e-01 8.475102757993159264e-01 6.749163879598660820e-01 6.556931440652371545e-01 7.532314923619272129e-01 7.757976430008624025e-01 8.003739028486327456e-01
