0.000000000000000000e+00 0.000000000000000000e+00 0.000000000000000000e+00 0.000000000000000000e+00 0.000000000000000000e+00 0.000000000000000000e+00 0.000000000000000000e+00 0.000000000000000000e+00 0.000000000000000000e+00 0.000000000000000000e+00
9.782608695652174058e-01 9.855072463768116409e-01 9.130434782608695121e-01 9.637681159420289356e-01 9.275362318840579823e-01 8.623188405797101996e-01 9.782608695652174058e-01 8.985507246376811530e-01 6.956521739130434590e-01 9.275362318840579823e-01
9.710144927536231707e-01 9.710144927536231707e-01 9.637681159420289356e-01 9.855072463768116409e-01 9.710144927536231707e-01 9.855072463768116409e-01 9.782608695652174058e-01 9.710144927536231707e-01 9.420289855072463414e-01 9.637681159420289356e-01
9.565217391304348116e-01 9.637681159420289356e-01 9.855072463768116409e-01 9.637681159420289356e-01 9.710144927536231707e-01 9.782608695652174058e-01 9.782608695652174058e-01 9.565217391304348116e-01 9.202898550724637472e-01 9.130434782608695121e-01
9.492753623188405765e-01 9.492753623188405765e-01 9.782608695652174058e-01 9.782608695652174058e-01 9.565217391304348116e-01 9.420289855072463414e-01 9.420289855072463414e-01 8.550724637681159646e-01 9.637681159420289356e-01 9.492753623188405765e-01
8.913043478260869179e-01 9.710144927536231707e-01 9.637681159420289356e-01 9.710144927536231707e-01 6.376811594202898004e-01 8.985507246376811530e-01 9.492753623188405765e-01 9.420289855072463414e-01 7.898550724637680709e-01 9.637681159420289356e-01
9.710144927536231707e-01 9.710144927536231707e-01 9.710144927536231707e-01 9.492753623188405765e-01 9.275362318840579823e-01 8.695652173913043237e-01 7.608695652173913526e-01 9.782608695652174058e-01 9.565217391304348116e-01 9.782608695652174058e-01
9.275362318840579823e-01 9.202898550724637472e-01 7.173913043478260532e-01 9.347826086956522174e-01 9.275362318840579823e-01 6.376811594202898004e-01 9.492753623188405765e-01 6.739130434782608647e-01 9.420289855072463414e-01 8.768115942028985588e-01
5.797101449275362528e-01 9.275362318840579823e-01 9.782608695652174058e-01 9.565217391304348116e-01 5.000000000000000000e-01 9.565217391304348116e-01 8.550724637681159646e-01 9.492753623188405765e-01 7.971014492753623060e-01 9.492753623188405765e-01
6.956521739130434590e-01 5.144927536231883591e-01 9.782608695652174058e-01 6.521739130434782705e-01 9.565217391304348116e-01 8.188405797101449002e-01 5.724637681159420177e-01 9.492753623188405765e-01 7.028985507246376940e-01 8.840579710144927938e-01
