0.000000000000000000e+00 0.000000000000000000e+00 0.000000000000000000e+00 0.000000000000000000e+00 0.000000000000000000e+00 0.000000000000000000e+00 0.000000000000000000e+00 0.000000000000000000e+00 0.000000000000000000e+00 0.000000000000000000e+00
9.763071895424836333e-01 9.901960784313725839e-01 8.513071895424836333e-01 9.754901960784313486e-01 9.509803921568626972e-01 9.068627450980392135e-01 9.852941176470588758e-01 9.223856209150327334e-01 7.941176470588235947e-01 9.419934640522875657e-01
9.714052287581699252e-01 9.803921568627451677e-01 9.485294117647058432e-01 9.901960784313725839e-01 9.714052287581699252e-01 9.901960784313725839e-01 9.763071895424836333e-01 9.714052287581699252e-01 9.158496732026144560e-01 9.665032679738562171e-01
9.705882352941176405e-01 9.754901960784313486e-01 9.901960784313725839e-01 9.575163398692809746e-01 9.714052287581699252e-01 9.763071895424836333e-01 9.852941176470588758e-01 9.346405228758170036e-01 9.460784313725489891e-01 9.321895424836601496e-01
9.656862745098039325e-01 9.566993464052286900e-01 9.852941176470588758e-01 9.763071895424836333e-01 9.705882352941176405e-01 9.607843137254901134e-01 9.607843137254901134e-01 9.019607843137255054e-01 9.485294117647058432e-01 9.656862745098039325e-01
9.084967320261437829e-01 9.803921568627451677e-01 9.665032679738562171e-01 9.803921568627451677e-01 7.549019607843137081e-01 9.313725490196078649e-01 9.656862745098039325e-01 9.607843137254901134e-01 8.578431372549020217e-01 9.754901960784313486e-01
9.803921568627451677e-01 9.803921568627451677e-01 9.803921568627451677e-01 9.117647058823530326e-01 9.509803921568626972e-01 8.937908496732025476e-01 8.382352941176470784e-01 9.852941176470588758e-01 9.616013071895423980e-01 9.763071895424836333e-01
9.509803921568626972e-01 8.741830065359477153e-01 8.088235294117647189e-01 9.379084967320261423e-01 8.880718954248365549e-01 7.549019607843137081e-01 9.656862745098039325e-01 7.794117647058823595e-01 9.607843137254901134e-01 9.166666666666667407e-01
7.156862745098039325e-01 9.509803921568626972e-01 9.852941176470588758e-01 9.705882352941176405e-01 6.617647058823529216e-01 9.705882352941176405e-01 9.019607843137255054e-01 9.656862745098039325e-01 8.627450980392157298e-01 9.656862745098039325e-01
7.941176470588235947e-01 6.715686274509804488e-01 9.852941176470588758e-01 7.647058823529411242e-01 9.705882352941176405e-01 8.774509803921568540e-01 7.107843137254902244e-01 9.656862745098039325e-01 7.990196078431373028e-01 9.215686274509804488e-01
