0.000000000000000000e+00 0.000000000000000000e+00 0.000000000000000000e+00 0.000000000000000000e+00 0.000000000000000000e+00 0.000000000000000000e+00 0.000000000000000000e+00 0.000000000000000000e+00 0.000000000000000000e+00 0.000000000000000000e+00
9.624183006535946827e-01 9.852941176470588758e-01 9.485294117647058432e-01 9.566993464052286900e-01 9.624183006535946827e-01 9.901960784313725839e-01 9.901960784313725839e-01 9.665032679738562171e-01 9.656862745098039325e-01 9.477124183006535585e-01
9.321895424836601496e-01 9.763071895424836333e-01 8.872549019607842702e-01 9.624183006535946827e-01 9.852941176470588758e-01 9.656862745098039325e-01 9.754901960784313486e-01 9.313725490196078649e-01 9.901960784313725839e-01 9.803921568627451677e-01
9.566993464052286900e-01 9.526143790849672666e-01 9.313725490196078649e-01 9.705882352941176405e-01 9.754901960784313486e-01 8.774509803921568540e-01 9.901960784313725839e-01 9.575163398692809746e-01 9.460784313725489891e-01 9.714052287581699252e-01
9.803921568627451677e-01 9.558823529411764053e-01 9.665032679738562171e-01 9.950980392156862919e-01 9.901960784313725839e-01 9.852941176470588758e-01 9.460784313725489891e-01 9.812091503267974524e-01 9.019607843137255054e-01 8.823529411764705621e-01
9.803921568627451677e-01 9.575163398692809746e-01 9.656862745098039325e-01 9.460784313725489891e-01 9.068627450980392135e-01 9.460784313725489891e-01 9.624183006535946827e-01 9.852941176470588758e-01 9.656862745098039325e-01 9.338235294117647189e-01
8.970588235294116863e-01 9.509803921568626972e-01 9.419934640522875657e-01 9.803921568627451677e-01 8.929738562091502629e-01 8.137254901960784270e-01 9.117647058823529216e-01 9.387254901960784270e-01 8.431372549019607865e-01 8.529411764705883137e-01
9.852941176470588758e-01 9.803921568627451677e-01 9.624183006535946827e-01 9.656862745098039325e-01 9.616013071895423980e-01 9.215686274509804488e-01 9.575163398692809746e-01 9.624183006535946827e-01 9.754901960784313486e-01 7.598039215686274161e-01
7.303921568627450567e-01 9.705882352941176405e-01 9.419934640522875657e-01 8.676470588235294379e-01 9.207516339869281641e-01 9.509803921568626972e-01 9.313725490196078649e-01 9.852941176470588758e-01 9.215686274509804488e-01 9.607843137254901134e-01
8.039215686274510109e-01 8.480392156862744946e-01 8.382352941176470784e-01 9.763071895424836333e-01 9.436274509803921351e-01 5.637254901960784270e-01 9.166666666666667407e-01 9.174836601307190254e-01 8.137254901960784270e-01 9.616013071895423980e-01
