0.000000000000000000e+00 0.000000000000000000e+00 0.000000000000000000e+00 0.000000000000000000e+00 0.000000000000000000e+00
9.667260843731432240e-01 9.733986732006534304e-01 9.799960388195683159e-01 9.667260843731432240e-01 9.733986732006534304e-01
9.733986732006534304e-01 9.799960388195683159e-01 9.733986732006534304e-01 9.799960388195683159e-01 9.667260843731432240e-01
9.733986732006534304e-01 9.667260843731432240e-01 9.733188165920482193e-01 9.667260843731432240e-01 9.667260843731432240e-01
9.667260843731432240e-01 9.733986732006534304e-01 9.733279978658130327e-01 9.601253834867279346e-01 9.667260843731432240e-01
9.733986732006534304e-01 9.666535242124701943e-01 9.667946386475382292e-01 9.667920501533947553e-01 9.666535242124701943e-01
9.601171760596315385e-01 9.601253834867279346e-01 9.667946386475382292e-01 9.667920501533947553e-01 9.601171760596315385e-01
9.535094918760217420e-01 9.401311197277412157e-01 9.401230608890850382e-01 9.468275711066252986e-01 9.404832473538616844e-01
9.194051963790009774e-01 9.261053289400456023e-01 9.333488441748767350e-01 9.265534114422308010e-01 9.128517930057237217e-01
8.548648288992845012e-01 8.623703504094484273e-01 8.473185649287685584e-01 8.845011450990570845e-01 8.916523727844481995e-01
6.086743979127695603e-01 6.088361146769362131e-01 5.423326375366460672e-01 7.237120445676595848e-01 7.112740306288692915e-01
