0.000000000000000000e+00 0.000000000000000000e+00 0.000000000000000000e+00 0.000000000000000000e+00 0.000000000000000000e+00
9.501900570190067175e-01 9.600640064007112118e-01 9.701940582194068519e-01 9.501900570190067175e-01 9.600640064007112118e-01
9.600640064007112118e-01 9.701940582194068519e-01 9.600640064007112118e-01 9.701940582194068519e-01 9.501900570190067175e-01
9.600640064007112118e-01 9.501900570190067175e-01 9.604483138441105572e-01 9.501900570190067175e-01 9.501900570190067175e-01
9.501900570190067175e-01 9.600640064007112118e-01 9.602561024455322780e-01 9.402507669779170962e-01 9.501900570190067175e-01
9.600640064007112118e-01 9.504436439082343258e-01 9.501900570190067175e-01 9.502534347117247426e-01 9.504436439082343258e-01
9.404389739723582053e-01 9.402507669779170962e-01 9.501900570190067175e-01 9.502534347117247426e-01 9.404389739723582053e-01
9.305585027027278855e-01 9.111548613670795715e-01 9.112766816579329632e-01 9.207983713661558323e-01 9.107896934165237157e-01
8.837194490007301839e-01 8.934014003076922172e-01 9.016847186826344451e-01 8.922034896049173547e-01 8.739122315523919493e-01
8.017929023514911435e-01 8.104963530490030266e-01 7.929515873781886048e-01 8.374586817107391168e-01 8.461141122266493397e-01
5.870556921922468474e-01 5.871517497388591966e-01 5.475799771155304141e-01 6.662036809905657053e-01 6.617247980724019207e-01
