0.000000000000000000e+00 0.000000000000000000e+00 0.000000000000000000e+00 0.000000000000000000e+00 0.000000000000000000e+00
8.272164948453608613e-01 8.268041237113401554e-01 8.280412371134020511e-01 8.284536082474226459e-01 8.288659793814433518e-01
8.251546391752577758e-01 8.288659793814433518e-01 8.268041237113401554e-01 8.272164948453608613e-01 8.284536082474226459e-01
8.280412371134020511e-01 8.280412371134020511e-01 8.247422680412370699e-01 8.288659793814433518e-01 8.243298969072164750e-01
8.218556701030927947e-01 8.206185567010308990e-01 8.226804123711339845e-01 8.169072164948453230e-01 8.235051546391752852e-01
8.098969072164948768e-01 8.111340206185566615e-01 8.152577319587628324e-01 8.169072164948453230e-01 8.230927835051546904e-01
8.032989690721649145e-01 8.136082474226804528e-01 8.206185567010308990e-01 8.181443298969072186e-01 8.148453608247422375e-01
8.049484536082474051e-01 8.012371134020618291e-01 8.004123711340206393e-01 7.962886597938144684e-01 8.107216494845360666e-01
7.872164948453608257e-01 8.016494845360824240e-01 7.954639175257731676e-01 7.929896907216494872e-01 7.859793814432989301e-01
7.063917525773195649e-01 7.711340206185567370e-01 7.373195876288659578e-01 7.653608247422680755e-01 7.740206185567010122e-01
6.391752577319587125e-01 6.070103092783505350e-01 7.076288659793814606e-01 6.230927835051546237e-01 6.288659793814432852e-01
