0.000000000000000000e+00 0.000000000000000000e+00 0.000000000000000000e+00 0.000000000000000000e+00 0.000000000000000000e+00
8.510309007554650584e-01 8.510245551784790807e-01 8.513772416840054147e-01 8.515885628753769865e-01 8.517852932579771386e-01
8.501556843991820989e-01 8.527449117556894498e-01 8.513394932265130333e-01 8.514537216797414265e-01 8.521454252060974843e-01
8.518171800235770919e-01 8.517155688802334756e-01 8.499008906109846162e-01 8.528281547896764403e-01 8.503890786414376457e-01
8.487281667267271290e-01 8.477786923807608677e-01 8.491427158706905676e-01 8.464792599951622698e-01 8.495180425816498682e-01
8.421402516455270826e-01 8.432965121376535533e-01 8.452574039915377035e-01 8.454069952528167065e-01 8.487559597285724289e-01
8.391614152114382774e-01 8.447552296760545421e-01 8.482824264735878694e-01 8.476840123134620208e-01 8.450516893784826289e-01
8.382973866645553329e-01 8.362543298424496285e-01 8.369355009011003599e-01 8.337674847850605753e-01 8.417158965215542077e-01
8.277095574229991204e-01 8.376006799068205222e-01 8.332533058986143493e-01 8.334591820943193508e-01 8.286536256044101378e-01
7.803171952592660165e-01 8.196125734253874029e-01 7.979119117621321644e-01 8.173583000863361425e-01 8.227344106377066923e-01
7.377974927032123764e-01 7.202692956017349157e-01 7.817153455969331199e-01 7.284423668965546161e-01 7.323315241689509758e-01
