0.000000000000000000e+00 0.000000000000000000e+00 0.000000000000000000e+00 0.000000000000000000e+00 0.000000000000000000e+00
6.512280701754386003e-01 6.512280701754386003e-01 6.512280701754386003e-01 6.512280701754386003e-01 6.512280701754386003e-01
6.445614035087718907e-01 6.477192982456140280e-01 6.480701754385964630e-01 6.343859649122807198e-01 6.417543859649122995e-01
6.343859649122807198e-01 6.347368421052631549e-01 6.354385964912280249e-01 6.192982456140351255e-01 6.385964912280701622e-01
6.270175438596491402e-01 6.210526315789474117e-01 6.277192982456140102e-01 6.185964912280701444e-01 6.242105263157894379e-01
5.982456140350876916e-01 5.154385964912280294e-01 5.754385964912280826e-01 5.792982456140350900e-01 5.954385964912281004e-01
5.477192982456140502e-01 5.877192982456140857e-01 5.866666666666666696e-01 5.656140350877193468e-01 5.635087719298245146e-01
5.221052631578947389e-01 5.143859649122807243e-01 5.350877192982456121e-01 5.466666666666666341e-01 5.417543859649123217e-01
5.607017543859649233e-01 5.073684210526315796e-01 5.035087719298245723e-01 5.024561403508771562e-01 5.091228070175438658e-01
5.077192982456140147e-01 5.305263157894737347e-01 5.077192982456140147e-01 5.017543859649122862e-01 5.028070175438597023e-01
5.031578947368421373e-01 5.024561403508771562e-01 5.052631578947368585e-01 5.108771929824561520e-01 5.028070175438597023e-01
