0.000000000000000000e+00 0.000000000000000000e+00 0.000000000000000000e+00 0.000000000000000000e+00 0.000000000000000000e+00
6.029274238401090003e-01 6.029274238401090003e-01 6.029274238401090003e-01 6.029274238401090003e-01 6.029274238401090003e-01
5.916078487566859279e-01 5.957467287399760281e-01 5.957467287399760281e-01 5.731842250793293125e-01 5.874425566347616368e-01
5.769110668598252945e-01 5.742512317186072579e-01 5.779719460840935241e-01 5.547692495977480931e-01 5.827245216472860534e-01
5.635008701614773186e-01 5.520160359944623618e-01 5.645840191259721141e-01 5.414442608825469350e-01 5.514639684637775430e-01
4.960997424455179106e-01 3.495016650182303231e-01 4.658522072831883243e-01 4.273889821929338084e-01 4.869937175936130958e-01
4.253689518734652397e-01 4.671156941845017174e-01 4.752670485620565932e-01 4.179062349479694127e-01 3.806577979965076741e-01
3.479793233082706938e-01 3.479793233082706938e-01 3.525354969574036046e-01 3.949729939052787353e-01 4.089711765798417220e-01
4.068911357612643998e-01 3.372201568922880699e-01 3.372201568922880699e-01 3.372201568922880699e-01 3.364446765244601956e-01
3.364446765244601956e-01 3.364446765244601956e-01 3.364446765244601956e-01 3.364446765244601956e-01 3.364446765244601956e-01
3.356682560664715487e-01 3.348908934393711734e-01 3.356682560664715487e-01 3.348908934393711734e-01 3.356682560664715487e-01
