0.000000000000000000e+00 0.000000000000000000e+00 0.000000000000000000e+00 0.000000000000000000e+00 0.000000000000000000e+00
4.221051985905164283e-01 4.221051985905164283e-01 4.221051985905164283e-01 4.221051985905164283e-01 4.221051985905164283e-01
4.093339480575289291e-01 4.139967893035373381e-01 4.139967893035373381e-01 3.886516187737344974e-01 4.046483685425515953e-01
3.928275540765926443e-01 3.898468907423831564e-01 3.940168659288590947e-01 3.680464200758883364e-01 3.993485337695906190e-01
3.778128931061954243e-01 3.649668412727767874e-01 3.790246839922716826e-01 3.531345710299566010e-01 3.643492794781949540e-01
3.018574453359521570e-01 8.615751684814253186e-02 2.665069044161250678e-01 2.186186580488015674e-01 2.913549460812609460e-01
2.159623476112236540e-01 2.680140212887586748e-01 2.776643759450143079e-01 2.059822223705224109e-01 1.503494315280842208e-01
8.192319205190405629e-02 8.192319205190405629e-02 9.407208683835972807e-02 1.731946476586186667e-01 1.936374178235226173e-01
1.906925178491184758e-01 4.192218081503185784e-02 4.192218081503185784e-02 4.192218081503185784e-02 3.748975029753798954e-02
3.748975029753798954e-02 3.748975029753798954e-02 3.748975029753798954e-02 3.748975029753798954e-02 3.748975029753798954e-02
3.246137365805977504e-02 2.649994700015899721e-02 3.246137365805977504e-02 2.649994700015899721e-02 3.246137365805977504e-02
