0.000000000000000000e+00 0.000000000000000000e+00 0.000000000000000000e+00 0.000000000000000000e+00 0.000000000000000000e+00 0.000000000000000000e+00 0.000000000000000000e+00 0.000000000000000000e+00 0.000000000000000000e+00 0.000000000000000000e+00
9.057971014492753881e-01 9.782608695652174058e-01 9.637681159420289356e-01 9.637681159420289356e-01 9.710144927536231707e-01 9.782608695652174058e-01 9.782608695652174058e-01 8.695652173913043237e-01 9.782608695652174058e-01 9.492753623188405765e-01
6.884057971014492239e-01 9.855072463768116409e-01 9.782608695652174058e-01 9.710144927536231707e-01 9.710144927536231707e-01 9.637681159420289356e-01 9.782608695652174058e-01 9.637681159420289356e-01 9.782608695652174058e-01 9.202898550724637472e-01
9.710144927536231707e-01 9.710144927536231707e-01 9.420289855072463414e-01 9.710144927536231707e-01 9.637681159420289356e-01 9.855072463768116409e-01 9.782608695652174058e-01 9.637681159420289356e-01 9.492753623188405765e-01 9.565217391304348116e-01
9.130434782608695121e-01 8.913043478260869179e-01 9.420289855072463414e-01 8.115942028985507761e-01 9.565217391304348116e-01 9.057971014492753881e-01 9.275362318840579823e-01 9.710144927536231707e-01 9.202898550724637472e-01 9.492753623188405765e-01
8.985507246376811530e-01 7.246376811594202882e-01 9.492753623188405765e-01 9.565217391304348116e-01 9.492753623188405765e-01 9.565217391304348116e-01 9.637681159420289356e-01 9.565217391304348116e-01 9.565217391304348116e-01 9.782608695652174058e-01
9.710144927536231707e-01 9.420289855072463414e-01 7.536231884057971175e-01 9.202898550724637472e-01 9.202898550724637472e-01 8.768115942028985588e-01 6.811594202898550998e-01 9.202898550724637472e-01 9.855072463768116409e-01 9.565217391304348116e-01
9.710144927536231707e-01 8.768115942028985588e-01 8.840579710144927938e-01 7.318840579710145233e-01 9.637681159420289356e-01 8.985507246376811530e-01 9.492753623188405765e-01 8.840579710144927938e-01 8.478260869565217295e-01 9.710144927536231707e-01
7.898550724637680709e-01 9.420289855072463414e-01 9.782608695652174058e-01 9.492753623188405765e-01 9.565217391304348116e-01 9.275362318840579823e-01 7.753623188405797118e-01 9.710144927536231707e-01 8.840579710144927938e-01 9.057971014492753881e-01
5.434782608695651884e-01 9.565217391304348116e-01 4.637681159420289911e-01 9.347826086956522174e-01 6.521739130434782705e-01 7.101449275362319291e-01 9.420289855072463414e-01 9.782608695652174058e-01 9.637681159420289356e-01 6.811594202898550998e-01
