0.000000000000000000e+00 0.000000000000000000e+00 0.000000000000000000e+00 0.000000000000000000e+00 0.000000000000000000e+00 0.000000000000000000e+00 0.000000000000000000e+00 0.000000000000000000e+00 0.000000000000000000e+00 0.000000000000000000e+00
9.436274509803921351e-01 9.549696534621158195e-01 9.725373134328358926e-01 9.725373134328358926e-01 9.720628922329441757e-01 9.455263157894737702e-01 9.379297050697166238e-01 9.525936104431466100e-01 9.004329004329003627e-01 9.720628922329441757e-01
9.815359914369814476e-01 9.132511943676138166e-01 9.725373134328358926e-01 9.549696534621158195e-01 9.720628922329441757e-01 9.273684210526316196e-01 9.624183006535946827e-01 9.624183006535946827e-01 9.132511943676138166e-01 9.379297050697166238e-01
9.720628922329441757e-01 9.815359914369814476e-01 8.817625458996327659e-01 9.234396671289875069e-01 9.815359914369814476e-01 9.336310546204054095e-01 9.720628922329441757e-01 9.534381537215735891e-01 8.894979981521404788e-01 9.725373134328358926e-01
9.213675213675214248e-01 9.812091503267974524e-01 9.285159285159285680e-01 9.542288557213930433e-01 9.630719828739630062e-01 8.973214285714286031e-01 9.815359914369814476e-01 9.725373134328358926e-01 9.060457516339869288e-01 9.725373134328358926e-01
9.624183006535946827e-01 9.052375304326113481e-01 8.741105637657361482e-01 9.132511943676138166e-01 8.297197250132204438e-01 8.973214285714286031e-01 8.741105637657361482e-01 9.359203980099501941e-01 9.725373134328358926e-01 7.599191873842527922e-01
9.463869463869463150e-01 9.624183006535946827e-01 8.424562879288589601e-01 9.549696534621158195e-01 8.894979981521404788e-01 8.817625458996327659e-01 9.295918367346939215e-01 9.720628922329441757e-01 8.741105637657361482e-01 9.549696534621158195e-01
9.549696534621158195e-01 9.549696534621158195e-01 9.285159285159285680e-01 6.928171996308158942e-01 9.549696534621158195e-01 6.192699490662139095e-01 9.323671497584541390e-01 9.106449106449105990e-01 9.636842105263158098e-01 8.225391629646949809e-01
5.503468572629808264e-01 6.728448275862068950e-01 9.213675213675214248e-01 7.194967862440255768e-01 9.446079743109445648e-01 5.989008085398721537e-01 9.542288557213930433e-01 8.369565217391304879e-01 9.624183006535946827e-01 8.297197250132204438e-01
9.624183006535946827e-01 6.528394797409409200e-01 5.503468572629808264e-01 4.619599578503688631e-01 8.817625458996327659e-01 8.741105637657361482e-01 9.213675213675214248e-01 8.135025559668604966e-01 8.973214285714286031e-01 9.534381537215735891e-01
