0.000000000000000000e+00 0.000000000000000000e+00 0.000000000000000000e+00 0.000000000000000000e+00 0.000000000000000000e+00 0.000000000000000000e+00 0.000000000000000000e+00 0.000000000000000000e+00 0.000000000000000000e+00 0.000000000000000000e+00
8.872549019607842702e-01 9.137872693363306986e-01 9.465345222494289112e-01 9.465345222494289112e-01 9.442933254078124117e-01 8.935221613038462074e-01 8.830366707956721628e-01 9.053565001858749905e-01 8.071335307319704722e-01 9.442933254078124117e-01
9.637388493048533178e-01 8.401680504168058672e-01 9.465345222494289112e-01 9.137872693363306986e-01 9.442933254078124117e-01 8.571486927905922482e-01 9.248366013071895875e-01 9.248366013071895875e-01 8.401680504168058672e-01 8.830366707956721628e-01
9.442933254078124117e-01 9.637388493048533178e-01 7.881474929150223963e-01 8.475426623229399548e-01 9.637388493048533178e-01 8.674271750414758175e-01 9.442933254078124117e-01 9.070399009063034867e-01 8.006599918623558132e-01 9.465345222494289112e-01
8.540560664885429309e-01 9.624183006535947937e-01 8.623127026593984112e-01 9.098841956303432843e-01 9.267955267481673420e-01 8.134892168199606699e-01 9.637388493048533178e-01 9.465345222494289112e-01 8.120915032679738577e-01 9.465345222494289112e-01
9.248366013071895875e-01 8.266524014003262533e-01 7.759356446042894317e-01 8.401680504168058672e-01 7.082005278281704452e-01 8.134892168199606699e-01 7.759356446042894317e-01 8.732338690112576574e-01 9.465345222494289112e-01 6.115654433368171716e-01
8.981774262781437868e-01 9.248366013071895875e-01 7.184250678655229594e-01 9.137872693363306986e-01 8.006599918623558132e-01 7.881474929150223963e-01 8.683378922903030039e-01 9.442933254078124117e-01 7.759356446042894317e-01 9.137872693363306986e-01
9.137872693363306986e-01 9.137872693363306986e-01 8.623127026593984112e-01 5.287747631941085436e-01 9.137872693363306986e-01 4.478110755198990711e-01 8.662744863642258819e-01 8.264479790406531468e-01 9.298956298171000556e-01 6.977215890464483206e-01
3.795492366600408674e-01 5.058481520586750602e-01 8.540560664885429309e-01 5.605913764748090555e-01 8.898522041914812553e-01 4.269523391847838689e-01 9.098841956303432843e-01 7.188927059645796591e-01 9.248366013071895875e-01 7.082005278281704452e-01
9.248366013071895875e-01 4.836079850492563947e-01 3.795492366600408674e-01 2.997325010613853813e-01 7.881474929150223963e-01 7.759356446042894317e-01 8.540560664885429309e-01 6.746848649885656135e-01 8.134892168199606699e-01 9.070399009063034867e-01
