0.000000000000000000e+00 0.000000000000000000e+00 0.000000000000000000e+00 0.000000000000000000e+00 0.000000000000000000e+00 0.000000000000000000e+00 0.000000000000000000e+00 0.000000000000000000e+00 0.000000000000000000e+00 0.000000000000000000e+00
5.124200549627467849e-01 1.959238242025127252e-01 5.654306637352457532e-01 3.463590917211910591e-01 4.678028033926157070e-01 5.490824936797320532e-01 3.137966524606496388e-01 6.182527747209020097e-01 4.862225782263594476e-01 4.105019786787795777e-01
3.576378464729857987e-01 3.508810326635471433e-01 5.186478078223664134e-01 2.817929957782902006e-01 2.089672882488582961e-01 3.228946952221883882e-01 5.311460988661929061e-01 3.102035495892941919e-01 5.226178777996772773e-01 5.274555413966581785e-01
4.035101229703542125e-01 4.221386028945486868e-01 4.812920104449012193e-01 3.945663434848100115e-01 5.508823533319054944e-01 2.805041152263374471e-01 3.378516812867564667e-01 5.512651332806847160e-01 3.024189336199964995e-01 5.347893298799285544e-01
5.791597369993377598e-01 5.712656488430004620e-01 5.578690121725683460e-01 2.475504840534546724e-01 2.320272437607699967e-01 3.016824229823208969e-01 6.125719536500204843e-01 6.036002347783614441e-01 3.322545225940016778e-01 6.118379425208324562e-01
3.057664552045892270e-01 3.228647958894595993e-01 2.452616011656910677e-01 3.765202939935633486e-01 5.845135738412282622e-01 4.726220383687645965e-01 4.908841838215903253e-01 3.530753093443322332e-01 4.272367648974519372e-01 4.131121040395234201e-01
5.480641085598553230e-01 3.521159671677564496e-01 3.776031799020478918e-01 1.530009817158442254e-01 6.125364523961581709e-01 4.984586476275749689e-01 3.446711012622988846e-01 4.638864752631154387e-01 3.421682536357940618e-01 3.470824335958238027e-01
4.520788238732490472e-01 2.103753097833810926e-01 4.410127452152953209e-01 2.461890029416929915e-01 4.475488667029560164e-01 2.651614450503596565e-01 4.852369852369852188e-01 3.599464665356447157e-01 3.191830189877437052e-01 2.959899507774490512e-01
2.976435990647671170e-01 4.981436440259969789e-01 5.359598926990231105e-01 4.939123041232273970e-01 5.649156983760301731e-01 5.247318971963639278e-01 4.856465452436815600e-01 2.923144522488404506e-01 4.540939923639174536e-01 4.842043714024158452e-01
3.409994970339798037e-01 2.941823320569469935e-01 3.960070656304776060e-01 5.463352960879157560e-01 3.695575506200190485e-01 3.145159027887780567e-01 4.588227096056680110e-01 5.880616251687439400e-01 5.669239469379270258e-01 6.022310761672189372e-01
5.968034358808484985e-01 5.277005849734160980e-01 5.977938355520125979e-01 2.622078678896860859e-01 5.767557511189819186e-01 2.328479930737900605e-01 5.040333041690998606e-01 4.937927422614626360e-01 3.825742752080648623e-01 4.526698568229445829e-01
5.713852448060450229e-01 1.837464603362517768e-01 3.482461590236745064e-01 3.792749811155925466e-01 5.728772549871752329e-01 3.257246189081208776e-01 1.269742317448835089e-01 1.390830410039198550e-01 5.416344848461727146e-01 1.646625751660669157e-01
2.334426362352085838e-01 4.640617598602754246e-01 2.854566047402777862e-01 2.953217355633868668e-01 3.532263897106675543e-01 5.048344650518563625e-01 5.974001121773648837e-01 2.524282624854459200e-01 6.066442924195609709e-01 1.779293076691450537e-01
2.548021444258299351e-01 5.746087384388935959e-01 4.911477598108915377e-01 5.241198944659835046e-01 4.666442512006839793e-01 4.042158498826758928e-01 5.690691677370658397e-01 4.654129551186497737e-01 5.620071349975930275e-01 5.463073059225991290e-01
3.483625877887386313e-01 4.468900583698836027e-01 3.285629119069140014e-01 4.728433643371025563e-01 5.381249280856452710e-01 6.292624057404597737e-01 4.107482205285631904e-01 5.728264537646553523e-01 4.592665286515280609e-01 6.129205310056373701e-01
5.291973168290072804e-01 6.226502102043153242e-01 4.645310173436438261e-01 5.804858983986651566e-01 5.697109543929825826e-01 5.068164109538318973e-01 2.377677587805539228e-01 5.104551061940971746e-01 3.820005428881649845e-01 5.187765733606141128e-01
4.482468835720491152e-01 3.978420148461015438e-01 4.145385281937291611e-01 5.553916040100250751e-01 1.968331744872481304e-01 4.489905393606479223e-01 2.271042422435197716e-01 3.597139747712636559e-01 4.318344747388599969e-01 4.446070986143222381e-01
3.423868588821931125e-01 5.704947296800142453e-01 5.254890557440146104e-01 5.389288752650128744e-01 2.409564323405684050e-01 6.030044350904196770e-01 5.724469283547353182e-01 2.661950926614808921e-01 6.254015071794736258e-01 5.401772289818542738e-01
6.234262807449594268e-01 1.213598253392634829e-01 3.286858749223073306e-01 5.944849577433150012e-01 5.903650613699630290e-01 4.160376407302637247e-01 5.079181224365790781e-01 2.989184775879532019e-01 4.194985955683124268e-01 2.949609951507484729e-01
4.786772369676669525e-01 4.317896364322887925e-01 1.668430957421783156e-01 4.710064671743503517e-01 3.152142947657063932e-01 4.984221012712348742e-01 5.587071099660398943e-01 4.979029875846460174e-01 1.626545784919185000e-01 5.926858980241980213e-01
3.491980294208920643e-01 5.674201367899247561e-01 3.352912550023232630e-01 6.525277084718570375e-01 5.019099417658046125e-01 3.580939170296039142e-01 4.217720509431415188e-01 2.116488916327786407e-01 4.886986848768917202e-01 1.886130835907470493e-01
4.152264121373019368e-01 3.281955998543368835e-01 1.484380866693288670e-01 4.084239181066024460e-01 2.357024001408480618e-01 3.505803220979295531e-01 2.875997355627126773e-01 4.547549267707110543e-01 1.961023641097871806e-01 6.618577399705172226e-01
5.205260518755010501e-01 2.173737568474410353e-01 5.186497002587476812e-01 2.964752955812669510e-01 4.046758813953132972e-01 4.746986265083583678e-01 4.106677441699376763e-01 4.268235517329468931e-01 4.808330824431055750e-01 4.603904720397529182e-01
5.545406172833184932e-01 6.044927210854831312e-01 3.785555425594389622e-01 4.301901552832388953e-01 5.536640304107922628e-01 4.561835445756547980e-01 5.638393665492885676e-01 2.037800414283360562e-01 6.261831913057397392e-01 2.141399217021438539e-01
4.047677368274859022e-01 3.565757114653275162e-01 6.105335903522067786e-01 2.795815295815295976e-01 3.812824513154807193e-01 4.174587460288298746e-01 2.443768996960486162e-01 4.636950617462761715e-01 3.255067237380632750e-01 3.713583410208451396e-01
3.207571013691228878e-01 4.579090372269406517e-01 5.979334528050942454e-01 3.789350390169616833e-01 1.772688011584523105e-01 3.369207079025770546e-01 5.600531464481202093e-01 3.626103789345303530e-01 3.338936375099641474e-01 5.846873094243758562e-01
5.092463439591301544e-01 5.327168833184279251e-01 4.816952890129950760e-01 2.119776790865989802e-01 4.022196438863105405e-01 2.699557300867443388e-01 3.917320760977985317e-01 2.277319685408040750e-01 5.499541394353588686e-01 2.050304836032566524e-01
5.616748947132008674e-01 3.221916910847368865e-01 4.054164291821031885e-01 4.541423079916205863e-01 5.007634635949240742e-01 4.543244112264832046e-01 3.458337445530818011e-01 5.247879392574090751e-01 1.749467463753178187e-01 4.136965423921945550e-01
4.923291014514368236e-01 1.291739811863061860e-01 2.853263599562686492e-01 5.645744255263827061e-01 5.553237446325827165e-01 2.973743176883359429e-01 1.910811659411883467e-01 4.926484979841914136e-01 6.252427185891172856e-01 5.051868324578224767e-01
2.073640556587990624e-01 3.127973600783153785e-01 5.376060761222052342e-01 5.569652556978430535e-01 4.757920611485857432e-01 5.504038864398138609e-01 5.774572522533418795e-01 4.651899091120580421e-01 4.189670632659694416e-01 3.408742783511871655e-01
3.178045960311406404e-01 3.255484296475390504e-01 2.856553910906357574e-01 5.984415568017960041e-01 5.614070185254937950e-01 5.727234347586203089e-01 3.394628392441351172e-01 4.851570505432488689e-01 5.311621068317559091e-01 4.692866862638134240e-01
3.759858119736144144e-01 5.103944648483491608e-01 1.526250286667727440e-01 4.161048281861678966e-01 5.675967780945833097e-01 3.243045300415481891e-01 1.834090022257278407e-01 4.417233659974513227e-01 5.900450565493398081e-01 4.767300427141934471e-01
4.666594168061429793e-01 5.682135459482465789e-01 5.951186777098107505e-01 3.989154670214010157e-01 4.346036936913851845e-01 5.252466254021531666e-01 5.135346984805070347e-01 2.879079084671723465e-01 4.095470122081816822e-01 5.413776841952864238e-01
3.912093089996939721e-01 1.844060010219853996e-01 4.750740912543712779e-01 5.321337129042312819e-01 3.211744684281820916e-01 5.631402619459879855e-01 2.533361785088337204e-01 3.357380240716230091e-01 5.383356433773491823e-01 5.149746371438339576e-01
3.816796721030182304e-01 5.507197456647030531e-01 2.028355309650903271e-01 5.011500542432058003e-01 4.141748053263150653e-01 2.706816059757236603e-01 5.095558894771552438e-01 5.511341632863481221e-01 5.707884970065897345e-01 5.356568480329353399e-01
5.199580475801626189e-01 5.682609684114645621e-01 2.691812927971871661e-01 5.513017520811700489e-01 4.105587908621367577e-01 2.560664851286917343e-01 6.080548132293311925e-01 5.530510752715822598e-01 4.582827882164088873e-01 4.539708377050627464e-01
5.326340307100394522e-01 6.070379215676577900e-01 2.761732491345587626e-01 3.433959865787558630e-01 4.982353482979265391e-01 1.935432707231048433e-01 5.034920571441912074e-01 2.104278439541268364e-01 3.702395677346318470e-01 5.818000980497348706e-01
1.815514112903225952e-01 5.203253801001432866e-01 5.399260810844682679e-01 3.653268944008655206e-01 3.966987050644010804e-01 2.965555468496172686e-01 3.730292473167109990e-01 4.128921293713167517e-01 1.630301390049946342e-01 4.103800507993863311e-01
5.741833436962208159e-01 3.812715547211792955e-01 3.910450197152749441e-01 4.415927924073898558e-01 4.764623002534549845e-01 5.750459162814796077e-01 5.484069780848879194e-01 3.202548821661211909e-01 5.905713780490629006e-01 5.583389774571971831e-01
2.991855167042747898e-01 5.413816247924939651e-01 3.714008963118523021e-01 4.078584013642962969e-01 4.756527191053598891e-01 5.498692715610709048e-01 3.843873802567743803e-01 3.947015548329473322e-01 2.825042243637801986e-01 2.651528458916219133e-01
5.778429993264720954e-01 3.372115088109155501e-01 3.505216102406539802e-01 2.272420907946617052e-01 2.290205602780452931e-01 5.711591320595887922e-01 3.922808945975316819e-01 2.663453242647288999e-01 4.680914652408841303e-01 3.411450496956964784e-01
5.071261983469559365e-01 4.845676748736845729e-01 2.998882177965543905e-01 1.556540015044420300e-01 5.383184400096503452e-01 4.561046630657568102e-01 4.217837746676603161e-01 2.690552659131310587e-01 4.984221280340371818e-01 5.678385632179291376e-01
5.107881197611304769e-01 3.088066203099382179e-01 2.264559064473971040e-01 2.450421583120450109e-01 3.873967311762628873e-01 5.644688340741410570e-01 3.334725198062671314e-01 5.776711594323590271e-01 5.102694108336431889e-01 2.361586523543678373e-01
6.021586774855025581e-01 2.073560421735604065e-01 3.759351702515491001e-01 3.012869444509703731e-01 5.781917995983065772e-01 4.214337155549817693e-01 4.316831295007080294e-01 3.040730236317634727e-01 5.009850128152416593e-01 1.956895583116214088e-01
5.660993462855311575e-01 3.403731470764931877e-01 3.080789434870839782e-01 3.824255985974931438e-01 2.337413079739184829e-01 1.654984891916890244e-01 4.404421413291531584e-01 2.112798607815219165e-01 5.231915298311005103e-01 4.038646116273067466e-01
3.605634822532394201e-01 5.254749681542689732e-01 2.418064981199274099e-01 2.557178194403118554e-01 2.032541663161021583e-01 3.579261197134854244e-01 5.710655821248906694e-01 3.839406665178728972e-01 3.405641642914359890e-01 5.267756083546690782e-01
5.628165867298819958e-01 5.386201533340373437e-01 3.798267880602089752e-01 4.131134581311843856e-01 5.300037915559054902e-01 5.391708879997210158e-01 4.720549932587000397e-01 5.586557552157999096e-01 5.845047039050227378e-01 4.664266284548501673e-01
5.472283669527990835e-01 5.045437631821113600e-01 5.779359894529323416e-01 1.811029358686730151e-01 5.691194479504748660e-01 5.294162746268760156e-01 4.466886835307887771e-01 5.706401763506372404e-01 3.945461905709461981e-01 5.412432012432012440e-01
1.598405639667775657e-01 5.221611357354929428e-01 2.697461801323720598e-01 1.759335154826958125e-01 2.938781990793727372e-01 5.723718654280378626e-01 4.846331612807237010e-01 4.222332768365800182e-01 4.811061614451186408e-01 4.585419322553588861e-01
5.739257147460969932e-01 4.265972814018699211e-01 4.578631554178279606e-01 4.420871250791879037e-01 4.538342400414003830e-01 4.820698502726152856e-01 4.423811403282183474e-01 4.082835430554417888e-01 2.474590186198274977e-01 3.710291599801951445e-01
5.510386539688361118e-01 3.876738387027791610e-01 3.126411516199840701e-01 3.212830110210022072e-01 5.317813368037453969e-01 1.623324169297084563e-01 4.752287956731996443e-01 5.602845259816775503e-01 3.769606533708209639e-01 4.797936056678474004e-01
4.826272465291975844e-01 4.332680072535483040e-01 4.441564912706085222e-01 5.635753230495463839e-01 5.300690565217173189e-01 4.376351975130440275e-01 1.872291336687621488e-01 4.381973111085805117e-01 4.509444749257668361e-01 5.435753689115265797e-01
3.674782591449915481e-01 5.166650296482229177e-01 4.226174083046453367e-01 3.326329083587977187e-01 5.607555876501879588e-01 2.959148816140028115e-01 3.951330532212884994e-01 5.079907194112384117e-01 1.605211906890849916e-01 5.051055320736008714e-01
1.661877618329662132e-01 3.628066681115128533e-01 4.686517882173896199e-01 4.379674811857192096e-01 5.273288912381214333e-01 4.220414807306565042e-01 2.373498252189093494e-01 2.119862326201383262e-01 5.452017224025584863e-01 5.549928415084899314e-01
4.182156206684166655e-01 6.041327691299007707e-01 2.900650925150823900e-01 5.268204656169992450e-01 6.379689610126447752e-01 3.120418573142097474e-01 4.304860059383963655e-01 3.503258111501968974e-01 5.165776669823498590e-01 4.977048053889711055e-01
5.398743739920210949e-01 3.480989162319401142e-01 2.855193904201626109e-01 2.265803594954485800e-01 1.885817137958586409e-01 4.820876255501801433e-01 5.607115428882054609e-01 5.475488881259382712e-01 1.501562383254880784e-01 4.723663398609514452e-01
2.641034710298444943e-01 3.190111592367206872e-01 3.431305356564073317e-01 4.781753956593430832e-01 5.718978424198849497e-01 1.481061054034917557e-01 4.025684853679283304e-01 5.814920572418098565e-01 2.574518422451224087e-01 5.127891715101402514e-01
6.065697987678863035e-01 5.062216575566134136e-01 4.406809136314751019e-01 5.007363794494228415e-01 3.601869256474519165e-01 6.371708143431389360e-01 4.264554613636915015e-01 2.067732527911413654e-01 5.093423053067145378e-01 2.232189038180481255e-01
5.436262095518555881e-01 5.840221106324012812e-01 3.645317906588783630e-01 1.838573724341799887e-01 2.555356330452003277e-01 3.313860036620026595e-01 5.943516923775080674e-01 5.614580818582793897e-01 5.405529179990907762e-01 4.452031942405139109e-01
3.217554606421640373e-01 3.755259885070020842e-01 5.881658175843186287e-01 1.291737404484332996e-01 3.243698491806963347e-01 2.387860375053319772e-01 4.813614620599262484e-01 5.039684298903412962e-01 5.570395205452131071e-01 4.622731070868937309e-01
5.272772903790906573e-01 4.907246003060125039e-01 4.813740992322965706e-01 4.646868405721042428e-01 5.308735850079495666e-01 4.058544595927413567e-01 4.009176332747012017e-01 5.173412286397631732e-01 4.891157672538720691e-01 3.440741929152524858e-01
4.390651706904936113e-01 4.154589288491343790e-01 4.670058294846071156e-01 2.739723441732613840e-01 3.336375950794082668e-01 3.028153402364000546e-01 4.674889288921836861e-01 5.703832590444735118e-01 4.031575467214520980e-01 4.531160053990639369e-01
1.809618701799693974e-01 1.459749030724976082e-01 1.622011983436506544e-01 4.735473506753371531e-01 2.317979586516331902e-01 3.893444365698086607e-01 5.080731376720690751e-01 5.128165386083629596e-01 4.073394399564882473e-01 5.247861166865399607e-01
1.788196284670984237e-01 4.219986518368722406e-01 2.366370079336322096e-01 4.121433922722942400e-01 2.218044130351093934e-01 4.472243969559565047e-01 4.607183488402734062e-01 2.807403493199529532e-01 2.808878314778173735e-01 3.705019955883699367e-01
5.749243440036332364e-01 4.172820930283073215e-01 4.697087768495661342e-01 2.385772195640616655e-01 4.439598185565927224e-01 2.019982844122590326e-01 5.558796785222483994e-01 5.398605063170126561e-01 3.049131807419099838e-01 4.759415970201680279e-01
3.927841579775723790e-01 2.457840629606984906e-01 3.256338809863980055e-01 5.200403726172713181e-01 1.912135108412433282e-01 4.477435087266415925e-01 3.284187100979641949e-01 3.899231088655298327e-01 4.729271256426278991e-01 4.648545692077867830e-01
2.407597988710301617e-01 3.767201079453061374e-01 2.048749373457436074e-01 2.854190264018645062e-01 4.378733787155811852e-01 1.795855125555637921e-01 5.388792885963108459e-01 4.903084375245784221e-01 4.929863444872825129e-01 4.163608481325501431e-01
5.409553925317344136e-01 5.788617421626323090e-01 3.716895554474232144e-01 5.479554079762123386e-01 5.357930990639823143e-01 4.668565339602558373e-01 1.951956995697233244e-01 4.546265522564510997e-01 3.473614430078372228e-01 1.337589145205062557e-01
1.151960784313725422e-01 3.144772331548252309e-01 4.179036511679427579e-01 4.333674803414297449e-01 3.270144182975880387e-01 5.597690283300293945e-01 1.786096912432879047e-01 5.629332676192205787e-01 2.229982273211496002e-01 4.308238423416670404e-01
5.939500654357668941e-01 5.613262409073744852e-01 5.338291750480479436e-01 5.081028276258915399e-01 3.042901844532279743e-01 5.846157935023257313e-01 4.688725169395470127e-01 5.308109823970060814e-01 5.226487239893423675e-01 2.825973693304981715e-01
3.667704838583255578e-01 2.556764884352837885e-01 4.418259375325237492e-01 5.680956967068077068e-01 5.344467632205016638e-01 5.575204144139316309e-01 5.502455583646870263e-01 5.333451386283312168e-01 5.242874458412436489e-01 2.407176419786691834e-01
2.528465683781200291e-01 3.867422369183406428e-01 3.125501008653183144e-01 5.577372418851046509e-01 4.527932303178074935e-01 5.496619956862182077e-01 2.590604916186311502e-01 5.072681681521017394e-01 2.214585616662233802e-01 4.457482796581646589e-01
3.335451389746013628e-01 2.369236320180990729e-01 3.795672944098730794e-01 3.473342173387428677e-01 4.823607037171567802e-01 4.516178673456137105e-01 3.891392551144068346e-01 3.021561245468984969e-01 3.486970039927201892e-01 5.593966983097417023e-01
2.797397996319219149e-01 1.400336417157275193e-01 2.831047107882808112e-01 4.506659788445449566e-01 2.825978630001095282e-01 2.597503585142062477e-01 4.474240145817874326e-01 5.275518404809022011e-01 4.678589079929562633e-01 5.535827423545447434e-01
2.092062705449453386e-01 3.976692460120371253e-01 3.373758128606325624e-01 1.380366245500447009e-01 1.537281112348367618e-01 3.144068875678966979e-01 3.690544908797044332e-01 5.105069860787043723e-01 2.414069764018275666e-01 5.017397580240751109e-01
3.710038416775160997e-01 4.006255649112792083e-01 4.677741635035249645e-01 5.804137225303271919e-01 1.330201405389375147e-01 4.322428782457852225e-01 3.263900431967658999e-01 5.375331019357165729e-01 5.608677025385706560e-01 4.171813324636167719e-01
4.508578962291833747e-01 4.011204243811606895e-01 4.908677660767800655e-01 3.296665930430296987e-01 2.321979811612193689e-01 4.893196645965518510e-01 5.627538427285396772e-01 5.015777656254155614e-01 3.873939411360796115e-01 3.284891144152806697e-01
5.210211645734992292e-01 3.814303221493556273e-01 4.332164937701892260e-01 3.129802337596402917e-01 4.748911454523323528e-01 4.160044652903679419e-01 3.192624242589950923e-01 3.546721490203407767e-01 3.265716888330215673e-01 3.805525064463852192e-01
6.118945627680875132e-01 5.256122907538478550e-01 2.945907034142328795e-01 2.480721591365308565e-01 5.123225932755848255e-01 5.298571631841887397e-01 4.692084019202663603e-01 3.440781624594038135e-01 4.333674669591270900e-01 4.901474506059309011e-01
2.771399186982100860e-01 3.856448865850843344e-01 1.781823402524245759e-01 2.159329663025258417e-01 5.663090850164728129e-01 5.822009304306181576e-01 2.339584485103093359e-01 5.474578459027514832e-01 1.511024440310475281e-01 5.423891332635447649e-01
3.026719714920054205e-01 1.159812409812409767e-01 2.268916410057707223e-01 1.361663894941244068e-01 2.286405965314798616e-01 4.467464202116103178e-01 4.820334475032382326e-01 5.666491612516636467e-01 5.286633836292560229e-01 4.133210373968954077e-01
3.323475304206957026e-01 5.635640114128104283e-01 2.007076546796798255e-01 2.129207370922366616e-01 3.200553300183365257e-01 3.522697679155284978e-01 6.139071128034312430e-01 2.488954501685464171e-01 2.417584352151503913e-01 5.035682280705242597e-01
1.746599037105068808e-01 5.007559344027935344e-01 5.653072549822983905e-01 3.071529344687591312e-01 2.379991475735344919e-01 6.046036610468187300e-01 4.373043069593818277e-01 3.459751781176831908e-01 3.792625193402133776e-01 2.088136143638433251e-01
4.266477992231245686e-01 5.843871078615172632e-01 4.460679228797538309e-01 5.499478855543865619e-01 3.711670838548185025e-01 4.937927210081649587e-01 5.989099742686890826e-01 3.097700057108673799e-01 5.051917979634598099e-01 1.728290851841731979e-01
5.548256843512398007e-01 1.971360031288496850e-01 3.150552346204519849e-01 5.679987329140999686e-01 1.964533877875152545e-01 3.986342497042794086e-01 5.291626161831356479e-01 4.856414082300146706e-01 3.557545052786876827e-01 1.555306154183460354e-01
3.853778032872901549e-01 1.473832206699361158e-01 4.347442902216722693e-01 5.201155512223255561e-01 3.822971516142606996e-01 5.788687942680147414e-01 1.668531180721185003e-01 4.274034880280030979e-01 6.032837511138904318e-01 4.178358656003735017e-01
5.598887562302197196e-01 4.380197043643484500e-01 3.602949476552000929e-01 5.510462834922998931e-01 5.503536910284450023e-01 4.261114847569238417e-01 5.480253280625297929e-01 5.729223613200298271e-01 2.868400017918361633e-01 1.693506570798339883e-01
3.054413104711147797e-01 3.176853739986426062e-01 5.856573680899570533e-01 3.765919158361019092e-01 3.872457792049822101e-01 3.380412323513639072e-01 3.593922526908205350e-01 2.957593369010692030e-01 4.759220884229981019e-01 5.676183526945974833e-01
5.662944889351423372e-01 3.714574236104866145e-01 3.383454038399592578e-01 4.537654621174795899e-01 3.065639155068098920e-01 3.018557650730789854e-01 4.273375703436407269e-01 5.272542510930284809e-01 4.314014517891837652e-01 2.472343003916675774e-01
4.575240868112133708e-01 3.446979039565235547e-01 2.575891684277139548e-01 5.276186667999532842e-01 5.029547472893680649e-01 4.378384423977128570e-01 3.551412410718947088e-01 4.265022455917414912e-01 3.485373490090184490e-01 5.060879251904503162e-01
6.206313756717275476e-01 4.951657282346136335e-01 1.607107637240220710e-01 2.558090492101266489e-01 2.996879673623992768e-01 3.918109100445843485e-01 3.304093897368095556e-01 5.224123954027881656e-01 2.377811515969410761e-01 5.671783627627783320e-01
2.027643730954900581e-01 5.019937058395692597e-01 1.803770041889354303e-01 5.578683501552111901e-01 4.362880280696247448e-01 5.781973810013283366e-01 2.654495193081858329e-01 5.064529998900915153e-01 4.132762312072521538e-01 3.069689752257427906e-01
3.451798372205717169e-01 4.016183597697243757e-01 3.564402343757737124e-01 5.380607813837567921e-01 6.137892505578538271e-01 4.160115424986235988e-01 5.033842153601904013e-01 4.100034641623554466e-01 1.399162233646623621e-01 2.629746255917697617e-01
5.041888239233403013e-01 4.621603643785178184e-01 1.711953656490343978e-01 2.331070790041788465e-01 2.617086781702457898e-01 3.467561579144319284e-01 4.476326594861078090e-01 2.405585297767632025e-01 3.719544322627161836e-01 5.454205011776820378e-01
5.479764424032363967e-01 4.729237936102310691e-01 5.720717158005779179e-01 4.594600796632984929e-01 2.235277880014722163e-01 5.722021262754710680e-01 3.740946163047972894e-01 1.685647657934043753e-01 2.524622484554981949e-01 5.186036179081969788e-01
4.824367764959342497e-01 1.923980886557626335e-01 3.677868471547640628e-01 4.242852377288833798e-01 3.034646809081482655e-01 4.295043235014566196e-01 1.465726468584518938e-01 5.591568400313380316e-01 4.051036003809617148e-01 3.458706055588690598e-01
4.652551522017263075e-01 5.636477170356664068e-01 5.591661872715381065e-01 4.812028517888072843e-01 2.103120079473566606e-01 2.847431126993655859e-01 5.977512671615587969e-01 5.833807558563717244e-01 1.944068918485237496e-01 4.605079906546759583e-01
2.659296128076370502e-01 2.156448465719639218e-01 2.214775496064764759e-01 2.088044625358058126e-01 1.933102789180224934e-01 6.269275735575668973e-01 6.094969624382609030e-01 3.568800621912912030e-01 1.638262846016450835e-01 2.277171448858775760e-01
4.646528699774340465e-01 5.231500500468523329e-01 4.107654293765894415e-01 5.947291008078678942e-01 6.123137860561609358e-01 3.412524810149970556e-01 3.259937592548518559e-01 2.428149007903609158e-01 4.569699583163404077e-01 4.377888060247129842e-01
5.296777467444506726e-01 4.468841236283097040e-01 4.841871007021795181e-01 5.197594794714992528e-01 5.748705358290512324e-01 5.000443649054612250e-01 3.059822518908698608e-01 1.607466372126490906e-01 4.615747216879407255e-01 4.938468474314061663e-01
3.396208381476219507e-01 3.475220411653318076e-01 4.027902287770708245e-01 5.075999824999573029e-01 2.449636405011901275e-01 5.219095888054138266e-01 5.813559775330751078e-01 6.497576406933306403e-01 3.857769568330664534e-01 5.159995919829528654e-01
5.474739034646869396e-01 3.821694170631718679e-01 3.995025694931804150e-01 1.954872555401265810e-01 5.430415190876449749e-01 4.127923474293558326e-01 2.444418676561533887e-01 6.006307571202477158e-01 3.797519655909289416e-01 4.278011360171105060e-01
5.382551510675865902e-01 3.861430076538233669e-01 5.065270327594888489e-01 5.372656097416909082e-01 4.655642675769032790e-01 1.753953361945691791e-01 2.751721797074779818e-01 2.360156730269069025e-01 3.124733358300296748e-01 1.812930129099307452e-01
5.087318858232015018e-01 5.140917700706848503e-01 5.545459298296712136e-01 5.019207492517776537e-01 5.323689346316611282e-01 3.744094978465354329e-01 5.545176508164616491e-01 5.113764160364578926e-01 1.475067213411108136e-01 3.525011291779583944e-01
2.981648259035340476e-01 5.598307043238834879e-01 4.389153907458814841e-01 6.091104306723599260e-01 1.924554094500143253e-01 3.579624155295196841e-01 5.038297045536554997e-01 5.046277438954407391e-01 4.774955992332212684e-01 4.483974145448008652e-01
3.766602230753174352e-01 4.527524427926934436e-01 2.001286147284429551e-01 4.054658964776912677e-01 5.151190461910466478e-01 5.727501277190718554e-01 1.941646826422584737e-01 3.820804612330187533e-01 3.349333618709714466e-01 4.037397777735262649e-01
3.546926507624859060e-01 2.887913734005242983e-01 2.995419501133786966e-01 2.553725801757297798e-01 4.799802250606980403e-01 4.873618246796875830e-01 4.437868315800540531e-01 4.348116764300276049e-01 5.387536649822062262e-01 3.058382257012393635e-01
5.383121986461028019e-01 2.362593356214503226e-01 5.970890013880268965e-01 2.648210184811816692e-01 5.685750176244437348e-01 3.400945167891901155e-01 4.899625591171833383e-01 4.705256917972848729e-01 5.236552046565269292e-01 4.181324536202432052e-01
5.130590352677593113e-01 5.916156042738320853e-01 4.238360156572691384e-01 4.094648750566316497e-01 2.943589866337416039e-01 5.139519647414985126e-01 3.508872104826189497e-01 3.108782090943536525e-01 4.499611565464650131e-01 5.738975363842777622e-01
3.782572196719978797e-01 3.248949296610786908e-01 3.144897572980173139e-01 3.926096028976923114e-01 5.577124335832058799e-01 5.235174121878563014e-01 5.024498788873252852e-01 5.134174869425836008e-01 2.853087926553655174e-01 3.320660016845623508e-01
5.486757201434335762e-01 4.972990712403697056e-01 6.156146305531545737e-01 2.775854400465784244e-01 3.267356999846869892e-01 4.573167817356341147e-01 5.275705380312298853e-01 3.386121299205591129e-01 2.434672301693578400e-01 4.298611640686329505e-01
3.689235541076780756e-01 5.581776257141699560e-01 3.292292515017903876e-01 5.425847119693902876e-01 4.491017037855624672e-01 2.735591475665328787e-01 5.679137867986725485e-01 2.849942910416507491e-01 5.016486976502686490e-01 3.297198747258296425e-01
5.535447273304043847e-01 5.397204835980347060e-01 4.199904226614440406e-01 5.319827231591938155e-01 2.341946647256381853e-01 4.431959094837025770e-01 5.531752503318736469e-01 3.007499067228289191e-01 2.313324579926724356e-01 3.350579191952684499e-01
3.541145329116559548e-01 3.173974849993306258e-01 2.032237683069655632e-01 2.687071621750853900e-01 3.154305140895400927e-01 4.025549513289974346e-01 2.207422448976694984e-01 3.835804530071714180e-01 5.664387412647793330e-01 4.623244206624806951e-01
1.424807838995482134e-01 4.636035801672447887e-01 3.065728749495689742e-01 5.517059601496344667e-01 3.061140843086662677e-01 2.722805661635449015e-01 5.214044589732885759e-01 5.358668781441661144e-01 3.129772128125763997e-01 4.467175511847615299e-01
1.732445256162989944e-01 1.427376264682588547e-01 5.140295264284031607e-01 4.587347971166936267e-01 3.471185865825756611e-01 4.475724050483055327e-01 2.054312223286283434e-01 4.795817307371507132e-01 3.016940035286056476e-01 3.991129653176372361e-01
1.393848957444265291e-01 2.358261594047502130e-01 3.673328121159151194e-01 2.372104329264347611e-01 4.227177304108288292e-01 3.327907105914242880e-01 4.480797171898976416e-01 3.782048136993677034e-01 3.444464227230857878e-01 5.821446915635106745e-01
1.543199687720078483e-01 5.896803494124922551e-01 4.089876379539792994e-01 3.321584478995334155e-01 4.414541933000021290e-01 4.847491422631157176e-01 5.171791086975483509e-01 5.688731785181160294e-01 6.111467072669873879e-01 3.698871361574804784e-01
5.584354637503112784e-01 2.306540146189041407e-01 2.844901789140752424e-01 2.078877933744444628e-01 5.314234698344385555e-01 6.002224087441367928e-01 4.076864108911129048e-01 5.219750931715927411e-01 5.738535065303960181e-01 2.906753107296654592e-01
2.606769641970307361e-01 5.613990604499996540e-01 2.857400150267241923e-01 3.002548626123895392e-01 4.844439548897612191e-01 2.074621087612333048e-01 3.056544583280207394e-01 3.359812985477879099e-01 3.124453667756867947e-01 5.073146268778193635e-01
5.358012562155616276e-01 3.556621558689472828e-01 2.350435541799293371e-01 3.037471076501566669e-01 2.606051307612460843e-01 4.927647565050116141e-01 4.194669630747308586e-01 5.536199143654891852e-01 3.797822817012346253e-01 2.877484274016294807e-01
1.900226145919845788e-01 4.561240755879624187e-01 1.664735709848491618e-01 4.522241336514262189e-01 3.060817191997893261e-01 5.438394179159155017e-01 5.443770723112497656e-01 3.368019379283304082e-01 3.380455844237138519e-01 4.021077355570823464e-01
5.705954761953301313e-01 5.586541078573163954e-01 4.444526334186911232e-01 3.042586191581868604e-01 2.644371503254382416e-01 6.106698113648154624e-01 4.429074358678135592e-01 5.332122872298411531e-01 5.582642737938519062e-01 2.812462235596787652e-01
5.861275740676368251e-01 4.628927246574305876e-01 3.815966962223249492e-01 3.618472698546515431e-01 2.561774133150288568e-01 2.073256349443379498e-01 5.428122450529869747e-01 4.443030068636865115e-01 3.249701580577864513e-01 3.821788270156456502e-01
4.181626333653292171e-01 5.065047931713110296e-01 4.258174057463706141e-01 4.436473030970693454e-01 4.640079085682520810e-01 5.000276755358538106e-01 3.741882991654404966e-01 3.094206258436111856e-01 2.006502001088668607e-01 4.278305484137452375e-01
5.259889864598361608e-01 4.834306151194196488e-01 2.362590012285602503e-01 2.153646680079298048e-01 2.816665137303153710e-01 3.110510187157283779e-01 4.176564786831650222e-01 5.093940078750294198e-01 3.919761778367261140e-01 5.165104186843316736e-01
2.187210689505723615e-01 4.582202667360237847e-01 5.626033870513451607e-01 4.995673739368278188e-01 2.044482168523130694e-01 3.247967207234420117e-01 3.383950286409775909e-01 5.986115420663886688e-01 5.001599171421630130e-01 3.304055417255258309e-01
4.468331380509366069e-01 3.942149209519733022e-01 4.982006233404749906e-01 4.923919771365755094e-01 4.658302023221377874e-01 2.063882549040855496e-01 3.490551389647209568e-01 1.612248623276219262e-01 4.250062616328214027e-01 6.526223035217413315e-01
5.135326979773385814e-01 5.369000722460930408e-01 2.538229044534972001e-01 4.060634163575339572e-01 4.474129260020531795e-01 5.401373345611976129e-01 4.992789833240224295e-01 6.360921263649371715e-01 5.359865944948288830e-01 6.128890415771395261e-01
5.787733573256579334e-01 4.576608815724713120e-01 2.015524862976412201e-01 5.073748867660103912e-01 5.827225313174744237e-01 4.706868643726827006e-01 4.588095774019848028e-01 6.213842446810605713e-01 1.705862796611024301e-01 5.218555109436637807e-01
4.684528607356615026e-01 4.996760630617201326e-01 2.913767805072152717e-01 5.727357642987559450e-01 2.908559205458486341e-01 4.521005258058954368e-01 5.303130586705672167e-01 5.986310844285196442e-01 1.080159322877769501e-01 2.458351336434845547e-01
5.742564630103850210e-01 3.502595882193583199e-01 5.417660594601356738e-01 3.151670780516996340e-01 2.255615873622084655e-01 2.465261304213688942e-01 5.314656320567032743e-01 2.998073884537385547e-01 1.960183287512241024e-01 4.785750481773068943e-01
4.102576127092670832e-01 4.674961561275201016e-01 2.639491622027677620e-01 2.227771546497431809e-01 2.772247360482654743e-01 3.316254828969398272e-01 2.941474467258314851e-01 5.499736561964763126e-01 3.482286065762554284e-01 4.891515266659367533e-01
2.198750063698856061e-01 3.739699822701767484e-01 5.737152843368951149e-01 5.934769615992708802e-01 5.726911860619102734e-01 4.682141596447725318e-01 5.777559568907941756e-01 3.598141530318405001e-01 5.469758189667333070e-01 5.825786264918934032e-01
5.549457742255267112e-01 5.554740783817808669e-01 3.214235151756458242e-01 4.838532873301228943e-01 4.643002043007381507e-01 4.856916526633618392e-01 3.169990655766113941e-01 2.681922159434637076e-01 1.397394031491480393e-01 5.146579361260601448e-01
5.411089933990698153e-01 4.172852748041054882e-01 4.209338549592056000e-01 2.805933507807968352e-01 5.778729555971404697e-01 1.296067959275590542e-01 2.429868011413980899e-01 5.544526231983964992e-01 3.800329362345948869e-01 1.949535697882220087e-01
2.792060983678228414e-01 2.299812359135252615e-01 5.570756186953370603e-01 2.406720724525929778e-01 4.756153306961424243e-01 5.761199933595683165e-01 5.264976698035497282e-01 5.671758468485554872e-01 5.060506265979112239e-01 4.922387406086370376e-01
5.289418860912077358e-01 3.125358638300297365e-01 3.064887797311948159e-01 2.234759067624708939e-01 2.836120822077440318e-01 5.500100751487566608e-01 5.961784062261955563e-01 5.951290427031842301e-01 5.102333547914918999e-01 3.046047053206260014e-01
5.550452316096581296e-01 6.029965444725159385e-01 2.565531800807087093e-01 5.085325519058652155e-01 3.124878335996774115e-01 2.070999932676972355e-01 2.046948150947839884e-01 5.424613637929668331e-01 4.994729261560458822e-01 3.414950629898276802e-01
4.599275057530231581e-01 5.604609613666869938e-01 1.542280664926766187e-01 4.110159946352798244e-01 5.131426643395690101e-01 5.114686158163065377e-01 4.403298938177136468e-01 5.083245791253674373e-01 6.473768772000905170e-01 1.655591372615641821e-01
4.382904283903916731e-01 3.063308195222993469e-01 5.285839452843977826e-01 4.096144244583927452e-01 2.484499454901437088e-01 5.175006997845860157e-01 5.705007880590824421e-01 5.217353384197679356e-01 5.287084984372811824e-01 4.319738994340533433e-01
4.907905928338013868e-01 5.295959573184609859e-01 4.868328389553481239e-01 1.330613830613830706e-01 3.857687714740760665e-01 1.550037756653424581e-01 2.687854468821735399e-01 3.914700308517709004e-01 6.081505222599203897e-01 4.834375809861023998e-01
3.014364509454828811e-01 3.038346517215401166e-01 1.538916299112272901e-01 4.794122090996228991e-01 4.046448111164611672e-01 4.698758805306033071e-01 4.076948907550851930e-01 4.960950474182129200e-01 5.171610371411234919e-01 3.966175788793839807e-01
1.282489446838448732e-01 5.011918246688499279e-01 4.928105731291888558e-01 5.109460418354441202e-01 3.538516273293709213e-01 2.409185453515845787e-01 4.896467029595890086e-01 5.351103066920792628e-01 3.766413228984403228e-01 3.467171209572170731e-01
4.103079454046060781e-01 3.885580126033388315e-01 4.554421226302893810e-01 3.650017001310232878e-01 5.263132773460953429e-01 2.510990219487919672e-01 4.491845169127233750e-01 4.757589899147027790e-01 2.103679428688582931e-01 5.671031753955703136e-01
5.175374427024169721e-01 4.650014798559335416e-01 5.690848148800093931e-01 2.487403122215361140e-01 5.485446255438543028e-01 5.725753456568769550e-01 2.806886372241204630e-01 6.169385379911695999e-01 5.548361212581320867e-01 3.846150263711574091e-01
2.705002628919704888e-01 2.654420871019622652e-01 2.651983534445102597e-01 2.038562380924029138e-01 3.366071929314713440e-01 2.911993172577926892e-01 2.608168434745964381e-01 4.892848157254119368e-01 3.642860538069779830e-01 5.964050330694612434e-01
5.211488250439744174e-01 3.334093634725622257e-01 1.691613674705649828e-01 5.856975514949989137e-01 3.697567986818926511e-01 1.563083686870808398e-01 2.822799135312784591e-01 4.371925780260215166e-01 4.043175504574438861e-01 5.765892605303544194e-01
5.211924354691876982e-01 4.390135110801876017e-01 3.072091021309771297e-01 6.161745305726438193e-01 5.095014669051179945e-01 6.223875840948231986e-01 1.586434209385029215e-01 3.370425520777790562e-01 5.446632280661038994e-01 4.465011662147777560e-01
3.346854840938395803e-01 3.339483505442937816e-01 5.565010087519389748e-01 2.014127191941464945e-01 1.834747722946480364e-01 4.727648200321619698e-01 3.610854613047596029e-01 1.386013954984635921e-01 4.560330105199059680e-01 5.180643391004011722e-01
4.572664990837836396e-01 3.144495165127363934e-01 5.383932293418711712e-01 2.064842646861475839e-01 4.658263075681290388e-01 1.040985587625456177e-01 5.367427047884107960e-01 5.624645449402840836e-01 2.709290032966066852e-01 1.987361092627095704e-01
5.090476190476190821e-01 5.200154059188613065e-01 5.218220749799189484e-01 4.319543575665782953e-01 5.143784716809782775e-01 3.839867966426164791e-01 2.189532930647424269e-01 3.091923898968041429e-01 3.681743631787426363e-01 1.305451127819548807e-01
4.131777085744474665e-01 3.153256482002801397e-01 5.460569509868089533e-01 2.887907804313021853e-01 3.334690607082104186e-01 3.137417025565107931e-01 3.631653100167319126e-01 4.630671016335078383e-01 4.578019600639384734e-01 5.450478192113978881e-01
4.672064081051917617e-01 4.157119172169339572e-01 1.749038907914194640e-01 4.211332268466377315e-01 5.046481960396316246e-01 4.537997142176708465e-01 4.954636349068299861e-01 3.763613033679004127e-01 2.627531121683168713e-01 2.408233359133127027e-01
5.709275855057146520e-01 2.361825674325674362e-01 4.651240525587776453e-01 5.603699581046842626e-01 3.095829074333014685e-01 5.345979943973693249e-01 2.278151428388136557e-01 5.185688722240955340e-01 4.052925013455178638e-01 5.630944224758546168e-01
5.177432281095161182e-01 2.893373041496277165e-01 4.978521059467933552e-01 2.804666400314855812e-01 1.908011454913738913e-01 2.099071054132894132e-01 5.664221553651042074e-01 2.830540792213159795e-01 5.843917715213118313e-01 2.660690875421258816e-01
3.928265907786223088e-01 5.786956415212507476e-01 3.780750651315472610e-01 3.538265680172978378e-01 4.368873442131638307e-01 3.057943490861991798e-01 5.030433710222130816e-01 2.219528528453835192e-01 2.499928724443147010e-01 5.378064482633300170e-01
4.512247901228845226e-01 5.706934608845897205e-01 5.930159922832425323e-01 3.690495002157510585e-01 3.309184150498594157e-01 3.426015709997987102e-01 4.885134027104645060e-01 5.214476830124952222e-01 3.080142594861546290e-01 5.614672007741732251e-01
1.883782727933079604e-01 3.116109280754593147e-01 6.073312871644922506e-01 1.559033967122202269e-01 4.349641853025622007e-01 4.692483655207307924e-01 5.795489663760620136e-01 3.398268931922777680e-01 3.204198084396352453e-01 3.287476941282935217e-01
5.160250965659463063e-01 4.706260105881201472e-01 5.667838003912818445e-01 2.579623898205597454e-01 2.509090930068251790e-01 5.093671688992577051e-01 3.438615173277723702e-01 4.268509312956138002e-01 5.404949380480684740e-01 4.865411514688092742e-01
5.601766285169944570e-01 6.083205852472567399e-01 4.969883539222604840e-01 3.064962715933969295e-01 5.038095311982786484e-01 4.743402825154258151e-01 4.753706565696254049e-01 4.303530241688137137e-01 4.509985609728685563e-01 4.618441687221499503e-01
5.083782501031699486e-01 5.714865199816437924e-01 5.541259657685315698e-01 6.348869742371547886e-01 5.690491093457493710e-01 3.412976491627057185e-01 5.871540226160489873e-01 3.817627056477754244e-01 4.291869738878151264e-01 5.110358713558191823e-01
3.752328453992454516e-01 4.923859530143548380e-01 3.600274737371143008e-01 3.377322098240466142e-01 4.769877408640283978e-01 3.464770941744560462e-01 2.061193441560115747e-01 2.944440306844418043e-01 3.400220442221537631e-01 2.534129140786749446e-01
1.582176627810345515e-01 3.863247198827710061e-01 1.213045752335914218e-01 4.134048053969658909e-01 4.664194150117011439e-01 5.349094541610457387e-01 4.877089246486798757e-01 4.483285959740155313e-01 2.782606885867755508e-01 5.516805608330648258e-01
4.592497830630452582e-01 5.467973260561638238e-01 5.789896166377981324e-01 2.879172085384665847e-01 1.489924489004915975e-01 2.703552934405000219e-01 3.855535082356519316e-01 4.452980935668947593e-01 2.613287554134949842e-01 2.981624454696669702e-01
3.520634861707636620e-01 5.025023872736623654e-01 5.062040828032032813e-01 5.558133483555984800e-01 3.401639013447601001e-01 3.324803802173289524e-01 3.786597104651209245e-01 1.555120734308348684e-01 1.587945179494475167e-01 4.798836087511584303e-01
5.956683434991301151e-01 4.620264324252961741e-01 2.130575006920333858e-01 3.998708921246525438e-01 2.166472017505000625e-01 3.700545557126383445e-01 2.410832953316568994e-01 3.662026500499930837e-01 2.051931985090273969e-01 2.112080835778953336e-01
4.719612569844484073e-01 4.371638875031136351e-01 3.216032835967433390e-01 3.949395765504660760e-01 4.026580048742074425e-01 2.042175228390935293e-01 4.383956642631737788e-01 2.906977103577875199e-01 5.363621395286545246e-01 2.946507557149748435e-01
4.071979075202127873e-01 2.594962464534211755e-01 2.050090836178545817e-01 4.019751332903537255e-01 3.201603049061299555e-01 4.970065079749158010e-01 2.081855957869100104e-01 3.579794600880672473e-01 3.550903489002926738e-01 2.658632103334002128e-01
1.208714814931384496e-01 2.234519866098813590e-01 5.210474662114652489e-01 3.640946776955760189e-01 5.629435007452647799e-01 4.971808591618614992e-01 4.764025335219999047e-01 2.185635130012824334e-01 2.724223324813613845e-01 5.073520022718819300e-01
3.829768754997327496e-01 3.876901335509255198e-01 3.484237122977893453e-01 5.042460029704622926e-01 6.152362708158608529e-01 5.502942991055516098e-01 5.324918537615928038e-01 5.178722107587151458e-01 5.617937459483284268e-01 5.788886259909415966e-01
3.155840777783712747e-01 3.061974738971683374e-01 3.394828816214955358e-01 5.765825718148660517e-01 4.149382563888389663e-01 6.020822939354691927e-01 1.636437293527590875e-01 4.302891148286630552e-01 4.696485372403201852e-01 3.663097423612711734e-01
5.572816323253859672e-01 2.952993903136665876e-01 3.685685988734670460e-01 3.602743292586976231e-01 5.589700654318728867e-01 5.316256332397923945e-01 4.345025381640919004e-01 5.127609768928109713e-01 4.603141164890864889e-01 4.906192022263450858e-01
5.163183784341605076e-01 5.318472466838100043e-01 1.662164815542215845e-01 5.676406899882632251e-01 4.364853881443485628e-01 6.266839145835655378e-01 2.379592050024189609e-01 3.881163530937822292e-01 1.560069541654137415e-01 2.659863725619565633e-01
4.920623703026014706e-01 3.047863247863247804e-01 3.234077750026148057e-01 3.885862353727222995e-01 4.359185733840018617e-01 4.866556705301459118e-01 2.642080768691145165e-01 5.072386416249436980e-01 5.830692234520926664e-01 2.115789700226097247e-01
3.801295001295001419e-01 3.344840251539020759e-01 2.920457006391572463e-01 4.771342930942879534e-01 2.478146098764623939e-01 4.075602765266277405e-01 4.513884991029848970e-01 5.299187246811649654e-01 5.620167519058991701e-01 5.062521853061000554e-01
6.211898003957631031e-01 2.169968497535247620e-01 3.666150591734661512e-01 4.627428748791243551e-01 3.811738622912253516e-01 1.410832584307067372e-01 2.959876379716578354e-01 2.833049581903263059e-01 4.191988046924381428e-01 2.967514772731224548e-01
2.769891740479976106e-01 5.240304989405002445e-01 3.612534634169249914e-01 5.714658970593258225e-01 6.386246249794655938e-01 3.438493534305246402e-01 5.078774904850522631e-01 4.678350415630284087e-01 4.828457973143304716e-01 5.503204920892674767e-01
2.697904962191380873e-01 1.751156929567442566e-01 3.968648833054766456e-01 4.886675376089497091e-01 5.418875112121077642e-01 1.252606886946323050e-01 2.524847870182556075e-01 5.820471943201788179e-01 2.678765880217784945e-01 2.057924786754237734e-01
5.803556782325144381e-01 2.549802306305827271e-01 4.753979084435220326e-01 5.700460157350102364e-01 5.438984108298738906e-01 4.552405199288574456e-01 5.619756352242188946e-01 4.818540726217074299e-01 6.133890257321491513e-01 5.117190547104917275e-01
5.533429533429533587e-01 4.060854785888985408e-01 2.248526732578045584e-01 4.779483660335908102e-01 5.067338125936720061e-01 5.869971401907674302e-01 4.604931853658509322e-01 4.563057769113684214e-01 5.511728315157464753e-01 4.391585090522109880e-01
2.428780645050030718e-01 1.614805320080314743e-01 2.076642935506153309e-01 5.598394408040120451e-01 5.067073210854990961e-01 5.005013034912608738e-01 4.982232679128533182e-01 1.623598623598623558e-01 5.840050605603296363e-01 2.274714822714154761e-01
5.225531735203207129e-01 4.304243551201645257e-01 3.892400776567384035e-01 2.031407406458818621e-01 4.412677149709595126e-01 4.208151196490355073e-01 4.310125826736140864e-01 4.211566754260641088e-01 3.385672513158543007e-01 3.230101848359109296e-01
5.583772936999964465e-01 1.432073203042267540e-01 4.820665944618007792e-01 5.085181652360293292e-01 4.028112930457462548e-01 5.129367528332767767e-01 1.757059962823141475e-01 1.296867514926332288e-01 4.514390664369037909e-01 5.381560169897225965e-01
3.115966966253793657e-01 2.456607887244806054e-01 2.385445302872309936e-01 4.841131335433576099e-01 3.253632666480227309e-01 5.654841757455093543e-01 1.381246306389126155e-01 3.702030812324930142e-01 5.609165836957846762e-01 1.271046724816618234e-01
3.999196890582019659e-01 4.952601495389122865e-01 1.358243109903626566e-01 2.812305749805749655e-01 4.539012072121680896e-01 4.806274142792211768e-01 1.707118108085471653e-01 4.618074725419205606e-01 2.728122592440758165e-01 1.345145920190589650e-01
