0.000000000000000000e+00 0.000000000000000000e+00 0.000000000000000000e+00 0.000000000000000000e+00 0.000000000000000000e+00 0.000000000000000000e+00 0.000000000000000000e+00 0.000000000000000000e+00 0.000000000000000000e+00 0.000000000000000000e+00
5.229609635684758784e-01 7.481281688587851919e-01 4.560755259991580157e-01 5.668237754245756266e-01 6.768924079388846105e-01 5.961581352298390701e-01 4.865228943439763309e-01 7.460261411608740678e-01 5.194157545344798566e-01 6.349387288590161438e-01
6.577745837910808913e-01 4.960864340585108834e-01 6.983783386933523074e-01 6.061553131848304021e-01 7.027998628412475135e-01 4.764832363759586853e-01 6.065621275181696248e-01 7.374106793057170206e-01 6.624270242664573871e-01 6.686475044977232551e-01
6.801177854612714402e-01 5.603942002808677270e-01 5.296745497937822567e-01 5.911009508425473236e-01 5.253235576940938900e-01 4.979432511205426626e-01 6.014319491805156792e-01 7.449646444667019640e-01 6.200182953473413194e-01 7.537929117613642038e-01
6.759240249936615541e-01 4.896411249900857188e-01 6.956440484191455109e-01 6.838088812549100171e-01 7.017769867623990798e-01 7.369648406701848620e-01 7.489322929665642725e-01 6.672051889547824244e-01 5.281007364511142166e-01 5.620605378055962831e-01
6.701433126189059175e-01 5.549989582771299723e-01 6.162295946895430809e-01 7.029410465410155240e-01 5.343651698767488689e-01 5.398647133408908116e-01 4.847098781039445026e-01 7.667109527347325537e-01 5.121680949118081472e-01 6.671664130194644438e-01
6.556538047562979754e-01 7.443877814949428906e-01 7.205336832896300781e-01 7.515753016257163965e-01 6.805497061007642623e-01 4.704263147515857502e-01 6.081132631446045655e-01 4.944917261262035124e-01 6.045899666040459586e-01 5.957577437563895684e-01
5.795993643719047350e-01 4.997558615144571115e-01 6.595575117979098900e-01 5.633563711435863874e-01 4.629636209710052408e-01 5.156735875456797125e-01 6.113333923852989349e-01 6.797755117129075098e-01 7.324307659485564947e-01 5.582060814787279668e-01
5.812636088596794259e-01 6.026376804976029122e-01 5.404259747990606266e-01 6.341457439015907305e-01 7.025592613957402088e-01 7.258042212471405019e-01 4.428593589246312412e-01 7.180666966722193401e-01 4.709781779346329800e-01 6.936519029091320343e-01
7.164285856513374906e-01 6.577533033870427426e-01 5.251542442091245988e-01 6.148497126000938007e-01 7.310328258577608596e-01 6.489505837452336223e-01 7.138078335692853438e-01 6.822548376896275801e-01 6.532746646559374204e-01 6.255823902279888937e-01
6.245826623163358571e-01 5.462922089524422375e-01 7.077404119859526110e-01 7.126043115174319764e-01 4.758485552543604835e-01 6.273640358233697478e-01 5.829402470804900815e-01 7.281952094258151709e-01 6.192276961756324472e-01 7.269978028845459628e-01
5.128637691923776387e-01 7.239178164700330598e-01 5.876328953629900154e-01 5.041081742553948919e-01 5.056418534609147253e-01 5.765240653137674309e-01 6.779979730318818065e-01 6.927674894975547337e-01 6.606964075350501009e-01 6.382399856757344780e-01
7.107873656725346434e-01 4.793799980780214520e-01 6.099526576230341890e-01 5.324921822664586690e-01 4.451554265066330895e-01 5.697316128616376485e-01 6.345454707686979390e-01 4.866999205220855496e-01 4.595974723678477036e-01 5.874878928418496571e-01
4.677496498510710365e-01 6.823886291333984833e-01 6.892568710858955061e-01 7.295316209760192017e-01 6.072762124408285223e-01 5.827636775216863407e-01 5.989111778569621292e-01 5.530895003989548808e-01 5.298186036350329697e-01 6.861176145974177132e-01
6.285212418026948633e-01 7.457209656093213290e-01 7.033466218374053724e-01 5.444001175339047149e-01 4.989343509338174387e-01 7.311007991525069194e-01 6.545185167846783170e-01 5.717483290359061110e-01 7.016356684844663461e-01 5.410096746455438366e-01
5.751444258236201312e-01 6.695677911466404453e-01 7.516512681710526556e-01 5.311277742938042001e-01 6.889251371066275054e-01 6.838842838841073801e-01 7.396214602068141852e-01 6.896888894564277006e-01 6.283909964991771790e-01 5.131123001845862008e-01
5.299803864018513000e-01 4.921535793249340873e-01 7.003437630800667391e-01 7.029433349905445105e-01 6.713187599023610064e-01 7.312682549732438808e-01 5.883294017723819103e-01 7.156313160132585782e-01 5.247137094040951188e-01 5.057440242252423390e-01
6.443947055264364066e-01 7.117653312674584454e-01 7.529879696015747692e-01 6.544736628920307941e-01 6.706126174432559539e-01 5.467473947547869528e-01 4.796858231813415085e-01 6.226189921465411503e-01 7.598582760444230200e-01 6.986036500810661742e-01
6.467479615401622306e-01 5.381822218592412499e-01 5.396075586821788006e-01 6.581460771908638208e-01 6.495016110296879530e-01 5.362746565734443083e-01 6.397887300511013731e-01 7.086935296861378575e-01 7.179541580598963746e-01 7.157886473861110321e-01
6.217583678021578741e-01 4.668762117584546734e-01 7.268166623262051207e-01 6.415927085077008929e-01 6.798140543356173682e-01 6.240074637287372772e-01 7.106339261173602040e-01 6.739841945044091620e-01 5.447330500090920014e-01 5.877014155364305159e-01
5.205788938975349778e-01 5.891108429588388651e-01 5.732270563920774942e-01 5.533498398749612246e-01 6.905391394465981714e-01 6.610378367910094699e-01 6.148096779355923802e-01 6.974703390694373395e-01 4.557007471745314064e-01 5.349362772261493371e-01
5.197137967049397789e-01 6.289531548817323126e-01 4.383892032947551698e-01 6.669824583455171707e-01 7.429820807572388164e-01 6.004768158425036750e-01 5.036285540927738502e-01 6.302234147607896908e-01 5.145298872414976188e-01 6.289115585979544454e-01
6.863163052344493087e-01 5.971406239764944779e-01 5.911564890653938642e-01 7.527576525038824906e-01 5.806251504550890008e-01 5.573057751234051782e-01 6.354875516972954275e-01 6.776508864316457270e-01 5.317027407578753806e-01 7.222982654115615020e-01
7.403181789713434435e-01 6.611072288306538702e-01 6.572276716943258323e-01 5.600611758402878060e-01 6.525339652823923808e-01 7.228819986711648715e-01 7.106163381277494917e-01 5.399902397006194343e-01 6.896421342750385097e-01 6.612151367634305776e-01
7.457457631664027309e-01 5.854356294320904874e-01 5.677002396429204900e-01 7.414672416494509921e-01 6.324747195839254266e-01 4.818781240947675459e-01 6.673104593029027809e-01 4.778967091600320738e-01 4.870860339820303753e-01 7.060709888414916646e-01
4.685794335643534425e-01 6.086524591460549249e-01 6.240524201190157383e-01 6.490247699464097852e-01 7.059895992548009813e-01 5.874932018369880549e-01 6.597126207234462747e-01 6.370920587485274789e-01 6.876127302934210705e-01 7.073213796052876257e-01
6.173857277749946748e-01 7.388105671992070134e-01 7.416796657296668149e-01 5.972930065347170636e-01 7.017755326925861903e-01 6.564344330277794848e-01 6.285605932196813850e-01 5.009518971627017203e-01 6.261044923923545502e-01 6.034731084800917245e-01
7.236860804122756674e-01 6.295243304716180432e-01 7.158764623818287820e-01 7.167715306121666963e-01 7.119691751860425244e-01 6.459029121842837506e-01 6.805924620464731678e-01 6.008104546444833494e-01 7.425274812928839285e-01 4.771721160128328809e-01
7.236194555932620176e-01 5.428948934250086289e-01 5.975722003737318211e-01 5.113125352770203635e-01 4.611874086024937980e-01 6.594732563192755581e-01 6.649460685121862946e-01 6.938283347791285305e-01 6.731771474339504069e-01 5.157875718543495358e-01
6.548667958261439326e-01 4.351269415673570395e-01 7.340586616423097066e-01 7.504196689995374925e-01 7.501287121783761780e-01 5.292039967382660137e-01 5.180422253766815421e-01 6.865871462507834311e-01 6.184463694137068979e-01 5.285822865890256184e-01
6.143401725635392330e-01 5.987883052158514685e-01 5.547075424482260653e-01 6.000633310633833872e-01 6.971291889122648300e-01 6.083240147005571918e-01 7.399240562450580816e-01 6.719549391321070209e-01 7.322866052269844106e-01 5.501056012551797103e-01
7.220291976331150163e-01 4.783403639113046335e-01 6.945861674692085375e-01 6.427663243949995886e-01 6.972687790152464204e-01 7.136860740392149127e-01 6.103156719402333952e-01 6.844207581228215487e-01 6.968979568575910388e-01 6.194143195241398336e-01
6.879074054884585232e-01 6.838699815586669617e-01 7.051366480706311446e-01 5.761727785399000101e-01 4.972200148406221154e-01 6.865916841661668935e-01 4.291605799376475572e-01 5.745446808241261305e-01 5.810415875123703389e-01 5.682133393612841532e-01
5.929889663287523094e-01 5.763557640973463458e-01 7.368504713871419920e-01 7.503082271876307940e-01 5.478623312694884673e-01 5.922633152292750003e-01 4.738323608117954722e-01 7.176901470071566091e-01 4.882134616603640564e-01 6.872837816201594618e-01
6.427206608800378751e-01 5.245116673734865342e-01 6.848981098992453775e-01 5.793088899387847102e-01 4.502371186645272583e-01 5.988765774034405798e-01 5.960097793550336309e-01 6.746886073588398425e-01 6.820711887318421374e-01 6.199432472015147244e-01
6.719140741696687513e-01 4.520226155315506533e-01 6.717474625675866617e-01 4.374377998322357963e-01 6.683887884112328370e-01 4.649641163881331751e-01 7.351600422476737284e-01 5.713031397195448280e-01 6.823814877632126130e-01 7.305553415771736114e-01
6.474564116662957503e-01 6.181363463428021232e-01 4.990241495048264309e-01 4.978232163556247092e-01 6.822562657344449777e-01 7.149493726478358679e-01 7.250063541643152476e-01 7.104101406752709735e-01 6.761196563903799639e-01 4.579328091628473985e-01
6.276878962640131121e-01 7.283478804681102758e-01 5.905162988657741696e-01 6.979372692404318679e-01 6.931277480125239698e-01 7.248926975532598016e-01 6.807164543972475945e-01 4.685685084456517879e-01 4.853307453429080986e-01 6.799452542558551693e-01
4.430331184480493789e-01 5.367162080417454684e-01 4.502371186645272583e-01 4.573647430356284627e-01 7.105504246884053465e-01 5.292752556084115989e-01 7.044916003001071569e-01 6.038488784093393180e-01 4.392741968644854333e-01 6.835911116263552190e-01
5.163938992635623837e-01 6.992289067777436307e-01 7.030244205309997829e-01 5.484440621030739482e-01 7.086308067543698463e-01 5.817483970137051763e-01 5.760520112934843784e-01 7.500784644515036126e-01 5.993180417784607084e-01 7.383137750808138611e-01
4.799604339651419860e-01 5.361394505210667072e-01 5.599263329001143985e-01 6.972112937685184253e-01 7.147726082974890094e-01 4.710234759854572961e-01 7.397765236226954144e-01 7.207660265339398409e-01 6.935542965274824612e-01 7.288784122686536859e-01
7.089425026680772346e-01 6.764384596759728252e-01 5.409599986754269896e-01 6.981712582103445364e-01 6.554701924734853691e-01 6.370076967047270111e-01 7.133841898753503497e-01 7.002131521222755284e-01 4.766189081999099852e-01 6.778380502263818830e-01
5.179708453042596306e-01 6.101076305156384327e-01 5.112284735370141719e-01 6.291536229597739505e-01 5.180122016528581064e-01 6.671694957208618160e-01 7.076615669460240010e-01 7.070088618891618992e-01 7.313254486059955761e-01 5.223906064290156914e-01
6.333244953291743418e-01 7.396977916634135397e-01 6.753930690199844156e-01 5.832121579128558553e-01 5.115334080022769792e-01 4.722572791771960654e-01 4.674386379794090440e-01 7.189925054835222262e-01 5.633268813102230155e-01 4.870360766831237087e-01
6.793177850965075315e-01 5.891483882834878116e-01 5.143664247225139263e-01 6.821637305073449120e-01 6.640563171817509547e-01 7.590144374199023769e-01 5.955193118738096869e-01 7.324337527737442288e-01 7.057596469779959802e-01 6.549416757912440712e-01
6.709990931685343440e-01 7.429042549944647744e-01 7.032294006557623378e-01 4.623804565126589661e-01 4.467021934028693742e-01 7.369278757903463539e-01 6.502825954961169996e-01 7.041711149308649276e-01 7.206076720641908517e-01 6.954250439945879325e-01
4.485748968257591840e-01 6.883811404408270995e-01 6.395229255516311495e-01 5.544854458407405540e-01 6.442996055666416755e-01 4.811875902428731089e-01 5.022452229135909718e-01 5.264235690232178522e-01 7.085919148025964232e-01 5.133599389635332688e-01
6.140184106799395636e-01 5.695859703953440878e-01 6.860267483939656019e-01 5.597274330446023738e-01 7.165858482872967672e-01 6.195798286025600010e-01 5.829210009258846137e-01 6.126177294394132833e-01 5.145072109444562836e-01 7.309550538945338571e-01
6.529526977237051222e-01 6.643709584579616800e-01 5.713059653230145862e-01 5.580012565376252232e-01 5.442861797285662995e-01 6.947297641135932178e-01 6.839552553316743388e-01 4.598278449096147025e-01 6.303040026508913707e-01 6.245116401522836647e-01
6.238264185298748599e-01 5.860993359526466273e-01 7.147694485739770620e-01 6.385759723976249802e-01 5.502201159948663101e-01 6.757363746695927986e-01 6.987415727713566227e-01 7.516376110408569122e-01 7.113590209628941619e-01 5.143840226742419919e-01
6.310527364619312740e-01 6.986769176200174902e-01 4.946790745916044285e-01 5.416784420107022546e-01 5.580357544330086794e-01 7.281905140329292259e-01 7.247332674576333345e-01 5.058077416135522419e-01 7.105090314254232098e-01 7.147131178720789180e-01
4.556186557827836547e-01 6.889096493893058781e-01 5.845268164486142615e-01 5.859884882789344607e-01 6.968956761499226493e-01 7.264496445545974845e-01 7.140177534195863984e-01 7.618169308848988797e-01 7.412087735610692896e-01 7.325174086034984544e-01
6.213039755101146255e-01 6.335214598948543108e-01 7.357224305598150105e-01 7.272158808168267541e-01 6.657216272659916001e-01 6.785600754973479809e-01 6.211872138963220324e-01 6.429124608024553433e-01 4.499745061152035652e-01 7.388983495761441977e-01
6.948319767060420205e-01 6.364244945321745339e-01 6.591511914137907491e-01 6.938917827852323361e-01 5.987214405273456608e-01 7.414672416494509921e-01 6.795460368012736785e-01 5.144442478975481681e-01 5.229750541886302173e-01 6.383323642255158692e-01
6.117797218117813074e-01 6.923108848381163138e-01 6.850826493338756373e-01 6.545572994385311372e-01 7.121315925415635517e-01 7.075442565454000965e-01 6.934773714068003247e-01 6.747698511996820248e-01 4.368314345124428844e-01 7.026969324193370614e-01
6.457776659473707381e-01 7.387486541494019399e-01 5.464610330480689226e-01 6.466710062432504680e-01 5.145768209805914317e-01 5.739439969708804989e-01 6.134856181377535966e-01 7.281376321678971753e-01 5.431791727458989971e-01 6.276564175849920213e-01
7.339755185848432228e-01 5.614769434246935642e-01 4.973235127747780426e-01 5.878852895214160545e-01 5.714084794492827468e-01 6.379597110950628869e-01 6.468141492778565205e-01 6.670745731952394397e-01 6.473725691404103033e-01 6.381215085826636990e-01
5.179627615962194565e-01 5.516445715477455991e-01 5.657973074517016476e-01 6.223649825334910402e-01 5.024680441196122116e-01 6.641982117245042172e-01 5.136555456520377483e-01 7.076167981589240874e-01 5.094630569143843157e-01 5.148129974169374234e-01
7.338598777822369357e-01 6.920024062779251972e-01 5.258129712620912555e-01 5.313575175159942487e-01 5.737602325275320547e-01 5.148079431328593802e-01 7.080590071656270856e-01 6.984837056909137809e-01 6.717403939747487174e-01 5.825501157002943575e-01
7.296580999447379590e-01 4.724949989939892792e-01 5.790349566287500416e-01 6.575301255928541755e-01 6.890287526815855879e-01 5.226353872817105506e-01 6.348819760130419709e-01 5.547683367036214674e-01 4.666759200774427963e-01 4.576533781201894135e-01
6.233209505519893279e-01 5.935671327041044387e-01 7.146479618667034295e-01 6.971887522695919825e-01 6.881500353738997378e-01 7.045740335552358458e-01 6.952473749677605674e-01 7.031395961885379409e-01 6.176837780141944956e-01 7.177865938847515226e-01
6.911509138192142299e-01 5.827903374233641687e-01 6.629737789441911833e-01 7.149998127719002783e-01 6.051502248313195276e-01 5.211331010512229023e-01 5.734084867325820456e-01 4.925328713137524517e-01 6.672461124339609251e-01 6.371723230242765101e-01
6.325658321595660771e-01 6.838159002248866969e-01 4.931192716022999023e-01 6.282566708836063718e-01 6.428545563094900661e-01 5.549561784942984577e-01 7.487759322726833533e-01 5.911707561930557020e-01 6.472528461855836523e-01 6.030430506213025899e-01
5.813801033578320787e-01 5.229677308079918596e-01 6.610394782412272185e-01 5.449936540911415328e-01 6.209765825292006269e-01 5.761719277709907994e-01 6.763783683127110313e-01 6.649075557988923801e-01 7.200276981026905165e-01 5.544655450542517183e-01
4.592379179169088776e-01 6.192602823393867917e-01 5.482543852416414953e-01 6.612368657918789028e-01 6.485165648623416601e-01 7.160174160940310228e-01 6.718466503035521731e-01 6.432032404429578465e-01 7.149998127719003893e-01 7.150802938625238081e-01
7.158245679721736421e-01 6.350653874416484213e-01 4.918906697013007978e-01 5.130546203546892947e-01 7.253440295188773312e-01 7.431897151981995409e-01 6.234103254809018058e-01 6.799453178471929204e-01 5.632530674485730637e-01 7.324964986097121100e-01
6.702355955654111241e-01 6.519545014555230278e-01 4.987159209028612095e-01 6.497323850144450796e-01 7.470066328207997097e-01 6.877488740798917144e-01 6.592031071531608832e-01 6.791067010365139378e-01 5.875303443834161143e-01 6.867152512012535404e-01
6.051031115471732225e-01 5.505442318134204926e-01 5.131239501287929716e-01 6.198000131654078926e-01 4.741933815686235065e-01 5.583289643219990772e-01 5.090476980786240446e-01 4.506734969187293216e-01 7.109422516895194111e-01 4.918895357522183320e-01
4.644234540207543560e-01 6.984931798041186246e-01 6.003986163751313665e-01 6.147070508636730546e-01 4.813930430022136941e-01 5.584900881918358762e-01 6.050169388675843418e-01 5.231890127960348025e-01 7.163573942157692720e-01 4.750561629609610370e-01
6.891162294527527488e-01 6.458850426683117041e-01 7.597012419703275121e-01 6.785487643115378775e-01 7.399724315390883156e-01 6.583236893001603862e-01 6.130558701728524573e-01 6.535965635124579842e-01 6.713042810557757756e-01 6.262795671362233474e-01
5.120117216939716887e-01 4.749873425499839263e-01 7.196649375385198999e-01 7.103299182530652400e-01 4.791764684571724331e-01 6.771010195437071610e-01 5.629405851593061172e-01 6.838569730211276898e-01 4.321366024723033994e-01 7.587819519749428032e-01
5.625206952966058660e-01 7.149687078843450783e-01 5.238828682319064400e-01 6.769796032167871846e-01 6.869236329054998480e-01 7.016363351744692167e-01 6.017693981416797344e-01 6.173829575145890480e-01 6.301096354867743443e-01 5.677335662651412651e-01
5.879928025756429033e-01 6.387330251881883081e-01 6.642577774526849943e-01 5.083456336578289214e-01 6.860537645665629736e-01 6.635050890152988101e-01 6.737949579437222392e-01 5.341768624695467649e-01 5.433429833553277133e-01 6.484350645583265571e-01
5.419495904186457658e-01 7.133751111500428177e-01 5.400260919269104232e-01 6.215518731810171227e-01 4.989259802302000169e-01 4.882213562349441704e-01 6.677430641008770262e-01 6.758165522178899431e-01 5.924914791042159568e-01 6.273178709418624210e-01
7.443983407966872079e-01 4.683205077243029479e-01 6.318328734875700015e-01 6.133775690502519806e-01 6.999119644360488612e-01 6.256390253747117214e-01 7.340840865137269189e-01 6.468856911954182776e-01 7.093633882954150094e-01 6.592739960745473971e-01
5.431719398327972126e-01 6.867322197381970916e-01 7.272100051142554866e-01 6.769095903530194525e-01 6.368703522304990372e-01 5.416608151354689316e-01 5.699202240303371525e-01 6.882051536247871804e-01 5.263771406803530173e-01 5.032649289866435449e-01
7.167002115414253804e-01 7.484546829990953443e-01 7.252719707409086558e-01 7.177346260981154469e-01 7.074747095439949396e-01 4.758184025662257621e-01 7.028940568538075695e-01 5.550256409846694439e-01 6.741646485904164710e-01 5.187560293262709621e-01
7.324337527737442288e-01 6.097660796508643788e-01 4.636162291729244989e-01 5.422914038048893826e-01 5.529566891325253808e-01 6.998836575316911279e-01 6.377419310908455374e-01 6.810057035310250750e-01 6.320039812688099667e-01 6.857035617759379420e-01
5.180033185802416229e-01 4.981397808614256295e-01 5.550256409846695549e-01 4.630475694750529891e-01 5.980297215213113970e-01 6.141840007567802573e-01 7.176264969463684862e-01 7.427359213343649458e-01 7.281684228257957470e-01 6.066008363415665849e-01
6.504952509814343475e-01 6.994727715594241113e-01 4.848341952804531840e-01 7.455822615224685368e-01 7.284292686341726775e-01 6.733274327466934883e-01 6.434546927075855960e-01 6.111535981880021895e-01 5.092804667107035943e-01 6.610370882738979548e-01
6.147310639910402719e-01 6.464040712935164024e-01 7.194339619309012557e-01 6.130453345267579124e-01 7.004097479961495232e-01 7.429201228007823454e-01 6.943032313265815603e-01 6.670633145051479973e-01 4.847706984856861023e-01 6.369981424866899555e-01
5.658739742478428036e-01 7.292371795463761242e-01 5.897418562369196593e-01 7.158273269966796137e-01 5.262900343247196577e-01 6.577055273961522897e-01 7.484998414750316797e-01 6.645965986905805201e-01 6.787500125708112453e-01 6.867054517129043134e-01
4.667042527999421542e-01 6.468031184585900650e-01 6.576553327879576250e-01 7.278300068744913975e-01 6.792236362538467409e-01 7.131998971440269841e-01 6.678332407464493414e-01 7.149878338013625489e-01 5.345907140601026120e-01 6.732877867706974495e-01
7.102255100745581418e-01 6.829098339237746895e-01 4.371816163618932882e-01 7.113130853459215253e-01 5.632366407199268510e-01 6.769610017726747087e-01 5.110135489693898858e-01 7.150473092479500137e-01 6.162802271052474357e-01 5.463422949189195021e-01
7.159640525324394433e-01 5.956063141109102510e-01 5.779001040006246370e-01 6.958734373582182720e-01 7.016363351744692167e-01 6.090406960601711939e-01 7.449593849240212506e-01 5.391359383837006636e-01 6.157498425528663555e-01 6.994284578221712234e-01
7.015428594105677096e-01 6.474537352720985961e-01 5.853322093475964438e-01 5.003593923105305041e-01 6.181965316962808599e-01 4.539273616393549871e-01 6.345672525960247556e-01 6.965866140420761132e-01 5.821686196135623659e-01 5.255899731194355606e-01
4.616660123754047218e-01 4.946086872751273011e-01 7.027033839001666227e-01 6.995177476200169497e-01 5.986775921655183019e-01 7.206476331985465222e-01 7.120067898015439711e-01 4.868455720178179735e-01 6.318720667450731243e-01 7.122610914952470784e-01
6.818006607690665355e-01 6.228299264534558066e-01 6.928507146867903810e-01 6.864200511275467820e-01 7.165666948363991207e-01 5.738291594804155737e-01 5.380826465115784440e-01 5.181733583793257658e-01 6.149725100193322858e-01 5.451086959391930886e-01
6.671577287641210496e-01 6.036300695038000486e-01 5.123103707774548932e-01 7.545149793189991350e-01 6.750778263324045403e-01 5.444564561687714743e-01 7.234748108573214598e-01 4.538612390357770199e-01 5.405024921755241518e-01 4.757661387769897554e-01
6.192346514277515812e-01 6.578765754161788326e-01 6.249928194332063924e-01 6.616712454362513318e-01 6.867331681571683388e-01 5.697632074317602324e-01 5.546138570348392305e-01 5.921921614678309354e-01 5.181168628272880827e-01 6.641815308420236930e-01
4.653598458158867968e-01 7.178845028225566693e-01 4.501547966797658784e-01 6.147270378053092399e-01 6.244487699635805633e-01 7.087621009231087621e-01 6.861231321609634337e-01 6.876710298375083852e-01 6.480369037031213919e-01 4.648703233727385364e-01
7.086726224984818412e-01 4.704851484279292118e-01 6.193764187549579692e-01 7.338124439879618599e-01 6.883047883256134813e-01 5.465055896445608630e-01 5.825590999372289858e-01 4.610539053366550233e-01 6.330586778897663303e-01 5.804090727546173945e-01
6.473491127876634943e-01 4.390113587142699947e-01 5.412686676315957568e-01 6.363640820789848718e-01 7.803527088605428652e-01 5.321060964405613936e-01 5.729504445826438808e-01 5.581200468807575588e-01 5.484325415697307582e-01 5.367702862116420226e-01
5.973792811210034692e-01 7.328710063062974234e-01 4.626338244547759104e-01 7.338949377467582913e-01 5.954613302000907327e-01 5.712809855240970069e-01 5.046106726841615986e-01 6.609670416706672214e-01 5.297121965891646855e-01 6.799837222471754039e-01
6.969066423693184298e-01 6.822448412922107464e-01 7.191244206102677117e-01 6.171967100389549321e-01 5.474355506380060854e-01 7.206994204597736431e-01 6.534056038041873293e-01 4.563202089138062023e-01 5.599200916005392381e-01 5.013873127555672493e-01
6.412552670815897526e-01 4.573368632452987637e-01 5.728120708578279263e-01 6.359264275787112064e-01 5.094270477873389380e-01 4.649934359402251305e-01 7.094319232554153754e-01 5.871933054520760420e-01 6.363124303697345052e-01 6.853600514529339938e-01
5.282015473031479447e-01 4.974764723026526281e-01 4.373621212964768912e-01 5.492465954752971946e-01 5.147160366857983504e-01 5.341914752915868370e-01 7.265791910721107749e-01 5.625083476739928257e-01 6.717463774680406674e-01 4.743523722865779502e-01
4.763941966156891028e-01 6.113798582449793129e-01 6.877023321471248396e-01 7.022914553504504553e-01 6.456441044354850334e-01 7.383092724949088526e-01 7.046442360717195541e-01 6.988135492040737917e-01 5.782358502561936175e-01 5.778906762768749594e-01
6.986682179603495024e-01 6.577384783493416265e-01 7.243590451773129768e-01 6.112137199519167563e-01 5.261505900648045797e-01 5.487961809857875295e-01 6.993514707504729921e-01 5.647108467438758383e-01 6.215509939077983326e-01 4.762902309162875825e-01
6.286731105983222045e-01 5.263223121195833576e-01 5.282830434067838921e-01 6.245453793563306988e-01 5.934991587898343912e-01 4.704047382377811726e-01 6.717492050583039331e-01 6.072611292736314059e-01 5.118315646468223346e-01 6.167693413326253982e-01
5.163396508279743946e-01 4.454944901593650974e-01 5.953225676602618144e-01 5.434059012730678706e-01 5.985301308312505064e-01 7.014144850961265831e-01 6.772495492966462693e-01 7.090187911142840083e-01 6.504142196586725211e-01 7.240388478662058702e-01
7.210589735840033931e-01 6.380412946072143709e-01 6.378835898797478032e-01 5.028946449174017674e-01 7.296419875453817872e-01 6.319251772571500281e-01 6.019952035663196366e-01 6.376354069248906242e-01 6.707185305151444066e-01 6.971219492233898807e-01
5.925078275025807972e-01 5.315720111414338200e-01 6.830037580217631632e-01 5.602091125660536575e-01 6.650954710230950750e-01 7.080079631174366339e-01 7.060378513419962587e-01 5.230813476294813302e-01 7.537539720891219819e-01 4.885777168381369995e-01
7.297082032169178722e-01 7.071870344060787739e-01 7.318947127409212161e-01 7.034023125300734591e-01 4.499988485411595129e-01 6.924018939579702492e-01 7.236757042726672529e-01 5.463079666160987058e-01 4.794478421786425582e-01 6.904259278824514956e-01
6.843297803395913537e-01 5.017529885600180428e-01 4.558004277117803649e-01 6.925456949978793242e-01 5.925165487940000641e-01 7.235663297605999800e-01 5.859350084391797830e-01 6.347448554667811660e-01 4.829485566395477769e-01 7.325805196588869306e-01
6.432750779055574908e-01 5.527159979282394442e-01 7.104075753997116660e-01 6.197818687538473315e-01 6.630773770671457568e-01 6.672972890870392249e-01 7.206313701796337456e-01 6.520329707423080379e-01 7.191672403568269978e-01 6.484984808391700550e-01
6.255859529471455849e-01 6.561279999348134107e-01 6.052324426915853817e-01 4.650512565709217783e-01 4.276111973726388071e-01 6.273567174462585383e-01 5.201747312873051809e-01 5.549506081569732796e-01 5.304056814836607403e-01 5.466288908724982187e-01
6.790211809945067012e-01 5.987134200639224746e-01 6.858480619847659998e-01 5.816246615515320295e-01 6.318165831872388782e-01 6.256847806457177530e-01 6.789298178671770989e-01 5.446841188874714801e-01 5.566313449597781737e-01 4.721428676481193576e-01
5.760947247424775819e-01 6.913564641582807813e-01 4.527092661010173602e-01 6.556195476844633996e-01 5.988831199785720205e-01 4.518122276783276825e-01 7.083234216044944631e-01 6.506970145870755173e-01 5.479421773035304533e-01 5.230047467820817531e-01
6.318361796346564363e-01 4.482399235126473536e-01 5.767103264965803833e-01 7.160367352823270304e-01 7.340706263973769685e-01 6.534302569938644778e-01 7.165071401735888523e-01 7.004670964860493232e-01 5.648528951719075097e-01 6.228366490156616031e-01
6.422197550025137147e-01 6.093883723304015509e-01 5.827450707672966468e-01 6.838429410104212014e-01 5.283518401254387875e-01 5.887939478489850886e-01 6.314845496895905574e-01 6.659318757243661846e-01 5.645445342608801376e-01 7.078318544200579154e-01
6.423715543154349117e-01 7.206476331985465222e-01 5.567345943337701497e-01 5.458678535083318906e-01 6.746539330664681478e-01 5.730363073396438356e-01 7.001340481351348011e-01 6.435659259400953180e-01 7.162402084740024932e-01 4.970513022529485236e-01
4.793688787971135401e-01 7.045807574079924196e-01 5.262328340867715726e-01 7.488877649846200635e-01 5.196980047980953588e-01 5.763849934068978609e-01 7.423604806893573382e-01 6.130249504835536545e-01 6.086117889208523257e-01 7.386893937552172495e-01
6.984161381859642637e-01 5.516186863342112945e-01 6.656572545858246981e-01 4.672363502152558912e-01 5.340242383021408523e-01 6.972193543213737188e-01 6.747358223273903777e-01 4.530523917512630505e-01 6.089490418913851011e-01 7.263847778076394368e-01
4.726667922645181874e-01 6.453618026332275104e-01 5.594683977148185994e-01 7.665550166230014062e-01 6.703351891445867849e-01 5.382416532556980604e-01 4.355820907771135175e-01 6.272603384249627601e-01 4.804382363483806762e-01 6.784787532104739061e-01
5.385719964557457162e-01 6.408787453315821780e-01 6.566651471877266166e-01 5.239876186810238368e-01 6.216967512850283262e-01 6.525506078067909721e-01 5.896242659592635382e-01 6.483158840055506245e-01 5.647597682841128952e-01 6.305633119282413324e-01
6.825907144780575253e-01 6.059907822212272643e-01 4.666628500584402706e-01 7.410160168284467552e-01 6.322142414193471227e-01 6.321793387496488226e-01 5.912082526900207524e-01 6.588712148191715468e-01 7.088651606366661584e-01 6.006509578154018980e-01
7.485871275718690709e-01 6.158071451074326186e-01 6.337576331727833301e-01 7.063724675681246623e-01 6.145723214316908267e-01 6.716877565353223112e-01 6.381655562763302036e-01 7.225480748735071401e-01 6.067838157860884207e-01 6.305315841201718507e-01
4.671471950299690423e-01 4.413156643286120229e-01 6.803116655599144025e-01 6.656069354850820963e-01 5.762078470773088767e-01 5.359535590082600276e-01 5.470607313304414188e-01 5.738029512906378526e-01 6.240604970908389948e-01 7.224445410151786318e-01
5.333493185121114255e-01 5.827591584904541211e-01 5.329287989057046593e-01 5.222196787745365665e-01 6.481591429482734812e-01 6.657705386425004646e-01 6.849578929663387994e-01 6.405622750831591050e-01 7.026961077227360519e-01 6.687005541360162564e-01
7.083321959288719771e-01 5.351500550120963373e-01 5.117283162647044970e-01 6.563880059277631407e-01 6.760597065967457464e-01 4.969391893601792232e-01 5.631748189728570386e-01 4.999644883310863097e-01 7.403728006709796583e-01 5.115154380339997919e-01
6.964664945610267166e-01 6.379695974589635332e-01 5.973832007996744409e-01 6.516097506698182995e-01 4.685726928763474519e-01 6.495334119649965876e-01 7.192457775260687747e-01 6.934672714618319578e-01 6.176225056531630120e-01 5.547310940926517553e-01
7.069791623187072771e-01 6.671211352356467561e-01 7.258161038497606965e-01 6.656105844999633536e-01 7.399907450615600402e-01 4.632208769202427745e-01 6.146656516576041174e-01 6.443395434052914261e-01 6.763526564251669537e-01 5.648592633651764450e-01
7.241304025710773029e-01 4.926810697674875450e-01 5.624358925236173645e-01 5.298811131865316382e-01 6.956344962454086289e-01 6.831928037830700129e-01 6.594207650698681311e-01 6.987205865877279543e-01 6.467549107756721538e-01 6.605679819127288077e-01
7.014167159892967796e-01 4.995905883044486906e-01 5.328744606076464274e-01 6.583231494284925711e-01 4.546614931279729932e-01 6.489587280688495774e-01 6.620446326781845858e-01 7.313224642558491251e-01 5.845264631347728557e-01 7.090187911142841193e-01
7.246344250264840081e-01 5.499356296399271482e-01 6.671018228430003472e-01 6.761897027491785561e-01 5.846442526582903421e-01 7.431496715646539464e-01 7.728668109737183434e-01 4.900931628784117033e-01 6.269949157735907885e-01 7.220439736815446041e-01
6.538968781704962430e-01 4.336559804048076838e-01 7.369982927769058723e-01 7.381591305807452263e-01 7.441908960998476763e-01 5.936689124732069667e-01 7.196279543000054790e-01 5.156251652170554811e-01 7.471240744679658041e-01 6.400010168147519662e-01
7.191110615040929854e-01 7.061513463227455656e-01 5.767912768178602434e-01 4.981894730936666793e-01 6.817151784066832754e-01 4.665267890825745556e-01 5.419460818232924026e-01 6.914210636216846506e-01 6.334127890197377431e-01 6.374301864172142729e-01
4.793666600133739686e-01 4.578554086780275978e-01 5.745189826844872005e-01 6.757580151226364462e-01 5.685355462245008651e-01 6.271083251785445345e-01 5.380811281877696528e-01 5.333211213000580431e-01 5.231728019589850787e-01 7.280050713372542281e-01
6.641905737707075597e-01 4.883880653724892440e-01 5.825109201334318643e-01 4.850440042923307993e-01 6.880481080838829477e-01 7.238764805526430868e-01 6.177316794789367016e-01 7.081514333589946641e-01 7.542722640441500426e-01 5.745134030758601851e-01
7.286277965048468808e-01 7.377977877641274107e-01 6.685869541402482685e-01 7.762941160426936049e-01 6.947306645175240769e-01 6.611072288306538702e-01 6.487280026542471267e-01 5.828827939651270995e-01 7.207941499272522146e-01 6.882921612567228786e-01
6.049707972895949082e-01 7.337393281943552781e-01 5.633824380864129733e-01 5.680564062142928750e-01 6.531774201996070062e-01 7.090766905013010657e-01 6.801434631707184986e-01 6.287043366650054699e-01 4.927995282119500553e-01 6.807677601755111052e-01
7.031959137147543171e-01 5.342038290576751614e-01 6.715483064291415394e-01 7.468513906845604122e-01 6.549667055688616069e-01 4.483170556566070664e-01 6.637568897059404893e-01 6.454829944821641741e-01 7.585014561287714008e-01 7.270156434673644696e-01
6.835514443655051897e-01 5.600134215677461391e-01 7.396055311681080102e-01 5.873256583211725612e-01 5.495691890027982751e-01 7.497117336428011924e-01 6.978099600664395830e-01 6.898377749141426651e-01 6.127915471350261489e-01 7.119427634050089493e-01
6.824880315307579881e-01 5.411462223070003796e-01 5.054175308744707218e-01 7.136517701793690938e-01 6.059371070218261268e-01 7.157991706020330192e-01 5.995590817491366353e-01 6.433039284800965429e-01 5.714837968650382516e-01 5.450498987042983190e-01
5.828311056153339109e-01 5.834471109673864397e-01 5.709888506453644208e-01 5.428687890800402149e-01 5.642000544213073843e-01 4.893484840383878764e-01 5.050959671827063291e-01 6.370739478092327657e-01 7.470427584876293547e-01 5.276401824732287471e-01
5.780581740268164737e-01 7.030676469429986142e-01 5.295045505442668166e-01 4.502102508668805458e-01 5.434043296650414856e-01 6.271517935246901931e-01 5.536719688278894935e-01 7.529459589373519446e-01 6.174803222852306428e-01 7.107752890535230517e-01
4.797803131397658238e-01 6.273586316590146206e-01 5.315412176284061152e-01 6.854947742446090286e-01 5.761860340207916042e-01 5.022881638995627673e-01 5.759309294829751957e-01 6.431163881111896519e-01 5.851754121770986750e-01 5.980992684872772358e-01
6.265438929002955515e-01 6.824454362777860883e-01 5.482140354962112827e-01 6.810854699387400846e-01 6.549490287090472540e-01 6.370937884165385201e-01 5.393858754636112751e-01 6.898769752403369759e-01 4.906962458667397109e-01 6.532319619459415749e-01
7.181334976516642321e-01 6.864380005701168352e-01 6.110063990313600035e-01 5.827113247456530143e-01 5.935124978711847632e-01 6.734077916720001555e-01 4.338549325270673607e-01 6.651792860034460020e-01 6.135125036376132268e-01 4.306116064674230803e-01
4.483487105788000471e-01 6.317469298342156536e-01 6.360085245245303831e-01 7.527044948382647371e-01 5.789586854829325002e-01 6.984430099173974948e-01 5.351253024276156900e-01 5.366164608488183108e-01 6.775724830058267312e-01 6.409962264979046642e-01
6.196008732558307974e-01 5.467596650273671699e-01 6.570295143728130949e-01 5.432356238656986802e-01 5.956076176851172743e-01 5.970966405646677133e-01 5.185025926479167602e-01 6.207667086629257147e-01 6.929055558199495035e-01 7.207823067212436596e-01
7.044598545639840781e-01 4.864885962031388345e-01 6.292478749634881074e-01 4.863154407488058384e-01 4.711597273918310957e-01 6.326207354136235139e-01 7.035818688120796249e-01 5.717454492974098912e-01 7.093377047263359492e-01 6.585914380524584555e-01
6.776352474101404733e-01 7.194694684305777965e-01 7.484043462920699774e-01 4.464458828391739131e-01 6.372850564947935004e-01 7.516715317093357607e-01 4.164488257521756220e-01 6.415675036063822612e-01 7.441954206663563554e-01 4.786678047452329610e-01
6.658995413249650941e-01 6.981763946566129642e-01 7.400601606649709341e-01 5.582035320204494777e-01 7.385667037864859230e-01 6.759555845305154076e-01 6.336886012278457603e-01 5.763295424724051985e-01 7.223559378594561764e-01 6.970026149983714614e-01
7.205588392484344462e-01 7.664918630176380532e-01 4.573636707674258450e-01 5.646769388127943490e-01 6.462497733076613127e-01 4.612999393749730448e-01 5.907239903921748247e-01 4.667249102509175018e-01 6.848923835179379083e-01 6.312550256346076694e-01
6.976462540415396818e-01 5.101273608194571985e-01 6.503541517154798335e-01 6.896986052277450652e-01 4.647068931886310650e-01 6.324140370558010149e-01 5.231239094430536474e-01 5.880420524005518512e-01 7.024608543870825006e-01 4.446262898587902690e-01
6.805995908413422502e-01 7.149077583505636380e-01 6.550405908388774456e-01 7.271274645631419231e-01 7.312750490916504198e-01 6.610980892511212348e-01 4.539230992305053336e-01 5.162093063411843374e-01 7.204656317270601296e-01 4.656334694301175192e-01
6.314316281804550623e-01 5.334748070460039182e-01 5.123335294185151767e-01 7.141407574300401295e-01 7.580032663793404568e-01 7.166290344667887169e-01 7.119647732905785009e-01 6.301990207468810556e-01 5.120378090650862246e-01 5.445249907012149615e-01
5.608984975038858733e-01 6.642853703792143127e-01 7.270804772494597890e-01 5.293654609224316410e-01 6.261891583945295991e-01 4.880339138945546384e-01 4.667053262819229609e-01 5.468782956839840503e-01 6.486247872919851387e-01 7.102910864958541515e-01
6.144522744649190127e-01 6.113893372896093137e-01 5.814449941519466147e-01 6.146696820403249051e-01 6.886688492588139976e-01 6.162628743745853788e-01 5.375384837934105153e-01 7.327668434522415231e-01 4.891438974295936326e-01 5.792608309960609603e-01
6.488530448560569930e-01 6.776138172825381112e-01 6.162615395289111619e-01 5.478849057367218833e-01 6.839964587490569015e-01 5.562042757223585321e-01 5.712179826547139072e-01 6.927934922225065240e-01 7.427064927396422878e-01 6.052008053733766157e-01
6.897608232242478099e-01 7.021835075387270475e-01 6.990510326546665043e-01 5.118124926616448578e-01 5.247115854307146110e-01 7.056431982511763845e-01 7.527277828007215010e-01 7.560069037841469219e-01 5.557205592494440793e-01 7.057884212069944763e-01
6.525652768596081899e-01 6.572257872574377435e-01 6.976702337651722319e-01 4.183614516156757834e-01 4.502360598747482401e-01 6.627931957222685799e-01 6.525079066258903104e-01 6.290404917661877038e-01 7.400535323784511732e-01 7.164123814757619169e-01
7.600335277407501700e-01 5.467586898254777061e-01 6.636785758493793930e-01 5.504586330247372983e-01 6.999540619213724391e-01 6.997711475821557503e-01 7.438717392536873252e-01 5.031074523259008169e-01 6.364566520983014897e-01 7.293242658732158601e-01
4.788770064664689130e-01 5.275648835908534062e-01 7.306039367084924407e-01 5.718606016592829855e-01 6.759066561660195260e-01 5.860741743599542364e-01 6.869833773458656756e-01 7.510776627419264440e-01 6.748266050861391196e-01 6.145642924118833728e-01
6.942407293384641465e-01 7.269903691791556044e-01 6.382758337080048916e-01 6.962014488416887747e-01 4.728159033420617496e-01 6.653701973095953459e-01 4.651852237192731221e-01 7.011896876889646135e-01 4.758582000238535947e-01 5.837063097673843570e-01
6.202506434157659676e-01 6.728861606918852267e-01 6.921111926716108087e-01 7.252128615604527262e-01 5.098971367064225602e-01 4.884271334596232417e-01 4.334129030980742314e-01 5.811717975016593707e-01 7.603805976110357134e-01 6.884520443201807005e-01
6.616116736847463820e-01 5.179714835730775402e-01 4.742588744212619112e-01 5.065519426346196674e-01 6.966412426628533217e-01 6.569830498291941989e-01 6.445587041683884522e-01 5.925499460012233488e-01 4.575083843472851908e-01 6.933744583630326863e-01
6.535802423669168082e-01 6.648808752704340463e-01 6.025051042248980027e-01 5.236107390020913188e-01 6.953972534606024380e-01 7.239001141764243030e-01 5.555468984771214647e-01 6.427427493331157038e-01 5.055974905132089026e-01 6.746956965016387420e-01
6.512134899774139063e-01 6.779824125052784645e-01 5.359506675061896930e-01 5.568472597112277267e-01 7.179392987098727197e-01 5.731678541276193917e-01 6.659189182311460176e-01 5.618911815236828922e-01 7.173816999808143580e-01 5.058566246964658619e-01
7.628175438491106020e-01 6.163082574073002196e-01 6.653988742723402350e-01 4.915945643434436740e-01 5.925493929618410593e-01 5.457273466260645911e-01 5.288434570015064784e-01 5.905842685248626767e-01 6.655889365425182724e-01 6.961120394148647694e-01
6.927602789605016298e-01 7.267295203063282028e-01 6.318301584666821125e-01 4.971330773743860565e-01 6.790468086797255554e-01 5.160418097545611538e-01 6.333228327125801638e-01 6.304136579477392921e-01 5.598470518952243236e-01 7.294901799082197380e-01
5.907304715730515854e-01 4.539881560179379050e-01 4.576498702011888020e-01 6.846707514912379056e-01 4.937494745751773717e-01 5.747404645507396825e-01 7.003321456248964294e-01 7.118058962381369481e-01 7.105145329330145865e-01 5.911474098048742354e-01
6.556700745463864832e-01 7.211211030890273266e-01 7.407001252935686564e-01 6.291068897099953983e-01 6.679168598734601670e-01 7.095568795688698138e-01 5.908390833495914540e-01 7.120170619205067331e-01 6.274682937471394162e-01 5.349284202222639450e-01
5.859224384260625085e-01 4.839405154942021392e-01 6.153858801143455848e-01 6.036219946559214788e-01 4.702132351743023020e-01 7.177867082592728210e-01 7.218916844461168436e-01 5.220285846647177985e-01 6.119361121749041788e-01 5.366467159093816219e-01
7.445506978010280053e-01 6.891388967189334691e-01 6.227634575587566168e-01 7.193716912216305825e-01 6.240003267187598235e-01 5.140576969553906084e-01 4.669860634827687207e-01 5.531220965920279342e-01 7.399270620320201886e-01 6.306487170981383006e-01
6.581502620294507055e-01 5.713069377599696574e-01 5.915245809392231102e-01 7.026773834651549588e-01 4.594940255587041111e-01 6.479182753735318601e-01 6.880722277518676044e-01 6.134575841564298138e-01 5.939822697169019339e-01 6.678417621104761892e-01
7.178310685846902572e-01 6.568127739052305181e-01 7.099917610726792505e-01 5.681864188444828434e-01 6.877391020590628568e-01 5.581354257619508541e-01 6.253112125275802624e-01 6.573213679406170185e-01 7.177911329460978651e-01 6.687099043448037072e-01
5.281318323666124304e-01 7.093337102300893982e-01 6.030252319705282638e-01 6.919754602186042325e-01 7.073130814665801180e-01 7.235486950604169687e-01 6.520726017523132967e-01 6.808361191648342192e-01 5.145705613321879257e-01 7.384993485686085490e-01
7.205470356806084054e-01 6.683132219220609960e-01 6.833764198939105139e-01 6.922579971345984573e-01 6.273019748194523793e-01 4.792721296932920261e-01 6.867845550483030470e-01 4.642415370434575528e-01 7.063140196372340585e-01 6.928266641476206189e-01
7.265041063351620476e-01 5.826657694715360325e-01 5.748467580258448395e-01 6.689707768265374943e-01 6.474508056191718985e-01 6.625901900524873156e-01 5.268062769272380264e-01 6.954386153735715448e-01 7.167565030749385446e-01 7.295638499818472011e-01
7.194147599108305924e-01 6.574299852794127652e-01 6.689253359985112279e-01 5.346620449790483454e-01 6.038702784247237387e-01 6.927814463546274615e-01 6.482552362607711949e-01 5.065049842839773886e-01 5.481433900352449262e-01 4.968083695824921930e-01
6.350399713996977002e-01 5.648002289742724003e-01 7.117151333049107631e-01 5.306118127156072006e-01 5.567880426647346948e-01 6.442954291340859951e-01 6.595463366452185561e-01 4.848245329856746832e-01 6.405766067293738875e-01 4.998224179046404370e-01
5.782422342908065671e-01 6.903892753590118447e-01 6.433123654725156904e-01 4.630253208051466340e-01 7.368519703592555370e-01 6.852929261960428731e-01 7.353155220596127029e-01 4.868719868778301763e-01 6.604187118680852064e-01 5.337135376738518788e-01
6.807548897578136193e-01 5.128320874042586741e-01 5.744625598318625626e-01 7.047202671951946495e-01 6.953454427575956887e-01 6.225161824676661571e-01 5.071523702753956142e-01 7.497386851287314302e-01 5.460367565018963143e-01 6.839538249282692828e-01
6.489931311611125686e-01 6.235760225148555547e-01 4.965467685912677842e-01 5.444724322674013850e-01 6.717968390097054376e-01 6.864042818526265854e-01 6.537073023467692146e-01 6.911638733173333105e-01 5.366341001142821421e-01 4.619697912526540828e-01
5.683510479035565055e-01 6.068188674943399974e-01 6.266737899127384770e-01 7.167105264143600607e-01 6.425786303991070092e-01 7.418888745671774476e-01 5.498509870491908869e-01 6.131520565638715059e-01 6.564478978846195467e-01 7.151662467345732965e-01
6.808446766647455739e-01 7.242736579031385791e-01 6.679563292605867897e-01 5.091570920272205925e-01 4.665224145941802569e-01 6.762684190117982386e-01 7.012237948051640579e-01 4.891863875704178244e-01 4.988663782382761203e-01 4.830089462580030579e-01
7.161971611394700732e-01 4.829608604486780865e-01 6.666812730280032850e-01 6.140105496331303980e-01 7.286469022905542881e-01 6.826817886784426470e-01 5.448419749062585193e-01 5.860171522771454589e-01 5.280576775450841476e-01 7.143668456024063751e-01
6.853072486355907822e-01 7.631948241618969897e-01 5.729250559587618641e-01 5.402047866730304015e-01 4.531615858277757702e-01 6.050441326939297593e-01 5.824645941488222345e-01 4.674724359621009184e-01 6.502236946855077804e-01 6.182306379021704767e-01
5.195891618453457594e-01 5.400005580597255772e-01 4.773536278909353281e-01 4.662425841731214771e-01 6.484545319334141800e-01 7.254282340836182286e-01 7.043482612987218561e-01 5.359023898872107283e-01 4.647710934432091601e-01 5.874647189065744790e-01
6.592762117294186375e-01 6.591975217748264892e-01 4.799737876518718194e-01 5.832888667866976684e-01 7.097870245529358524e-01 6.275505936917141758e-01 7.074936395132804812e-01 7.154958985358680357e-01 5.825906441625214871e-01 6.410461469335181350e-01
6.592047492018913157e-01 6.481263295377245326e-01 7.102826649364158973e-01 6.851639069731143561e-01 5.231692391025909439e-01 5.541382246820892865e-01 4.817650024340559556e-01 5.580989360975130431e-01 4.949915539801393871e-01 7.615150352903999886e-01
6.130224029293340759e-01 5.957538320052429004e-01 4.601070521496447574e-01 6.954629511567903544e-01 7.050044992543821332e-01 6.974207545760966465e-01 5.306216989715073495e-01 7.062799358469200595e-01 6.193995854849458915e-01 7.255225418507014190e-01
6.685094364034458447e-01 5.534037642800960777e-01 5.366316799273447291e-01 5.763188149072089317e-01 4.952623736161687606e-01 7.233964784783729618e-01 7.250210707148695422e-01 5.193906714119223000e-01 6.443354169428604505e-01 7.366806531745665465e-01
