0.000000000000000000e+00 0.000000000000000000e+00 0.000000000000000000e+00 0.000000000000000000e+00 0.000000000000000000e+00
7.142857142857143016e-01 6.971428571428571752e-01 7.257142857142857562e-01 7.314285714285714279e-01 7.257142857142857562e-01
6.857142857142857206e-01 7.257142857142857562e-01 7.714285714285714635e-01 7.371428571428570997e-01 7.257142857142857562e-01
6.628571428571428115e-01 7.142857142857143016e-01 6.628571428571428115e-01 6.628571428571428115e-01 7.371428571428570997e-01
7.542857142857143371e-01 6.857142857142857206e-01 7.657142857142856807e-01 7.885714285714285898e-01 7.371428571428570997e-01
7.257142857142857562e-01 7.199999999999999734e-01 6.914285714285713924e-01 7.085714285714285188e-01 6.914285714285713924e-01
7.199999999999999734e-01 6.971428571428571752e-01 7.085714285714285188e-01 6.971428571428571752e-01 6.514285714285714679e-01
6.914285714285713924e-01 6.685714285714285943e-01 6.628571428571428115e-01 6.400000000000000133e-01 6.400000000000000133e-01
6.400000000000000133e-01 6.800000000000000488e-01 6.685714285714285943e-01 6.171428571428571042e-01 6.857142857142857206e-01
6.400000000000000133e-01 6.400000000000000133e-01 6.400000000000000133e-01 6.342857142857142305e-01 6.800000000000000488e-01
6.114285714285714324e-01 6.171428571428571042e-01 6.514285714285714679e-01 6.114285714285714324e-01 6.114285714285714324e-01
