0.000000000000000000e+00 0.000000000000000000e+00 0.000000000000000000e+00 0.000000000000000000e+00 0.000000000000000000e+00
7.349875962170057120e-01 7.115127948461282825e-01 7.458258056021428439e-01 7.394219043312642015e-01 7.038324732499489089e-01
6.846680707522132536e-01 7.123065517560930315e-01 7.034669582954671263e-01 6.988220165790259841e-01 7.142885601872603907e-01
6.737002421351897530e-01 6.916493878230028924e-01 6.534541189918033899e-01 6.745034889962426838e-01 7.236785544165655892e-01
7.987465253422699751e-01 7.053559787270544668e-01 8.099945265462507038e-01 7.863178712693276173e-01 7.501296388827362049e-01
7.090392947855969075e-01 7.179438757516102276e-01 6.775117998269643005e-01 6.736279993910460062e-01 6.375797042463710040e-01
6.816478207782555865e-01 6.905053654681604369e-01 6.566981862308801654e-01 6.136838404368892830e-01 6.594008039982616198e-01
7.942144587142844214e-01 7.104561228573116338e-01 7.001245081926391611e-01 6.703108328626122825e-01 6.041272696984840707e-01
6.793004399420015105e-01 6.384962032503015417e-01 7.213134725852262674e-01 6.038832713968830257e-01 6.079532383880209556e-01
6.589618268129782130e-01 6.831096632313670147e-01 6.348188382086686898e-01 6.799186991869919927e-01 7.617811408932455564e-01
6.033065022383482523e-01 6.470671483192531603e-01 6.074574650156044919e-01 5.507586614674643277e-01 5.834622615842540716e-01
