0.000000000000000000e+00 0.000000000000000000e+00 0.000000000000000000e+00 0.000000000000000000e+00 0.000000000000000000e+00
8.012130748019713478e-01 7.817287739523107737e-01 8.072264002133503480e-01 8.031304801544210115e-01 7.762307291421851607e-01
7.616582635299863346e-01 7.829041546496599002e-01 7.771672448102149300e-01 7.728911764689562203e-01 7.874950762006343030e-01
7.544872048538823206e-01 7.661934746024504639e-01 7.387707457315191295e-01 7.550400440596620744e-01 7.899293427162759063e-01
8.462803762488197989e-01 7.788447054118100565e-01 8.535882881689136337e-01 8.358564396282195386e-01 8.116733043004429327e-01
7.787127124801925815e-01 7.866954871367725088e-01 7.561167687497782897e-01 7.543028350778133717e-01 7.255784246860396136e-01
7.597363934035202826e-01 7.653850402178911105e-01 7.416155658748773138e-01 7.089966489793045890e-01 7.430543713395268979e-01
8.373847991826445236e-01 7.808199540285973850e-01 7.733880341206958997e-01 7.520362383181091737e-01 7.039020435648923879e-01
7.577798421904688997e-01 7.268585562518130594e-01 7.833952075588930253e-01 7.061206649901767829e-01 7.069606601302862448e-01
7.401558894947763978e-01 7.615146962990635426e-01 7.234637576780695856e-01 7.533809642988499311e-01 8.125951156452150270e-01
7.110718640537434521e-01 7.366785632324056587e-01 7.139479112231120750e-01 6.687367279485301186e-01 6.929131872125807723e-01
