0.000000000000000000e+00 0.000000000000000000e+00 0.000000000000000000e+00 0.000000000000000000e+00 0.000000000000000000e+00
6.062777779435548631e-01 5.693717291579489803e-01 6.200218220004065639e-01 6.117693513185723519e-01 5.603930271677557418e-01
5.350572764244231339e-01 5.706161390432380465e-01 5.629550942664578450e-01 5.534960153603543098e-01 5.874582479433250182e-01
5.290320416416759430e-01 5.431167513368111432e-01 4.948732906651994723e-01 5.273591484615172131e-01 5.853635010860859245e-01
6.969962959645279454e-01 5.713157078655333176e-01 7.147193937745865977e-01 6.795833358191081253e-01 6.288324491411750872e-01
5.701013015664750938e-01 5.849778791982402915e-01 5.255294806188273160e-01 5.261250868152436144e-01 4.675955732879965576e-01
5.294832495218777524e-01 5.425947019893602175e-01 5.097494841204925908e-01 4.387000457866868652e-01 4.970424948366828910e-01
6.907741426164357712e-01 5.777965294770425198e-01 5.614228283780501316e-01 5.255336078826461366e-01 4.373866419894530955e-01
5.483041203615079962e-01 4.788807237537882067e-01 6.033831801957827423e-01 4.423175711149802125e-01 4.390557567031138086e-01
5.261320816437999870e-01 5.536722993910968560e-01 4.773513591872228790e-01 5.530376301446454645e-01 6.491665089809470768e-01
4.741772896860125819e-01 5.182460656386825848e-01 4.696205865326797402e-01 3.798115585190972032e-01 4.234419775513860729e-01
