0.000000000000000000e+00 0.000000000000000000e+00 0.000000000000000000e+00 0.000000000000000000e+00 0.000000000000000000e+00
5.695440948290853012e-01 5.425947019893602175e-01 5.874609018325346321e-01 5.984456227036276665e-01 5.872211202762516180e-01
5.274817298683754929e-01 5.868656626514283658e-01 6.547519777428173482e-01 6.023292294297761806e-01 5.855176683047580433e-01
4.923305009058555060e-01 5.695933934241936836e-01 4.935111964321020062e-01 4.914688589943554953e-01 6.016564345467978470e-01
6.294206415425859236e-01 5.270940394331896650e-01 6.457128214812426492e-01 6.805325887964456255e-01 6.020059506839897656e-01
5.875403758951459610e-01 5.793681012993928681e-01 5.367924644098747144e-01 5.626103313836663400e-01 5.399028786228453614e-01
5.849364110411755524e-01 5.490282564977624347e-01 5.660024214053402947e-01 5.525322146831833647e-01 4.828562743344401720e-01
5.446662210816459737e-01 5.090205690135388705e-01 4.980783666246755836e-01 4.673006319090446947e-01 4.630140604135610793e-01
4.759013305281193373e-01 5.238895619257138980e-01 5.138828842761289373e-01 4.437466966957478998e-01 5.410466653129981651e-01
4.745520763886896809e-01 4.772620496252882871e-01 4.817627031930257209e-01 4.689198671064745416e-01 5.327347193051286123e-01
4.403649719245408267e-01 4.455611555434749183e-01 4.887727933613774112e-01 4.457620281817415986e-01 4.416813768624576753e-01
