0.000000000000000000e+00 0.000000000000000000e+00 0.000000000000000000e+00 0.000000000000000000e+00 0.000000000000000000e+00
8.809319611206403167e-01 8.982905982905983189e-01 8.985795454545454364e-01 8.896340158379112406e-01 8.809319611206403167e-01
8.809319611206403167e-01 8.896340158379112406e-01 8.899793755778393489e-01 8.985795454545454364e-01 8.896340158379112406e-01
8.730531256667377615e-01 8.633754305396096340e-01 8.813390313390312425e-01 8.896340158379112406e-01 8.896340158379112406e-01
8.537977885379778309e-01 8.881983088819831451e-01 8.627450980392157298e-01 8.721804511278196115e-01 8.896340158379112406e-01
8.892230576441102485e-01 8.346859691452803709e-01 8.392006258445344757e-01 8.627450980392157298e-01 8.804535017221584159e-01
8.627450980392157298e-01 8.804535017221584159e-01 8.702855897100501004e-01 8.386958693015623689e-01 8.726546336591280983e-01
7.976190476190476719e-01 8.582489577129244207e-01 7.849967478499675355e-01 8.386958693015623689e-01 8.455882352941177516e-01
8.455882352941177516e-01 8.196969696969695907e-01 8.438775510204081787e-01 7.918367346938776086e-01 8.356950802993968752e-01
8.183998255940702071e-01 8.309785452642595160e-01 7.660611779507745522e-01 8.377272727272726538e-01 8.377272727272726538e-01
7.872522347454333769e-01 7.408243929983060472e-01 7.332503113325030686e-01 8.160173160173160856e-01 6.020066889632106344e-01
