0.000000000000000000e+00 0.000000000000000000e+00 0.000000000000000000e+00 0.000000000000000000e+00 0.000000000000000000e+00
7.664565979793972472e-01 8.048720651749708965e-01 8.100814563597509288e-01 7.855665588407965139e-01 7.664565979793972472e-01
7.664565979793972472e-01 7.855665588407965139e-01 7.903373304364648133e-01 8.100814563597509288e-01 7.855665588407965139e-01
7.562858668876092372e-01 7.287627121576147893e-01 7.708109784908238060e-01 7.855665588407965139e-01 7.855665588407965139e-01
7.077213895435062740e-01 7.765276357491248671e-01 7.259966134311665042e-01 7.475269393359266212e-01 7.855665588407965139e-01
7.816750029754564455e-01 6.705024428626727984e-01 6.881829397898978629e-01 7.259966134311665042e-01 7.629593851650108283e-01
7.259966134311665042e-01 7.629593851650108283e-01 7.407008040763964907e-01 6.833254864725265554e-01 7.514862013847065647e-01
6.299068254080536500e-01 7.250944541927609732e-01 5.701088971322688659e-01 6.833254864725265554e-01 6.916725780722834394e-01
6.916725780722834394e-01 6.585456150697037714e-01 6.882602095705599998e-01 5.841462710889117060e-01 6.715144652340956366e-01
6.369212958129453206e-01 6.725651989590597513e-01 5.808660169034404186e-01 6.950632889715185891e-01 6.950632889715185891e-01
6.136001902640260131e-01 5.550959031053814829e-01 5.749999999999999556e-01 6.675935585521252102e-01 3.261370416659316596e-01
