0.000000000000000000e+00 0.000000000000000000e+00 0.000000000000000000e+00 0.000000000000000000e+00 0.000000000000000000e+00 0.000000000000000000e+00 0.000000000000000000e+00 0.000000000000000000e+00 0.000000000000000000e+00 0.000000000000000000e+00
1.000000000000000000e+00 1.000000000000000000e+00 1.000000000000000000e+00 1.000000000000000000e+00 1.000000000000000000e+00 1.000000000000000000e+00 1.000000000000000000e+00 1.000000000000000000e+00 1.000000000000000000e+00 9.309493362512627490e-01
1.000000000000000000e+00 1.000000000000000000e+00 1.000000000000000000e+00 1.000000000000000000e+00 1.000000000000000000e+00 1.000000000000000000e+00 1.000000000000000000e+00 1.000000000000000000e+00 1.000000000000000000e+00 1.000000000000000000e+00
1.000000000000000000e+00 1.000000000000000000e+00 1.000000000000000000e+00 1.000000000000000000e+00 1.000000000000000000e+00 1.000000000000000000e+00 1.000000000000000000e+00 1.000000000000000000e+00 1.000000000000000000e+00 1.000000000000000000e+00
1.000000000000000000e+00 1.000000000000000000e+00 8.062257748298550242e-01 1.000000000000000000e+00 1.000000000000000000e+00 1.000000000000000000e+00 1.000000000000000000e+00 1.000000000000000000e+00 1.000000000000000000e+00 1.000000000000000000e+00
1.000000000000000000e+00 9.309493362512627490e-01 1.000000000000000000e+00 9.309493362512627490e-01 9.309493362512627490e-01 1.000000000000000000e+00 1.000000000000000000e+00 1.000000000000000000e+00 1.000000000000000000e+00 9.309493362512627490e-01
9.309493362512627490e-01 9.309493362512627490e-01 9.309493362512627490e-01 8.062257748298550242e-01 8.062257748298550242e-01 8.666666666666666963e-01 9.309493362512627490e-01 1.000000000000000000e+00 1.000000000000000000e+00 1.000000000000000000e+00
9.309493362512627490e-01 1.000000000000000000e+00 8.564102564102563653e-01 1.000000000000000000e+00 8.062257748298550242e-01 9.309493362512627490e-01 1.000000000000000000e+00 1.000000000000000000e+00 8.062257748298550242e-01 9.309493362512627490e-01
9.309493362512627490e-01 1.000000000000000000e+00 1.000000000000000000e+00 8.666666666666666963e-01 8.062257748298550242e-01 9.309493362512627490e-01 1.000000000000000000e+00 8.062257748298550242e-01 9.309493362512627490e-01 1.000000000000000000e+00
1.000000000000000000e+00 1.000000000000000000e+00 8.666666666666666963e-01 1.000000000000000000e+00 9.309493362512627490e-01 1.000000000000000000e+00 9.309493362512627490e-01 9.309493362512627490e-01 1.000000000000000000e+00 1.000000000000000000e+00
9.309493362512627490e-01 1.000000000000000000e+00 9.309493362512627490e-01 8.062257748298550242e-01 7.488553356460045940e-01 8.062257748298550242e-01 8.666666666666666963e-01 9.309493362512627490e-01 1.000000000000000000e+00 6.938886664887109479e-01
6.407232755171874405e-01 9.309493362512627490e-01 9.302605094190634638e-01 6.938886664887109479e-01 6.938886664887109479e-01 7.488553356460045940e-01 6.407232755171874405e-01 7.488553356460045940e-01 9.309493362512627490e-01 9.309493362512627490e-01
6.938886664887109479e-01 6.938886664887109479e-01 8.062257748298550242e-01 4.340573661412155948e-01 6.938886664887109479e-01 4.861724348043977573e-01 6.938886664887109479e-01 4.861724348043977573e-01 4.340573661412155948e-01 6.938886664887109479e-01
5.887840577551898269e-01 6.407232755171874405e-01 1.791612832955233325e-01 2.470788084188458023e-01 4.861724348043977573e-01 3.224903099319419431e-01 3.800584750330459616e-01 2.581988897471610978e-01 2.581988897471610978e-01 3.224903099319419431e-01
