0.000000000000000000e+00 0.000000000000000000e+00 0.000000000000000000e+00 0.000000000000000000e+00 0.000000000000000000e+00 0.000000000000000000e+00 0.000000000000000000e+00 0.000000000000000000e+00 0.000000000000000000e+00 0.000000000000000000e+00
5.711697847031853570e-01 5.505906522855674723e-01 5.453740806900657656e-01 5.662232504337767480e-01 5.860860619504588698e-01 5.787154060535355526e-01 5.708395501435883368e-01 5.249597423510466987e-01 5.111111111111110716e-01 5.595959595959595356e-01
5.559072411342935727e-01 5.447880242994570521e-01 5.509654243376740368e-01 5.255404014410705038e-01 5.463669209152950401e-01 5.463669209152950401e-01 5.592948717948718063e-01 5.577071538857436561e-01 5.913461538461537437e-01 5.131881748982120017e-01
5.447880242994570521e-01 5.551889233954451219e-01 5.501574448942869733e-01 5.589838989030726513e-01 5.404411764705883137e-01 5.303091128061019344e-01 5.807533539731681849e-01 5.565660474716201955e-01 5.807533539731681849e-01 5.833333333333333703e-01
5.589838989030726513e-01 5.711697847031853570e-01 5.784825371336813626e-01 5.353535353535353591e-01 5.535714285714286031e-01 5.775599864819195295e-01 5.639372069578019175e-01 5.463669209152950401e-01 5.558223289315726845e-01 5.544105256335472021e-01
5.309265010351966740e-01 5.410628019323672211e-01 5.592948717948718063e-01 5.689374715336066313e-01 5.474134478283856353e-01 5.662232504337767480e-01 5.335820895522387364e-01 5.501574448942869733e-01 5.505906522855674723e-01 5.750208480338699912e-01
5.191919191919192045e-01 5.397584135391770843e-01 5.390139751552796010e-01 5.750208480338699912e-01 5.272435897435897578e-01 5.646284829721361920e-01 5.539374065679703030e-01 5.169082125603865485e-01 5.150611584026675294e-01 5.212346513461755260e-01
5.826913199794555576e-01 5.669488918748279982e-01 5.689585716817866512e-01 5.734412323892166263e-01 5.515407777564225178e-01 5.683464846460440922e-01 5.220040184068961420e-01 5.544105256335472021e-01 5.118684545997320701e-01 5.602781946394280732e-01
5.882048963245267714e-01 5.543958249698917040e-01 5.818322182192485759e-01 5.652173913043477826e-01 5.669488918748279982e-01 5.390139751552796010e-01 5.491143317230273713e-01 5.206174769171272310e-01 5.471232305743920499e-01 5.865114411882778045e-01
5.770707267876895585e-01 5.463088988268844925e-01 5.713638716356106428e-01 5.515151515151515138e-01 5.801304825269686383e-01 5.775599864819195295e-01 5.714445921914801385e-01 5.753205128205127750e-01 5.501574448942869733e-01 5.292811277941389392e-01
5.227094062344579406e-01 5.571913745754724090e-01 5.669488918748279982e-01 4.921919433204959282e-01 5.330112721417068489e-01 5.459002427223481613e-01 5.373276042421024634e-01 5.445377057713578495e-01 5.565660474716201955e-01 5.882048963245267714e-01
5.577071538857436561e-01 5.588544786388435215e-01 5.481265571314585250e-01 5.280050346129641081e-01 5.463088988268844925e-01 5.780488981048368391e-01 5.382072720202216720e-01 5.485036119711041991e-01 5.865114411882778045e-01 5.646284829721361920e-01
5.602781946394280732e-01 5.425135612051499301e-01 5.619745704135925557e-01 5.528448734269002518e-01 4.853319608852290634e-01 5.345403184386234852e-01 5.084418011342400900e-01 6.011859681915596720e-01 5.191919191919192045e-01 5.021935859869518515e-01
5.632763975155279379e-01 5.689585716817866512e-01 5.595959595959595356e-01 5.496654657745753125e-01 5.543958249698917040e-01 5.631542666602542546e-01 5.272727272727273373e-01 5.746661530559835640e-01 5.746661530559835640e-01 5.058007647935705009e-01
5.335820895522387364e-01 5.807533539731681849e-01 5.602781946394280732e-01 5.434343434343433810e-01 5.373376623376624472e-01 5.272727272727273373e-01 5.345403184386234852e-01 5.435576421491914445e-01 5.246916589479841964e-01 5.676767676767675574e-01
5.742713959032744730e-01 5.343441605123847582e-01 5.459002427223481613e-01 5.602781946394280732e-01 5.565660474716201955e-01 5.191919191919192045e-01 5.485036119711041991e-01 5.515151515151515138e-01 5.507600654028589338e-01 5.256166982922201303e-01
5.435576421491914445e-01 5.387527875375013320e-01 5.434343434343433810e-01 5.165667300411120877e-01 6.030202864735239032e-01 5.544105256335472021e-01 5.624247290244881459e-01 5.378776725393008551e-01 5.397584135391770843e-01 5.775599864819195295e-01
5.211038961038960693e-01 5.526709610254407767e-01 5.447880242994570521e-01 5.541906082821478341e-01 5.818322182192485759e-01 5.183824124589208049e-01 5.634434924520603793e-01 5.833333333333333703e-01 5.463088988268844925e-01 5.404411764705883137e-01
5.453740806900657656e-01 5.449253021532003416e-01 5.389636882904936810e-01 5.256166982922201303e-01 5.472207586933613976e-01 5.316839997416187291e-01 5.625121524402101336e-01 5.201379400091092897e-01 5.425135612051499301e-01 5.528448734269002518e-01
5.646284829721361920e-01 5.201379400091092897e-01 5.609017225543434515e-01 5.559072411342935727e-01 5.624247290244881459e-01 5.653163034823445177e-01 5.725521486378661873e-01 5.705942974922706412e-01 5.102879992229363282e-01 5.636854583772390459e-01
5.528448734269002518e-01 5.345712389308898693e-01 5.434343434343433810e-01 5.648604269293924229e-01 5.613243903638958088e-01 5.588544786388435215e-01 5.625121524402101336e-01 5.571913745754724090e-01 5.517083985393844703e-01 4.927536231884058204e-01
5.676767676767675574e-01 5.373376623376624472e-01 5.588544786388435215e-01 5.713638716356106428e-01 5.562684209669277458e-01 5.581903476640318607e-01 5.447880242994570521e-01 5.499440470977472462e-01 5.662232504337767480e-01 4.736842105263157632e-01
5.750433051108125859e-01 5.424642627491713665e-01 5.414046121593292238e-01 5.490664456686004113e-01 5.541906082821478341e-01 5.409415167617284137e-01 5.471236230110159138e-01 5.813204508856681940e-01 5.661622796347653974e-01 5.912321315827815393e-01
5.399846932959893042e-01 5.551889233954451219e-01 5.133402038245734600e-01 5.499440470977472462e-01 5.307560590094837494e-01 5.318428294605200835e-01 5.296985163010583531e-01 5.454545454545454142e-01 5.716034271725826121e-01 5.459002427223481613e-01
5.794513457556935698e-01 5.354068857589984187e-01 5.335820895522387364e-01 5.833605646689759006e-01 5.519492263930679821e-01 5.354068857589984187e-01 5.330112721417068489e-01 5.838383838383838231e-01 5.554531085353002773e-01 5.813204508856681940e-01
5.316839997416187291e-01 5.787734537305131433e-01 5.542359850157857482e-01 5.478328273367354395e-01 5.624151412540282502e-01 5.490664456686004113e-01 5.670023734684713768e-01 5.602781946394280732e-01 5.343441605123847582e-01 5.261747598196195863e-01
5.028038601982264266e-01 5.426656521668744571e-01 5.373376623376624472e-01 5.445377057713578495e-01 5.256166982922201303e-01 5.345712389308898693e-01 5.746661530559835640e-01 5.318428294605200835e-01 5.676767676767675574e-01 5.495938155136267378e-01
5.399846932959893042e-01 5.460568287775433571e-01 5.353535353535353591e-01 5.343441605123847582e-01 5.609017225543434515e-01 5.515151515151515138e-01 5.484400656814449881e-01 5.507600654028589338e-01 5.619745704135925557e-01 5.215193600628159620e-01
5.086477987421383906e-01 5.363010068892422044e-01 5.175075820237111657e-01 5.534149151070970607e-01 5.732689210950080438e-01 5.237009656250508627e-01 5.237009656250508627e-01 5.211676903771217395e-01 5.848336868412831180e-01 5.454545454545454142e-01
5.445813460519343119e-01 5.478328273367354395e-01 5.328165878548563050e-01 5.661622796347653974e-01 5.435576421491914445e-01 5.698051948051947591e-01 5.039275816264615626e-01 5.086477987421383906e-01 4.934971570485588988e-01 5.261747598196195863e-01
5.624463377584043577e-01 5.706137792468728431e-01 4.813619599578503605e-01 5.577830188679244738e-01 4.745484400656814206e-01 5.517083985393844703e-01 5.363010068892422044e-01 5.099342148979998379e-01 5.588523625906803849e-01 5.424642627491713665e-01
5.460568287775433571e-01 5.121271257318094072e-01 5.261747598196195863e-01 5.435576421491914445e-01 5.806940124733352970e-01 5.397584135391770843e-01 5.367257580478526080e-01 5.484647802528597182e-01 5.382618679179353993e-01 5.354068857589984187e-01
5.535714285714286031e-01 5.669488918748279982e-01 5.418349308292382815e-01 5.562684209669277458e-01 5.363010068892422044e-01 5.226438188494492154e-01 5.763838128779321668e-01 5.355069961689603586e-01 5.294234198533782632e-01 5.414046121593292238e-01
5.566502463054187055e-01 5.411326994625877962e-01 5.425135612051499301e-01 5.163290615957006890e-01 5.471236230110159138e-01 5.632206858683173056e-01 5.250000000000000222e-01 5.653163034823445177e-01 5.296985163010583531e-01 5.033306065209769420e-01
5.190647659448527351e-01 5.411326994625877962e-01 5.601703415051217938e-01 5.680776131304405840e-01 5.441416146261961462e-01 5.074607583489438856e-01 5.016665577413240706e-01 5.571913745754724090e-01 5.250000000000000222e-01 5.238095238095238360e-01
5.907399751963620105e-01 5.120046847550263625e-01 4.933218154030167835e-01 5.526709610254407767e-01 5.588523625906803849e-01 5.296985163010583531e-01 5.114599894011658821e-01 5.552835577315381466e-01 5.441416146261961462e-01 5.177326012761537255e-01
5.355069961689603586e-01 5.111111111111110716e-01 5.399846932959893042e-01 5.471236230110159138e-01 4.966638380006322961e-01 5.399846932959893042e-01 5.552835577315381466e-01 5.132921589688507202e-01 4.875284934157660399e-01 5.414046121593292238e-01
5.177326012761537255e-01 5.168370020964360156e-01 5.046562314246086922e-01 5.445813460519343119e-01 5.353535353535353591e-01 5.376791493296346758e-01 5.256166982922201303e-01 4.816805161632747856e-01 5.166666666666667185e-01 4.789813449905963028e-01
5.577830188679244738e-01 5.328165878548563050e-01 4.881176154672395295e-01 5.307560590094837494e-01 5.080611823067382460e-01 5.216226559510142025e-01 5.190647659448527351e-01 5.133402038245734600e-01 5.367257580478526080e-01 5.190647659448527351e-01
5.332154088050313767e-01 5.484400656814449881e-01 5.670217632834455568e-01 5.484400656814449881e-01 5.425135612051499301e-01 5.197403285638578785e-01 5.705942974922706412e-01 5.296985163010583531e-01 5.246916589479841964e-01 5.588544786388435215e-01
4.948976097527566509e-01 5.588523625906803849e-01 5.528616852146264193e-01 5.191053729786123672e-01 5.120879120879121560e-01 5.093984657552019790e-01 4.997898276586800748e-01 4.997898276586800748e-01 5.066559636096059638e-01 5.314391866116003893e-01
5.343441605123847582e-01 5.317412535955582387e-01 5.659722222222222099e-01 5.063239494084047498e-01 4.992753741186432004e-01 5.308037535699714482e-01 5.445813460519343119e-01 5.494005787515502393e-01 5.531248462585479642e-01 5.653163034823445177e-01
5.580531633662563218e-01 5.314391866116003893e-01 5.896910902029606216e-01 5.434822670084267227e-01 5.109546165884194524e-01 5.445377057713578495e-01 5.201379400091092897e-01 5.098359584340892425e-01 5.355069961689603586e-01 5.066559636096059638e-01
5.250262054507337517e-01 5.166666666666667185e-01 5.725521486378661873e-01 5.571913745754724090e-01 5.216226559510142025e-01 5.376791493296346758e-01 5.363010068892422044e-01 5.378776725393008551e-01 5.197403285638578785e-01 5.283336702378546024e-01
5.624463377584043577e-01 5.400921503434541471e-01 4.917223351728143843e-01 5.190647659448527351e-01 5.806940124733352970e-01 5.695239344692435424e-01 5.601703415051217938e-01 5.296985163010583531e-01 5.683464846460440922e-01 5.397322983529879714e-01
5.183528505134776809e-01 5.770154208092299619e-01 5.012448269608085205e-01 5.294234198533782632e-01 5.356356631810677005e-01 5.580531633662563218e-01 5.076400679117147874e-01 5.363010068892422044e-01 5.299422619344746899e-01 5.255404014410705038e-01
5.265466143929828924e-01 5.625121524402101336e-01 5.993265448187661271e-01 5.294234198533782632e-01 4.922693920335429740e-01 5.865114411882778045e-01 5.166036149642707631e-01 5.320197044334975534e-01 5.515197075054245612e-01 4.991511035653650175e-01
5.526709610254407767e-01 5.004585953878406546e-01 4.242445390466885180e-01 5.307560590094837494e-01 5.528616852146264193e-01 5.698051948051947591e-01 5.507081499068440245e-01 5.719383591237137132e-01 5.730706075533661403e-01 5.278926147093350174e-01
5.331069609507640417e-01 5.034586672145743291e-01 5.763838128779321668e-01 5.199367446063480891e-01 5.246179966044142162e-01 5.378776725393008551e-01 4.270502785417107372e-01 4.551694551694551727e-01 5.905398322851151960e-01 5.958383353341336619e-01
5.639372069578019175e-01 4.778613199665830980e-01 4.196950845852445156e-01 5.517083985393844703e-01 5.367562832693214547e-01 5.259764884338262725e-01 5.534119328331547072e-01 5.055919258046916998e-01 3.994444861496885268e-01 5.211038961038960693e-01
5.514652136354574186e-01 5.491143317230273713e-01 4.075079149706015147e-01 5.625121524402101336e-01 4.660948898874101021e-01 5.313926849196558555e-01 5.411326994625877962e-01 4.627622041182885559e-01 5.216424471220975079e-01 4.408772815814154811e-01
5.824720959073996784e-01 5.445813460519343119e-01 5.121271257318094072e-01 5.401030169242089229e-01 5.600621892672259516e-01 4.946432181119870819e-01 4.713345864661654394e-01 5.000000000000000000e-01 4.815706736236537444e-01 4.948976097527566509e-01
5.094887141184811785e-01 5.233794902669075544e-01 5.238095238095238360e-01 5.150177269382567591e-01 5.272561293688053929e-01 5.034586672145743291e-01 5.245969408846630211e-01 5.485308264839412473e-01 5.225237091675447587e-01 5.211676903771217395e-01
4.970676486633933133e-01 5.377028970618450421e-01 5.148529631288252251e-01 4.965091299677766301e-01 5.152295152295152114e-01 5.484647802528597182e-01 5.216424471220975079e-01 5.065598513874376430e-01 5.424642627491713665e-01 4.789813449905963028e-01
5.116779912853303136e-01 5.055919258046916998e-01 5.450675303427435781e-01 5.030658311434539343e-01 5.485308264839412473e-01 5.015999061835118011e-01 5.283336702378546024e-01 4.970676486633933133e-01 4.842397186147185950e-01 4.829760403530894974e-01
4.982667396460500053e-01 4.800190943807964850e-01 5.480254100943756645e-01 5.636412459720731016e-01 5.283336702378546024e-01 4.840396257567418647e-01 4.660948898874101021e-01 5.066559636096059638e-01 4.789813449905963028e-01 5.331069609507640417e-01
5.000000000000000000e-01 5.367201455783903175e-01 4.997898276586800748e-01 5.296985163010583531e-01 5.073891625615762901e-01 4.725827412195575117e-01 5.283727608140369458e-01 5.484647802528597182e-01 5.033306065209769420e-01 5.081967213114754189e-01
4.637494637494637417e-01 5.376791493296346758e-01 5.331069609507640417e-01 4.416916742270918794e-01 4.938668572109086163e-01 5.299422619344746899e-01 5.023732965855152166e-01 5.150177269382567591e-01 4.848469618535458103e-01 4.894600935005316011e-01
5.502311895754519178e-01 4.736842105263158187e-01 5.485308264839412473e-01 5.576684580405126823e-01 5.166036149642707631e-01 4.791666666666666297e-01 5.465814739013959977e-01 5.265466143929828924e-01 4.883442320171716977e-01 5.603354978354977423e-01
5.316534742029670468e-01 4.913829340058847861e-01 4.535658008437960520e-01 5.594028612896536634e-01 4.238442487616951304e-01 4.725827412195575117e-01 4.816504250466514536e-01 5.278926147093350174e-01 5.055919258046916998e-01 5.116779912853303136e-01
4.233824810784029280e-01 4.913829340058847861e-01 5.023732965855152166e-01 4.840396257567418647e-01 5.099763783484947410e-01 5.382618679179353993e-01 4.826739618406284960e-01 5.170469378165301055e-01 4.991511035653650175e-01 5.349702380952381375e-01
5.012383048981837730e-01 5.027566473585036722e-01 5.216226559510142025e-01 5.225694444444444198e-01 5.132921589688507202e-01 4.934100001731931417e-01 4.785471720880521973e-01 4.791666666666666297e-01 4.906621392190153585e-01 4.840396257567418647e-01
5.331069609507640417e-01 4.991511035653650175e-01 5.232147980624799466e-01 4.704861111111111605e-01 5.245205211610586282e-01 5.434822670084267227e-01 4.643721058815398761e-01 5.434253246753246724e-01 5.128687371863298594e-01 4.957852821016703881e-01
4.948976097527566509e-01 4.949832217566235704e-01 4.741121776175072355e-01 4.557329462989840319e-01 5.152295152295152114e-01 5.083450808402513177e-01 5.280486326399833619e-01 4.385026737967914756e-01 4.948993110757816671e-01 4.997898276586800748e-01
5.180600649350649567e-01 4.926948051948051299e-01 4.938668572109086163e-01 4.894894894894895043e-01 5.418242959226564626e-01 5.130233921152884680e-01 5.449054934585481069e-01 4.859614293817356989e-01 5.066495066495065869e-01 5.081967213114754189e-01
5.012383048981837730e-01 4.857142857142857095e-01 5.363990540839415067e-01 5.184369840396256812e-01 5.216836734693877098e-01 4.957852821016703881e-01 4.417582417582417431e-01 4.588744588744588793e-01 5.431590138879660579e-01 5.058683598327824438e-01
5.152295152295152114e-01 4.357638888888888951e-01 5.300751879699248104e-01 5.534149151070970607e-01 5.130233921152884680e-01 5.030658311434539343e-01 4.940330797683020192e-01 4.894894894894895043e-01 4.883769743401374930e-01 4.816504250466514536e-01
5.173497804582186665e-01 5.170469378165301055e-01 4.996432238639726409e-01 4.831798534110129939e-01 4.822395099114151207e-01 4.934100001731931417e-01 4.710986804360297597e-01 5.044043371084794281e-01 5.451788963007884181e-01 4.996432238639726409e-01
5.344347439818215584e-01 4.883769743401374930e-01 4.902895846292072424e-01 4.853095121781003662e-01 5.442350027517885991e-01 4.980694980694980734e-01 4.926389653274628744e-01 4.652737268211628030e-01 5.205807821382097966e-01 5.044043371084794281e-01
4.623087229391438790e-01 4.496422674738580483e-01 4.475968252284739934e-01 4.816504250466514536e-01 5.161290322580645018e-01 4.505104934770278735e-01 5.034586672145743291e-01 4.791666666666666297e-01 4.860473015248752970e-01 4.863365522909389727e-01
4.385026737967914756e-01 4.446795007404272804e-01 5.151963895352936751e-01 5.120879120879121560e-01 5.173497804582186665e-01 4.681318681318681341e-01 4.652406417112300296e-01 4.692144373673036717e-01 5.205807821382097966e-01 5.312500000000000000e-01
5.096049783549784218e-01 5.107293164065882518e-01 4.128998197738981690e-01 5.128622249235774699e-01 4.975671673365771319e-01 4.643721058815398761e-01 4.505104934770278735e-01 5.044043371084794281e-01 4.704861111111111605e-01 5.302750992626205084e-01
5.193889745232858068e-01 4.446795007404272804e-01 4.589134983045956573e-01 4.445333191133863382e-01 4.857142857142857095e-01 5.032967032967032850e-01 5.094659808028848547e-01 4.970676486633933133e-01 4.890275387263338658e-01 4.637494637494637417e-01
4.300645342312008901e-01 5.280486326399833619e-01 4.909413668876938530e-01 4.934100001731931417e-01 4.730112654640956649e-01 5.146140525791047526e-01 4.388327721661055003e-01 4.853095121781003662e-01 4.708855888474926532e-01 4.914421997755331617e-01
4.887525562372188048e-01 5.125496313102666512e-01 4.796312815938150731e-01 4.826739618406284960e-01 4.971226670864599129e-01 4.917890792101961006e-01 4.889706535843154622e-01 4.652406417112300296e-01 5.063817784359354590e-01 5.738468549054024370e-01
4.708276797829036853e-01 4.770986954055587148e-01 4.957852821016703881e-01 5.396890343698854675e-01 5.006275300065404776e-01 4.796312815938150731e-01 5.027566473585036722e-01 4.798733604703754319e-01 4.617819990954319387e-01 4.871662270948613482e-01
5.120879120879121560e-01 4.902895846292072424e-01 4.612462561180510345e-01 4.860473015248752970e-01 5.083450808402513177e-01 5.020696582898906968e-01 4.741532976827094181e-01 4.799379451378605332e-01 4.830159500818183571e-01 4.470518422614230825e-01
5.007237215778963524e-01 4.681706859257404596e-01 5.528343423225096087e-01 4.408772815814154811e-01 4.770986954055587148e-01 4.889706535843154622e-01 4.457575257883068520e-01 4.740249231267195107e-01 4.889706535843154622e-01 4.692144373673036717e-01
4.521148367302213478e-01 4.531698221457257647e-01 4.621342512908778177e-01 4.380608153063242916e-01 4.551694551694551727e-01 4.531698221457257647e-01 4.374274099883855849e-01 5.193889745232858068e-01 4.521148367302213478e-01 4.429834173423916610e-01
4.735376529351363883e-01 4.732406236831015467e-01 4.271571251158804428e-01 5.214123652864436353e-01 4.708276797829036853e-01 4.380608153063242916e-01 4.859614293817356989e-01 5.296703296703296759e-01 4.270502785417107372e-01 3.867686314118750635e-01
4.584114616518906171e-01 4.710986804360297597e-01 4.593406593406593186e-01 4.621398961011702333e-01 5.193889745232858068e-01 3.985491154045450735e-01 4.589134983045956573e-01 4.128998197738981690e-01 4.564352760248183705e-01 4.847503420564955867e-01
5.156330542668727812e-01 4.393382352941176405e-01 4.540676585979717128e-01 3.477936791890279822e-01 4.498953899430054859e-01 4.416477595008508339e-01 4.650338961716206088e-01 4.025735294117647189e-01 4.917890792101961006e-01 5.036868973340895561e-01
4.145408391283362803e-01 4.117647058823529216e-01 4.682359614293817307e-01 4.498953899430054859e-01 4.374274099883855849e-01 4.798733604703754319e-01 4.502940703266057332e-01 4.646486643437862663e-01 4.442053930005737117e-01 4.324174547274709512e-01
4.457575257883068520e-01 3.973263204032435048e-01 4.056025313287688339e-01 4.741532976827094181e-01 4.382648418785166089e-01 4.358648896410690088e-01 4.682359614293817307e-01 3.973263204032435048e-01 4.130143112701252228e-01 4.178709184308288527e-01
4.564352760248183705e-01 4.593406593406593186e-01 4.436906377204885565e-01 5.027566473585036722e-01 4.417582417582417431e-01 4.917890792101961006e-01 3.688639551192146038e-01 4.534207860075721297e-01 3.732706913520639769e-01 4.829506284138516126e-01
4.824016563146998338e-01 4.521148367302213478e-01 4.675137900274890512e-01 4.766161184030875964e-01 4.209558823529411797e-01 4.170552964690206199e-01 4.675137900274890512e-01 3.806771263418662343e-01 4.173121055651176081e-01 4.623655913978494403e-01
4.568345991717888133e-01 4.679316066661857176e-01 3.943798449612402890e-01 4.196950845852445156e-01 4.165535956580732613e-01 5.002104377104377164e-01 4.646486643437862663e-01 4.612462561180510345e-01 5.070104025327906161e-01 3.900608062457773251e-01
3.918404486453361812e-01 4.852941176470588758e-01 4.445333191133863382e-01 4.274354605251103889e-01 4.292237442922374191e-01 4.530154277699859899e-01 4.316487775790101011e-01 4.328556410114535180e-01 4.589134983045956573e-01 4.289799632318805900e-01
4.289799632318805900e-01 4.275955258614217991e-01 3.831346179201747248e-01 4.070096206759141744e-01 4.070096206759141744e-01 4.890275387263338658e-01 5.009436701509871748e-01 4.352409638554217142e-01 4.838976052848885656e-01 4.682359614293817307e-01
4.737224157955865489e-01 4.827961672473868315e-01 3.977761076101828941e-01 4.703776755058806103e-01 4.164974667450994650e-01 4.011324041811846763e-01 3.841911764705882026e-01 4.274354605251103889e-01 4.485294117647058987e-01 4.890275387263338658e-01
3.808528751644609800e-01 3.808528751644609800e-01 4.156147732585320220e-01 4.944852941176470784e-01 3.959682030284586429e-01 4.623655913978494403e-01 4.612462561180510345e-01 4.051900625242074172e-01 3.918404486453361812e-01 4.769230769230769496e-01
4.283536585365853577e-01 4.156147732585320220e-01 4.078022059367828467e-01 4.448145680657339396e-01 4.355614775334961664e-01 4.824016563146998338e-01 3.900608062457773251e-01 4.490591625699270617e-01 4.605212194986997298e-01 4.091133952619139258e-01
3.665540540540540571e-01 4.754043564650609621e-01 4.337377149877149618e-01 3.952871410736579216e-01 3.712934464379551436e-01 4.493091332762920720e-01 3.785049430537086868e-01 3.737929979540717262e-01 3.976611623670447404e-01 4.274354605251103889e-01
3.999523626303156942e-01 4.429834173423916610e-01 4.328556410114535180e-01 4.044918330308530097e-01 4.475497205251527388e-01 4.343151005142589782e-01 4.732406236831015467e-01 4.195495704666821202e-01 4.263083870012584486e-01 4.789649384901971674e-01
4.311044765250951483e-01 4.196950845852445156e-01 4.311554714239278496e-01 4.275955258614217991e-01 4.584769546627489034e-01 3.929138224440237859e-01 4.568345991717888133e-01 4.420775005072022368e-01 3.878670349258585004e-01 4.449610049526556699e-01
4.584769546627489034e-01 4.275955258614217991e-01 4.493091332762920720e-01 3.953470515970515242e-01 3.975217746067288282e-01 3.615045275133503822e-01 4.070096206759141744e-01 4.703776755058806103e-01 3.994444861496885268e-01 4.249649368863954724e-01
4.220495386109761604e-01 4.208057862914617586e-01 3.595703903299872772e-01 4.789575326488078044e-01 4.337377149877149618e-01 4.732406236831015467e-01 3.953470515970515242e-01 4.044918330308530097e-01 4.088281660535996176e-01 3.929091792132103356e-01
3.727651672296963814e-01 3.367665418227215879e-01 4.025735294117647189e-01 4.560428692165219289e-01 4.448145680657339396e-01 4.074116898884200255e-01 3.808528751644609800e-01 4.530154277699859899e-01 3.977761076101828941e-01 4.423018753781004508e-01
3.971581737380178723e-01 4.355614775334961664e-01 3.584846526022996693e-01 4.233968542044767025e-01 4.104102059386083856e-01 3.833534101990477838e-01 4.275955258614217991e-01 4.490591625699270617e-01 4.024742346889997879e-01 4.316487775790101011e-01
3.592337784972345349e-01 3.952871410736579216e-01 4.801119177253477810e-01 3.642325857090957797e-01 3.665540540540540571e-01 4.328493647912886044e-01 3.880339285375433711e-01 4.024742346889997879e-01 4.098753966411268213e-01 4.407158836689038517e-01
4.623655913978494403e-01 3.976611623670447404e-01 4.266828544448941218e-01 4.164974667450994650e-01 3.901959241482414464e-01 3.808528751644609800e-01 4.017815849269067430e-01 3.948412698412697708e-01 3.636877828054298489e-01 4.737224157955865489e-01
4.120346469339757900e-01 3.929091792132103356e-01 4.380952380952380931e-01 4.024742346889997879e-01 4.492092218113147850e-01 4.459540190013682182e-01 4.088281660535996176e-01 4.396413704771053310e-01 3.904761904761904767e-01 4.476190476190476386e-01
4.544488510218410160e-01 3.619047619047619513e-01 3.871938460312082109e-01 3.734822729480330450e-01 4.195495704666821202e-01 4.000314737587536418e-01 4.485720919433480725e-01 4.024742346889997879e-01 3.682787800434859093e-01 3.808528751644609800e-01
3.976611623670447404e-01 4.047619047619047672e-01 4.317629917435649167e-01 3.595703903299872772e-01 4.164974667450994650e-01 4.388979181177927735e-01 4.195495704666821202e-01 3.615652208883795016e-01 4.074116898884200255e-01 3.855337078651685512e-01
3.452380952380952883e-01 4.529330466830466806e-01 4.074552898082309804e-01 3.637688198154443997e-01 4.170472721666569904e-01 3.750000000000000000e-01 3.929138224440237859e-01 4.170472721666569904e-01 3.628874533278018122e-01 3.808528751644609800e-01
3.878670349258585004e-01 3.785049430537086868e-01 3.833534101990477838e-01 4.040885585003232139e-01 4.245474406991260885e-01 4.074552898082309804e-01 3.332543116221182711e-01 3.925524100129965666e-01 3.925205950334854088e-01 3.785049430537086868e-01
3.737879767291532040e-01 3.727651672296963814e-01 3.615652208883795016e-01 4.071225014448275337e-01 4.050405742821472921e-01 3.515316205533596250e-01 3.952871410736579216e-01 3.628874533278018122e-01 3.495318678166806636e-01 4.047619047619047672e-01
3.737879767291532040e-01 3.826428811315909506e-01 4.094803427015774600e-01 3.584846526022996693e-01 3.615652208883795016e-01 4.002012228155715778e-01 3.688693607754716663e-01 3.977761076101828941e-01 4.023983089353799780e-01 3.636877828054298489e-01
3.816734029076430668e-01 4.023983089353799780e-01 3.682787800434859093e-01 3.808528751644609800e-01 3.650793650793651146e-01 4.113879941986400834e-01 3.757802746566791807e-01 3.750000000000000000e-01 3.679145257319957341e-01 4.023983089353799780e-01
3.475246717233504978e-01 3.540553666828557544e-01 3.871938460312082109e-01 3.971581737380178723e-01 3.737879767291532040e-01 3.577195987276730604e-01 4.354731588834702682e-01 3.925205950334854088e-01 3.971581737380178723e-01 3.636877828054298489e-01
3.431804547053103893e-01 4.194891504523980963e-01 3.615652208883795016e-01 4.146825396825396526e-01 3.495318678166806636e-01 3.556570268899035825e-01 3.826428811315909506e-01 3.737879767291532040e-01 3.658041603247082496e-01 3.618247694334650322e-01
3.750000000000000000e-01 4.343008739076154590e-01 3.672651906175890546e-01 3.615652208883795016e-01 3.925205950334854088e-01 3.606892753167046939e-01 3.475246717233504978e-01 3.615652208883795016e-01 3.573008629107794487e-01 3.658041603247082496e-01
3.615652208883795016e-01 3.636877828054298489e-01 4.098670233692658926e-01 3.636877828054298489e-01 3.976611623670447404e-01 3.716193118980112842e-01 3.803603745377291956e-01 3.455098934550988599e-01 3.495318678166806636e-01 3.577195987276730604e-01
3.473365352039697873e-01 3.414570388691158254e-01 3.252156265854896366e-01 3.314029478594840428e-01 3.290446825510642825e-01 3.434873949579831942e-01 3.694451116982945260e-01 3.515111298787477190e-01 3.860984271943176394e-01 3.495318678166806636e-01
3.905062383479133148e-01 3.384576612903225645e-01 3.347193347193346824e-01 3.658041603247082496e-01 3.597754604494888264e-01 3.434873949579831942e-01 3.328368398187798172e-01 3.431804547053103893e-01 3.574876198834074925e-01 3.412384716732542733e-01
3.315508021390374260e-01 3.347193347193346824e-01 3.615652208883795016e-01 3.962455606291222510e-01 3.721179183135705504e-01 3.535875888817064938e-01 3.475246717233504978e-01 3.824110671936759576e-01 3.473365352039697873e-01 4.122760228372744917e-01
3.535240695918409615e-01 3.412384716732542733e-01 3.261455525606469230e-01 3.721179183135705504e-01 3.290446825510642825e-01 3.384576612903225645e-01 3.574876198834074925e-01 3.495318678166806636e-01 3.431804547053103893e-01 3.475246717233504978e-01
4.063926940639269736e-01 3.392882751838725008e-01 3.328368398187798172e-01 3.328368398187798172e-01 3.659043659043659247e-01 3.495318678166806636e-01 3.243243243243242868e-01 3.535240695918409615e-01 3.816734029076430668e-01 3.597754604494888264e-01
3.470402641091540064e-01 3.555093555093555291e-01 3.347193347193346824e-01 3.838881706528765592e-01 3.515316205533596250e-01 3.574876198834074925e-01 3.373297447190277687e-01 3.508686749276983541e-01 3.984993067449636439e-01 3.905062383479133148e-01
3.515316205533596250e-01 3.470402641091540064e-01 3.373297447190277687e-01 3.347193347193346824e-01 3.555093555093555291e-01 3.535240695918409615e-01 3.577195987276730604e-01 3.403136940322137871e-01 3.279569892473118142e-01 3.431804547053103893e-01
3.347193347193346824e-01 3.384576612903225645e-01 3.555093555093555291e-01 3.489583333333333703e-01 3.243243243243242868e-01 3.384576612903225645e-01 3.535240695918409615e-01 3.555093555093555291e-01 3.700190530822970447e-01 3.279569892473118142e-01
3.421611068669891953e-01 3.384576612903225645e-01 3.403136940322137871e-01 3.421611068669891953e-01 3.577195987276730604e-01 3.347193347193346824e-01 3.470402641091540064e-01 3.431804547053103893e-01 3.365929083349004647e-01 3.594590053763440651e-01
3.315508021390374260e-01 3.279569892473118142e-01 3.762993762993763758e-01 3.431804547053103893e-01 3.431804547053103893e-01 3.333333333333333148e-01 3.638676844783714781e-01 3.555093555093555291e-01 3.297587131367291646e-01 3.365929083349004647e-01
3.392882751838725008e-01 3.431804547053103893e-01 3.333333333333333148e-01 3.421611068669891953e-01 3.421611068669891953e-01 3.384576612903225645e-01 3.333333333333333148e-01 3.421611068669891953e-01 3.328368398187798172e-01 3.333333333333333148e-01
3.333333333333333148e-01 3.333333333333333148e-01 3.333333333333333148e-01 3.384576612903225645e-01 3.594590053763440651e-01 3.328368398187798172e-01 3.333333333333333148e-01 3.333333333333333148e-01 3.315508021390374260e-01 3.577195987276730604e-01
