0.000000000000000000e+00 0.000000000000000000e+00 0.000000000000000000e+00 0.000000000000000000e+00 0.000000000000000000e+00 0.000000000000000000e+00 0.000000000000000000e+00 0.000000000000000000e+00 0.000000000000000000e+00 0.000000000000000000e+00
1.043344060076666496e-01 1.209952869220500271e-01 1.368611017674647434e-01 1.292004221630691230e-01 1.685401943200768859e-01 1.469693845669906851e-01 6.446583712203042549e-02 1.627792533482529946e-01 9.615088296963139602e-02 8.810155151474870217e-02
1.226832262029791121e-01 1.374323630069464175e-01 6.492274731611955008e-02 7.233408699097387817e-02 1.289316742440608510e-01 9.637388493048533455e-02 9.669875568304563129e-02 1.044825700980733796e-01 8.094048852977200892e-02 7.259717215323001349e-02
1.618809770595440178e-01 5.706163598265194536e-02 1.071311336459427888e-01 1.361569432500661925e-01 1.520778838198804939e-01 1.130503693926854791e-01 1.445608273957280088e-01 1.362793865690998529e-01 1.371279918449900270e-01 4.012861769525639943e-02
1.205568116516231303e-01 8.939544805534739569e-02 1.286978904175573590e-01 7.223151185146152453e-02 1.933975113660912626e-01 1.298454946322391002e-01 7.360993572178746447e-02 7.259717215323001349e-02 8.892682312214179874e-02 1.680860821167100005e-01
7.223151185146152453e-02 1.544103193683273034e-01 9.712858623572641348e-02 1.050953364170766624e-01 8.012573580802616335e-02 8.002304995805997745e-02 1.212638497120115399e-01 5.658979653227205059e-02 1.205568116516231303e-01 1.306394529484361522e-01
1.548815833814838339e-01 1.133166839416808180e-01 1.527052947587226317e-01 5.706163598265194536e-02 1.785375551193287558e-01 9.624980365728481868e-02 1.048625819991100133e-01 8.020816971440401788e-02 1.226832262029791121e-01 1.377749527404283358e-01
1.687795363122723824e-01 1.447851267197520497e-01 1.289316742440608510e-01 1.460761814612689669e-01 1.282011772928418614e-01 9.832102880166933290e-02 8.058229640253802839e-02 1.618809770595440109e-02 1.618809770595440178e-01 1.366310532051728810e-01
1.600460999161199688e-02 1.364373001638717608e-01 1.139454773437770935e-01 4.856429311786320674e-02 3.212462831016178050e-02 1.302234026786023846e-01 4.025326522572492821e-02 2.091340719285307292e-01 5.618006477335896198e-02 4.826170890658401658e-02
1.785375551193287558e-01 1.289316742440608510e-01 6.401843996644798751e-02 5.611504152845288307e-02 2.166945355543845597e-01 1.053573168015040085e-01 1.536008763018812673e-01 8.855718349659483235e-02 3.200102404915462079e-02 2.091340719285307292e-01
1.524887472419743373e-01 9.607689228305227314e-02 1.284985132406471220e-01 1.520194597363490885e-01 1.126106541153626961e-01 6.475239082381760436e-02 3.223291856101521274e-02 7.214791053658227427e-02 1.212638497120115399e-01 9.637388493048533455e-02
1.769595993241413756e-01 1.133166839416808180e-01 4.834937784152281565e-02 6.405126152203485801e-02 1.212638497120115399e-01 9.712858623572641348e-02 1.450481335245684400e-01 1.371279918449900270e-01 8.939544805534739569e-02 1.046584895868848120e-01
1.306394529484361522e-01 7.293968086257969496e-02 1.766854557058897823e-01 1.056491658835923692e-01 1.377749527404283358e-01 4.801382997483599063e-02 5.658979653227205059e-02 8.075026385191820533e-02 1.845916413981794624e-01 1.687795363122723824e-01
1.298454946322391002e-01 1.053573168015040085e-01 7.208308760297621465e-02 4.018560388387437676e-02 1.042136485528410567e-01 1.215661347709661722e-01 0.000000000000000000e+00 8.193419066805777973e-02 2.021064161866858999e-01 1.133166839416808180e-01
1.122914376001656195e-01 1.046584895868848120e-01 1.681938710736111675e-01 1.286978904175573590e-01 9.738412097417932511e-02 1.559631572996531823e-01 1.776505804742200545e-01 7.214791053658227427e-02 9.064942077733620374e-02 4.018560388387437676e-02
4.883377600447589423e-02 1.377749527404283358e-01 8.840832854452362888e-02 7.336496054912393372e-02 8.058229640253802839e-02 1.623068682902988752e-02 8.892682312214179874e-02 1.606231415508088956e-01 8.058229640253802839e-02 5.658979653227205059e-02
1.041200154265212036e-01 1.292004221630691230e-01 9.637388493048533455e-02 1.385782588150118733e-01 8.872987707617001341e-02 1.161196126711180471e-01 1.627792533482529808e-02 5.688801239885742794e-02 2.404930351219409027e-02 1.453504749334527668e-01
-8.037120776774875353e-03 1.284985132406471220e-01 1.761409691855958526e-01 4.826170890658401658e-02 1.121760301312366287e-01 1.469693845669906851e-01 1.776505804742200545e-01 8.031157077540444778e-02 1.615005277038364037e-02 3.246137365805977504e-02
1.443747054859272072e-01 7.336496054912393372e-02 7.314173022710240835e-02 3.208326788576160160e-02 8.939544805534739569e-02 5.625984543742412747e-02 1.209952869220500271e-01 8.043618151097335633e-02 8.043618151097335633e-02 1.126106541153626961e-01
1.368611017674647434e-01 1.295047816476352087e-01 7.259717215323001349e-02 1.638683813361155595e-01 1.772810520855836458e-01 1.219028837118373565e-01 1.559631572996531823e-01 1.371279918449900270e-01 6.460021108153456149e-02 1.143095213298816332e-01
9.909574797525763645e-02 1.527052947587226317e-01 1.685401943200768859e-01 1.226832262029791121e-01 1.053573168015040085e-01 7.275830982720692119e-02 6.416653577152320320e-02 7.259717215323001349e-02 4.883377600447589423e-02 8.828295892956408708e-02
8.058229640253802839e-02 2.402769586765873822e-02 1.071311336459427888e-01 8.075026385191820533e-02 2.091340719285307292e-01 4.856429311786320674e-02 9.690031662230184917e-02 1.362793865690998529e-01 1.044825700980733796e-01 9.064942077733620374e-02
5.706163598265194536e-02 1.298454946322391002e-01 6.434894520877867952e-02 2.000256049162488226e-01 7.233408699097387817e-02 3.217447260438933976e-02 1.053573168015040085e-01 1.147078669352808861e-01 0.000000000000000000e+00 5.635457131601489394e-02
8.164965809277259512e-02 1.600051202457731039e-02 8.840832854452362888e-02 1.124361990855662213e-01 7.293968086257969496e-02 1.611645928050760568e-01 7.233408699097387817e-02 1.843779935934880265e-01 6.492274731611955008e-02 1.122914376001656195e-01
1.460761814612689669e-01 4.869206048708966256e-02 8.058229640253802839e-02 9.652341781316803315e-02 1.000000000000000056e-01 1.413284718479225210e-01 8.892682312214179874e-02 2.472256930290987406e-02 4.052204492365538840e-02 9.652341781316803315e-02
1.456928793535896272e-01 6.446583712203042549e-02 8.892682312214179874e-02 8.001024196649952208e-03 1.390409896967096659e-01 9.712858623572641348e-02 9.615088296963139602e-02 1.780690747654984363e-01 1.231288083944630241e-01 1.766854557058897823e-01
1.219028837118373565e-01 7.416770790872961872e-02 5.673086289311754515e-02 4.004615977943123267e-02 1.286978904175573590e-01 1.381566015400823300e-01 2.438057674236747061e-02 6.424925662032356100e-02 0.000000000000000000e+00 8.855718349659483235e-02
1.306394529484361522e-01 1.136148078032092057e-01 7.223151185146152453e-02 1.385782588150118733e-01 1.855261066138100268e-01 7.336496054912393372e-02 1.524887472419743373e-01 1.772810520855836458e-01 1.209952869220500271e-01 1.701925886793526355e-01
6.434894520877867952e-02 1.201384793382936911e-01 1.377749527404283358e-01 3.223291856101521274e-02 3.205029432321046534e-02 7.314173022710240835e-02 1.231288083944630241e-01 7.199999999999999456e-02 9.637388493048533455e-02 6.434894520877867952e-02
9.652341781316803315e-02 5.768599504012304063e-02 9.832102880166933290e-02 1.130503693926854791e-01 1.212638497120115399e-01 4.089440873432637069e-02 1.289316742440608510e-01 5.635457131601489394e-02 9.766755200895178846e-02 1.207597956771747777e-01
4.954787398762881823e-02 6.401843996644798751e-02 1.606231415508088956e-01 1.253093039736596637e-01 8.058229640253802839e-02 5.606462369120372019e-02 8.138962667412649732e-02 9.652341781316803315e-02 1.284985132406471220e-01 5.658979653227205059e-02
4.869206048708966256e-02 9.029445948927289356e-02 1.133166839416808180e-01 1.209952869220500271e-01 0.000000000000000000e+00 1.284985132406471220e-01 1.701925886793526355e-01 4.800153607373192771e-02 1.046584895868848120e-01 9.690031662230184917e-02
1.780690747654984363e-01 4.818694246524266728e-02 1.527052947587226317e-01 8.002304995805997745e-02 1.280368799328959750e-01 6.511170133930119230e-02 4.834937784152281565e-02 8.104408984731078375e-03 3.208326788576160160e-02 0.000000000000000000e+00
2.147074539463915410e-01 4.869206048708966256e-02 4.042128323733717998e-02 9.600307214746385542e-02 5.646446723029001358e-02 1.776505804742200545e-01 4.869206048708966256e-02 8.892682312214179874e-02 1.385782588150118733e-01 1.447851267197520497e-01
7.223151185146152453e-02 1.469693845669906851e-01 4.834937784152281565e-02 1.374323630069464175e-01 1.161196126711180471e-01 1.802552194697271126e-01 -4.002049574207380833e-02 0.000000000000000000e+00 4.807544148481569801e-02 -8.001024196649952208e-03
0.000000000000000000e+00 4.856429311786320674e-02 1.053573168015040085e-01 1.536008763018812673e-01 9.738412097417932511e-02 8.138962667412649732e-02 1.360696855230509594e-01 -1.623068682902988752e-02 7.200921776984957334e-02 1.548815833814838339e-01
8.855718349659483235e-02 1.474815432025040063e-01 1.460761814612689669e-01 5.646446723029001358e-02 1.445608273957280088e-01 2.344434427765556272e-01 1.041200154265212036e-01 8.855718349659483235e-02 8.840832854452362888e-02 1.048625819991100133e-01
1.371279918449900270e-01 1.693934016908700269e-01 9.652341781316803315e-02 1.539837707098904718e-01 1.063254627092485721e-01 1.042136485528410567e-01 3.230010554076728074e-02 4.104293613148767700e-02 1.067116339418679588e-01 2.266333678833616361e-01
8.075026385191820533e-02 4.018560388387437676e-02 1.040532889293919044e-01 9.738412097417932511e-02 1.632993161855451902e-01 1.802552194697271126e-01 3.246137365805977504e-02 4.869206048708966256e-02 3.246137365805977504e-02 1.219028837118373565e-01
8.855718349659483235e-02 2.438057674236747061e-02 1.130503693926854791e-01 4.856429311786320674e-02 0.000000000000000000e+00 -1.638683813361155664e-02 9.607689228305227314e-02 8.939544805534739569e-02 1.298454946322391002e-01 0.000000000000000000e+00
5.673086289311754515e-02 1.295047816476352087e-01 8.012573580802616335e-02 1.286978904175573590e-01 -8.016434504064697333e-03 8.208587226297536094e-03 8.075026385191820533e-02 1.780690747654984363e-01 1.623068682902988613e-01 1.374323630069464175e-01
1.693934016908700269e-01 1.887975062048433128e-01 2.016588115367500267e-01 1.606231415508089025e-02 1.711849079479558222e-01 4.137887736954129481e-02 6.410058864642093068e-02 1.139454773437770935e-01 8.804509063256238388e-02 5.688801239885742794e-02
1.059716096820678966e-01 7.416770790872961872e-02 1.120897076635609946e-01 7.233408699097387817e-02 9.189348958068375983e-02 1.053573168015040085e-01 6.475239082381760436e-02 1.553987531904402197e-01 6.666666666666666574e-02 1.706640371965722769e-01
7.203689233573286332e-02 5.658979653227205059e-02 1.385782588150118733e-01 4.075831141617995701e-02 1.226832262029791121e-01 8.058229640253802839e-02 9.652341781316803315e-02 4.012861769525639943e-02 1.632993161855451902e-01 2.453664524059582380e-02
6.531972647421807610e-02 4.898979485566355707e-02 9.738412097417932511e-02 6.666666666666666574e-02 1.644879237399422475e-02 1.050953364170766624e-01 1.207597956771747777e-01 1.809367161139364688e-01 1.447851267197520497e-01 7.214791053658227427e-02
1.460761814612689669e-01 1.059716096820678966e-01 1.780690747654984363e-01 4.883377600447589423e-02 4.856429311786320674e-02 4.934637712198267079e-02 5.688801239885742794e-02 1.143095213298816332e-01 4.075831141617995701e-02 1.292004221630691230e-01
8.840832854452362888e-02 2.431322695419323165e-02 7.203689233573286332e-02 4.934637712198267079e-02 3.223291856101521274e-02 1.627792533482529946e-01 1.445608273957280088e-01 8.006407690254356557e-02 8.002304995805997745e-02 -2.472256930290987406e-02
-6.405126152203485801e-02 4.089440873432637069e-02 1.056491658835923692e-01 5.725217222805692452e-02 1.701925886793526355e-01 1.041200154265212036e-01 1.559631572996531823e-01 4.869206048708966256e-02 6.531972647421807610e-02 4.089440873432637069e-02
4.801382997483599063e-02 1.053573168015040085e-01 0.000000000000000000e+00 1.371279918449900270e-01 1.126106541153626961e-01 -1.684064984606185172e-02 1.717565166841707736e-01 6.460021108153456149e-02 1.638683813361155664e-02 7.208308760297621465e-02
1.207597956771747777e-01 3.217447260438933976e-02 1.529624078577547230e-01 2.088100840160515559e-01 7.336496054912393372e-02 8.012573580802616335e-02 7.482095568419427911e-02 3.212462831016178050e-02 3.202563076101742900e-02 8.939544805534739569e-02
4.856429311786320674e-02 1.492966448628660625e-01 9.064942077733620374e-02 -2.425276994240230591e-02 -8.208587226297536094e-03 4.004615977943123267e-02 7.214791053658227427e-02 1.091666350417214992e-01 6.410058864642093068e-02 1.005037815259212097e-01
1.321276639670101727e-01 9.637388493048533455e-02 8.193419066805777973e-02 9.064942077733620374e-02 6.434894520877867952e-02 5.658979653227205059e-02 1.080747137660584001e-01 3.255585066965059615e-02 1.565762722517625438e-01 8.094048852977200892e-02
5.635457131601489394e-02 1.306394529484361522e-01 6.554735253444622656e-02 1.067116339418679588e-01 0.000000000000000000e+00 2.182749294816207497e-01 1.050953364170766624e-01 -8.066352461470001692e-03 -3.200102404915462079e-02 8.138962667412649732e-02
9.237176811222588824e-02 7.245587740630486662e-02 8.294258047937003164e-02 2.431322695419323165e-02 1.450481335245684400e-01 -8.966828511559590820e-02 1.544103193683273034e-01 -1.618809770595440109e-02 3.255585066965059615e-02 7.360993572178746447e-02
1.651595799587627367e-01 1.368611017674647434e-01 4.008217252032348493e-02 7.293968086257969496e-02 1.044825700980733796e-01 7.245587740630486662e-02 1.133166839416808180e-01 3.237619541190880218e-02 -2.445498684970797559e-02 4.075831141617995701e-02
-3.230010554076728074e-02 8.855718349659483235e-02 4.826170890658401658e-02 4.033176230735000672e-02 -6.492274731611955008e-02 5.819407664326221863e-02 3.237619541190880218e-02 3.223291856101521274e-02 1.215661347709661722e-01 8.257978997938136834e-02
8.164965809277259512e-02 7.518558238419580098e-02 1.151415466179595698e-01 1.632993161855451902e-02 1.005037815259212097e-01 -2.482732642172477688e-02 5.606462369120372019e-02 5.688801239885742794e-02 8.115343414514943066e-02 8.094048852977200892e-02
1.381566015400823300e-01 1.565762722517625438e-01 4.818694246524266728e-02 8.115343414514943066e-02 2.482732642172477688e-02 5.025189076296060486e-02 4.042128323733717998e-02 1.852471483066803759e-01 4.916051440083466645e-02 5.688801239885742794e-02
2.472256930290987406e-02 1.737912849520734382e-01 1.608723630219467127e-01 4.845015831115092458e-02 1.306394529484361522e-01 6.460021108153456149e-02 1.447851267197520497e-01 3.333333333333333287e-02 8.695980950674561671e-02 1.377749527404283358e-01
3.255585066965059615e-02 2.356789085095521985e-01 6.434894520877867952e-02 1.136148078032092057e-01 5.602869403890333583e-02 8.138962667412649732e-02 3.277367626722311328e-02 1.469693845669906851e-01 -8.240856434303290776e-03 1.623068682902988752e-02
5.768599504012304063e-02 4.137887736954129481e-02 7.482095568419427911e-02 4.025326522572492821e-02 1.156117059711339184e-01 2.548144034458188489e-02 1.005037815259212097e-01 1.527052947587226317e-01 1.469693845669906851e-01 2.462576167889260481e-02
3.205029432321046534e-02 9.766755200895178846e-02 1.315903389919537980e-01 1.080747137660584001e-01 1.050953364170766624e-01 1.136148078032092057e-01 3.230010554076728074e-02 1.706640371965722769e-01 7.275830982720692119e-02 1.377749527404283358e-01
1.465013280134276896e-01 -1.644879237399422475e-02 5.706163598265194536e-02 8.224396186997111335e-02 5.725217222805692452e-02 3.277367626722311328e-02 1.151415466179595698e-01 1.209952869220500271e-01 8.519977207387462170e-02 -1.739196190134912473e-02
5.025189076296060486e-02 1.492966448628660625e-01 1.128152149635532342e-01 8.075026385191820533e-02 1.381566015400823300e-01 2.431322695419323165e-02 -1.611645928050760637e-02 3.387398604503846083e-02 6.606383198350508634e-02 0.000000000000000000e+00
5.635457131601489394e-02 1.737912849520734382e-01 1.864014066488147991e-01 1.298454946322391002e-01 1.717565166841707736e-01 6.666666666666666574e-02 -8.025723539051281274e-03 8.275775473908258961e-03 3.303191599175254317e-02 3.265986323710903805e-02
6.460021108153456149e-02 6.511170133930119230e-02 4.033176230735000672e-02 0.000000000000000000e+00 1.215661347709661722e-01 8.043618151097335633e-02 7.360993572178746447e-02 5.706163598265194536e-02 -1.627792533482529808e-02 -5.768599504012304063e-02
8.996769921551801830e-02 1.536008763018812673e-01 7.259717215323001349e-02 4.222003309207490729e-02 1.130503693926854791e-01 5.600716937654966893e-02 4.954787398762881823e-02 7.692307692307692735e-02 -5.025189076296060486e-02 -9.690031662230184917e-02
1.289316742440608510e-01 8.996769921551801830e-02 9.797958971132711414e-02 7.360993572178746447e-02 4.042128323733717998e-02 -6.492274731611955008e-02 5.945669413735772679e-02 -4.089440873432637069e-02 5.725217222805692452e-02 1.005037815259212097e-01
8.138962667412649732e-02 1.499999999999999944e-01 4.120428217151645561e-02 1.222749342485398849e-01 8.333333333333332871e-02 9.766755200895178846e-02 4.089440873432637069e-02 -8.126858914122490202e-03 1.241366321086238844e-01 6.492274731611955008e-02
1.231288083944630241e-01 1.340050420345616222e-01 2.407717061715384035e-02 5.746011058408274919e-02 4.869206048708966256e-02 9.953109657524404630e-02 8.914849883204185865e-02 8.397433464747807233e-03 1.644879237399422475e-02 6.446583712203042549e-02
1.259615019712171102e-01 0.000000000000000000e+00 1.215661347709661722e-01 1.306394529484361522e-01 1.219028837118373565e-01 8.240856434303290776e-03 5.725217222805692452e-02 4.916051440083466645e-02 4.025326522572492821e-02 1.627792533482529808e-02
8.050653045144984601e-03 5.819407664326221863e-02 8.084256647467435303e-03 7.387728503667781443e-02 1.226832262029791121e-01 -1.615005277038364037e-02 -1.632993161855451902e-02 1.693699302251923042e-02 6.736259938424740690e-02 4.869206048708966256e-02
-3.223291856101521274e-02 7.336496054912393372e-02 1.253093039736596637e-01 1.282051282051281937e-01 1.371279918449900270e-01 1.212638497120115399e-01 5.793042831735781273e-02 5.658979653227205059e-02 9.869275424396534158e-02 0.000000000000000000e+00
9.766755200895178846e-02 5.706163598265194536e-02 -3.255585066965059615e-02 0.000000000000000000e+00 8.996769921551801830e-02 8.224396186997111335e-02 1.219028837118373565e-01 1.618809770595440109e-02 1.371279918449900270e-01 1.453504749334527668e-01
5.688801239885742794e-02 6.446583712203042549e-02 -1.623068682902988752e-02 1.205568116516231303e-01 1.953351040179035769e-01 1.067116339418679588e-01 -1.675063025432020278e-02 7.448197926517433065e-02 9.738412097417932511e-02 2.438057674236747061e-02
7.482095568419427911e-02 3.237619541190880218e-02 1.912091089707187164e-01 5.746011058408274919e-02 6.531972647421807610e-02 1.231288083944630241e-01 1.863069232477115589e-01 7.387728503667781443e-02 4.104293613148767700e-02 -1.043517714080947484e-01
1.136148078032092057e-01 -2.472256930290987406e-02 4.176976799121989020e-02 1.864014066488147991e-01 1.086013967771717187e-01 1.460761814612689669e-01 1.601281538050871450e-02 4.812490182864240934e-02 1.644879237399422267e-01 -5.602869403890333583e-02
-3.289758474798844951e-02 6.554735253444622656e-02 3.265986323710903805e-02 6.531972647421807610e-02 -1.219028837118373565e-01 1.347251987684948138e-01 4.222003309207490729e-02 2.533201985524494160e-02 9.343194793013356869e-02 3.255585066965059615e-02
8.294258047937003164e-02 8.397433464747807233e-03 1.166666666666666685e-01 -1.703995441477492573e-02 2.506186079473193482e-02 8.892682312214179874e-02 1.604361257498846394e-01 1.627792533482529808e-02 1.063254627092485721e-01 0.000000000000000000e+00
5.000000000000000278e-02 1.236128465145493738e-01 1.059716096820678966e-01 7.644432103374565468e-02 0.000000000000000000e+00 -1.618809770595440109e-02 1.172544117802414021e-01 1.572397340042569203e-01 -8.151662283235992443e-03 1.321276639670101727e-01
4.954787398762881823e-02 1.253093039736596637e-01 2.494031856139809419e-02 5.878203425323465237e-02 4.856429311786320674e-02 -1.292004221630691230e-01 1.565762722517625438e-01 0.000000000000000000e+00 8.193419066805777973e-02 6.531972647421807610e-02
-1.130503693926854791e-01 8.397433464747807233e-03 1.126354084206553224e-01 8.240856434303290776e-03 1.632993161855451902e-02 3.407990882954985146e-02 -8.151662283235992443e-03 -8.224396186997111335e-02 1.266600992762247080e-01 4.042128323733717998e-02
4.052204492365538840e-02 -9.064942077733620374e-02 -4.273504273504273587e-02 4.052204492365538840e-02 2.453664524059582380e-02 -8.818077954471166546e-02 9.953109657524404630e-02 4.883377600447589423e-02 4.934637712198267079e-02 3.333333333333333287e-02
4.834937784152281565e-02 1.469693845669906851e-01 -8.126858914122490202e-03 -2.425276994240230591e-02 -8.275775473908258961e-03 1.143095213298816332e-01 6.446583712203042549e-02 1.236128465145493738e-01 9.288407280256479048e-02 1.693699302251923111e-01
1.075850811608073665e-01 1.266600992762247080e-01 -7.557690118273026336e-02 6.492274731611955008e-02 8.075026385191820533e-02 4.301881107663894227e-02 5.688801239885742794e-02 1.773241389867145912e-01 -5.081097906755769472e-02 3.265986323710903805e-02
1.266600992762247080e-01 2.453664524059582380e-02 0.000000000000000000e+00 8.257978997938136834e-02 9.064942077733620374e-02 1.385782588150118733e-01 1.587251183666355814e-01 1.022397264886495544e-01 7.233408699097387817e-02 6.492274731611955008e-02
4.976554828762202315e-02 2.415195913543495554e-02 1.231288083944630241e-01 -7.644432103374565468e-02 1.315903389919537980e-01 -1.714985851425088192e-02 9.766755200895178846e-02 1.427563689007127212e-01 4.954787398762881823e-02 7.482095568419427911e-02
9.869275424396534158e-02 4.976554828762202315e-02 4.856429311786320674e-02 -3.429971702850176385e-02 8.966828511559590820e-02 9.288407280256479048e-02 -8.208587226297536094e-03 6.736259938424740690e-02 1.618809770595440109e-02 1.315903389919537980e-01
6.022633550729451779e-02 1.684064984606185311e-01 8.084256647467435303e-03 1.266600992762247080e-01 1.156117059711339184e-01 2.453664524059582380e-02 -8.728715609439694628e-03 4.075831141617995701e-02 7.797835967583829908e-02 1.231288083944630241e-01
3.237619541190880218e-02 3.504998186163908042e-02 -8.151662283235992443e-03 7.314173022710240835e-02 4.364357804719847661e-02 4.883377600447589423e-02 -3.317703219174801543e-02 1.153154936398944758e-01 -7.448197926517433065e-02 6.736259938424740690e-02
-7.644432103374565468e-02 5.945669413735772679e-02 3.368129969212370345e-02 4.137887736954129481e-02 1.126106541153626961e-01 -3.265986323710903805e-02 3.246137365805977504e-02 1.766854557058897823e-01 4.089440873432637069e-02 1.143655674237257641e-01
1.315903389919537980e-01 1.532606967679300269e-01 -1.330563388152628534e-01 -5.081097906755769472e-02 1.059716096820678966e-01 7.009996372327816083e-02 0.000000000000000000e+00 1.730579851203691288e-01 6.859943405700352770e-02 5.000000000000000278e-02
2.482732642172477688e-02 6.554735253444622656e-02 9.064942077733620374e-02 4.954787398762881823e-02 5.025189076296060486e-02 1.632993161855451902e-02 6.492274731611955008e-02 8.066352461470001692e-03 1.340050420345616222e-01 1.005037815259212097e-01
7.518558238419580098e-02 -8.275775473908258961e-03 6.815981765909970291e-02 2.533201985524494160e-02 1.623068682902988752e-02 0.000000000000000000e+00 6.666666666666666574e-02 5.847767518770784906e-02 4.934637712198267079e-02 1.781741612749495815e-02
8.115343414514943066e-02 9.712858623572641348e-02 -1.059997880006359888e-01 -4.137887736954129481e-02 -1.071311336459427888e-01 -1.010438990763711103e-01 5.025189076296060486e-02 5.878203425323465237e-02 4.052204492365538840e-02 4.976554828762202315e-02
9.343194793013356869e-02 7.448197926517433065e-02 1.553987531904402197e-01 -4.515512596444095500e-02 4.883377600447589423e-02 6.158145938200618175e-02 -3.533326266687866757e-02 3.255585066965059615e-02 6.511170133930119230e-02 1.377749527404283358e-01
8.224396186997111335e-02 8.797351340286597640e-03 1.863069232477115589e-01 1.333333333333333315e-01 0.000000000000000000e+00 8.547008547008547868e-03 -5.499266813300748152e-02 1.675063025432020278e-02 4.818694246524266728e-02 -6.110100926607786587e-02
6.700252101728081111e-02 5.878203425323465237e-02 -2.519230039424342343e-02 0.000000000000000000e+00 1.554035660347433956e-01 -1.797793663241548795e-02 -2.482732642172477688e-02 2.229481606852614928e-01 1.873171623163388116e-02 5.052194953818555517e-02
2.467318856099133539e-01 -7.126966450997983260e-02 6.956784760539649892e-02 9.288407280256479048e-02 6.424925662032356100e-02 -5.000000000000000278e-02 -8.208587226297536094e-03 -8.240856434303290776e-03 1.086013967771717187e-01 -1.282051282051281937e-01
8.115343414514943066e-02 -5.180118867824779622e-02 1.321276639670101727e-01 8.547008547008547868e-03 -1.797793663241548795e-02 -8.574929257125442350e-02 1.126354084206553224e-01 -5.768599504012304063e-02 -1.134733029227160406e-01 4.222003309207490729e-02
-1.327081287669920617e-01 3.265986323710903805e-02 4.004615977943123267e-02 5.081097906755769472e-02 3.595587326483097590e-02 1.646209815378808505e-01 9.237176811222588824e-02 1.290564332299168337e-01 2.215194073920740137e-01 -1.675063025432020278e-02
4.856429311786320674e-02 1.658455965793542153e-01 -7.126966450997983260e-02 1.587251183666355814e-01 0.000000000000000000e+00 -1.684064984606185172e-02 8.208587226297536094e-03 -4.435211293842095115e-02 3.368129969212370345e-02 3.533326266687866757e-02
3.368129969212370345e-02 8.872987707617001341e-02 2.482732642172477688e-02 8.603762215327789495e-03 -5.910804632890486604e-02 -1.185589511576346233e-01 -3.303191599175254317e-02 -1.726706289274926656e-02 -1.495549727848721477e-01 8.468496511259615556e-02
-3.317703219174801543e-02 -1.063254627092485721e-01 0.000000000000000000e+00 1.739196190134912334e-01 6.064983530342978740e-02 6.606383198350508634e-02 5.217588570404737419e-02 -9.677086474315256537e-02 1.462639576605724023e-01 6.956784760539649892e-02
1.515658486145566863e-01 2.272296156064184114e-01 1.111492346706858952e-01 -6.666666666666666574e-02 1.185589511576346233e-01 2.860257758975137329e-02 6.774797209007692167e-02 -1.354959441801538433e-01 6.321717635021734116e-02 2.618614682831908735e-02
-6.906825157099706625e-02 -4.893267483009853397e-02 2.618614682831908735e-02 8.493813448193960475e-03 -4.435211293842095115e-02 8.603762215327789495e-03 1.151415466179595698e-01 -8.493813448193960475e-03 1.043517714080947484e-01 8.695980950674561671e-02
8.908708063747479422e-02 1.726941502020006569e-01 -1.824736770546140918e-01 -1.693699302251923042e-02 3.453412578549853312e-02 5.847767518770784906e-02 1.603567451474546268e-01 -1.739196190134912473e-02 6.815981765909970291e-02 4.954787398762881823e-02
-2.581128664598336675e-02 -9.757464846452608420e-02 -1.283162256436841397e-01 1.299639327930638411e-01 9.068729346753406917e-02 8.872987707617001341e-02 -8.695980950674561671e-02 8.559209850218257865e-02 2.506186079473193482e-02 8.353953598243977693e-03
6.383450536225744598e-02 1.638683813361155664e-02 -1.666666666666666644e-02 6.606383198350508634e-02 -4.063429457061244754e-02 -5.025189076296060486e-02 0.000000000000000000e+00 8.127922673599372039e-02 3.666177875533832564e-02 7.009996372327816083e-02
-2.935960489805911761e-02 -6.209295811378932883e-02 1.088931012960941552e-01 -2.395014098674731196e-01 -7.743385993795010025e-02 -7.066652533375733514e-02 -1.185589511576346233e-01 -1.086013967771717187e-01 5.878203425323465237e-02 0.000000000000000000e+00
1.078676197944929277e-01 9.165444688834581410e-02 6.519318822649647349e-02 2.826041696291995559e-02 -1.336969553464759097e-01 -1.076518846262167761e-01 -8.291849892341732198e-02 5.999999999999999778e-02 1.927749002390149458e-01 3.368129969212370345e-02
1.330563388152628534e-01 -1.752499093081954021e-02 1.003113655692617068e-01 -2.735764515525319213e-02 6.158145938200618175e-02 8.275775473908258961e-03 -1.666666666666666574e-01 -1.163267298565106855e-01 8.908708063747479422e-02 -5.345224838248487098e-02
1.833088937766916282e-01 -1.726706289274926656e-02 5.257497279245862409e-02 5.756471673400022360e-02 5.217588570404737419e-02 0.000000000000000000e+00 3.629770043203138508e-02 3.277367626722311328e-02 2.661126776305257000e-02 -3.303191599175254317e-02
1.319602701042989490e-01 2.661126776305257000e-02 -3.179815003744466961e-02 9.855206599818043534e-02 1.137147065368355192e-01 6.594097291347988943e-02 1.381974982056955181e-01 -1.833088937766916282e-01 1.797793663241548795e-02 1.330903001142006437e-01
2.519230039424342343e-02 1.651595799587627159e-02 2.639205402085979119e-02 -1.413330506675146703e-01 3.666177875533832564e-02 1.363196353181994058e-01 1.685854460847049097e-01 -7.797835967583829908e-02 5.756471673400022360e-02 1.266600992762247080e-01
-8.291849892341732198e-02 -1.247219128924647036e-01 1.834657288424016985e-01 -9.031025192888191347e-03 7.066652533375733514e-02 -8.402916318031353193e-02 8.375315127160100348e-02 7.884165279854435382e-02 -2.896827297511605712e-02 -1.714985851425088192e-02
7.884165279854435382e-02 -7.126966450997983260e-02 1.739196190134912473e-02 -1.163267298565106855e-01 5.847767518770784906e-02 -1.069044967649697420e-01 8.258401390153340127e-02 -8.207293546575956944e-02 -8.127922673599372039e-02 5.982905982905983161e-02
-8.603762215327789495e-03 1.185497956727638302e-01 -1.272249545582561925e-01 -6.383450536225744598e-02 7.009996372327816083e-02 -7.797835967583829908e-02 -1.873171623163388116e-02 -8.695980950674561671e-02 1.486436219628864686e-01 -4.129200695076670063e-02
3.942082639927217691e-02 -1.032300173769167412e-01 2.661126776305257000e-02 -3.942082639927217691e-02 -9.843030987858596148e-02 6.321717635021734116e-02 8.313439520466030241e-03 -9.926322333149493679e-03 0.000000000000000000e+00 1.498537298530710493e-01
-9.365858115816939888e-02 7.191174652966195180e-02 1.651680278030668025e-01 -1.472924571654723458e-01 -2.948839123097942924e-02 -9.656090991705352372e-03 -1.258455564269084226e-01 -8.603762215327789495e-03 -1.714985851425088470e-01 -8.272012902459444095e-02
1.069901231277282233e-01 -1.773937187967248030e-01 1.182624791978165307e-01 -1.511454891125567912e-01 5.401382498736257559e-02 -1.078676197944929277e-01 -1.024464386416373135e-01 6.245610098182378944e-02 -1.583263142643485666e-01 -4.893267483009853397e-02
-2.735764515525319213e-02 -6.419407387663693398e-02 1.260437447704702840e-01 -8.207293546575956944e-02 4.963161166574747013e-02 6.110100926607786587e-02 1.667238520060288498e-01 0.000000000000000000e+00 -6.419407387663693398e-02 -5.557461733534294762e-02
1.498615086031011012e-01 6.666666666666666574e-02 -9.114479026995510325e-02 1.836470049570327612e-01 -8.291849892341732198e-02 -1.466471150213533026e-01 9.539445011233400884e-02 1.925822216299108158e-01 -1.249122019636475858e-02 -8.272012902459444095e-02
-1.445220243276834349e-01 1.595033829724214203e-01 1.649780043990224654e-01 1.811496580684253677e-01 -3.640980478146622207e-02 1.124209817672828238e-01 -9.119215051751063464e-03 -1.509444709505753865e-02 -9.335200560186732166e-02 -3.747366058909427228e-02
7.862136275414387254e-02 -1.336969553464759097e-01 -1.833088937766916282e-02 1.237968921180345877e-01 -1.126148693274005574e-01 -7.610194341477614921e-02 -3.747366058909427228e-02 -5.908580644613888738e-02 -4.667600280093366083e-02 0.000000000000000000e+00
