0.000000000000000000e+00 0.000000000000000000e+00 0.000000000000000000e+00 0.000000000000000000e+00 0.000000000000000000e+00
9.964912280701754277e-01 9.971929824561402977e-01 9.971929824561402977e-01 9.968421052631579737e-01 9.971929824561402977e-01
9.968421052631579737e-01 9.968421052631579737e-01 9.968421052631579737e-01 9.968421052631579737e-01 9.971929824561402977e-01
9.957894736842105576e-01 9.950877192982456876e-01 9.961403508771929927e-01 9.975438596491228438e-01 9.971929824561402977e-01
9.968421052631579737e-01 9.961403508771929927e-01 9.954385964912280116e-01 9.950877192982456876e-01 9.975438596491228438e-01
9.929824561403508554e-01 9.936842105263157254e-01 9.936842105263157254e-01 9.954385964912280116e-01 9.971929824561402977e-01
9.947368421052631415e-01 9.936842105263157254e-01 9.957894736842105576e-01 9.940350877192982715e-01 9.929824561403508554e-01
9.954385964912280116e-01 9.975438596491228438e-01 9.957894736842105576e-01 9.915789473684211153e-01 9.954385964912280116e-01
9.943859649122805955e-01 9.905263157894736992e-01 9.943859649122807065e-01 9.919298245614034393e-01 9.936842105263157254e-01
9.508771929824562097e-01 9.877192982456139969e-01 9.768421052631579560e-01 9.929824561403508554e-01 9.915789473684210042e-01
8.663157894736841502e-01 7.382456140350877050e-01 7.228070175438596756e-01 5.382456140350877494e-01 7.414035087719298422e-01
