0.000000000000000000e+00 0.000000000000000000e+00 0.000000000000000000e+00 0.000000000000000000e+00 0.000000000000000000e+00
9.937040297517012455e-01 9.937040297517012455e-01 9.937040297517012455e-01 9.944016355078203473e-01 9.944016355078203473e-01
9.915877371047712163e-01 9.937040297517012455e-01 9.936961997925586321e-01 9.923102668712853180e-01 9.937040297517012455e-01
9.937040297517012455e-01 9.943947795311116611e-01 9.950938448563105831e-01 9.950938448563105831e-01 9.929981046179010562e-01
9.909067162816512786e-01 9.923102668712853180e-01 9.923004929865152368e-01 9.957933967930399088e-01 9.943947795311116611e-01
9.964934363683261020e-01 9.902232289163267476e-01 9.894797752097305166e-01 9.950938448563105831e-01 9.943947795311116611e-01
9.860620361317771199e-01 9.929981046179010562e-01 9.916033638798962269e-01 9.895031656920172392e-01 9.950938448563105831e-01
9.874034320997383540e-01 9.867213341829380591e-01 9.839665011484536317e-01 9.874306654891731316e-01 9.916033638798962269e-01
9.655068046526179559e-01 9.379715437670596012e-01 9.805140985420800481e-01 9.784482512027121714e-01 9.702262328032138505e-01
7.462539246620294442e-01 9.326896561962195742e-01 7.369143587031022902e-01 7.420232318499235813e-01 8.563026031418744521e-01
1.478906304677083117e-01 2.150709338983990138e-01 2.196847143352736176e-01 8.615751684814253186e-02 1.051334020438962208e-01
