0.000000000000000000e+00 0.000000000000000000e+00 0.000000000000000000e+00 0.000000000000000000e+00 0.000000000000000000e+00
6.239999999999999991e-01 6.293333333333333002e-01 6.506666666666666154e-01 6.426666666666667194e-01 6.266666666666667052e-01
6.213333333333332931e-01 6.159999999999999920e-01 5.839999999999999636e-01 6.213333333333332931e-01 6.853333333333333499e-01
6.453333333333333144e-01 6.239999999999999991e-01 6.293333333333333002e-01 6.186666666666666980e-01 6.453333333333333144e-01
6.320000000000000062e-01 6.293333333333333002e-01 6.079999999999999849e-01 6.053333333333332789e-01 6.480000000000000204e-01
6.346666666666667123e-01 6.506666666666666154e-01 5.813333333333333686e-01 6.079999999999999849e-01 6.159999999999999920e-01
6.239999999999999991e-01 6.239999999999999991e-01 6.159999999999999920e-01 5.973333333333333828e-01 5.999999999999999778e-01
5.866666666666666696e-01 6.400000000000000133e-01 6.213333333333332931e-01 5.946666666666666767e-01 6.053333333333332789e-01
5.679999999999999494e-01 5.573333333333333472e-01 5.493333333333333401e-01 5.919999999999999707e-01 6.079999999999999849e-01
5.466666666666666341e-01 5.546666666666666412e-01 5.520000000000000462e-01 5.759999999999999565e-01 5.386666666666666270e-01
5.253333333333333188e-01 5.066666666666667096e-01 5.093333333333333046e-01 4.933333333333333459e-01 5.066666666666667096e-01
