0.000000000000000000e+00 0.000000000000000000e+00 0.000000000000000000e+00 0.000000000000000000e+00 0.000000000000000000e+00
7.118202020173352018e-01 7.160285531240279111e-01 7.328143618194780107e-01 7.265284272177899849e-01 7.139249882788029078e-01
7.097141834726301557e-01 7.054984053844487457e-01 6.800941111346281431e-01 7.097141834726302667e-01 7.599391788528576663e-01
7.286248844379542566e-01 7.118202020173352018e-01 7.160285531240280221e-01 7.076069216419208496e-01 7.286248844379542566e-01
7.181309072864082710e-01 7.160285531240279111e-01 6.991652165261083018e-01 6.970515683139152374e-01 7.307201926866397912e-01
7.202320613678776517e-01 7.328143618194780107e-01 6.779682063997461983e-01 6.991652165261083018e-01 7.054984053844487457e-01
7.118202020173352018e-01 7.118202020173352018e-01 7.054984053844487457e-01 6.907027017626484744e-01 6.928203230275508107e-01
6.822186029581883693e-01 7.244308110509932730e-01 7.097141834726301557e-01 6.885837316953947740e-01 6.970515683139152374e-01
6.673170161175271398e-01 6.587692227851031923e-01 6.523421052041805668e-01 6.864634003353711211e-01 6.991652165261083018e-01
6.501965514792857892e-01 6.566284252824339251e-01 6.544860579110909349e-01 6.737121046856735518e-01 6.437501240560830063e-01
6.329725288053361654e-01 6.178097513708317168e-01 6.199813617270190091e-01 6.069230227595222571e-01 6.178097513708317168e-01
