0.000000000000000000e+00 0.000000000000000000e+00 0.000000000000000000e+00 0.000000000000000000e+00 0.000000000000000000e+00
4.494839486859040223e-01 4.569220853248134873e-01 4.141659532274851729e-01 4.336871443117474301e-01 4.488097849843236675e-01
3.905621598972318087e-01 4.525651541889743057e-01 3.970304400862998961e-01 4.408897314537674195e-01 4.327947638601671310e-01
4.256421739744858379e-01 3.887013316382088579e-01 4.369705699204223803e-01 4.487233266938381870e-01 4.328920997511864210e-01
4.449883785428154215e-01 3.981977453222608210e-01 4.215723052200709420e-01 4.243305407884501723e-01 4.969284671850963120e-01
4.242617598106748766e-01 4.300276302286244468e-01 4.224995781393317551e-01 4.546900221880427195e-01 4.130765031627985917e-01
4.698448911254496374e-01 4.600241048522599741e-01 4.603265334670603171e-01 3.769581950726374475e-01 4.103351597866570222e-01
3.862245529522959075e-01 4.448325020460310864e-01 4.258592484457447425e-01 4.116635044743932048e-01 3.861348522482928591e-01
3.813183749041487158e-01 3.312262470260877167e-01 3.729048900251638043e-01 4.089776018361410137e-01 4.319025427553231933e-01
3.676825611113641035e-01 3.619793067571026035e-01 3.560166650086893370e-01 4.131080235232713616e-01 3.531698636329066443e-01
3.530070418093797513e-01 3.276008248506550591e-01 3.187130564182883985e-01 3.176310352455263275e-01 2.932942300427066051e-01
