0.000000000000000000e+00 0.000000000000000000e+00 0.000000000000000000e+00 0.000000000000000000e+00 0.000000000000000000e+00
8.266666666666666607e-01 8.366666666666666696e-01 8.449999999999999734e-01 8.333333333333333703e-01 8.199999999999999512e-01
8.466666666666666785e-01 8.383333333333333748e-01 8.266666666666666607e-01 8.483333333333333837e-01 8.283333333333333659e-01
8.316666666666666652e-01 8.299999999999999600e-01 8.316666666666666652e-01 8.166666666666666519e-01 8.166666666666666519e-01
8.316666666666666652e-01 8.133333333333333526e-01 8.266666666666666607e-01 8.233333333333333615e-01 8.333333333333333703e-01
8.249999999999999556e-01 8.083333333333333481e-01 8.033333333333333437e-01 8.149999999999999467e-01 8.283333333333333659e-01
8.433333333333333792e-01 8.100000000000000533e-01 8.299999999999999600e-01 8.416666666666666741e-01 8.199999999999999512e-01
8.116666666666666474e-01 8.283333333333333659e-01 8.416666666666666741e-01 7.850000000000000311e-01 8.100000000000000533e-01
7.866666666666666252e-01 7.866666666666666252e-01 8.149999999999999467e-01 8.133333333333333526e-01 7.716666666666666119e-01
7.500000000000000000e-01 7.750000000000000222e-01 7.633333333333333082e-01 7.616666666666667140e-01 7.683333333333333126e-01
6.850000000000000533e-01 6.716666666666666341e-01 7.299999999999999822e-01 6.666666666666666297e-01 6.983333333333333615e-01
