0.000000000000000000e+00 0.000000000000000000e+00 0.000000000000000000e+00 0.000000000000000000e+00 0.000000000000000000e+00
8.146061629405834115e-01 8.187994059609391417e-01 8.187994059609391417e-01 8.051401382937464213e-01 7.991232763556832541e-01
8.183514929821877892e-01 8.003036652201890311e-01 8.046276069410942533e-01 8.019399725763038944e-01 7.758784425451092925e-01
7.859615180663261924e-01 8.023783607441866694e-01 7.942617738375788994e-01 8.023783607441866694e-01 8.087500000000000799e-01
8.090412598184619775e-01 7.921374562582834677e-01 8.019478334438965295e-01 7.817095588235294379e-01 8.077792853912255655e-01
7.747141561250834307e-01 7.968088570498208512e-01 7.492026817540013983e-01 7.937645606039387403e-01 7.985953315430696087e-01
7.687604515050167064e-01 7.742966396367811921e-01 8.096619233209463307e-01 7.955733773636828321e-01 7.948298397947020089e-01
7.684555988442914876e-01 7.982568335552947536e-01 8.107596647742633111e-01 7.539682539682539542e-01 7.668997668997669104e-01
7.137364992877985870e-01 7.487609659660345862e-01 7.869318181818181213e-01 7.463216641298833220e-01 7.129394708227618782e-01
6.649941696831118687e-01 7.040181774695049022e-01 6.968121968121967491e-01 6.785666453369840756e-01 6.756376668594694657e-01
5.104166666666667407e-01 5.208333333333333703e-01 6.272401433691755512e-01 4.836396234872254452e-01 5.341534533031970788e-01
