0.000000000000000000e+00 0.000000000000000000e+00 0.000000000000000000e+00 0.000000000000000000e+00 0.000000000000000000e+00
8.040293040293040594e-01 8.095238095238095344e-01 8.236263736263735868e-01 8.091575091575091694e-01 7.901098901098900784e-01
8.205128205128204844e-01 8.097069597069597169e-01 8.007326007326007744e-01 8.108058608058608119e-01 7.899267399267398959e-01
7.979853479853480369e-01 8.000000000000000444e-01 8.067765567765567969e-01 7.886446886446886184e-01 7.820512820512820484e-01
8.034798534798535119e-01 7.728937728937728124e-01 7.842490842490843495e-01 7.849816849816849684e-01 8.025641025641025994e-01
7.730769230769229949e-01 7.701465201465201860e-01 7.575091575091574825e-01 7.741758241758240899e-01 7.855311355311356269e-01
7.981684981684982194e-01 7.637362637362636875e-01 7.956043956043956644e-01 7.957875457875458469e-01 7.802197802197802234e-01
7.639194139194138700e-01 7.778388278388278509e-01 7.990842490842491319e-01 7.291208791208790840e-01 7.428571428571428825e-01
7.205128205128205066e-01 7.172161172161172216e-01 7.609890109890109500e-01 7.454212454212454375e-01 6.858974358974359031e-01
6.560439560439560447e-01 6.884615384615384581e-01 6.772893772893773257e-01 6.727106227106227632e-01 6.789377289377289681e-01
5.554945054945055194e-01 5.342490842490842384e-01 6.186813186813187038e-01 5.249084249084249310e-01 5.701465201465201194e-01
