0.000000000000000000e+00 0.000000000000000000e+00 0.000000000000000000e+00 0.000000000000000000e+00 0.000000000000000000e+00
6.312262952907377045e-01 6.392128654443400837e-01 6.392128654443400837e-01 6.143736491013278567e-01 6.006651107381564270e-01
6.387274990375082506e-01 6.060223863075356876e-01 6.139985878678110298e-01 6.096792217756568100e-01 5.566359632272076530e-01
5.814590264364132288e-01 6.076856978585996050e-01 5.902755860976418578e-01 6.076856978585996050e-01 6.197185830495358649e-01
6.247329929346806532e-01 5.903711490067624634e-01 6.126797372173355960e-01 5.706214378780287699e-01 6.187804138472789983e-01
5.731899263803186262e-01 6.084343084444758798e-01 5.166931978787778768e-01 5.940335829624604491e-01 6.084821581278222480e-01
5.529710556146517630e-01 5.648351203248477281e-01 6.319448408511113557e-01 6.086237195191240845e-01 5.974392244779904715e-01
5.657622184981625502e-01 6.170348854845909559e-01 6.319297687785929707e-01 5.285653785307541375e-01 5.719118579265684010e-01
4.711808412905187371e-01 5.390764920976224284e-01 6.026100397710678624e-01 5.531339807804641628e-01 5.063118094135750091e-01
4.479876008662116993e-01 5.175423246690225021e-01 4.679102159391535509e-01 4.563257313333569098e-01 4.667925251854330160e-01
2.485094696260056191e-01 2.805752076422644015e-01 4.193139346887673202e-01 2.335939287131426623e-01 3.079110911541169671e-01
