0.000000000000000000e+00 0.000000000000000000e+00 0.000000000000000000e+00 0.000000000000000000e+00 0.000000000000000000e+00
5.756877546477755514e-01 5.710402416863091801e-01 5.782813278158959180e-01 5.787299538766893514e-01 5.734115720090006141e-01
5.679459962311858012e-01 5.703133658479300205e-01 5.869713112394580046e-01 5.599277320516258261e-01 5.812022331525009688e-01
5.641292375842937856e-01 5.955472995417266935e-01 5.762541806020066160e-01 5.884744771098434635e-01 5.704430346700083421e-01
5.676189165341479770e-01 5.731417734501937922e-01 5.651505513146735105e-01 5.631740312547451888e-01 5.836771616945602981e-01
5.690349854614543679e-01 5.811466409587980886e-01 5.664293777501324678e-01 5.703284824146105381e-01 5.868817215439442458e-01
5.754294559918154972e-01 5.822855387529443094e-01 5.683236617106155464e-01 5.518579921950708123e-01 5.713761945311760515e-01
5.554279855374912866e-01 5.830898190448752239e-01 5.716429808597277562e-01 5.601327780349251162e-01 5.703060437356466394e-01
5.611208271074944465e-01 5.811981726997368369e-01 5.747685220227761738e-01 5.805433145534668604e-01 5.739258712889544478e-01
5.283689129804368667e-01 5.183460560515578130e-01 5.149130940291698488e-01 5.345494953653012749e-01 5.239328710773278885e-01
4.293779366163599787e-01 4.219838468572212342e-01 3.913265383853619106e-01 3.847885826323397818e-01 4.682805062115407146e-01
