0.000000000000000000e+00 0.000000000000000000e+00 0.000000000000000000e+00 0.000000000000000000e+00 0.000000000000000000e+00
5.404524853202998802e-01 5.200546979779039347e-01 5.336798874065071807e-01 5.494433546781688493e-01 5.381978157600501023e-01
5.314165555903914706e-01 5.404524853202998802e-01 5.583913402703242213e-01 5.246086371975038354e-01 5.404524853202998802e-01
5.336798874065071807e-01 5.268809690580553706e-01 5.246086371975038354e-01 5.336798874065071807e-01 5.359402951822151984e-01
5.336798874065071807e-01 5.200546979779038237e-01 5.471997400909064391e-01 5.404524853202997692e-01 5.268809690580553706e-01
5.359402951822151984e-01 5.449534128916179165e-01 5.246086371975038354e-01 5.223332269729736854e-01 5.516842897487254094e-01
5.404524853202998802e-01 5.336798874065071807e-01 5.177730090386025719e-01 5.291502622129181654e-01 5.291502622129181654e-01
5.314165555903914706e-01 5.516842897487254094e-01 5.314165555903914706e-01 5.268809690580553706e-01 5.246086371975038354e-01
5.177730090386026829e-01 5.223332269729736854e-01 5.336798874065071807e-01 5.040141091499544812e-01 5.381978157600502133e-01
5.131999826794835240e-01 5.063156678946006961e-01 5.086138024080747444e-01 5.086138024080747444e-01 4.947726750741193169e-01
4.970884115415374893e-01 4.947726750741193169e-01 4.994005295240373510e-01 4.970884115415374893e-01 4.690453662019864467e-01
