0.000000000000000000e+00 0.000000000000000000e+00 0.000000000000000000e+00 0.000000000000000000e+00 0.000000000000000000e+00
1.209598753939743060e-01 8.458212378280426103e-02 1.087837455423818628e-01 1.369810093023564879e-01 1.169405542442544937e-01
1.048489386758673925e-01 1.211306615270713039e-01 1.538138022877167665e-01 9.227502030137886557e-02 1.210005357198540715e-01
1.096269506859563342e-01 9.739481206984045014e-02 9.289612504803222703e-02 1.092029066515545627e-01 1.127249735085559673e-01
1.089146575914330117e-01 8.536679409593404821e-02 1.343433226559697380e-01 1.226271849293326388e-01 9.743654101222477826e-02
1.145362730799954210e-01 1.311710441273407080e-01 9.357741021747988108e-02 9.025898968670532929e-02 1.439236882763772207e-01
1.235387594570199338e-01 1.117433791135281768e-01 8.345512760092213544e-02 1.046987835378662274e-01 1.027008038431591330e-01
1.107650641172716471e-01 1.458434617031988956e-01 1.100326022596684189e-01 1.011886877557656161e-01 9.586440553745853577e-02
8.542745206895883958e-02 9.304342796635259316e-02 1.143711913674266833e-01 6.060965754535240640e-02 1.242041212349593443e-01
7.987152004872126454e-02 6.790552031744960526e-02 7.146656333138461104e-02 7.052177117241095750e-02 4.428305979164943312e-02
5.070757902781301840e-02 4.581055037070851793e-02 5.543528474217220003e-02 5.082146237812688871e-02 -4.560176398331120678e-03
