0.000000000000000000e+00 0.000000000000000000e+00 0.000000000000000000e+00 0.000000000000000000e+00 0.000000000000000000e+00
9.777777777777777457e-01 9.722222222222222099e-01 9.777777777777777457e-01 9.555555555555556024e-01 9.777777777777777457e-01
9.555555555555556024e-01 9.666666666666666741e-01 9.666666666666666741e-01 9.611111111111111382e-01 9.388888888888888840e-01
9.944444444444444642e-01 9.777777777777777457e-01 9.555555555555556024e-01 9.555555555555556024e-01 9.555555555555556024e-01
9.833333333333332815e-01 9.555555555555556024e-01 9.611111111111111382e-01 9.666666666666666741e-01 9.722222222222222099e-01
9.166666666666666297e-01 9.722222222222222099e-01 9.499999999999999556e-01 9.666666666666666741e-01 9.833333333333332815e-01
9.333333333333333481e-01 9.222222222222222765e-01 9.611111111111111382e-01 9.333333333333333481e-01 9.388888888888888840e-01
9.333333333333333481e-01 9.499999999999999556e-01 9.499999999999999556e-01 9.611111111111111382e-01 8.833333333333333037e-01
8.944444444444444864e-01 8.722222222222222321e-01 9.055555555555555580e-01 9.388888888888888840e-01 9.166666666666666297e-01
8.000000000000000444e-01 8.388888888888889062e-01 8.611111111111111605e-01 8.722222222222222321e-01 9.055555555555555580e-01
5.944444444444444420e-01 5.277777777777777901e-01 5.611111111111111160e-01 6.277777777777777679e-01 5.388888888888888618e-01
