0.000000000000000000e+00 0.000000000000000000e+00 0.000000000000000000e+00 0.000000000000000000e+00 0.000000000000000000e+00
8.292783505154639467e-01 8.338144329896907125e-01 8.309278350515464373e-01 8.395876288659793740e-01 8.325773195876288169e-01
8.280412371134020511e-01 8.375257731958762886e-01 8.383505154639174783e-01 8.338144329896907125e-01 8.375257731958762886e-01
8.362886597938143929e-01 8.329896907216495228e-01 8.362886597938143929e-01 8.354639175257732031e-01 8.387628865979381843e-01
8.379381443298968835e-01 8.395876288659793740e-01 8.309278350515464373e-01 8.362886597938143929e-01 8.420618556701030544e-01
8.441237113402061398e-01 8.399999999999999689e-01 8.350515463917526082e-01 8.375257731958762886e-01 8.338144329896907125e-01
8.263917525773195605e-01 8.280412371134020511e-01 8.317525773195876271e-01 8.399999999999999689e-01 8.395876288659793740e-01
8.350515463917526082e-01 8.334020618556701177e-01 8.354639175257732031e-01 8.358762886597937980e-01 8.325773195876288169e-01
8.379381443298968835e-01 8.309278350515464373e-01 8.193814432989691143e-01 8.313402061855670322e-01 8.301030927835051365e-01
8.474226804123711210e-01 8.494845360824742064e-01 8.313402061855670322e-01 8.342268041237113074e-01 8.288659793814433518e-01
8.301030927835051365e-01 8.416494845360824595e-01 8.152577319587628324e-01 8.346391752577320133e-01 8.371134020618556937e-01
