0.000000000000000000e+00 0.000000000000000000e+00 0.000000000000000000e+00 0.000000000000000000e+00 0.000000000000000000e+00
7.896602269936625618e-01 7.950504425910174255e-01 7.868540572081597073e-01 7.925633515997736467e-01 8.009828432038744728e-01
8.015173095821591653e-01 7.998872386459027206e-01 7.969829359522012657e-01 7.913734527948510511e-01 8.019058917536817654e-01
7.850763417482706785e-01 7.865845977457220917e-01 8.051715797399179309e-01 8.009909802074020035e-01 7.934066217489798012e-01
7.951693424978933944e-01 7.958829560766286226e-01 7.978161767752085520e-01 7.983447715280204138e-01 7.994063480870524652e-01
7.971689587955262946e-01 7.936283100321466222e-01 8.000048957824285045e-01 8.029368653091595309e-01 8.053748469645607422e-01
7.871991559978799291e-01 7.916519130530615955e-01 7.994285455705586463e-01 7.967608063410200891e-01 7.985427313875053112e-01
7.857824399240336266e-01 7.978568484719840148e-01 7.878522592045084094e-01 7.958753177404117585e-01 7.908909357187102751e-01
7.869533190403342759e-01 8.014691224198352559e-01 7.711374043301256753e-01 7.857269892296576685e-01 7.886984312999947289e-01
7.763154907972795726e-01 7.793896556755962601e-01 7.941013619947668856e-01 7.848603660352897471e-01 8.056602672744511695e-01
7.670339759477552422e-01 7.606711776928152258e-01 7.646651412482843302e-01 7.830875296904153959e-01 7.567546229370050170e-01
