0.000000000000000000e+00 0.000000000000000000e+00 0.000000000000000000e+00 0.000000000000000000e+00 0.000000000000000000e+00
5.025544061168003562e-01 4.948400628887579256e-01 4.939700232219144116e-01 4.959090240527779248e-01 4.958758056167769102e-01
4.728795518795795294e-01 4.863374321559555402e-01 4.932512624505611121e-01 5.006858820767005058e-01 4.612498678226332194e-01
4.798250630609625089e-01 5.169112003871783045e-01 5.020058617852735106e-01 5.014848528121764737e-01 5.071358252740492123e-01
4.977957252493061535e-01 4.597285144054990558e-01 4.674391571808421686e-01 4.756709681354398533e-01 4.723523301083531467e-01
4.436932786762881609e-01 4.764388378425820081e-01 4.574614703849356756e-01 4.687723073457098488e-01 4.883058143632779124e-01
4.395753702119628015e-01 4.667670034532624412e-01 4.632814689865054625e-01 4.401905102397579705e-01 4.698109118467747036e-01
4.147492575557523153e-01 4.731174534646261920e-01 4.117653939734231550e-01 4.130573765234478723e-01 4.520168532780431403e-01
3.716616680365272263e-01 4.099255814129452169e-01 4.080284750481728562e-01 3.851868414467386481e-01 3.992271353184089211e-01
3.135352122707038003e-01 3.233005752593242632e-01 3.221990533251560818e-01 3.964559495685419099e-01 3.194070870008688390e-01
1.006389776357827504e-01 1.703365289735851162e-01 1.006389776357827504e-01 1.006389776357827504e-01 3.265718957953883672e-01
