0.000000000000000000e+00 0.000000000000000000e+00 0.000000000000000000e+00 0.000000000000000000e+00 0.000000000000000000e+00
6.885676676179192102e-01 6.885082682244582086e-01 6.825279440622302740e-01 6.900477557893284208e-01 6.824610641910416886e-01
6.733409727970036673e-01 6.839977473295766330e-01 6.823771221152231670e-01 6.929642424954459701e-01 6.762728309926693271e-01
6.928921006879592559e-01 6.914953123623813758e-01 6.899060968799251015e-01 6.763758230162905116e-01 6.944362381226613090e-01
6.957236071500932928e-01 6.777654291586673319e-01 6.870664843072490369e-01 6.822162793496243660e-01 6.702688328130490536e-01
6.686084850324872653e-01 6.853525073869390916e-01 6.714296397985932696e-01 6.808204301356329813e-01 6.806394669129705033e-01
6.517678864085976187e-01 6.638540656017665187e-01 6.608997926122195388e-01 6.623296840082125714e-01 6.248171960205765041e-01
6.498583688266147407e-01 6.730044781903579132e-01 6.421218912537817181e-01 6.515648883732407803e-01 6.609475513537502733e-01
6.218293505365665164e-01 6.057954502850384504e-01 6.313076749184984848e-01 6.138130571933155810e-01 6.105905668131383912e-01
5.549847061309972629e-01 5.633299194195336979e-01 5.666038514938240844e-01 5.515310488627375163e-01 5.380374320377891983e-01
4.330434950014671047e-01 4.445844767454037449e-01 4.444675255362475208e-01 4.763029438249840042e-01 4.540244928035025440e-01
