0.000000000000000000e+00 0.000000000000000000e+00 0.000000000000000000e+00 0.000000000000000000e+00 0.000000000000000000e+00
4.251392192000503778e-01 4.262741401278348219e-01 4.148972906460118848e-01 4.289118316373142226e-01 4.142669492967674394e-01
4.040954259774248158e-01 4.196548651622246662e-01 4.198806383008876209e-01 4.347294244446970324e-01 4.117988056582250200e-01
4.447014008551424258e-01 4.394816497193551053e-01 4.325846176868574644e-01 4.073848366627803030e-01 4.402973452623192285e-01
4.431484770268560025e-01 4.169661495506203353e-01 4.311353537565802974e-01 4.210342662389022772e-01 4.002357795354803960e-01
4.114992012309658942e-01 4.336139942675644732e-01 4.078268965935085144e-01 4.262190437532156206e-01 4.235878150436836465e-01
3.777199537313981059e-01 3.879926207348429745e-01 3.936004844021561699e-01 4.050335976348068967e-01 3.476209698216315425e-01
3.886050105428330292e-01 4.247209064969817982e-01 3.802486500850094653e-01 3.970036204016695880e-01 4.021872543011023593e-01
3.702963576372734211e-01 3.270466054441276138e-01 3.770499270105989731e-01 3.488436426398840995e-01 3.334208156670454004e-01
2.999512860634997446e-01 2.993000482459267642e-01 3.067878478476372961e-01 2.878954672000366699e-01 2.344406146755703135e-01
2.932973585645501564e-04 5.143874285961371612e-02 6.997635107387953357e-02 1.560715528354826576e-01 9.932078905448819828e-02
