0.000000000000000000e+00 0.000000000000000000e+00 0.000000000000000000e+00 0.000000000000000000e+00 0.000000000000000000e+00
4.250534376800979008e-01 4.120133593713598552e-01 4.156054597387742744e-01 4.119923435768206854e-01 4.118943940003996218e-01
4.037152443155647141e-01 4.121657932823053483e-01 4.207149979295728426e-01 4.206786936021408296e-01 3.926034106185848360e-01
4.190215626593399301e-01 4.530126260361689305e-01 4.301148684569069403e-01 4.384454431308674738e-01 4.353565376586152058e-01
4.280901097598265870e-01 4.040152356310108828e-01 4.145418964448172039e-01 4.095234838492669560e-01 3.974239744076908942e-01
4.060747299283397616e-01 4.242946543613405619e-01 4.088875020227067392e-01 4.200100510610794147e-01 4.367106384368796834e-01
4.088949642610748003e-01 4.072016262001414422e-01 3.836949627493704829e-01 3.960628338236569790e-01 4.182362213204265378e-01
3.827838414356157792e-01 4.399110238148622454e-01 4.052805581139798941e-01 3.979330108260580312e-01 4.119663898182565620e-01
3.569641924487670925e-01 3.856660581588372549e-01 3.944635216364117958e-01 3.709564932037921481e-01 3.866504039236219881e-01
3.159599615952467522e-01 3.335720656913214177e-01 3.015909895369336957e-01 3.750881429008759427e-01 2.903809276020942187e-01
0.000000000000000000e+00 9.261490204875941212e-02 0.000000000000000000e+00 0.000000000000000000e+00 3.170057703528916804e-01
