0.000000000000000000e+00 0.000000000000000000e+00 0.000000000000000000e+00 0.000000000000000000e+00 0.000000000000000000e+00
9.866613311991462298e-01 9.799819837854069071e-01 9.665925776251094170e-01 9.462531679338401780e-01 9.799979997999800352e-01
9.663352974973610232e-01 9.865966188455579378e-01 9.799819837854069071e-01 9.456106205129031217e-01 9.066293183940242750e-01
9.799819837854069071e-01 9.462681705063710202e-01 9.866613311991462298e-01 9.799979997999800352e-01 9.799819837854069071e-01
9.532912954992825982e-01 9.666535242124701943e-01 9.466453247965853635e-01 9.799819837854069071e-01 9.599839935974389116e-01
9.466329966329967149e-01 9.735032054619683350e-01 9.866613311991462298e-01 9.799819837854069071e-01 9.394166352929239627e-01
8.931664360178975803e-01 9.601810323030850469e-01 9.866613311991462298e-01 9.799819837854069071e-01 9.733188165920482193e-01
9.603589423177053552e-01 9.467556253270540401e-01 9.600351919939549283e-01 9.666486504520735989e-01 9.530600118835411694e-01
9.076832542572365048e-01 8.628591971698912344e-01 9.273119625208573469e-01 9.397591005851331225e-01 9.534030784030784744e-01
8.701184961499879300e-01 8.789730340663589603e-01 8.406277630415561752e-01 9.599819837854068894e-01 9.142156862745099977e-01
7.071831189478249291e-01 5.933741698879968496e-01 7.309073252632148909e-01 6.088516746411484215e-01 6.397179037599843854e-01
