0.000000000000000000e+00 0.000000000000000000e+00 0.000000000000000000e+00 0.000000000000000000e+00 0.000000000000000000e+00
9.899943883118170751e-01 9.849873095629201325e-01 9.749643868139776792e-01 9.599074029416703180e-01 9.849873095629201325e-01
9.749643868139776792e-01 9.899943883118170751e-01 9.849873095629201325e-01 9.599074029416703180e-01 9.297072418538835370e-01
9.849873095629201325e-01 9.599074029416703180e-01 9.899943883118170751e-01 9.849873095629201325e-01 9.849873095629201325e-01
9.649294735310393056e-01 9.749643868139776792e-01 9.599074029416703180e-01 9.849873095629201325e-01 9.699484522385712904e-01
9.599074029416703180e-01 9.799773240006911523e-01 9.899943883118170751e-01 9.849873095629201325e-01 9.548821916864927983e-01
9.196134453610870230e-01 9.699484522385712904e-01 9.899943883118170751e-01 9.849873095629201325e-01 9.799773240006911523e-01
9.699484522385712904e-01 9.599074029416703180e-01 9.699484522385712904e-01 9.749643868139776792e-01 9.649294735310393056e-01
9.297072418538835370e-01 8.993825042154693916e-01 9.448221466968736992e-01 9.548821916864927983e-01 9.649294735310393056e-01
9.044458094447794805e-01 9.095053600721657583e-01 8.841694156413438810e-01 9.699484522385712904e-01 9.347489264800230568e-01
7.972173828734264722e-01 7.453559924999298980e-01 8.178019320104348289e-01 7.713624310270756901e-01 7.765450548565886457e-01
