0.000000000000000000e+00 0.000000000000000000e+00 0.000000000000000000e+00 0.000000000000000000e+00 0.000000000000000000e+00 0.000000000000000000e+00 0.000000000000000000e+00 0.000000000000000000e+00 0.000000000000000000e+00 0.000000000000000000e+00
8.476138332720700719e-01 8.920050579665744772e-01 8.288174923374832526e-01 9.266797175628728178e-01 8.724160408372412245e-01 7.205696234642251508e-01 8.696902928314521608e-01 8.686023182265909526e-01 7.712809545244025955e-01 8.026776571965170692e-01
8.374635655554576452e-01 8.411071956237309299e-01 8.894808015005849500e-01 8.976133453086473368e-01 9.386184520239803097e-01 6.788725466331679836e-01 8.124918906421284559e-01 8.748154840927057085e-01 7.678910924738171495e-01 8.419127941578321561e-01
9.332012580350546038e-01 8.285234808990411537e-01 8.218173311752537957e-01 8.784476752568820546e-01 8.282783814689782531e-01 6.932839703681982213e-01 8.133171733805532044e-01 7.453559924999298980e-01 7.991367169246853530e-01 9.628714158418130165e-01
8.786228349867604148e-01 8.860817028741357904e-01 9.132797576104905168e-01 7.535656844240916641e-01 6.122466996133867356e-01 7.686670853200184839e-01 7.643793639166382992e-01 7.485133051883112731e-01 9.100824366039546032e-01 8.954301396861630291e-01
6.108542424639434865e-01 7.259623660089384867e-01 8.202238478440130320e-01 7.508343210724642836e-01 7.976230168005302712e-01 7.975778761021030672e-01 7.560624270904041655e-01 8.595571582129136745e-01 8.008897731846135182e-01 8.990759897723046290e-01
8.885916999221197266e-01 8.703490900290667964e-01 7.637377747332750877e-01 9.303562448034774501e-01 8.041354041430138766e-01 7.660873822784308729e-01 8.766240691204081337e-01 7.746713759657967158e-01 8.343338150062687975e-01 8.617348896418459692e-01
6.128876839448751390e-01 8.705174702968041522e-01 8.714892236710711781e-01 8.521322054285213055e-01 8.956291007021202066e-01 8.371639359212598164e-01 8.982389439571603074e-01 8.893866976786597434e-01 8.340299063164791082e-01 8.984408095022843321e-01
8.184063847474312148e-01 9.231488026148658710e-01 8.472061713675057559e-01 8.256908556369401131e-01 9.036411085102684648e-01 8.958353839710315736e-01 8.908760533118007530e-01 6.320829255989303119e-01 6.969992687224623173e-01 5.213615647445457579e-01
8.539108945958621133e-01 8.579209171550220558e-01 8.463859064348134842e-01 5.054214577588144186e-01 8.772387251569558897e-01 7.025039186463292173e-01 8.685260282720075331e-01 8.783296952627634990e-01 8.547030070465438945e-01 7.904936863753142529e-01
7.873553854584341982e-01 8.925458204536650397e-01 7.087770587650151777e-01 8.085871407214141326e-01 8.600199375525846568e-01 8.198180500539784532e-01 8.154187067547969958e-01 8.625340815901055835e-01 8.989449630192644092e-01 7.392119017231626454e-01
4.809198221520437078e-01 6.747843762130317780e-01 8.290845805034056104e-01 8.249173851617752629e-01 8.827502427038355082e-01 8.549142098158588610e-01 7.987810610345613682e-01 8.982604454637634905e-01 8.012305216278601261e-01 8.254830965581722024e-01
7.849428130722366781e-01 7.259664691808260795e-01 8.914097792362900563e-01 8.819594399456621714e-01 7.433137475785268622e-01 7.927322059567873946e-01 8.300594720310606744e-01 7.418359325970920182e-01 8.270979462885915678e-01 6.902167988122219766e-01
6.765004079632533918e-01 8.274940116088738140e-01 7.169658739099882272e-01 8.980095965412304704e-01 8.499908775281318496e-01 7.678546873771366910e-01 7.513548096603744897e-01 8.470892463630284031e-01 8.203298232010401980e-01 8.500446009279026827e-01
8.358856380427901467e-01 7.705517503711220018e-01 7.839010426602145420e-01 8.982275737411609118e-01 9.104820653390851559e-01 8.583063641933541543e-01 6.426885655521485941e-01 8.107206491993996789e-01 8.403909818470254312e-01 8.623007379164812081e-01
5.661970333372422504e-01 7.396394777018688860e-01 6.915002518971598011e-01 8.079745488397958031e-01 7.122224922658135782e-01 7.696522149774561727e-01 7.354650504191256877e-01 6.181462184522037440e-01 6.801190752034783626e-01 8.430167816465221620e-01
7.667397169373459942e-01 7.560377315174877655e-01 5.613528258358477796e-01 8.351145782375573035e-01 8.957291997484613244e-01 8.878854928788407763e-01 8.111725366837164719e-01 9.251380924164633868e-01 8.893569503712305258e-01 8.019953050647458115e-01
9.020265702560986698e-01 8.070284090988261161e-01 8.895572697357503333e-01 8.876611550937345552e-01 9.171707914158676589e-01 7.837470614599346685e-01 8.607234880941683208e-01 6.859715128942228679e-01 8.137546801328142676e-01 8.438858751508678813e-01
9.125644924238647260e-01 8.660631585753686412e-01 7.211753907813762687e-01 9.334114036109665280e-01 8.904030591380875936e-01 7.283124052133578274e-01 7.877865029469424130e-01 7.999412374790039193e-01 8.051916889509026509e-01 8.761429282015731346e-01
7.447087010252505523e-01 6.560044346642295299e-01 9.457675252089866591e-01 8.586628445406052634e-01 7.971205398231608896e-01 8.099905283919411891e-01 7.385517317057550546e-01 7.462478870304445344e-01 8.570236569698224116e-01 7.280525096341573521e-01
7.982797009823567880e-01 6.765623214710348998e-01 8.056230122953371708e-01 7.310153683984272899e-01 5.670254801620052687e-01 8.658533569995882084e-01 7.868724734747865046e-01 8.732162500314951670e-01 5.906931713953343932e-01 6.945833194472215144e-01
