0.000000000000000000e+00 0.000000000000000000e+00 0.000000000000000000e+00 0.000000000000000000e+00 0.000000000000000000e+00 0.000000000000000000e+00 0.000000000000000000e+00 0.000000000000000000e+00 0.000000000000000000e+00 0.000000000000000000e+00
6.179893526084001554e-01 6.703809184048571401e-01 4.436105042029999113e-01 6.527857912877979008e-01 6.352872860809134492e-01 4.730684501804598985e-01 7.286918737783382172e-01 6.019335913323877740e-01 7.246369557327769773e-01 8.339089997621789152e-01
6.385683735656210169e-01 8.141934878074363890e-01 7.018585743860120685e-01 7.197517070772271319e-01 7.456965697808389804e-01 6.149811700711215190e-01 4.199378427904876254e-01 5.675227978611362412e-01 7.258918572205296238e-01 7.916864518866069123e-01
7.346756235027903648e-01 3.618972170819838019e-01 6.840648916801831403e-01 7.971843121443860092e-01 5.765729347231027813e-01 7.837733108386262249e-01 5.470339488879633061e-01 8.051391092719849540e-01 6.174584573371457719e-01 5.862150342054344154e-01
6.088810697250279791e-01 5.692177829431728231e-01 4.708427554217198829e-01 4.252149695347335889e-01 7.776077228501859784e-01 6.446070886049971582e-01 4.525134113888575338e-01 8.111487697011912079e-01 6.295837878587430270e-01 3.849700267154621547e-01
5.099130700905201152e-01 5.048281144172983570e-01 3.411969665205190627e-01 4.337764025343477381e-01 5.369217385208652216e-01 3.331484814648956738e-01 6.733590499227549708e-01 7.933571986793467312e-01 6.786619848163232271e-01 6.055868295083627340e-01
6.973032777114647196e-01 5.703156870478844898e-01 5.713848470885859454e-01 7.099397456765819125e-01 4.990339428028052193e-01 5.367864294863148311e-01 7.538285013976087079e-01 6.159602920514550828e-01 6.750717440861404572e-01 7.372383091295239277e-01
7.538285013976087079e-01 5.205953064342098147e-01 6.580218120476888366e-01 4.242769880695099749e-01 4.520463075169164346e-01 5.643551748377073629e-01 7.739305449461226782e-01 3.911136959632353083e-01 6.684512292635909070e-01 8.308790765830706970e-01
7.447167649189915251e-01 6.573230847174802438e-01 6.637724566967118101e-01 8.371514278583270796e-01 6.030093857629363896e-01 6.004007188448200472e-01 8.014045306476392794e-01 7.215352586123834344e-01 7.066251483268840561e-01 5.751801695331743014e-01
5.326667915457017344e-01 6.831281344327465588e-01 6.071739899321063616e-01 5.744558991981671969e-01 6.244068295258951018e-01 5.638295665081146657e-01 5.262915875202731630e-01 5.561799979378625469e-01 5.980861619569196597e-01 7.295859257677017595e-01
5.257440512231195129e-01 6.502609903350260456e-01 8.330467878086453837e-01 5.813890205654376198e-01 7.729235144407660130e-01 5.692525370166489074e-01 7.186191316136909535e-01 7.823310694508651686e-01 7.568647448443691639e-01 4.667137568788131130e-01
5.951524511560823960e-01 2.546788131615978501e-01 7.758293641620224168e-01 6.683055825147183882e-01 7.511645363495141892e-01 4.269286418727047394e-01 7.756817812143540491e-01 6.250103695852936569e-01 5.032843917705971393e-01 4.165992908829153629e-01
8.068769233219742487e-01 7.146976361640835496e-01 8.332347381800234709e-01 7.449671795458322476e-01 5.204082596508973202e-01 6.622339545651928505e-01 4.907764546736483324e-01 6.283331069914150913e-01 6.269194142478667908e-01 6.277093664854989097e-01
5.061107771792502374e-01 3.782671807899175009e-01 5.125727675387742321e-01 7.506701673196012337e-01 3.875411931084817851e-01 7.170681410735674222e-01 5.292434672768241422e-01 8.374224962126328720e-01 5.857677917527490674e-01 6.955078388014376278e-01
5.949237178372124291e-01 3.911136959632353083e-01 7.708751571218307452e-01 7.278639371753089504e-01 7.382118838611467782e-01 5.941815665656593470e-01 3.193580085729608165e-01 6.283058909056286057e-01 6.774570299176568833e-01 7.330235393899000584e-01
3.410947780516400685e-01 6.661986556182207808e-01 7.494526900402663783e-01 5.754587878731293182e-01 3.863753313466988248e-01 4.400502790332461167e-01 5.201503414399755165e-01 5.677674025090276855e-01 3.397641335847477184e-01 5.601985627476687712e-01
2.876207835931486323e-01 6.022956566832220471e-01 7.582440692604779375e-01 7.442966021149085565e-01 7.048059533263147936e-01 4.908551216235326198e-01 5.688570853975316588e-01 5.794457254119715905e-01 7.690187397410499504e-01 6.826653123865766837e-01
2.915559680663294961e-01 5.928326202328133565e-01 4.419709187405098660e-01 8.609034611234834822e-01 3.525918396017665435e-01 6.553074319112954793e-01 6.965506829439441772e-01 5.592368036074921722e-01 7.709049255441008386e-01 6.864993051879689778e-01
5.971299869109907288e-01 4.600564361189491969e-01 8.657417547356881515e-01 8.278946545380084787e-01 7.780376281200093169e-01 7.811218374715733770e-01 3.947396129158169398e-01 8.400439422160729253e-01 7.374715155629716357e-01 5.152346222046578772e-01
5.511822632369821617e-01 5.044447868393342471e-01 6.082403957410048578e-01 7.766073035397670354e-01 -6.413067926361001869e-02 3.623313518210672379e-01 6.924529653040991661e-01 4.933254912181860852e-01 7.867922639943422114e-01 6.004730541342485628e-01
6.130481289448761473e-01 2.937041123171456602e-01 2.882151602653914013e-01 5.943077693512897053e-01 5.048281144172983570e-01 7.096808473673855699e-01 3.159081148105157277e-01 7.423805440997697236e-01 3.972758564651360236e-01 5.303207132577060223e-01
