0.000000000000000000e+00 0.000000000000000000e+00 0.000000000000000000e+00 0.000000000000000000e+00 0.000000000000000000e+00
8.213333333333333597e-01 8.213333333333333597e-01 8.213333333333333597e-01 8.213333333333333597e-01 8.133333333333333526e-01
8.080000000000000515e-01 8.106666666666666465e-01 8.133333333333333526e-01 8.106666666666666465e-01 8.080000000000000515e-01
8.053333333333333455e-01 8.080000000000000515e-01 8.106666666666666465e-01 8.053333333333333455e-01 7.946666666666666323e-01
7.653333333333333099e-01 8.000000000000000444e-01 8.026666666666666394e-01 7.786666666666666181e-01 8.133333333333333526e-01
7.680000000000000160e-01 7.946666666666666323e-01 7.946666666666666323e-01 7.840000000000000302e-01 7.706666666666667220e-01
7.946666666666666323e-01 7.840000000000000302e-01 7.733333333333333171e-01 7.813333333333333242e-01 7.680000000000000160e-01
7.439999999999999947e-01 7.546666666666667078e-01 7.680000000000000160e-01 7.706666666666667220e-01 7.386666666666666936e-01
7.226666666666666794e-01 7.333333333333332815e-01 7.306666666666666865e-01 7.493333333333332957e-01 7.226666666666666794e-01
7.173333333333333783e-01 7.066666666666666652e-01 7.066666666666666652e-01 7.359999999999999876e-01 7.146666666666666723e-01
6.026666666666666838e-01 6.213333333333332931e-01 5.946666666666666767e-01 6.186666666666666980e-01 6.400000000000000133e-01
