0.000000000000000000e+00 0.000000000000000000e+00 0.000000000000000000e+00 0.000000000000000000e+00 0.000000000000000000e+00
8.211771869404321800e-01 8.211757747617799419e-01 8.213363291523809728e-01 8.210621109379633298e-01 8.133149020717383992e-01
8.076751938044172130e-01 8.102208600333881128e-01 8.126322453807834911e-01 8.102564102564103754e-01 8.075672100383397556e-01
8.050663207328968562e-01 8.072490255444052520e-01 8.102414297635615048e-01 8.046633180199744828e-01 7.934028440322373754e-01
7.616981225811297884e-01 7.990846387430828868e-01 8.013242434604022080e-01 7.762605415707618528e-01 8.123215396080092354e-01
7.649533215815296217e-01 7.934215622968715520e-01 7.934602098831172734e-01 7.815428518646148071e-01 7.676999790842132798e-01
7.919501189063863356e-01 7.807910051587896305e-01 7.690349556546740573e-01 7.783253134543581808e-01 7.639990692408408224e-01
7.347058399689977426e-01 7.477641444045484143e-01 7.637990931324692978e-01 7.648400767964241842e-01 7.274843776561988884e-01
7.046688536050238483e-01 7.209481476961112634e-01 7.130068179398493244e-01 7.415715115188090678e-01 7.054848874523570457e-01
6.974311551776340989e-01 6.787367883258293988e-01 6.816802023698574908e-01 7.168316772849400165e-01 6.950533227358186572e-01
4.942202992515259408e-01 5.372308298667335391e-01 4.773307231294969810e-01 5.245770482253265810e-01 5.750463781179048217e-01
