0.000000000000000000e+00 0.000000000000000000e+00 0.000000000000000000e+00 0.000000000000000000e+00 0.000000000000000000e+00
8.185920088234514003e-01 8.158757010016506328e-01 8.158487968669160262e-01 8.238789338223413417e-01 8.212977498691785838e-01
8.155780960233164345e-01 8.155620811647228408e-01 8.129739146745093015e-01 8.158312743278757218e-01 8.078505282058219272e-01
8.098954651949613615e-01 8.015404275495984221e-01 8.154149384104750764e-01 8.049412382571580205e-01 7.988625753331635160e-01
7.781819563625309577e-01 8.049384314335927826e-01 8.093466248656412398e-01 7.794950680413235133e-01 8.096518421979389535e-01
7.840177970065683732e-01 7.958703152085364607e-01 8.040521947783206835e-01 7.829059842418359949e-01 7.817412041864596484e-01
7.850271855510378982e-01 7.782734842290741639e-01 7.860094995382619354e-01 7.845542994713164964e-01 7.586160453365625722e-01
7.437099826269876202e-01 7.654218486144664935e-01 7.712244813694089096e-01 7.694874132419258217e-01 7.357731389346794382e-01
7.049881744748294210e-01 7.317743141843799926e-01 7.486898014774645560e-01 7.386936715030009148e-01 7.482770282328586875e-01
6.950720346827292673e-01 7.022673750701432516e-01 7.003566872347627426e-01 7.510419201107829679e-01 6.951405076405077210e-01
4.941757246376811685e-01 4.982982600525178718e-01 4.731807874665017732e-01 4.906623375524625241e-01 5.720263395455877919e-01
