0.000000000000000000e+00 0.000000000000000000e+00 0.000000000000000000e+00 0.000000000000000000e+00 0.000000000000000000e+00
8.648473211433848062e-01 8.648473211433849173e-01 8.648473211433849173e-01 8.648473211433849173e-01 8.587329166989130513e-01
8.546531460188981910e-01 8.566933847973590144e-01 8.587329166989130513e-01 8.566933847973590144e-01 8.546531460188981910e-01
8.526121952890163280e-01 8.546531460188981910e-01 8.566933847973590144e-01 8.526121952890163280e-01 8.444411695842931609e-01
8.219088892463825013e-01 8.485281374238571317e-01 8.505705274827140006e-01 8.321623773172051042e-01 8.587329166989130513e-01
8.239611641333588476e-01 8.444411695842931609e-01 8.444411695842931609e-01 8.362583332918124279e-01 8.260126445090831826e-01
8.444411695842931609e-01 8.362583332918124279e-01 8.280633362786260498e-01 8.342107380965289032e-01 8.239611641333588476e-01
8.054613584772395418e-01 8.136917243171533087e-01 8.239611641333588476e-01 8.260126445090829606e-01 8.013410981320973070e-01
7.889593708733605437e-01 7.972173828734264722e-01 7.951542128557341771e-01 8.095782166590754780e-01 7.889593708733605437e-01
7.848249627924829275e-01 7.765450548565886457e-01 7.765450548565886457e-01 7.992796757080715686e-01 7.827563832735927596e-01
6.949366078203744745e-01 7.097141834726302667e-01 6.885837316953948850e-01 7.076069216419208496e-01 7.244308110509932730e-01
