0.000000000000000000e+00 0.000000000000000000e+00 0.000000000000000000e+00 0.000000000000000000e+00 0.000000000000000000e+00
8.628098799207672975e-01 8.607717467482306484e-01 8.607717467482306484e-01 8.668840752949613648e-01 8.648473211433849173e-01
8.607717467482306484e-01 8.607717467482306484e-01 8.587329166989130513e-01 8.607717467482306484e-01 8.546531460188981910e-01
8.566933847973589033e-01 8.505705274827138895e-01 8.607717467482306484e-01 8.526121952890163280e-01 8.485281374238570207e-01
8.342107380965289032e-01 8.526121952890162170e-01 8.566933847973589033e-01 8.342107380965289032e-01 8.566933847973590144e-01
8.383051685129678798e-01 8.464850198845156326e-01 8.526121952890162170e-01 8.383051685129678798e-01 8.362583332918124279e-01
8.403512493131799488e-01 8.342107380965289032e-01 8.403512493131799488e-01 8.383051685129678798e-01 8.198558138816578467e-01
8.116353861186684782e-01 8.260126445090829606e-01 8.301132452864486977e-01 8.301132452864489197e-01 8.075202095854251416e-01
7.910252138136236733e-01 8.054613584772394308e-01 8.178019320104349399e-01 8.095782166590754780e-01 8.178019320104349399e-01
7.868926229162401809e-01 7.910252138136236733e-01 7.868926229162401809e-01 8.198558138816578467e-01 7.848249627924829275e-01
6.949366078203744745e-01 6.949366078203744745e-01 6.843416950292854350e-01 6.949366078203744745e-01 7.244308110509932730e-01
