0.000000000000000000e+00 0.000000000000000000e+00 0.000000000000000000e+00 0.000000000000000000e+00 0.000000000000000000e+00
6.966914610643430983e-01 6.809667510667190005e-01 7.169489123910850470e-01 6.928281937523965706e-01 7.164357254218771676e-01
7.121215457832723583e-01 6.940984237911368426e-01 7.281242771491885923e-01 7.091886507254161476e-01 7.042780099260396165e-01
7.121215457832723583e-01 7.090520683791246004e-01 7.403870768280157444e-01 7.282097546183458059e-01 7.044284227611753435e-01
6.980206698579060065e-01 6.809230493937530326e-01 7.243323033088282514e-01 6.769176196914368226e-01 6.968255304317084731e-01
7.182405747495919091e-01 7.002782298277577810e-01 6.824576328575232553e-01 7.218812676631430891e-01 6.853831279872202309e-01
6.704070601126993489e-01 7.070154885928953137e-01 7.187731051078581901e-01 7.247075291819065068e-01 7.021905060401038012e-01
6.687896336526816254e-01 7.119110470748326591e-01 6.698778403563750983e-01 7.019173038228976313e-01 6.397850754681309038e-01
7.106795604403738364e-01 6.461919882075903843e-01 6.693561605270542669e-01 6.754745712846097483e-01 6.913621058436932865e-01
6.342092247340797018e-01 6.474837383038960503e-01 6.003673853814592842e-01 6.460212863189409571e-01 6.231881263020158102e-01
4.514394028832149353e-01 5.478970853054463408e-01 5.122783111196062000e-01 4.824205383752002696e-01 5.652918263752039207e-01
