0.000000000000000000e+00 0.000000000000000000e+00 0.000000000000000000e+00 0.000000000000000000e+00 0.000000000000000000e+00
9.491448741643186970e-01 9.463814296845195484e-01 9.458876436713639091e-01 9.465550142008747336e-01 9.482637903845736460e-01
9.462980336342202703e-01 9.457776661072986313e-01 9.419949223410115646e-01 9.493315635011450038e-01 9.479299904757182427e-01
9.464511306555727366e-01 9.437809310306142230e-01 9.488072920730405979e-01 9.467879521649488206e-01 9.466670768368321554e-01
9.351937045869471721e-01 9.455837434153053778e-01 9.437742378758489092e-01 9.302699866675386842e-01 9.346500069771864760e-01
9.310379982655653253e-01 9.233680031070612415e-01 9.360207641287059399e-01 9.405767361221050171e-01 9.377910146398601432e-01
9.286874830243279089e-01 9.145384087666432738e-01 9.403382894275656989e-01 9.278928375058876910e-01 9.269649754358423310e-01
9.154757276250787834e-01 9.184915299179204906e-01 9.191409203621737634e-01 8.948912027379256617e-01 9.056685723586812564e-01
9.128291913118767864e-01 9.122019540521444370e-01 9.258469324338528539e-01 8.984974592367438451e-01 8.966466002219023457e-01
8.761266199630732832e-01 8.798969783662980992e-01 8.598258170863845029e-01 8.503831329346169809e-01 8.697959053119140860e-01
6.807520041871157890e-01 5.974356378696588088e-01 6.960474165452882334e-01 6.975144204827840033e-01 7.128789193178086681e-01
