0.000000000000000000e+00 0.000000000000000000e+00 0.000000000000000000e+00 0.000000000000000000e+00 0.000000000000000000e+00
8.960104324943621856e-01 8.912911685499609327e-01 8.898364207356264100e-01 8.928623177562189372e-01 8.949365662628276930e-01
8.898357720654376246e-01 8.897507188513249510e-01 8.829499078861485772e-01 8.970027915807654573e-01 8.939223645220064629e-01
8.893802109051879290e-01 8.849236901605110894e-01 8.950908273453020980e-01 8.909279081825647317e-01 8.909151373765341608e-01
8.680155595604650554e-01 8.893099201027442335e-01 8.844734519034946896e-01 8.553396096768366430e-01 8.655009189380136192e-01
8.570494546603547592e-01 8.422819122441230766e-01 8.695209401396593041e-01 8.783669793980801721e-01 8.744296787791453474e-01
8.528026321000219401e-01 8.241594671796708127e-01 8.767998824245876177e-01 8.524306746931257228e-01 8.507509198623947055e-01
8.269263792714910410e-01 8.313841239693817720e-01 8.370568895845010848e-01 7.861938226293903043e-01 8.065729163300831006e-01
8.223026317234908289e-01 8.202631628581168455e-01 8.491310174081907469e-01 7.930368693516548495e-01 7.917916546267099731e-01
7.543084610181841621e-01 7.649709354219187407e-01 7.279225384251855058e-01 7.080338592268246023e-01 7.447800319675006442e-01
4.736107808936512731e-01 3.731554959785918779e-01 4.921826052997928524e-01 4.897376479130922666e-01 5.133404819294120625e-01
