0.000000000000000000e+00 0.000000000000000000e+00 0.000000000000000000e+00 0.000000000000000000e+00 0.000000000000000000e+00
5.786516434246912199e-01 5.706388366750209107e-01 5.843950062441254367e-01 5.708001411273081471e-01 5.818598035207466213e-01
5.909196067090803917e-01 5.596912521440823296e-01 5.832413609328149784e-01 5.897754114180308038e-01 5.923224887919543713e-01
5.729650412381831481e-01 5.892023637074337294e-01 5.938102631976890367e-01 5.840385896273446731e-01 5.913255384922218028e-01
5.935512513103927690e-01 5.724166226078484243e-01 5.946803568598483247e-01 5.740628214822339759e-01 5.945259701954602738e-01
5.880044612670921600e-01 5.938622780728044503e-01 5.953379258779565308e-01 5.704103428157017985e-01 5.442177730944853797e-01
5.701975182447155399e-01 5.613876273048475918e-01 5.522880989199409063e-01 5.970350705966556148e-01 5.665432654593925976e-01
5.471235505866506310e-01 5.422139650600152905e-01 5.385252227985710682e-01 5.289729481386489240e-01 5.682497212931995056e-01
5.083490400329916392e-01 5.144570781976839369e-01 5.202979684396619176e-01 5.088972903367645628e-01 5.604516341358446452e-01
3.890265937547261466e-01 4.003975691629133027e-01 3.754374980162909492e-01 4.293658191902973154e-01 3.556267784780889341e-01
2.061241657813669692e-01 2.003752824375657493e-01 2.966806427960448356e-01 2.593397584389090516e-01 2.233606263018027838e-01
