0.000000000000000000e+00 0.000000000000000000e+00 0.000000000000000000e+00 0.000000000000000000e+00 0.000000000000000000e+00
3.694967839717293034e-01 3.574825755372768588e-01 3.773346028975204658e-01 3.576788306865084088e-01 3.741977560419915139e-01
3.901533464268616136e-01 3.424747597107866137e-01 3.785565709579593041e-01 3.866109660847243945e-01 3.901196871280669942e-01
3.611730689008454953e-01 3.871849181505600535e-01 3.957451121275284422e-01 3.789501151040420845e-01 3.916430359542352746e-01
3.962364909100564714e-01 3.632577736089335207e-01 3.956161054700695900e-01 3.673418488191702025e-01 4.001227650612600439e-01
3.878964661126170221e-01 4.011550707381507652e-01 4.008305222114236233e-01 3.653749844593467411e-01 3.261965710518998640e-01
3.722357290850531464e-01 3.559758794263120918e-01 3.485167942672326991e-01 4.044419779883601240e-01 3.660997597765651701e-01
3.484587361663317173e-01 3.315764875346625673e-01 3.410876554891225654e-01 3.284547793598958099e-01 3.871611326321579005e-01
3.526995429661708981e-01 3.484959764004016969e-01 3.635345617745413538e-01 3.308895337633958045e-01 3.830375818876354810e-01
2.271895294448311453e-01 2.605462256495591489e-01 2.279063542858207336e-01 2.790476419734433944e-01 2.036159353295375340e-01
8.816372632547871124e-02 9.028938981432690913e-02 1.802900606818502449e-01 1.807972658303192703e-01 9.382883467869372607e-02
