0.000000000000000000e+00 0.000000000000000000e+00 0.000000000000000000e+00 0.000000000000000000e+00 0.000000000000000000e+00 0.000000000000000000e+00 0.000000000000000000e+00 0.000000000000000000e+00 0.000000000000000000e+00 0.000000000000000000e+00
9.329446064139941264e-01 9.446064139941691140e-01 9.154518950437318114e-01 9.650145772594752591e-01 9.358600583090378455e-01 8.600583090379009255e-01 8.833819241982506787e-01 8.629737609329446446e-01 9.650145772594752591e-01 9.620991253644315400e-01
9.387755102040816757e-01 9.766763848396501357e-01 9.679300291545189783e-01 9.154518950437318114e-01 9.446064139941691140e-01 9.212827988338192498e-01 8.921282798833819472e-01 8.513119533527696570e-01 9.562682215743439906e-01 9.067055393586005430e-01
9.416909620991253949e-01 9.416909620991253949e-01 6.413994169096209896e-01 8.309037900874635119e-01 9.416909620991253949e-01 7.142857142857143016e-01 9.591836734693877098e-01 7.317784256559767275e-01 9.096209912536442621e-01 9.533527696793002715e-01
9.679300291545189783e-01 9.416909620991253949e-01 9.329446064139941264e-01 9.008746355685131046e-01 8.629737609329446446e-01 9.504373177842565523e-01 9.037900874635568238e-01 8.717201166180758021e-01 9.446064139941691140e-01 9.096209912536442621e-01
9.183673469387755306e-01 8.250728862973760735e-01 7.376093294460641658e-01 8.892128279883382280e-01 9.067055393586005430e-01 9.562682215743439906e-01 9.183673469387755306e-01 9.475218658892128332e-01 9.562682215743439906e-01 9.620991253644315400e-01
9.679300291545189783e-01 8.862973760932945089e-01 9.475218658892128332e-01 9.387755102040816757e-01 9.037900874635568238e-01 9.096209912536442621e-01 9.708454810495626974e-01 9.183673469387755306e-01 8.921282798833819472e-01 8.717201166180758021e-01
8.892128279883382280e-01 8.833819241982506787e-01 7.259475218658891782e-01 8.717201166180758021e-01 9.533527696793002715e-01 8.134110787172011969e-01 8.396501457725947803e-01 9.591836734693877098e-01 9.387755102040816757e-01 8.075801749271136476e-01
8.746355685131195212e-01 8.396501457725947803e-01 8.075801749271136476e-01 7.988338192419824901e-01 8.309037900874635119e-01 9.241982507288629689e-01 9.795918367346938549e-01 9.650145772594752591e-01 8.192419825072886352e-01 9.183673469387755306e-01
9.067055393586005430e-01 8.775510204081632404e-01 9.125364431486880923e-01 9.300291545189504072e-01 7.463556851311953233e-01 9.416909620991253949e-01 8.163265306122449161e-01 5.860058309037901036e-01 9.708454810495626974e-01 8.192419825072886352e-01
