0.000000000000000000e+00 0.000000000000000000e+00 0.000000000000000000e+00 0.000000000000000000e+00 0.000000000000000000e+00 0.000000000000000000e+00 0.000000000000000000e+00 0.000000000000000000e+00 0.000000000000000000e+00 0.000000000000000000e+00
9.378886101422210242e-01 7.913639907450221722e-01 8.130743981991566116e-01 8.983819718112839858e-01 7.349064206596764848e-01 8.836299930638945588e-01 8.318721651171319120e-01 9.063298978202581901e-01 8.663093284119718351e-01 7.177216951433665892e-01
8.888590415950305967e-01 9.112957295516083134e-01 9.301368032507375538e-01 8.983819718112839858e-01 8.487611249268313118e-01 8.741763946586229572e-01 8.322389840518914506e-01 7.177307019155187984e-01 8.370076709823047745e-01 9.301368032507375538e-01
9.280742875857471708e-01 8.823913291909237788e-01 9.223864405339843309e-01 7.482112757744175946e-01 8.701648557148351504e-01 7.676559325487070096e-01 8.078193462282962090e-01 8.557299667271699439e-01 8.964381178377476278e-01 7.442428493403328016e-01
8.768707954625627465e-01 8.991365592423162800e-01 8.780369296620926800e-01 7.605302717022910386e-01 7.796302505735855926e-01 7.213762279898122687e-01 7.337862031202314617e-01 6.887460844796655657e-01 8.681107408356831812e-01 8.377508595146302417e-01
7.831356801000700640e-01 7.454498067240342696e-01 4.894727150083054146e-01 7.510567505102238028e-01 9.213121476246509678e-01 4.563438384771925094e-01 -3.322394508160499138e-02 8.974194650944202767e-01 6.511431027649892123e-01 7.736912346319384515e-01
8.139609040899508097e-01 9.108524996884014291e-01 6.031395945204502951e-01 8.964844426863410876e-01 9.564274873284177581e-01 6.862992579984690256e-01 7.348397180256771577e-01 7.913639907450221722e-01 7.580187910582748545e-01 6.633813188498137725e-01
7.996220654737128397e-01 6.697783162459557404e-01 8.541232051415547089e-01 5.480581519644164290e-01 6.906505445617399097e-01 5.414375207033422788e-01 7.426519062635755786e-01 9.204117909039070122e-01 4.892337884127747061e-01 7.316111871403008227e-01
3.655558286648886157e-01 8.981894919167991986e-01 8.506842945129624578e-01 8.942230724206131631e-01 6.043657512180585778e-01 7.816766197300837327e-01 8.509675507138122486e-01 5.606741657216116614e-01 5.448815623613435521e-01 5.411396996727511066e-01
7.221269383569464129e-01 5.657082197943774649e-01 6.213444260811085140e-01 3.853204459241429958e-01 6.846921336239737421e-01 8.203595065478330728e-01 5.716467689198648783e-01 6.270882116316141008e-01 7.590169458955289272e-01 7.907633124230755151e-01
