0.000000000000000000e+00 0.000000000000000000e+00 0.000000000000000000e+00 0.000000000000000000e+00 0.000000000000000000e+00 0.000000000000000000e+00 0.000000000000000000e+00 0.000000000000000000e+00 0.000000000000000000e+00 0.000000000000000000e+00
8.101690115099541289e-01 9.045798986976388845e-01 7.355322306577435354e-01 7.350783924960965221e-01 8.836299930638945588e-01 4.711283495621109152e-01 9.191580872635607413e-01 8.126989127977012339e-01 8.347617116995342812e-01 7.896408501576261951e-01
5.611846058519798230e-01 8.518652826961654601e-01 7.310012334640619835e-01 9.357372202788371007e-01 6.920651351855815481e-01 8.966701760516897490e-01 7.633827250802671660e-01 9.188188434199116017e-01 8.114046524639606517e-01 6.188345032367271736e-01
7.156437795079628739e-01 7.036000384051420697e-01 9.434013177992892629e-01 6.253592947736238417e-01 6.532614179496566420e-01 -5.665940310621041254e-02 8.484270542645400148e-01 8.286731281555733686e-01 5.969967731551913959e-01 8.650247237171668768e-01
8.206224002483953894e-01 7.024703532909637449e-01 9.158372683345525900e-01 7.152150881553219763e-01 7.859908414090833739e-01 6.687609394063515067e-01 8.018970338603133019e-01 7.808312015797956862e-01 6.618167971401944794e-01 9.418679884755131182e-01
8.235957285299634334e-01 7.854101500496025734e-01 7.831356801000700640e-01 8.132984999153701766e-01 6.969430285229155642e-01 7.973421225385802780e-01 9.108524996884014291e-01 8.137306235219372574e-01 9.187249137536357413e-01 9.444363381669225177e-01
6.805865961553325683e-01 8.456883646443049685e-01 6.806671554884873299e-01 8.937055821255756038e-01 6.872692517997688322e-01 9.280742875857471708e-01 8.071489720499673837e-01 7.504662791901217656e-01 8.286191537170713994e-01 8.363764081293783015e-01
9.263405336525235567e-01 7.465776472815975895e-01 6.352908541558895950e-01 6.725473142628615175e-01 7.917084339823265982e-01 8.762898685856452818e-01 0.000000000000000000e+00 6.494504669860299284e-01 3.929623310049416562e-01 8.375795432665051887e-01
3.854639371134117587e-01 6.470323829652323555e-01 8.541232051415547089e-01 2.568697490543717099e-01 9.577835859892157577e-01 6.583932084467035706e-01 0.000000000000000000e+00 0.000000000000000000e+00 6.199652091845697655e-01 4.006398992946472171e-01
3.716647794217645684e-01 8.744037266876764081e-01 7.459576200904571852e-01 8.197098083616579656e-01 0.000000000000000000e+00 6.452205749372917909e-01 3.357390178310531992e-01 3.600160492659528755e-01 7.525164439985571052e-01 3.357390178310531992e-01
