0.000000000000000000e+00 0.000000000000000000e+00 0.000000000000000000e+00 0.000000000000000000e+00 0.000000000000000000e+00
9.172214985284893318e-01 8.625975473801560378e-01 8.135830089611602034e-01 8.766783944312034338e-01 9.112449899477371718e-01
8.126944739847966614e-01 8.828238487315956950e-01 7.705487636731317425e-01 8.143502909859329231e-01 8.558410188844972621e-01
8.976058620253377640e-01 7.913852202843028039e-01 9.046927914852442854e-01 8.829130510305035484e-01 8.687737683656386878e-01
9.384536610343062746e-01 7.986666544718978855e-01 8.552094920281794188e-01 7.547135461645108068e-01 7.668362807251695168e-01
7.296792961543919764e-01 9.047779806400496616e-01 9.381191443825915854e-01 8.692425399927964369e-01 7.959357891662471873e-01
8.591269841269841834e-01 8.435428043271180343e-01 8.143400887275661360e-01 8.540372670807453437e-01 7.953127953127953065e-01
6.795439777895918576e-01 7.041906506192221471e-01 8.544534264688308234e-01 8.672851267057879454e-01 7.434802969767124736e-01
6.735002273395919170e-01 6.005298303229337220e-01 5.589823759703905770e-01 7.602558058003602293e-01 7.137926031702561680e-01
7.086366845639787693e-01 7.214407502131287009e-01 6.746262626262625739e-01 7.193427931292010191e-01 7.067569421065100777e-01
6.316790736145575513e-01 6.078949096880131853e-01 5.764696947359485568e-01 5.324901513580758694e-01 5.814942914067205981e-01
