0.000000000000000000e+00 0.000000000000000000e+00 0.000000000000000000e+00 0.000000000000000000e+00 0.000000000000000000e+00
8.199999999999999512e-01 8.283333333333333659e-01 8.283333333333333659e-01 8.349999999999999645e-01 8.283333333333333659e-01
8.233333333333333615e-01 8.283333333333333659e-01 8.533333333333333881e-01 8.249999999999999556e-01 8.149999999999999467e-01
8.216666666666666563e-01 8.249999999999999556e-01 8.333333333333333703e-01 8.166666666666666519e-01 8.299999999999999600e-01
8.183333333333333570e-01 8.333333333333333703e-01 8.233333333333333615e-01 8.383333333333333748e-01 8.283333333333333659e-01
8.050000000000000488e-01 8.416666666666666741e-01 8.233333333333333615e-01 8.183333333333333570e-01 8.366666666666666696e-01
8.100000000000000533e-01 8.116666666666666474e-01 8.266666666666666607e-01 8.100000000000000533e-01 8.183333333333333570e-01
8.216666666666666563e-01 8.266666666666666607e-01 8.100000000000000533e-01 8.083333333333333481e-01 7.916666666666666297e-01
7.816666666666666208e-01 7.950000000000000400e-01 7.983333333333333393e-01 7.966666666666666341e-01 8.050000000000000488e-01
8.033333333333333437e-01 7.750000000000000222e-01 7.633333333333333082e-01 7.616666666666667140e-01 7.766666666666666163e-01
6.833333333333333481e-01 6.716666666666666341e-01 6.916666666666666519e-01 7.033333333333333659e-01 6.983333333333333615e-01
