0.000000000000000000e+00 0.000000000000000000e+00 0.000000000000000000e+00 0.000000000000000000e+00 0.000000000000000000e+00
8.466666666666666785e-01 8.316666666666666652e-01 8.166666666666666519e-01 8.283333333333333659e-01 8.449999999999999734e-01
8.233333333333333615e-01 8.233333333333333615e-01 8.266666666666666607e-01 8.333333333333333703e-01 8.149999999999999467e-01
8.249999999999999556e-01 8.233333333333333615e-01 8.083333333333333481e-01 8.216666666666666563e-01 8.283333333333333659e-01
8.199999999999999512e-01 8.283333333333333659e-01 8.199999999999999512e-01 8.199999999999999512e-01 8.249999999999999556e-01
8.050000000000000488e-01 8.333333333333333703e-01 8.216666666666666563e-01 8.183333333333333570e-01 8.399999999999999689e-01
8.199999999999999512e-01 8.133333333333333526e-01 8.349999999999999645e-01 8.100000000000000533e-01 7.933333333333333348e-01
8.066666666666666430e-01 8.266666666666666607e-01 8.133333333333333526e-01 7.983333333333333393e-01 8.066666666666666430e-01
7.750000000000000222e-01 8.033333333333333437e-01 7.916666666666666297e-01 8.050000000000000488e-01 8.133333333333333526e-01
8.149999999999999467e-01 7.733333333333333171e-01 7.733333333333333171e-01 7.900000000000000355e-01 7.950000000000000400e-01
6.949999999999999512e-01 6.883333333333333526e-01 7.216666666666666785e-01 6.949999999999999512e-01 7.283333333333333881e-01
