0.000000000000000000e+00 0.000000000000000000e+00 0.000000000000000000e+00 0.000000000000000000e+00 0.000000000000000000e+00
7.984974376834668153e-01 8.035794311431485593e-01 8.051401382937464213e-01 8.146061629405834115e-01 8.075911217935745068e-01
7.981311258950789522e-01 8.051401382937464213e-01 8.349999999999999645e-01 8.023783607441866694e-01 7.888924460899140456e-01
7.986141390440759658e-01 8.008339682409213456e-01 8.095576659387537788e-01 7.905134325326290679e-01 8.062678062678063640e-01
7.943234531016589717e-01 8.085171568627450567e-01 7.986704653371319296e-01 8.129573626345374393e-01 7.984600784636005644e-01
7.696661471577392888e-01 8.157575757575756814e-01 7.958921694480102227e-01 7.898180672903563071e-01 8.085314229892541782e-01
7.745223433853294370e-01 7.768496302220642136e-01 7.991735218012590014e-01 7.759169713409601599e-01 7.867198888595383632e-01
7.912595632057588535e-01 7.929908836369909952e-01 7.723520954257414584e-01 7.644399987709913358e-01 7.430442066746836272e-01
7.157107773103924542e-01 7.363447667294247267e-01 7.503704900784304854e-01 7.496580027359780463e-01 7.550242707435467215e-01
7.505496363943853222e-01 7.045423872245586416e-01 6.911924610366075861e-01 6.856855023353787271e-01 7.073554248442142089e-01
4.923767455115417579e-01 4.574771309628174465e-01 5.255903408483812989e-01 5.421496673297208080e-01 5.544048679011485126e-01
