0.000000000000000000e+00 0.000000000000000000e+00 0.000000000000000000e+00 0.000000000000000000e+00 0.000000000000000000e+00
8.172161172161171994e-01 8.045787545787546069e-01 7.941391941391942044e-01 8.020146520146520519e-01 8.148351648351648269e-01
7.904761904761905544e-01 7.893772893772894594e-01 8.018315018315018694e-01 8.069597069597069794e-01 7.862637362637362459e-01
7.895604395604395309e-01 7.838827838827838734e-01 7.745421245421244549e-01 7.847985347985347859e-01 7.943223443223443869e-01
7.813186813186813184e-01 7.888278388278388009e-01 7.879120879120879994e-01 7.813186813186813184e-01 7.851648351648351509e-01
7.554945054945054750e-01 7.893772893772894594e-01 7.760073260073260260e-01 7.789377289377289459e-01 7.978021978021978544e-01
7.681318681318680675e-01 7.630036630036629575e-01 7.939560439560440219e-01 7.615384615384614975e-01 7.410256410256410575e-01
7.611721611721611325e-01 7.787545787545787634e-01 7.564102564102563875e-01 7.415750915750916050e-01 7.457875457875458025e-01
6.917582417582417431e-01 7.256410256410257276e-01 7.265567765567765290e-01 7.423076923076923350e-01 7.454212454212454375e-01
7.500000000000000000e-01 6.893772893772893706e-01 6.882783882783882756e-01 7.098901098901098106e-01 7.203296703296703241e-01
5.642857142857142794e-01 5.547619047619047894e-01 6.067765567765568413e-01 5.664835164835164694e-01 6.195970695970696163e-01
