0.000000000000000000e+00 0.000000000000000000e+00 0.000000000000000000e+00 0.000000000000000000e+00 0.000000000000000000e+00
8.956531990415049771e-01 8.890978543193062134e-01 9.021453774973327011e-01 8.957211856822375751e-01 8.909613205409080416e-01
8.952822790285137611e-01 8.861115977400213506e-01 8.888437397974808807e-01 8.910561586323829664e-01 9.043235963925294607e-01
8.771244111346879757e-01 8.840822890007455914e-01 8.820708077099770339e-01 9.001223870245220748e-01 8.979061161586294748e-01
8.791453229423993321e-01 8.527127407873977827e-01 9.059501486191063879e-01 8.931709648890813202e-01 8.700590560267658091e-01
8.658334954911828252e-01 8.590509676852070564e-01 8.572887094865790925e-01 8.606996287225378017e-01 8.844243403470224418e-01
8.442818721320273223e-01 8.467848112091982404e-01 8.196981795869829890e-01 8.303138132867671217e-01 8.323446139523321685e-01
7.892182164090718599e-01 8.077773671975950753e-01 7.955551593346997796e-01 7.936094218808198431e-01 8.140452792530699089e-01
7.612304948326824583e-01 7.888180033276090963e-01 8.087195971124236937e-01 7.499607843137254815e-01 7.861622674462568350e-01
6.109416560931493212e-01 6.300554141327974200e-01 6.182600455385115490e-01 6.148924580849925992e-01 6.201378830152384225e-01
2.647991748194917783e-01 2.670855670855670772e-01 3.221642774310353730e-01 2.853800124725140996e-01 2.891667137162913237e-01
