0.000000000000000000e+00 0.000000000000000000e+00 0.000000000000000000e+00 0.000000000000000000e+00 0.000000000000000000e+00
9.339012822232720668e-01 9.296222517045285016e-01 9.381726393551285126e-01 9.339012822232720668e-01 9.310494543362093367e-01
9.339012822232720668e-01 9.281941846642028926e-01 9.296222517045283906e-01 9.310494543362093367e-01 9.395947379614991712e-01
9.224731920893186610e-01 9.267652492192904878e-01 9.253354413467289596e-01 9.367496997597597463e-01 9.353259153371270562e-01
9.239047569960878725e-01 9.066666666666666208e-01 9.410159993916740184e-01 9.324757965283126948e-01 9.181731728321416153e-01
9.153020145163985877e-01 9.109884741312592737e-01 9.095487960223349599e-01 9.124272336959936558e-01 9.267652492192905989e-01
9.023364733352582379e-01 9.037808103110066549e-01 8.863853633412946964e-01 8.936504412303006850e-01 8.951005185294024225e-01
8.673779132791221702e-01 8.820143891774382405e-01 8.717797887081346619e-01 8.717797887081346619e-01 8.834723859805260204e-01
8.511546260996671887e-01 8.688462620973251838e-01 8.820143891774382405e-01 8.437358137810615499e-01 8.659085002840644085e-01
7.678179761144203752e-01 7.740186937481581264e-01 7.647084492443372294e-01 7.724707833381863065e-01 7.709213663444669518e-01
5.903085612888094857e-01 5.921033860341338162e-01 6.168928514121855278e-01 5.992495306631453467e-01 6.010279260577119365e-01
