0.000000000000000000e+00 0.000000000000000000e+00 0.000000000000000000e+00 0.000000000000000000e+00 0.000000000000000000e+00
9.341229341229341232e-01 9.341229341229341232e-01 9.341229341229341232e-01 9.341229341229341232e-01 9.341229341229341232e-01
9.341229341229341232e-01 9.173789173789174134e-01 9.173789173789174134e-01 9.341229341229341232e-01 9.341229341229341232e-01
9.341229341229341232e-01 9.173789173789174134e-01 9.173789173789174134e-01 9.173789173789174134e-01 9.670329670329670391e-01
9.173789173789174134e-01 9.341229341229341232e-01 9.341229341229341232e-01 9.341229341229341232e-01 9.497171590194845026e-01
9.341229341229341232e-01 9.341229341229341232e-01 8.673846478724528408e-01 9.341229341229341232e-01 9.670329670329670391e-01
9.173789173789174134e-01 9.003556829643786230e-01 9.341229341229341232e-01 9.003556829643786230e-01 9.497171590194845026e-01
9.341229341229341232e-01 9.341229341229341232e-01 9.506533178503802084e-01 9.173789173789174134e-01 9.341229341229341232e-01
8.994708994708995320e-01 9.506533178503802084e-01 9.175466163838258415e-01 9.665831244778613218e-01 9.497171590194845026e-01
9.160731917396693902e-01 9.175466163838258415e-01 8.827965799037835737e-01 9.330968599261281193e-01 9.173789173789174134e-01
9.666666666666667851e-01 8.490028490028489472e-01 8.659932659932660926e-01 9.506533178503803194e-01 8.657604973394446013e-01
