0.000000000000000000e+00 0.000000000000000000e+00 0.000000000000000000e+00 0.000000000000000000e+00 0.000000000000000000e+00
9.465345222494289112e-01 9.637388493048533178e-01 9.637388493048533178e-01 9.465345222494289112e-01 9.637388493048533178e-01
9.637388493048533178e-01 9.637388493048533178e-01 9.465345222494289112e-01 9.637388493048533178e-01 9.465345222494289112e-01
9.442933254078124117e-01 9.637388493048533178e-01 9.637388493048533178e-01 9.637388493048533178e-01 9.267955267481673420e-01
9.442933254078124117e-01 9.637388493048533178e-01 9.637388493048533178e-01 9.637388493048533178e-01 9.465345222494289112e-01
9.053565001858749905e-01 9.637388493048533178e-01 9.637388493048533178e-01 8.858402678895954674e-01 9.637388493048533178e-01
9.442933254078124117e-01 9.442933254078124117e-01 9.248491292906565464e-01 9.637388493048533178e-01 9.053565001858749905e-01
9.248366013071895875e-01 9.442933254078124117e-01 9.442933254078124117e-01 9.637388493048533178e-01 9.637388493048533178e-01
8.857470521331470836e-01 9.049624731338903327e-01 8.301741920760902227e-01 8.110105395357665170e-01 9.432858253302741636e-01
7.131248197524810983e-01 8.858402678895954674e-01 9.053565001858749905e-01 9.442933254078124117e-01 7.885750495537589000e-01
9.049624731338903327e-01 8.858402678895954674e-01 9.248366013071895875e-01 7.131248197524810983e-01 8.110105395357665170e-01
