0.000000000000000000e+00 0.000000000000000000e+00 0.000000000000000000e+00 0.000000000000000000e+00 0.000000000000000000e+00 0.000000000000000000e+00 0.000000000000000000e+00 0.000000000000000000e+00 0.000000000000000000e+00 0.000000000000000000e+00
7.315251572327043927e-01 7.731918238993711334e-01 7.779088050314465486e-01 6.965408805031445549e-01 7.220911949685534514e-01 7.845911949685534514e-01 7.382075471698112956e-01 6.796383647798742711e-01 7.193396226415094130e-01 7.712264150943396457e-01
7.845911949685534514e-01 7.012578616352200811e-01 7.240566037735849392e-01 7.240566037735849392e-01 7.079402515723269840e-01 7.362421383647799189e-01 7.315251572327043927e-01 7.617924528301887044e-01 7.079402515723269840e-01 7.523584905660377631e-01
7.515723270440251014e-01 7.382075471698112956e-01 7.268081761006288666e-01 7.582547169811320042e-01 7.051886792452830566e-01 7.751572327044025101e-01 7.496069182389937247e-01 7.287735849056603543e-01 7.826257861635219637e-01 7.240566037735849392e-01
7.488207547169811740e-01 6.855345911949686233e-01 7.637578616352200811e-01 7.724056603773584717e-01 6.702044025157232188e-01 6.776729559748426723e-01 6.910377358490565891e-01 7.751572327044025101e-01 8.081761006289308602e-01 7.016509433962263564e-01
7.987421383647799189e-01 6.210691823899370245e-01 7.213050314465407897e-01 7.185534591194968623e-01 7.429245283018868218e-01 7.448899371069181985e-01 6.823899371069181985e-01 7.279874213836478036e-01 7.354559748427672572e-01 7.118710691823899595e-01
7.468553459119496862e-01 7.716194968553459210e-01 6.654874213836478036e-01 7.279874213836478036e-01 7.071540880503144333e-01 7.051886792452830566e-01 8.026729559748426723e-01 7.488207547169811740e-01 7.515723270440251014e-01 7.676886792452830566e-01
6.863207547169811740e-01 6.949685534591194536e-01 6.721698113207547065e-01 7.629716981132075304e-01 7.110849056603774088e-01 7.063679245283018826e-01 7.610062893081761537e-01 6.713836477987421558e-01 6.816037735849056478e-01 6.580188679245282390e-01
7.158018867924528239e-01 7.507861635220125507e-01 7.582547169811320042e-01 7.696540880503144333e-01 7.244496855345912145e-01 6.458333333333332593e-01 6.761006289308175710e-01 6.969339622641509413e-01 7.260220125786163159e-01 6.647012578616351419e-01
7.272012578616351419e-01 7.299528301886792914e-01 7.287735849056603543e-01 7.696540880503144333e-01 6.647012578616351419e-01 6.969339622641509413e-01 7.224842767295597268e-01 6.033805031446540790e-01 7.205188679245282390e-01 6.922169811320755262e-01
7.386006289308175710e-01 6.894654088050313767e-01 6.442610062893081579e-01 6.470125786163521964e-01 6.619496855345912145e-01 7.130503144654087855e-01 6.477987421383648581e-01 6.949685534591194536e-01 7.063679245283018826e-01 6.855345911949686233e-01
7.480345911949686233e-01 7.338836477987421558e-01 7.083333333333332593e-01 6.242138364779874493e-01 6.761006289308175710e-01 6.564465408805031377e-01 6.753144654088050203e-01 6.981132075471698784e-01 6.572327044025156884e-01 6.564465408805031377e-01
6.631289308176100405e-01 6.705974842767294941e-01 7.130503144654087855e-01 6.214622641509434109e-01 6.875000000000000000e-01 6.725628930817610929e-01 6.470125786163521964e-01 6.328616352201257289e-01 7.244496855345912145e-01 6.666666666666667407e-01
7.122641509433962348e-01 6.348270440251572166e-01 6.725628930817610929e-01 6.470125786163521964e-01 6.403301886792452935e-01 5.703616352201257289e-01 6.847484276729559616e-01 5.797955974842766702e-01 5.998427672955974899e-01 6.395440251572327428e-01
6.395440251572327428e-01 6.367924528301887044e-01 6.698113207547169434e-01 6.139937106918238463e-01 6.112421383647799189e-01 6.226415094339622369e-01 6.348270440251572166e-01 5.534591194968553340e-01 5.845125786163521964e-01 5.884433962264150608e-01
5.479559748427672572e-01 6.415094339622641195e-01 5.904088050314465486e-01 5.998427672955974899e-01 5.951257861635219637e-01 5.809748427672956073e-01 5.581761006289308602e-01 5.621069182389937247e-01 6.584119496855346254e-01 6.367924528301887044e-01
5.782232704402515688e-01 6.018081761006289776e-01 5.479559748427672572e-01 6.084905660377358805e-01 5.715408805031446660e-01 5.432389937106918421e-01 5.809748427672956073e-01 6.179245283018868218e-01 6.084905660377358805e-01 5.452044025157233298e-01
5.876572327044025101e-01 5.216194968553459210e-01 5.707547169811321153e-01 5.735062893081761537e-01 5.640723270440252124e-01 5.479559748427672572e-01 5.613207547169811740e-01 5.707547169811321153e-01 5.432389937106918421e-01 5.896226415094339979e-01
