0.000000000000000000e+00 0.000000000000000000e+00 0.000000000000000000e+00 0.000000000000000000e+00 0.000000000000000000e+00 0.000000000000000000e+00 0.000000000000000000e+00 0.000000000000000000e+00 0.000000000000000000e+00 0.000000000000000000e+00
3.818500773075245713e-01 4.455952236986751025e-01 4.557380524716447834e-01 3.205721033803418107e-01 3.622464768197862228e-01 4.575962570972175736e-01 3.847300342665723183e-01 2.828680953395347197e-01 3.485836454701584097e-01 4.560046617879328634e-01
4.575962570972175736e-01 3.300394382821529304e-01 3.573685270850573414e-01 3.573685270850573414e-01 3.343486464149559301e-01 3.919944633041063109e-01 3.818500773075245713e-01 4.343898711489763698e-01 3.343486464149559301e-01 4.138385144084808509e-01
3.951294861742059017e-01 3.847300342665723183e-01 3.719389763453168629e-01 4.025145942965635548e-01 3.231009754206501938e-01 4.388736297535792419e-01 3.981210784193183194e-01 3.663143038793332251e-01 4.661293812973008044e-01 3.573685270850573414e-01
3.868883828691374593e-01 2.884854924395464093e-01 4.259964570839439579e-01 4.268691835293534353e-01 2.667162430998701872e-01 2.844915212258739001e-01 2.987506463389685285e-01 4.388736297535792419e-01 5.082690332921889764e-01 3.142922174644400268e-01
4.872695971381195701e-01 1.882490077783480764e-01 3.467927133146118113e-01 3.395439000024602083e-01 3.942224552116895264e-01 3.891892672543166842e-01 2.932661095208687341e-01 3.548744974702702781e-01 3.718047785668883165e-01 3.307348521439931188e-01
3.868309484219826233e-01 4.217371059341578077e-01 2.587942841742916777e-01 3.548744974702702781e-01 3.228693929897853976e-01 3.231009754206501938e-01 4.753901630533415301e-01 3.868883828691374593e-01 3.951294861742059017e-01 4.186197328329991363e-01
2.908503152435115702e-01 3.027230167052710197e-01 2.677047578146638518e-01 4.105039259449561606e-01 3.282133674577042970e-01 3.212226054687791210e-01 4.121508730691382794e-01 2.675332013632300554e-01 2.830467923363962912e-01 2.452649790502957616e-01
3.352690667290479376e-01 3.892513846619121698e-01 4.025145942965635548e-01 4.189336607944023072e-01 3.544249224736114035e-01 2.276486644627485068e-01 2.744696168110509760e-01 3.074177382637116041e-01 3.549991477346381430e-01 2.558793059371057832e-01
3.541148181178291332e-01 3.568732135731648714e-01 3.663143038793332251e-01 4.189336607944023072e-01 2.558793059371057832e-01 3.074177382637116041e-01 3.473022751641930972e-01 1.655337833681523041e-01 3.423943797815666157e-01 3.005947861311843994e-01
3.738955186180628054e-01 3.011063030763734272e-01 2.501625696201948412e-01 2.439366543689447109e-01 2.537808132959503693e-01 3.338572835106919934e-01 2.333866389668614316e-01 3.027230167052710197e-01 3.212226054687791210e-01 2.884854924395464093e-01
3.871868120646746458e-01 3.673469441775820687e-01 3.272166057380143100e-01 1.997243332081778400e-01 2.744696168110509760e-01 2.565540946021423463e-01 2.818894069963522875e-01 3.287274700586848564e-01 2.469559288588787094e-01 2.565540946021423463e-01
2.742636733941914984e-01 2.755327308113735829e-01 3.338572835106919934e-01 2.015412465240746243e-01 2.938190484033211813e-01 2.863320622138147420e-01 2.439366543689447109e-01 2.249754570488381733e-01 3.544249224736114035e-01 2.606384239665075486e-01
3.462178716507691711e-01 2.380622243707291308e-01 2.863320622138147420e-01 2.439366543689447109e-01 2.277304474281119095e-01 1.167504308343344926e-01 2.946722942631174735e-01 1.308554804126504933e-01 1.798527703325076832e-01 2.441203423947058415e-01
2.441203423947058415e-01 2.549711250560872666e-01 2.944692917600114090e-01 1.994222515337033541e-01 2.073472080197491518e-01 2.379154757154432476e-01 2.380622243707291308e-01 9.531637417553079361e-02 1.378460044535469720e-01 1.547241606727008945e-01
1.011133214134783270e-01 2.606233456578416208e-01 1.665093597258432701e-01 1.798527703325076832e-01 1.732161429975451472e-01 1.528479298189806546e-01 1.027207265506353134e-01 1.242138364779874216e-01 2.682399680197686265e-01 2.549711250560872666e-01
1.618830209983710133e-01 1.947469711048039620e-01 1.011133214134783270e-01 2.206097575775458897e-01 1.387840275006752278e-01 9.299354140013360581e-02 1.528479298189806546e-01 2.321817301062860106e-01 2.206097575775458897e-01 1.097930204408559263e-01
1.753144654088050203e-01 6.295692514314912835e-02 1.718499450378614402e-01 1.549851729862331551e-01 1.407410402611835587e-01 1.011133214134783270e-01 1.586103171436288317e-01 1.718499450378614402e-01 9.299354140013360581e-02 1.968647679726984734e-01
