0.000000000000000000e+00 0.000000000000000000e+00 0.000000000000000000e+00 0.000000000000000000e+00 0.000000000000000000e+00 0.000000000000000000e+00 0.000000000000000000e+00 0.000000000000000000e+00 0.000000000000000000e+00 0.000000000000000000e+00
7.259465384939708388e-01 6.676691729323308566e-01 6.750000000000000444e-01 7.012867647058823595e-01 6.788724208079046640e-01 6.609285341679708159e-01 6.857373086220789338e-01 6.653318077803203057e-01 6.813725490196078649e-01 7.012867647058823595e-01
6.542553191489361986e-01 7.025171624713959506e-01 6.666910849022049668e-01 6.666910849022049668e-01 5.774231678486998476e-01 6.281464530892447717e-01 6.996795588344884020e-01 6.520146520146519187e-01 6.285714285714285587e-01 7.084525558734824369e-01
6.653318077803203057e-01 6.653318077803203057e-01 6.454297503321910767e-01 6.454297503321910767e-01 6.476403061224489388e-01 6.350254192275590626e-01 5.847222222222221433e-01 6.908108108108108603e-01 6.520146520146519187e-01 6.609285341679708159e-01
6.609285341679708159e-01 6.090635708790824721e-01 6.003742314889066733e-01 6.388888888888888395e-01 6.027777777777778567e-01 5.840991082975971471e-01 6.803040465012295535e-01 6.744821306624175783e-01 5.758403520752711779e-01 6.345945945945945521e-01
6.158558558558557827e-01 6.542553191489361986e-01 6.676691729323308566e-01 6.336996336996336687e-01 5.414462081128748050e-01 5.902987119758837942e-01 5.829991980753809200e-01 7.095495495495495186e-01 5.965238981998758350e-01 6.750000000000000444e-01
5.190274841437632070e-01 6.734633569739951753e-01 7.181621092384082861e-01 6.242016806722688882e-01 6.130952380952381375e-01 6.067226890756302060e-01 6.653318077803203057e-01 6.208333333333333481e-01 5.847222222222221433e-01 6.586473635653964376e-01
5.313389412434381676e-01 5.829991980753809200e-01 6.345945945945945521e-01 6.350472813238771108e-01 5.210873983739837678e-01 5.376016260162601590e-01 4.900056043340182965e-01 5.902987119758837942e-01 5.840991082975971471e-01 5.705602536997884666e-01
5.794513457556935698e-01 5.921568627450980449e-01 5.501153550371699064e-01 5.794513457556935698e-01 5.001281722635221305e-01 5.411764705882352589e-01 6.272466606056368299e-01 6.520146520146519187e-01 5.411764705882352589e-01 5.228897044620436363e-01
5.898525529585989524e-01 5.250692869740488655e-01 4.923154446963971531e-01 6.734633569739951753e-01 5.396304165861824931e-01 6.017970185828057650e-01 5.024781981303720890e-01 6.615511098931213807e-01 5.250692869740488655e-01 6.067226890756302060e-01
5.971159319461134540e-01 5.351025785808394275e-01 5.086923658352229261e-01 5.096159792220641416e-01 5.223862008842393712e-01 5.871443089430893325e-01 5.124999999999999556e-01 5.626293995859212860e-01 5.985281555949799603e-01 5.351025785808394275e-01
4.510135135135134865e-01 4.196428571428570953e-01 5.877378435517970345e-01 4.861660079051383643e-01 5.256941438377341624e-01 6.569444444444444420e-01 4.820061982164316472e-01 5.414462081128748050e-01 5.458074534161490021e-01 5.187903883556057583e-01
5.210873983739837678e-01 5.062484685126195094e-01 5.127496159754223459e-01 5.519864750633981521e-01 4.774596499907240998e-01 4.776611694152923526e-01 4.484848484848484862e-01 5.482750062050136819e-01 4.866030743058509800e-01 5.449999999999999289e-01
4.871794871794871695e-01 4.708062458229540503e-01 4.638694638694638162e-01 4.871794871794871695e-01 4.286053694464243558e-01 4.679616394844542393e-01 4.890864018380796652e-01 4.240900383141762431e-01 5.061959026091289449e-01 5.321419707123354881e-01
3.584636423092930624e-01 4.967741935483871440e-01 4.189165027713213085e-01 4.648233486943164072e-01 4.638694638694638162e-01 4.510135135135134865e-01 4.456627680311890938e-01 4.220139389569814714e-01 4.569109572690379650e-01 4.119047619047618847e-01
4.017094017094016700e-01 4.202984719662287150e-01 3.914074074074073706e-01 3.914074074074073706e-01 3.686330253494432552e-01 4.172494172494172204e-01 4.203164131696291994e-01 4.799999999999999822e-01 4.258772976844115155e-01 3.678842504743833342e-01
3.378346363420990373e-01 4.119047619047618847e-01 3.513898788310762522e-01 4.286053694464243558e-01 3.611982712687229480e-01 2.999585774306172126e-01 3.905406207346744929e-01 3.760000000000000009e-01 3.133938638656459386e-01 3.458054585282103188e-01
3.840322198531154196e-01 3.536931818181817677e-01 2.989629629629629304e-01 3.133938638656459386e-01 3.378346363420990373e-01 3.536931818181818232e-01 2.707089997612796006e-01 2.896174863387978027e-01 2.741743882157282042e-01 2.681481481481481355e-01
