0.000000000000000000e+00 0.000000000000000000e+00 0.000000000000000000e+00 0.000000000000000000e+00 0.000000000000000000e+00 0.000000000000000000e+00 0.000000000000000000e+00 0.000000000000000000e+00 0.000000000000000000e+00 0.000000000000000000e+00
6.481203007518796522e-01 6.543388929175731894e-01 6.543388929175731894e-01 7.012867647058823595e-01 6.533333333333333215e-01 6.872180451127819500e-01 6.476448611823309998e-01 6.542553191489361986e-01 6.744821306624175783e-01 6.752880509225687167e-01
6.666910849022049668e-01 6.872180451127819500e-01 6.415530218347119673e-01 7.360199937519524838e-01 6.221775095014531187e-01 6.336996336996336687e-01 6.788724208079046640e-01 6.285986374624569217e-01 6.942104863798467251e-01 6.481203007518796522e-01
6.437380104138119563e-01 6.533333333333333215e-01 6.027777777777778567e-01 6.351242983159582911e-01 6.734633569739951753e-01 6.751015307716339287e-01 5.767723074878744471e-01 6.017156862745097756e-01 6.158392434988179120e-01 7.263157894736842479e-01
6.547537749449880984e-01 6.569444444444444420e-01 6.323884405821090793e-01 6.890943877551021224e-01 6.503207117732257014e-01 6.524993317294840445e-01 6.401958697040663893e-01 6.599825632083695659e-01 6.194949288680143829e-01 6.482683982683983270e-01
6.533333333333333215e-01 6.401958697040663893e-01 6.548907494384317296e-01 6.908108108108108603e-01 5.594977077935021637e-01 5.472764307773178016e-01 6.306818181818181213e-01 5.971171171171170133e-01 5.892436974789916349e-01 6.410256410256410797e-01
5.533826638477801207e-01 6.703296703296703907e-01 6.636128400587454346e-01 5.717647058823529527e-01 6.081118114551932186e-01 5.546725130172649454e-01 6.615511098931213807e-01 6.454297503321910767e-01 5.892436974789916349e-01 6.636128400587454346e-01
5.604465709728867484e-01 6.194949288680143829e-01 6.306818181818181213e-01 6.261437908496731986e-01 5.250692869740488655e-01 5.541158536585366612e-01 5.438596491228070429e-01 4.961240310077519311e-01 5.501153550371699064e-01 5.438596491228070429e-01
5.962732919254658537e-01 5.411764705882352589e-01 5.519864750633981521e-01 5.962732919254658537e-01 5.350803043110735624e-01 5.814442473224259444e-01 6.081118114551932186e-01 6.503207117732257014e-01 5.626293995859212860e-01 4.923154446963971531e-01
5.223862008842393712e-01 4.392125888571602466e-01 5.334529607792872774e-01 6.861852541554589457e-01 5.334529607792872774e-01 5.334529607792872774e-01 5.223862008842393712e-01 6.177492649024325377e-01 4.773391812865497297e-01 6.261437908496731986e-01
5.834401435529351643e-01 4.871794871794871695e-01 5.160089352196575163e-01 6.001025378108177932e-01 4.666988416988416821e-01 5.541158536585366612e-01 5.062484685126195094e-01 5.061959026091289449e-01 5.751633986928104125e-01 5.477831889191069337e-01
4.620689655172413035e-01 4.743935309973046355e-01 5.124999999999999556e-01 4.866030743058509800e-01 5.321419707123354881e-01 6.091503267973855662e-01 4.984504458921004133e-01 4.998758997269793225e-01 5.677269590313067660e-01 4.676098287416231569e-01
5.287250384024577698e-01 5.256941438377341624e-01 4.620689655172413035e-01 5.417723084534042943e-01 4.262047282181510299e-01 4.620689655172413035e-01 4.119047619047618847e-01 5.221759372702770019e-01 4.642424242424242342e-01 5.192307692307692735e-01
4.464767616191904209e-01 4.510135135135134865e-01 3.994314143567875286e-01 4.997251236943375252e-01 4.688776736361451869e-01 4.376351838500359692e-01 4.823841698841698777e-01 4.189165027713213085e-01 5.248538011695906835e-01 4.913009451568238206e-01
3.384615384615384803e-01 5.090155945419103656e-01 4.413941274767247958e-01 4.258772976844115155e-01 4.172494172494172204e-01 4.483294483294483213e-01 4.327894327894327708e-01 3.914074074074073706e-01 3.611982712687229480e-01 3.840322198531154196e-01
3.914074074074073706e-01 3.844696969696970168e-01 4.141366223908918287e-01 3.536931818181818232e-01 3.451851851851851505e-01 3.678842504743833342e-01 3.861693861693862306e-01 4.823841698841698777e-01 4.119047619047618847e-01 3.538461538461538658e-01
3.297777777777777253e-01 3.615006805136398160e-01 3.844696969696970168e-01 3.994314143567875286e-01 3.050605844618674567e-01 3.062144212523718600e-01 3.765910840092356882e-01 3.615006805136398160e-01 3.216318785578747841e-01 3.378346363420990373e-01
3.297777777777777253e-01 2.880952380952380709e-01 2.528735632183908288e-01 2.373084291187739225e-01 2.880952380952380709e-01 3.062144212523718600e-01 2.618492618492618274e-01 2.373084291187739225e-01 2.979645124918403054e-01 2.726190476190476497e-01
