0.000000000000000000e+00 0.000000000000000000e+00 0.000000000000000000e+00 0.000000000000000000e+00 0.000000000000000000e+00 0.000000000000000000e+00 0.000000000000000000e+00 0.000000000000000000e+00 0.000000000000000000e+00 0.000000000000000000e+00
4.710491113813338182e-01 3.942224552116895264e-01 4.669074186367242474e-01 4.557380524716447834e-01 4.388736297535792419e-01 3.847300342665723183e-01 4.481370865327925501e-01 4.208905403548144908e-01 4.138385144084808509e-01 4.557380524716447834e-01
3.754311833090431261e-01 5.018310288845865275e-01 4.072256952060628876e-01 4.072256952060628876e-01 2.111010357326942866e-01 3.399500518250425096e-01 4.672628799013155976e-01 4.035667355828810310e-01 3.112954015263826868e-01 4.661293812973008044e-01
4.208905403548144908e-01 4.208905403548144908e-01 3.951294861742059017e-01 3.951294861742059017e-01 3.271337791087344238e-01 3.205721033803418107e-01 2.667162430998701872e-01 4.704005108226331777e-01 4.035667355828810310e-01 3.847300342665723183e-01
3.847300342665723183e-01 3.148688092950703288e-01 3.395439000024602083e-01 3.868309484219826233e-01 3.067544782072409992e-01 2.830467923363962912e-01 4.259964570839439579e-01 4.039208502592306904e-01 1.955489830620085190e-01 3.485836454701584097e-01
3.079780236860001907e-01 3.754311833090431261e-01 3.942224552116895264e-01 3.633338555017656124e-01 2.938190484033211813e-01 2.908503152435115702e-01 2.998490196064891311e-01 5.110061326067913967e-01 2.987506463389685285e-01 4.669074186367242474e-01
1.659504335862697633e-01 4.165137202031303776e-01 5.556508399324771030e-01 3.868883828691374593e-01 3.548744974702702781e-01 3.471605078509795717e-01 4.208905403548144908e-01 3.467927133146118113e-01 2.667162430998701872e-01 4.121508730691382794e-01
2.606384239665075486e-01 2.998490196064891311e-01 3.485836454701584097e-01 3.343486464149559301e-01 2.276486644627485068e-01 2.675332013632300554e-01 1.930405444646114410e-01 2.908503152435115702e-01 2.830467923363962912e-01 2.849222517823087331e-01
3.352690667290479376e-01 3.495941119298991984e-01 2.814521876488350616e-01 3.352690667290479376e-01 1.621409341890028000e-01 2.306222937338602008e-01 3.549991477346381430e-01 4.035667355828810310e-01 2.306222937338602008e-01 2.090297424032306617e-01
3.679412424758621847e-01 2.537808132959503693e-01 1.737043430812087452e-01 4.165137202031303776e-01 2.487576174213885494e-01 3.228693929897853976e-01 2.068255904193109229e-01 4.503884628454377093e-01 2.537808132959503693e-01 3.471605078509795717e-01
4.204638726252150072e-01 2.870862672984464958e-01 2.137425781885795573e-01 2.605006812922151527e-01 2.737327334691114222e-01 3.871868120646746458e-01 2.401593457149660271e-01 2.955741863330768604e-01 3.568732135731648714e-01 2.870862672984464958e-01
2.015412465240746243e-01 1.167504308343344926e-01 3.245795245143217600e-01 1.666952519797431365e-01 3.011063030763734272e-01 4.268691835293534353e-01 1.407693374724769408e-01 2.938190484033211813e-01 2.558793059371057832e-01 2.469559288588787094e-01
2.276486644627485068e-01 2.818894069963522875e-01 2.882679573483412638e-01 2.630516536289754237e-01 1.792894377238986869e-01 3.115044789906989964e-01 1.727550184758144258e-01 3.480441006780196633e-01 2.628691247718802915e-01 3.206251058771968920e-01
2.131671915945956286e-01 2.211947513324358516e-01 3.001318436195558603e-01 2.131671915945956286e-01 2.719034008176494099e-01 1.929998851766303591e-01 2.923843546106852376e-01 1.750355395148660009e-01 2.333866389668614316e-01 3.075738564131336727e-01
4.976075416516681504e-02 2.473565660216116291e-01 1.994222515337033541e-01 1.655337833681523041e-01 3.001318436195558603e-01 2.015412465240746243e-01 1.448033937428050422e-01 1.453927907149930865e-01 2.944692917600114090e-01 1.929483917640311963e-01
1.243789622207168433e-01 2.319832342066227293e-01 2.073472080197491518e-01 2.073472080197491518e-01 1.528479298189806546e-01 1.683171825704266045e-01 6.920061672451548185e-02 2.565540946021423463e-01 2.058558474803783289e-01 1.194523667598440808e-01
2.028949994184733319e-01 1.929483917640311963e-01 4.177682460479509308e-02 2.719034008176494099e-01 1.458722486267643725e-01 1.278897145377077584e-02 1.732161429975451472e-01 1.597232909834110093e-01 1.845601468925650301e-01 2.088570245589879970e-01
2.010766455385619156e-01 1.387840275006752278e-01 8.461731254966864402e-02 1.845601468925650301e-01 2.028949994184733319e-01 2.147593846410549845e-01 1.517407784056351294e-01 1.179132870069614092e-01 5.756396688528824662e-02 -2.763014287336118882e-02
