0.000000000000000000e+00 0.000000000000000000e+00 0.000000000000000000e+00 0.000000000000000000e+00 0.000000000000000000e+00
7.697950923349354824e-01 7.697950923349354824e-01 7.697950923349354824e-01 7.697950923349354824e-01 7.697950923349354824e-01
4.491525423728813804e-01 4.491525423728813804e-01 4.491525423728813804e-01 4.491525423728813804e-01 7.780812564015021637e-01
4.491525423728813804e-01 4.491525423728813804e-01 7.697950923349354824e-01 7.640653357531760337e-01 7.780812564015021637e-01
4.491525423728813804e-01 4.491525423728813804e-01 4.491525423728813804e-01 4.491525423728813804e-01 4.491525423728813804e-01
4.491525423728813804e-01 4.491525423728813804e-01 4.491525423728813804e-01 4.491525423728813804e-01 4.491525423728813804e-01
4.491525423728813804e-01 4.491525423728813804e-01 4.491525423728813804e-01 4.491525423728813804e-01 4.491525423728813804e-01
4.491525423728813804e-01 4.491525423728813804e-01 4.491525423728813804e-01 4.491525423728813804e-01 4.491525423728813804e-01
4.491525423728813804e-01 4.491525423728813804e-01 4.491525423728813804e-01 4.491525423728813804e-01 4.491525423728813804e-01
4.491525423728813804e-01 4.491525423728813804e-01 4.491525423728813804e-01 4.491525423728813804e-01 4.491525423728813804e-01
4.491525423728813804e-01 4.491525423728813804e-01 4.491525423728813804e-01 4.491525423728813804e-01 4.491525423728813804e-01
