0.000000000000000000e+00 0.000000000000000000e+00 0.000000000000000000e+00 0.000000000000000000e+00 0.000000000000000000e+00
9.968421052631579737e-01 9.971929824561402977e-01 9.971929824561402977e-01 9.971929824561402977e-01 9.971929824561402977e-01
9.968421052631579737e-01 9.971929824561402977e-01 9.975438596491228438e-01 9.968421052631579737e-01 9.968421052631579737e-01
9.975438596491228438e-01 9.936842105263157254e-01 9.957894736842105576e-01 9.968421052631579737e-01 9.971929824561402977e-01
9.968421052631579737e-01 9.978947368421052788e-01 9.968421052631579737e-01 9.968421052631578627e-01 9.950877192982456876e-01
9.964912280701754277e-01 9.968421052631579737e-01 9.968421052631578627e-01 9.978947368421051678e-01 9.978947368421052788e-01
9.964912280701754277e-01 9.978947368421052788e-01 9.978947368421052788e-01 9.964912280701754277e-01 9.964912280701754277e-01
9.975438596491228438e-01 9.978947368421052788e-01 9.982456140350877138e-01 9.971929824561402977e-01 9.957894736842105576e-01
9.964912280701754277e-01 9.975438596491228438e-01 9.964912280701754277e-01 9.957894736842105576e-01 9.968421052631579737e-01
9.898245614035088291e-01 9.905263157894736992e-01 9.940350877192982715e-01 9.964912280701754277e-01 9.933333333333332904e-01
9.000000000000000222e-01 6.550877192982456076e-01 8.410526315789472740e-01 7.989473684210526283e-01 7.912280701754386136e-01
