0.000000000000000000e+00 0.000000000000000000e+00 0.000000000000000000e+00 0.000000000000000000e+00 0.000000000000000000e+00
9.944016355078203473e-01 9.937040297517012455e-01 9.930069072116440854e-01 9.937040297517012455e-01 9.930069072116440854e-01
9.937040297517012455e-01 9.950997254984803586e-01 9.950997254984803586e-01 9.937040297517012455e-01 9.944016355078203473e-01
9.950997254984803586e-01 9.852925139231150098e-01 9.930069072116440854e-01 9.922926740866369055e-01 9.930069072116440854e-01
9.937040297517012455e-01 9.950997254984803586e-01 9.937040297517012455e-01 9.929863681903816630e-01 9.929912583179414387e-01
9.901793395877233062e-01 9.937040297517012455e-01 9.922829007216994457e-01 9.929834341485238580e-01 9.894856226747935635e-01
9.923004929865152368e-01 9.894797752097305166e-01 9.957983007442818835e-01 9.873927338846524293e-01 9.908832926213755332e-01
9.873927338846524293e-01 9.916141077163683759e-01 9.880898826909570998e-01 9.811398478863232464e-01 9.783730607721775607e-01
9.839141611127163456e-01 9.853332770574698696e-01 9.839141611127163456e-01 9.606154167571392399e-01 9.818714075917994721e-01
8.818662725426215099e-01 9.246187247164404654e-01 9.667357814544527139e-01 9.818162764885239868e-01 9.701516433425844133e-01
5.549228971245444564e-01 4.307251170478763602e-01 6.740341266124016961e-01 3.868554249411187418e-01 6.082256375983267072e-01
