0.000000000000000000e+00 0.000000000000000000e+00 0.000000000000000000e+00 0.000000000000000000e+00 0.000000000000000000e+00
6.069230227595222571e-01 6.221511070471545946e-01 6.243190067763613182e-01 6.178097513708317168e-01 6.134608563080632404e-01
6.264850800741831316e-01 6.199813617270191202e-01 5.959865770300536436e-01 6.091042603692737867e-01 6.329725288053362764e-01
5.915974607413012620e-01 5.981779742592407967e-01 6.178097513708317168e-01 6.329725288053362764e-01 6.047397971212264967e-01
6.047397971212264967e-01 5.871997577958930625e-01 6.221511070471545946e-01 5.937930803084709996e-01 5.937930803084709996e-01
6.156362562422716955e-01 6.178097513708317168e-01 5.937930803084709996e-01 6.134608563080632404e-01 6.025545618448175933e-01
6.264850800741830206e-01 5.893996946046036189e-01 6.112835312320753500e-01 5.695190953778459519e-01 5.783778080881811778e-01
5.937930803084709996e-01 5.650754128629400519e-01 5.200546979779038237e-01 6.069230227595222571e-01 6.134608563080632404e-01
5.539225778231305908e-01 5.606218769267650170e-01 5.336798874065071807e-01 5.761666425609869302e-01 5.937930803084709996e-01
5.223332269729736854e-01 5.449534128916179165e-01 5.516842897487254094e-01 5.650754128629401629e-01 4.878032390216367475e-01
4.737594326237737907e-01 4.784567784961237802e-01 4.807993344421350734e-01 4.878032390216367475e-01 4.761101646561317624e-01
