0.000000000000000000e+00 0.000000000000000000e+00 0.000000000000000000e+00 0.000000000000000000e+00 0.000000000000000000e+00
2.427260731418755257e-01 2.701437217132092727e-01 2.748317982238958068e-01 2.616575300869981024e-01 2.544075720819825581e-01
2.801762390682788206e-01 2.663311899660047999e-01 2.225863434568730592e-01 2.457387737004763095e-01 2.903037009455383122e-01
2.140719683238111459e-01 2.273444347747046179e-01 2.639341382527263802e-01 2.910173901559512388e-01 2.392923396028470429e-01
2.398400405552432724e-01 2.060475721401551774e-01 2.720821063101267479e-01 2.202510500124990889e-01 2.189077259685357768e-01
2.619111659650187884e-01 2.658848108015050560e-01 2.218936589755476918e-01 2.576347750262561465e-01 2.373013620572940463e-01
2.812354634528032582e-01 2.130813524014594229e-01 2.546407026664344597e-01 1.777102277668564934e-01 1.949821443722080383e-01
2.270431207980975197e-01 1.779538919552237641e-01 8.902568563062718265e-02 2.574277614255139901e-01 2.620575447968246929e-01
1.683002661951315537e-01 1.728259838549562333e-01 1.272924219937442147e-01 2.082151497816390751e-01 2.301340682070829591e-01
1.100881057409974079e-01 1.660372925318506221e-01 1.638115358834958402e-01 1.916753031666776075e-01 4.341883744127923717e-02
1.837209169842501932e-02 5.109020274676287499e-02 5.242024266522269521e-02 7.732721940589765142e-02 3.674418339685003865e-02
