0.000000000000000000e+00 0.000000000000000000e+00 0.000000000000000000e+00 0.000000000000000000e+00 0.000000000000000000e+00 0.000000000000000000e+00 0.000000000000000000e+00 0.000000000000000000e+00 0.000000000000000000e+00 0.000000000000000000e+00
8.547291839511953482e-01 8.494524130476647228e-01 8.571152482967067110e-01 8.564225847167624694e-01 8.624286341677646073e-01 8.624286341677646073e-01 8.624286341677646073e-01 8.498233703151735208e-01 8.285444192542027464e-01 8.552976361965125562e-01
8.629629629629630427e-01 8.607230596233704789e-01 8.694486341545165642e-01 8.693672340731164461e-01 8.564225847167624694e-01 8.564225847167624694e-01 8.621019487423694505e-01 8.702789096047522932e-01 8.498233703151735208e-01 8.616134289573181837e-01
8.637271819090001079e-01 8.417491599309782080e-01 8.629629629629630427e-01 8.482652613087395821e-01 8.762345602952813506e-01 8.561514243332424279e-01 8.498233703151735208e-01 8.571152482967067110e-01 8.498233703151735208e-01 8.561514243332424279e-01
8.223673896002091643e-01 8.633548239654277312e-01 8.571152482967067110e-01 8.552976361965125562e-01 8.627882729006324247e-01 8.627882729006324247e-01 8.629629629629630427e-01 8.627882729006324247e-01 7.720310878205615124e-01 8.762345602952813506e-01
8.490984066060675017e-01 8.629629629629630427e-01 8.828644347654552860e-01 8.758924691128080475e-01 8.299768058804203319e-01 8.633548239654277312e-01 8.762345602952813506e-01 8.695464095909034574e-01 8.566416372446639116e-01 8.627882729006324247e-01
8.686372444662792125e-01 8.564225847167624694e-01 8.629629629629630427e-01 8.624286341677646073e-01 8.186675995664759453e-01 8.296296296296296058e-01 8.279380250706416255e-01 8.700043917435221763e-01 8.498233703151735208e-01 8.489319480126424899e-01
8.483008876267302822e-01 8.571152482967067110e-01 8.702789096047522932e-01 8.633548239654277312e-01 8.693672340731164461e-01 8.758924691128080475e-01 8.278431372549018841e-01 8.702789096047522932e-01 8.624286341677646073e-01 8.296296296296296058e-01
8.547151155604993944e-01 9.024466261492909425e-01 8.633548239654277312e-01 7.654040404040404200e-01 8.831299980894676827e-01 8.694486341545165642e-01 8.767746414805238642e-01 7.416773151208048143e-01 7.426510411009713541e-01 8.289377289377289904e-01
8.629629629629630427e-01 8.504387778352610061e-01 8.633548239654277312e-01 8.059578997313431303e-01 8.831299980894676827e-01 8.619598266657089169e-01 7.486832581583545698e-01 8.633548239654277312e-01 7.035132378719578528e-01 8.294232649071359154e-01
8.354982400398717202e-01 8.134780249743251979e-01 7.238978770035614518e-01 8.407067331571185242e-01 8.480291534673435327e-01 8.564225847167624694e-01 7.601959022602752247e-01 8.015022951731811673e-01 7.306506443197090528e-01 8.430063002293016750e-01
8.571152482967067110e-01 7.634960968294302042e-01 7.789977627680498840e-01 8.700043917435221763e-01 8.193986308408890418e-01 7.941354658911911057e-01 8.746254939803327355e-01 8.611523448237945466e-01 8.364313300547357999e-01 8.552976361965125562e-01
8.229960935933665622e-01 8.219590506098169991e-01 8.136011075079175869e-01 7.103353431824901421e-01 8.286793920702398841e-01 8.896144113535418008e-01 7.565432098765431101e-01 8.633548239654277312e-01 8.430063002293016750e-01 7.943732193732193636e-01
7.620157620157619327e-01 8.016078093597474030e-01 8.280908326324643021e-01 8.561514243332424279e-01 7.166683006099064945e-01 8.959663498039471818e-01 8.074714973001184681e-01 7.239787132397871305e-01 7.420289205078468564e-01 7.790630422209369188e-01
8.015763697581879121e-01 7.713447414939951230e-01 8.619598266657089169e-01 8.494524130476647228e-01 8.219590506098169991e-01 8.368742368742368987e-01 7.363699102829537324e-01 8.212719846628324660e-01 8.432938591974736831e-01 7.147104103625842031e-01
7.103353431824901421e-01 7.071007982346517728e-01 8.015474820630837938e-01 7.238978770035614518e-01 7.829912023460409154e-01 8.207109191996161401e-01 7.941354658911911057e-01 8.464150222440568472e-01 8.296296296296296058e-01 8.767746414805238642e-01
8.071248149115931581e-01 7.438688849480695753e-01 8.489319480126424899e-01 8.358648142150469917e-01 7.306506443197090528e-01 8.624286341677646073e-01 8.561084471538334961e-01 8.124226049757964363e-01 7.761713242262441304e-01 8.137285979349200282e-01
8.637271819090001079e-01 8.174316368706840974e-01 7.103353431824901421e-01 7.647444519976666077e-01 7.758227435646789516e-01 8.894403087951475717e-01 7.363699102829537324e-01 8.471206753341297135e-01 8.236280158999168544e-01 7.306506443197090528e-01
7.764299116830901681e-01 8.421264057216572008e-01 8.740662931839402461e-01 8.219590506098169991e-01 8.306766005371221118e-01 7.535118383110418483e-01 7.866577866577865175e-01 8.762345602952813506e-01 8.087642331828378550e-01 6.836283781963192752e-01
7.702973909870461933e-01 8.637271819090001079e-01 8.349527140821350057e-01 7.979730718416458979e-01 7.499363724829702926e-01 7.111592111592112131e-01 6.820965820802573631e-01 7.693202612086453840e-01 7.420289205078468564e-01 8.700043917435221763e-01
8.260035829253165041e-01 7.381959126145173355e-01 8.498233703151735208e-01 6.967038809144071587e-01 8.461587853932351910e-01 7.126683572593964788e-01 8.207109191996161401e-01 7.786324786324786418e-01 7.306506443197090528e-01 8.380501935717149520e-01
9.147959955482080074e-01 7.870979532163743242e-01 6.948287220026351241e-01 7.180234967859591144e-01 7.056044465030106849e-01 7.363699102829537324e-01 8.181088675640854069e-01 7.253366522026752916e-01 6.736896681749623417e-01 6.783765295455942423e-01
6.873845156330048445e-01 7.363699102829537324e-01 6.711668657905217605e-01 7.417516772355482457e-01 8.395905274700096177e-01 7.326669695592912257e-01 6.549065054176753664e-01 7.356368079146552441e-01 7.382267360648478993e-01 7.233444427526546372e-01
6.957985653637827062e-01 8.470244238046095164e-01 6.946363225196332536e-01 7.420289205078468564e-01 7.636009784491224472e-01 8.087642331828378550e-01 6.667586841499885120e-01 6.483626483626484527e-01 7.195997239475500074e-01 6.483626483626484527e-01
7.420289205078468564e-01 7.071007982346517728e-01 7.204844819796337729e-01 6.326857708360226207e-01 7.928279450018580476e-01 7.727745186124764798e-01 6.946363225196332536e-01 7.829012683039805465e-01 7.619885645588230227e-01 6.962375621890548594e-01
7.306506443197090528e-01 7.042483660130719469e-01 7.961146272855134098e-01 7.063607085346216286e-01 8.561084471538334961e-01 7.248677248677249940e-01 7.420289205078468564e-01 7.458282458282458061e-01 6.886245188178147236e-01 7.054369646807913119e-01
8.006154019873532590e-01 8.551220511457694462e-01 8.280426052034224327e-01 8.627955887043384786e-01 8.822884040275345008e-01 8.482652613087395821e-01 8.700043917435221763e-01 8.627882729006324247e-01 8.686588027195237816e-01 8.422476127394160628e-01
8.480291534673435327e-01 8.886403424779398819e-01 8.627882729006324247e-01 7.799210910026589394e-01 8.498233703151735208e-01 8.633548239654277312e-01 7.613070684343267169e-01 8.504387778352610061e-01 8.504387778352610061e-01 8.555555555555555136e-01
8.700043917435221763e-01 8.952806269839651554e-01 8.227513227513227889e-01 8.637271819090001079e-01 8.556919887163857430e-01 8.286793920702398841e-01 8.358648142150469917e-01 8.296296296296296058e-01 8.159269999547777985e-01 8.422476127394160628e-01
8.280561100562074950e-01 8.695464095909034574e-01 7.855884573441825891e-01 8.555555555555555136e-01 8.758924691128080475e-01 8.566416372446639116e-01 8.700462584699688584e-01 8.758836212778732255e-01 8.959663498039471818e-01 8.627882729006324247e-01
8.959663498039471818e-01 9.011013187615614095e-01 8.757225906820601535e-01 7.870361423361713626e-01 8.831299980894676827e-01 8.436933085889442019e-01 7.849432540508054501e-01 8.762345602952813506e-01 8.749712859439980894e-01 8.534050179211468690e-01
8.624286341677646073e-01 8.946795541623128178e-01 8.556268949527375822e-01 8.612404544607934476e-01 8.299768058804203319e-01 8.001748514636816134e-01 8.637271819090001079e-01 8.693672340731164461e-01 8.417895777986225125e-01 7.634960968294302042e-01
8.279045371098873174e-01 8.818002536049845963e-01 8.621226268285090422e-01 8.691040656614380522e-01 8.877351097178682870e-01 8.691040656614380522e-01 7.943732193732193636e-01 8.758836212778732255e-01 8.498603400356253834e-01 8.430063002293016750e-01
8.672698860221399464e-01 8.831299980894676827e-01 8.483008876267302822e-01 7.870361423361713626e-01 8.571152482967067110e-01 8.417895777986225125e-01 8.700043917435221763e-01 8.205971277399847219e-01 7.839089774038331404e-01 8.683151832746527354e-01
8.129826635145783742e-01 8.188128332896232875e-01 8.556919887163857430e-01 8.621019487423694505e-01 8.296296296296296058e-01 8.416909991986600836e-01 8.223673896002091643e-01 8.440267650099180230e-01 6.848080562817712158e-01 8.681318681318681563e-01
8.488091164546198719e-01 8.350697922927937666e-01 8.463777850131294356e-01 7.411351940442995057e-01 8.192496675863267797e-01 7.822747612368931014e-01 8.444223050044760148e-01 8.400602056104448101e-01 8.762345602952813506e-01 8.139977975250625164e-01
8.147644927536231707e-01 8.802993535757254184e-01 7.812879384999641408e-01 8.828644347654552860e-01 7.173117980135524929e-01 7.363699102829537324e-01 8.279380250706416255e-01 8.479716288705052563e-01 7.849432540508054501e-01 8.069956796277834021e-01
8.738462208289794475e-01 8.821086532757013154e-01 8.016078093597474030e-01 8.201051301902938517e-01 7.586768538261076111e-01 8.471132993376707665e-01 6.547920439169377937e-01 7.842312661498708204e-01 7.230273752012882360e-01 9.085534348692242412e-01
8.000743218134522827e-01 8.376892925845035309e-01 7.109985785358919896e-01 8.551179232481137538e-01 8.531763292528843357e-01 8.226484773322310096e-01 7.740998140998142096e-01 8.571152482967067110e-01 7.564929061055316595e-01 6.915496657380583168e-01
8.124029062648682187e-01 7.411926214542347013e-01 8.504387778352610061e-01 8.300336331552102820e-01 7.545584045584045052e-01 7.974573011632378750e-01 8.000743218134522827e-01 8.400057559280919017e-01 7.925669860618417273e-01 7.081512372162226399e-01
7.861685407345680998e-01 8.551822573561703722e-01 7.363699102829537324e-01 6.711668657905217605e-01 7.106723345061173314e-01 7.586768538261076111e-01 7.420289205078468564e-01 8.664484961820164699e-01 8.670183819598115127e-01 8.417895777986225125e-01
7.346310504878279524e-01 8.355909560488742338e-01 8.180991095625241849e-01 9.022175521285706878e-01 8.096194463495444138e-01 7.420289205078468564e-01 7.646014056972961770e-01 7.453750489964088288e-01 7.071007982346517728e-01 8.602885764176088079e-01
7.363699102829537324e-01 7.848079018594678047e-01 6.382604323780793898e-01 7.236693489183254613e-01 6.441965159522410334e-01 7.345431167996259170e-01 8.589430960836619278e-01 7.061743703391023530e-01 6.783765295455942423e-01 7.238095238095239026e-01
7.222222222222223209e-01 7.585921325051759867e-01 6.788651178895080962e-01 7.306506443197090528e-01 7.238978770035614518e-01 7.355492853376653928e-01 7.531792444073145409e-01 7.992557150451887749e-01 7.424646869091313661e-01 6.896721630819649951e-01
6.899261354706899274e-01 7.261960417640641596e-01 8.547151155604993944e-01 7.086443838975037268e-01 7.176293473530691580e-01 7.859292231744182677e-01 7.032671973211627181e-01 7.221902580822266993e-01 7.420289205078468564e-01 7.685466236888967018e-01
8.101588564380605151e-01 7.578644380905315003e-01 6.932142226259873086e-01 7.586768538261076111e-01 7.953135840664372624e-01 8.452344416027278706e-01 8.553268619327488720e-01 7.440293040293041171e-01 7.297056213161540184e-01 7.141056924539758155e-01
