0.000000000000000000e+00 0.000000000000000000e+00 0.000000000000000000e+00 0.000000000000000000e+00 0.000000000000000000e+00
3.391511081780564374e-01 3.083830497515678282e-01 3.265986323710903805e-01 3.145877459973300816e-01 2.907009498669055336e-01
3.618734322278729376e-01 3.201349018256038903e-01 3.574778993800393212e-01 3.441236008058426443e-01 3.425120975280031010e-01
3.592200047244910599e-01 3.895508395179423378e-01 3.152860092512300150e-01 3.833333333333333592e-01 4.529914529914529919e-01
3.847730295253815047e-01 3.799802978286741517e-01 4.310702156740432445e-01 3.142710975831765619e-01 3.304472761256333491e-01
3.626083207477345804e-01 4.387918729817172347e-01 4.486649183546164710e-01 3.748789971250483521e-01 4.017094017094017255e-01
4.145924946170865821e-01 3.738878171217936419e-01 3.459464809196833857e-01 3.890223213474006680e-01 4.239991520025439553e-01
3.519725764571720039e-01 2.721655269759086782e-01 3.379631847096873365e-01 4.050659764685193287e-01 3.942082639927217413e-01
3.435822761549333082e-01 3.491486243775878129e-01 3.303360556061336051e-01 3.509820590815169172e-01 3.173691771954015861e-01
2.155109141747590662e-01 3.417929635123316268e-01 1.733333333333333393e-01 2.259129978899619973e-01 3.858286853723962295e-01
8.980265101338745504e-02 1.621424235993524920e-01 1.568125120467950273e-01 0.000000000000000000e+00 1.102077537555967574e-01
