0.000000000000000000e+00 0.000000000000000000e+00 0.000000000000000000e+00 0.000000000000000000e+00 0.000000000000000000e+00
9.324757965283126948e-01 9.310494543362093367e-01 9.281941846642028926e-01 9.339012822232720668e-01 9.339012822232720668e-01
9.310494543362093367e-01 9.296222517045285016e-01 9.381726393551285126e-01 9.239047569960878725e-01 9.296222517045285016e-01
9.324757965283125838e-01 9.367496997597597463e-01 9.281941846642028926e-01 9.367496997597597463e-01 9.210407425205011656e-01
9.324757965283125838e-01 9.310494543362093367e-01 9.239047569960878725e-01 9.310494543362093367e-01 9.339012822232720668e-01
9.281941846642028926e-01 9.167380443590789074e-01 9.167380443590790184e-01 9.224731920893186610e-01 9.196074041555873935e-01
9.052242065905721224e-01 9.081081950005519543e-01 9.239047569960878725e-01 9.023364733352582379e-01 9.095487960223349599e-01
8.994449591653184140e-01 8.951005185294024225e-01 9.109884741312592737e-01 8.849293757131130311e-01 8.834723859805260204e-01
8.717797887081346619e-01 8.761722306588914932e-01 8.820143891774382405e-01 8.717797887081346619e-01 8.805553803014196657e-01
7.909487973314075493e-01 7.970625081982645188e-01 8.092245945622539294e-01 8.362880949635584926e-01 8.303085846111747381e-01
7.284822714061657267e-01 7.140555361048434024e-01 7.300760995342274740e-01 7.220888765789238439e-01 7.236899615814960107e-01
