0.000000000000000000e+00 0.000000000000000000e+00 0.000000000000000000e+00 0.000000000000000000e+00 0.000000000000000000e+00
8.779566390160408185e-01 8.639848925441154792e-01 8.613397686842214629e-01 8.751188513715064676e-01 8.806370998031309849e-01
8.585718586494101023e-01 8.780433989830506158e-01 8.586142839719798081e-01 8.586991534881168731e-01 8.697881323497325123e-01
8.505041518829973279e-01 8.838299452296735081e-01 8.558514565940175123e-01 8.640222359436136035e-01 8.532361202822226209e-01
8.532783038322643288e-01 8.616484792713776653e-01 8.395109793628793282e-01 8.561847125270979353e-01 8.697773859326527468e-01
8.342866126672107141e-01 8.203209344355992805e-01 8.446686763871075199e-01 8.452640173976165849e-01 8.370054280173402361e-01
8.266395970816754479e-01 8.149106829988430611e-01 8.589910845103184700e-01 8.088177705307643128e-01 8.754702862830623378e-01
7.846664613445617498e-01 8.316754778267844150e-01 8.321391541105949141e-01 8.037458325899611289e-01 8.266088607007289202e-01
7.582422463593179174e-01 7.990988552124733690e-01 7.619731581118874830e-01 8.037707005787850800e-01 8.236215338935826136e-01
7.912860456397654563e-01 7.327107824962247884e-01 6.907908457055668139e-01 7.920437907836854752e-01 7.369150064703048342e-01
6.495627017821217208e-01 5.254966199416027939e-01 6.358802692113814103e-01 5.725449676762756068e-01 6.123470309612144558e-01
