0.000000000000000000e+00 0.000000000000000000e+00 0.000000000000000000e+00 0.000000000000000000e+00 0.000000000000000000e+00
5.628498911788115677e-01 5.359402951822151984e-01 5.314165555903914706e-01 5.336798874065071807e-01 5.628498911788115677e-01
5.471997400909064391e-01 5.359402951822151984e-01 5.516842897487252984e-01 5.336798874065071807e-01 5.404524853202998802e-01
5.449534128916179165e-01 5.427043393966920481e-01 5.494433546781688493e-01 5.381978157600501023e-01 5.449534128916179165e-01
5.223332269729736854e-01 5.336798874065072917e-01 5.268809690580554816e-01 5.314165555903913596e-01 5.650754128629400519e-01
5.336798874065071807e-01 5.606218769267650170e-01 5.449534128916179165e-01 5.359402951822151984e-01 5.200546979779039347e-01
5.494433546781688493e-01 5.131999826794835240e-01 5.359402951822151984e-01 5.131999826794835240e-01 5.314165555903914706e-01
5.246086371975038354e-01 5.314165555903914706e-01 5.154881181947844615e-01 5.017090790488050178e-01 5.131999826794835240e-01
5.017090790488050178e-01 5.131999826794835240e-01 5.177730090386025719e-01 5.131999826794835240e-01 5.040141091499544812e-01
4.737594326237737907e-01 5.017090790488049068e-01 4.901301414477133855e-01 4.807993344421350734e-01 4.878032390216367475e-01
4.690453662019864467e-01 4.737594326237737907e-01 4.761101646561317624e-01 4.807993344421350734e-01 4.761101646561317624e-01
