0.000000000000000000e+00 0.000000000000000000e+00 0.000000000000000000e+00 0.000000000000000000e+00 0.000000000000000000e+00
1.604593573320630961e-01 1.128738659760744473e-01 1.049593749206307047e-01 1.084217860779368575e-01 1.606386839710446657e-01
1.335882771048469142e-01 1.126592581377023616e-01 1.412546396184662656e-01 1.091481653665154067e-01 1.219149622735426763e-01
1.288786830824590057e-01 1.286332892628928304e-01 1.374563210578149397e-01 1.177578197079122424e-01 1.295401474956091314e-01
9.093704525719618903e-02 1.108159275550167078e-01 9.850304671557041925e-02 1.077044008088761801e-01 1.730774561598913130e-01
1.120110191074386585e-01 1.619275186847679571e-01 1.318537029488526802e-01 1.158820227843995881e-01 9.006104163708240906e-02
1.446367705203130682e-01 7.639565114257443335e-02 1.200813888494432075e-01 7.920170655115592317e-02 1.104607565821700832e-01
1.126603062518198028e-01 1.135656350684256244e-01 8.277891430535676276e-02 5.884903888174717462e-02 8.361337375899856317e-02
6.245766755463955794e-02 8.512311470152246484e-02 1.060256026195406237e-01 9.252980329940127535e-02 6.352446314114944259e-02
5.275741148607652684e-03 8.667694009802881516e-02 4.519557624751792402e-02 2.621012133261134761e-02 4.084150245081694802e-02
-2.011294966772823878e-02 1.046981714414640594e-02 2.514182275771345218e-02 8.053872662568291318e-02 2.857531663412214012e-02
