0.000000000000000000e+00 0.000000000000000000e+00 0.000000000000000000e+00 0.000000000000000000e+00 0.000000000000000000e+00 0.000000000000000000e+00 0.000000000000000000e+00 0.000000000000000000e+00 0.000000000000000000e+00 0.000000000000000000e+00
9.650969579252860475e-01 9.580889540566960294e-01 9.446739130434783638e-01 9.509777288800149719e-01 9.582978723404256272e-01 9.580889540566960294e-01 9.167902976793554926e-01 9.299033816425120724e-01 9.440942028985507273e-01 9.792980193876049677e-01
9.580889540566960294e-01 9.512016600641389763e-01 9.512016600641387543e-01 9.299514390798347963e-01 9.650969579252860475e-01 9.512016600641387543e-01 9.582850241545894932e-01 9.442153597510780649e-01 9.585612644998199317e-01 8.961143711625166874e-01
9.509777288800149719e-01 9.445332788986039452e-01 8.614468864468864950e-01 9.230378552901270517e-01 9.222853598541718156e-01 9.227717986480872270e-01 9.236373248744381703e-01 9.307029478458049843e-01 9.089883800410115677e-01 9.509777288800149719e-01
9.585612644998199317e-01 9.225796003127025857e-01 8.605886402113448463e-01 9.513928057184579679e-01 8.666568851439629961e-01 9.092753458619581286e-01 8.804747952820974888e-01 8.820930321446317501e-01 9.020992849095215149e-01 9.582978723404256272e-01
9.444686292648419856e-01 9.307428547297424970e-01 9.440939970285687766e-01 9.444885591970965111e-01 8.717017738359201795e-01 9.366865896211614695e-01 9.168450597022025361e-01 9.084496442255062254e-01 8.399450335905834786e-01 9.030303030303029610e-01
8.419577705325260730e-01 9.164441105153512401e-01 9.450445535551917908e-01 9.656534630813801146e-01 9.369706582077715895e-01 8.676697219500009162e-01 8.735417445094864064e-01 8.721911813172074091e-01 9.160059239006606013e-01 9.440362811791384035e-01
8.272212934584070032e-01 8.544628544628544153e-01 8.096380190983788472e-01 9.094025908235634503e-01 9.440942028985507273e-01 8.175826588870066525e-01 8.705641504534761266e-01 8.865740740740740700e-01 8.882879194529106348e-01 8.947301193387101614e-01
9.440942028985507273e-01 8.939183617372182811e-01 8.731559048113277655e-01 9.306285076784717170e-01 8.935180841447647460e-01 8.447437336326224511e-01 9.509777288800149719e-01 9.230569239189928554e-01 9.235816814764182814e-01 8.602817437654673993e-01
8.937976133731383444e-01 9.440942028985507273e-01 9.293897779291038219e-01 9.023058769144678415e-01 9.653876627051500847e-01 9.005316201071450477e-01 9.440942028985507273e-01 8.811141443789897165e-01 9.310269458010314025e-01 9.012084978791867762e-01
8.399777437752121712e-01 9.376154301050810824e-01 8.599848001215990578e-01 9.307801418439716201e-01 8.731833179207910689e-01 8.225815322004069730e-01 8.283286586371886306e-01 8.878328507352524213e-01 8.705641504534761266e-01 8.952176990314413274e-01
8.718957888548531932e-01 9.092684792481953160e-01 8.340757850739701773e-01 9.223403746730318709e-01 8.586454367139725319e-01 8.999178097091781181e-01 8.429506926552406965e-01 9.582850241545894932e-01 9.438498009926581389e-01 9.306392532198982659e-01
9.239028564443176883e-01 9.092993922715284505e-01 8.422048122393940295e-01 8.604759348720701917e-01 8.781850409174815075e-01 9.227535390901726586e-01 8.361913282634989564e-01 9.085990689775432783e-01 9.440939970285687766e-01 9.508417508417507102e-01
8.558999721370854630e-01 9.163422944935550873e-01 7.213150589109669220e-01 8.625156357087316872e-01 9.023984050877821295e-01 8.322839506172838853e-01 9.514900989576022816e-01 9.370239908606244894e-01 8.388303938176061569e-01 9.008619607037253729e-01
8.850829601066866337e-01 8.270582412143211437e-01 8.191183085919928608e-01 8.496557850322007388e-01 9.159048803081274448e-01 9.300859295551547890e-01 8.929944010876663674e-01 8.728715728715727984e-01 8.324043473256713677e-01 9.235443847093335323e-01
7.965978367748278721e-01 8.005856452169908266e-01 8.786670162896719205e-01 8.586713033667989770e-01 9.002405002405001744e-01 9.102867367207992944e-01 9.582850241545894932e-01 8.867762995811775406e-01 8.642336606798352028e-01 8.503866112184277348e-01
7.990846681922195716e-01 8.782802390182511409e-01 9.230569239189928554e-01 9.368804146332235794e-01 7.047255048397254029e-01 9.509668492622457281e-01 7.856508866361083809e-01 7.828591242703858422e-01 9.301727890383996167e-01 8.488503976699899312e-01
9.088640056006421775e-01 8.388156288156287665e-01 7.596527550760959757e-01 8.129329004329003405e-01 7.835355798704070063e-01 8.959830769584510302e-01 8.400261074020777263e-01 9.234636253751090651e-01 8.736095558044046916e-01 8.454320987654321273e-01
8.861147955737322945e-01 9.305449475662240788e-01 8.576665612790157489e-01 8.140124642587697190e-01 8.162515305920923225e-01 7.049458163675216271e-01 8.878223879869339141e-01 8.711072183294406024e-01 8.462092878292036824e-01 8.328455223926970463e-01
7.979317627411468550e-01 8.340757850739701773e-01 8.948321830674771382e-01 8.865740740740740700e-01 6.800009904790202953e-01 7.963321593458579928e-01 9.226940851540922361e-01 8.932372949179671062e-01 8.012820512820512109e-01 8.565564552406658150e-01
8.103463787674313190e-01 9.066249204670814299e-01 9.072656268411517511e-01 9.011266511266510237e-01 8.516072710888328290e-01 8.924471687205791648e-01 7.836376010602096320e-01 8.140061006806397215e-01 8.439481665288116607e-01 9.228050798152794831e-01
7.094387094387094583e-01 7.499324314712869644e-01 7.869655369655369492e-01 8.364716449822832134e-01 8.244906598688422905e-01 8.135656843283962658e-01 8.114176245210728000e-01 8.581840238895109829e-01 9.032703990687184215e-01 7.974516179195054733e-01
8.539959829466782226e-01 8.135653694101754319e-01 7.501650068678534788e-01 7.973518778935743123e-01 7.627384960718295304e-01 7.605016294855867498e-01 8.353047567372038351e-01 8.223493516399695835e-01 8.271420356526739681e-01 7.409826762894321517e-01
8.419253261358523588e-01 8.012820512820512109e-01 8.320132717146582202e-01 7.682501103833239142e-01 8.568750770748551071e-01 9.067530886237028520e-01 8.218156945132718549e-01 7.816627816627815806e-01 8.419059532255454004e-01 7.764057764057764599e-01
9.009309090241742757e-01 8.623856759796936222e-01 8.122686803038708936e-01 8.180870254732877100e-01 7.981525729707628081e-01 7.794977640178878397e-01 7.053024645257655045e-01 8.705009276437848387e-01 7.442265922055154581e-01 8.075300896614353574e-01
7.845087806812222064e-01 7.706246949612279851e-01 7.505981172309773575e-01 8.419253261358523588e-01 8.627728243707625255e-01 8.033513229342547080e-01 8.230214732677786360e-01 8.862038630713330312e-01 8.162515305920923225e-01 7.747950819672131395e-01
7.621201710184761779e-01 7.877529304475979766e-01 7.865652096064644772e-01 7.904800243148515371e-01 7.773307790549169871e-01 7.211111111111110361e-01 8.256329624254151733e-01 8.013888888888889284e-01 7.392223426026243160e-01 7.032713416754406976e-01
8.107584389412082482e-01 6.590252167000508754e-01 6.934805773515452243e-01 7.364062944941748290e-01 7.659524161371361606e-01 7.492052103761100978e-01 8.189312709436548099e-01 8.453789201452752700e-01 7.522296544035675936e-01 8.790849673202615344e-01
7.363495363495363710e-01 7.675725602181243667e-01 7.712986834077893983e-01 8.271420356526739681e-01 8.252041742286752024e-01 7.935589057034712068e-01 7.199856572990900316e-01 8.340757850739701773e-01 8.107584389412082482e-01 7.303518730580900176e-01
7.901378221903058163e-01 7.432145271901863248e-01 8.497423660822353009e-01 7.898558399529274077e-01 7.328505984926850791e-01 8.238897104876486965e-01 7.987803107303615979e-01 6.943655236910369899e-01 8.376392124874402212e-01 7.593517560711294800e-01
8.259488148033039545e-01 8.238897104876486965e-01 8.081897545761504986e-01 7.444298626094565385e-01 7.686617746023686193e-01 7.731281157736799026e-01 6.942148479740338773e-01 7.894108151735270695e-01 6.928665653981451733e-01 7.997064231893769026e-01
7.214407302331319327e-01 6.774419899694669178e-01 5.274886073832517619e-01 7.952739791107830136e-01 7.169458978559976048e-01 6.609201616848175975e-01 7.003810212366362586e-01 7.348686606710451708e-01 8.107584389412082482e-01 7.380853980936636916e-01
7.894667148188275752e-01 7.912633359354671603e-01 7.541601381240004009e-01 7.579757948778405030e-01 7.743421538145613958e-01 6.782880867231587674e-01 8.238897104876486965e-01 6.477353199894569924e-01 7.292189687911614371e-01 6.904904859450313737e-01
7.770564190001530980e-01 8.068141401207982177e-01 7.541601381240004009e-01 6.693687663716668679e-01 6.013379035824856222e-01 6.508613153066628021e-01 7.317806946501578258e-01 7.006352233624961734e-01 8.047509578544062014e-01 7.506873720958227025e-01
7.541601381240004009e-01 8.047509578544062014e-01 7.606056915519830985e-01 6.833524291151409358e-01 7.823129251700681186e-01 7.070639363894496432e-01 7.524824422522632394e-01 7.464240310922233279e-01 7.609039548022599186e-01 6.605242019858384994e-01
7.326560232220610258e-01 7.499113547718408990e-01 6.642924976258309799e-01 7.747950819672131395e-01 6.607509044022230604e-01 7.159377934449113745e-01 6.666666666666666297e-01 6.990299620209152742e-01 8.020555333823814470e-01 6.711504637032299492e-01
6.830994471781787203e-01 8.107584389412082482e-01 7.747950819672131395e-01 6.483360042524189959e-01 6.423751686909581204e-01 6.602429350945270281e-01 6.972423802612480737e-01 6.905415666653107465e-01 7.271612834452616525e-01 6.718000121499301258e-01
9.370239908606244894e-01 8.881559960507329210e-01 9.370156574231277569e-01 9.239002267573696026e-01 9.442153597510780649e-01 9.023321576143868983e-01 9.443499981866319004e-01 9.246763687523410491e-01 9.366865896211614695e-01 9.302842321017212868e-01
9.440939970285687766e-01 9.656534630813801146e-01 8.855398685233488720e-01 9.585612644998199317e-01 9.158581624561006329e-01 9.440942028985507273e-01 8.410650022492127675e-01 9.307757086779946398e-01 9.656534630813801146e-01 9.513928057184579679e-01
9.004955624223308641e-01 9.226940851540922361e-01 9.369706582077715895e-01 9.585612644998199317e-01 9.239028564443176883e-01 8.825791186039633196e-01 9.370239908606244894e-01 8.604391912528250863e-01 9.160778620817410234e-01 9.445028511007892424e-01
9.517150060764362207e-01 8.965957446808511255e-01 9.373814041745731629e-01 8.227124640603412642e-01 9.168478260869564744e-01 8.666568851439629961e-01 9.376764961442379809e-01 9.160059239006606013e-01 9.299291938997821250e-01 8.739421748907075793e-01
8.605013258511752250e-01 9.089534738112313716e-01 9.092995169082125351e-01 9.033083318797604511e-01 7.754920149878133939e-01 8.740591687960841405e-01 9.228637203869403116e-01 8.947690766481107838e-01 9.376157069634194485e-01 9.438498009926581389e-01
9.036392502095242918e-01 8.876748251748253216e-01 9.233364583498852030e-01 9.243095087497364970e-01 8.457269012049387635e-01 8.717017738359201795e-01 8.863658861602893291e-01 8.808055187256202956e-01 8.439481665288116607e-01 9.298611174299294957e-01
9.157478377713431650e-01 9.085605715154280171e-01 8.392409595417115176e-01 8.481734385392810660e-01 9.305555555555554692e-01 8.959154859898087464e-01 9.305175421476025166e-01 8.252289366867721077e-01 8.461927926818422208e-01 9.367003367003366998e-01
8.143157365580512286e-01 7.897389856152742249e-01 8.545548654244307096e-01 8.958142710822807331e-01 8.161133760434866602e-01 9.157478377713431650e-01 8.140061006806397215e-01 9.582192039237878989e-01 8.155639883407580504e-01 9.298137373874842959e-01
8.878943183158504171e-01 9.081529423236313070e-01 8.026230422356984695e-01 9.162928897216070512e-01 7.313828818672015730e-01 8.087654320987653911e-01 9.303940922716971151e-01 8.879880391377582560e-01 8.803057100023233827e-01 8.635716925351072382e-01
8.219696969696969058e-01 8.123313090418354809e-01 9.654202085970942093e-01 9.441864885413272512e-01 8.008084393177560267e-01 8.811928811928811944e-01 8.243813253438392330e-01 9.298611174299294957e-01 8.427584919746173853e-01 8.723704448993280236e-01
9.301300538716873456e-01 8.009132529256368649e-01 8.634688639908527641e-01 9.583295653222402288e-01 9.512329036107272096e-01 7.885229658637853412e-01 8.279761904761904212e-01 9.441846054082881912e-01 8.528227912664614330e-01 9.028425875685778257e-01
7.744160708205652943e-01 8.821466364323505838e-01 8.834814308498518676e-01 8.196599746789655638e-01 8.359999937420700133e-01 8.781951874520167456e-01 9.654968242819705893e-01 8.661851779556249964e-01 8.886467112273562785e-01 8.072348436229838109e-01
8.883781846937010007e-01 8.795072590753654218e-01 7.942575271293342842e-01 8.603166992042562411e-01 7.783744619187658031e-01 9.160897056816631467e-01 7.780555232595692816e-01 7.862657056205444306e-01 9.007868089764641262e-01 8.388861239483351717e-01
8.377968468134527891e-01 8.356561394536078380e-01 8.400261074020777263e-01 7.383783861278968574e-01 7.833279920236441152e-01 7.769384434456205746e-01 8.627010849233071044e-01 8.887218193343705552e-01 7.924567745511857941e-01 9.361237846631104143e-01
7.134892042251795852e-01 7.959368053252765529e-01 8.637903996940141660e-01 7.403155019274999527e-01 8.566477923203068556e-01 8.561069882498454353e-01 7.637503298082477521e-01 8.213394363660676545e-01 8.206708877469387486e-01 8.282083713957791860e-01
9.368729581052579469e-01 8.021955024248601518e-01 7.200276593074280695e-01 8.946186703661785922e-01 7.693425713492144657e-01 8.888341992525748969e-01 8.468989596357546779e-01 8.175664914795349736e-01 7.938707938707939560e-01 7.777839839322658877e-01
8.292290381515816655e-01 7.498341822875871365e-01 6.774642502478557260e-01 7.561854934989263866e-01 8.044012944983819358e-01 8.209636184857423968e-01 7.789987789987790068e-01 7.964112388250318419e-01 7.068380021518900769e-01 7.411653927107565432e-01
7.372442372442371550e-01 7.352655865834837323e-01 7.593824113063258885e-01 7.949780779713235823e-01 7.638122832179835564e-01 8.467018130384467156e-01 8.508048218717297884e-01 7.919479230633829081e-01 7.544662410166250721e-01 7.477501092179991149e-01
7.593751636831013174e-01 7.943146360489493629e-01 8.251654280769623595e-01 7.615740740740740700e-01 7.735118295865959226e-01 7.875351264552388209e-01 7.541601381240004009e-01 7.730835695030068289e-01 7.693308461280912169e-01 7.823406792046458946e-01
7.441634738186461151e-01 7.968304843304844232e-01 7.891156462585033893e-01 7.800476474091722068e-01 7.623309011236406585e-01 7.948541955644840007e-01 8.107141148897497596e-01 7.795918367346938993e-01 7.765911354259625865e-01 7.437664921040880728e-01
7.762240853670788754e-01 8.306947470346163209e-01 7.574661525932712136e-01 6.264857158085491706e-01 8.040333156122629887e-01 8.758595506259058139e-01 8.242592592592591361e-01 7.496950178109598184e-01 7.362130551604236794e-01 8.074086823484413200e-01
7.792110182656379891e-01 7.854511282874674372e-01 6.999011806314038298e-01 7.583268279989591187e-01 7.362446917938435531e-01 8.801899952993980092e-01 7.539993775287893163e-01 6.659975538480211732e-01 6.866392866392866390e-01 7.099647057274175443e-01
7.780890133831310784e-01 7.087969338608725023e-01 7.285884455032758389e-01 8.200240065391289912e-01 7.782503192848020390e-01 7.511877394636016225e-01 7.894327894327893835e-01 7.994181295152169575e-01 8.195608876342821425e-01 7.038064059634856484e-01
7.482754594760532285e-01 7.029710870290580838e-01 7.436808715581092466e-01 7.770622522916100783e-01 7.321658359094204149e-01 7.842211143182016286e-01 7.846876002215807944e-01 7.144019468962259367e-01 6.927712724434035296e-01 7.744708994708995320e-01
7.013968253968254629e-01 6.316106435918159567e-01 7.770317686107159894e-01 7.696909272183448669e-01 7.743143217003326528e-01 7.099818056339796124e-01 7.380273321449791757e-01 7.632000932971806373e-01 8.107584389412082482e-01 7.565988714326309372e-01
7.239056759604705071e-01 7.399072228179729427e-01 6.448325809196918668e-01 7.632341653618248678e-01 7.682693219535324802e-01 7.870724505028713347e-01 6.757283599388862472e-01 7.448410754989630567e-01 7.127760171238431974e-01 7.012649131438394301e-01
8.156093955192776912e-01 6.405531475748192927e-01 7.706246949612279851e-01 5.664255591502493914e-01 7.780555232595692816e-01 6.647179145213001350e-01 7.504722367863477794e-01 7.155518551622527257e-01 5.658907358150759848e-01 7.336170387730768239e-01
7.572091901344751852e-01 7.117703284280190168e-01 8.216026552868657129e-01 6.421963384589390866e-01 6.379192997035363355e-01 6.425062126140708152e-01 6.495509076063060716e-01 6.724284844796103444e-01 6.750617283950616221e-01 6.644282250839627091e-01
7.084484530291138560e-01 7.701983959476571551e-01 6.587719998934952192e-01 6.604555604877044850e-01 7.066459745705029327e-01 7.204264870931537112e-01 7.812635915213647086e-01 7.133026168113887344e-01 6.134301270417422680e-01 7.205209994683680064e-01
6.213258183449147376e-01 6.785422389371285057e-01 6.174109231396103237e-01 6.292634464502188107e-01 6.267597645172015008e-01 6.239426523297491034e-01 6.708537362524410463e-01 7.243093184144805408e-01 5.791649484803452763e-01 7.197052202750858774e-01
