0.000000000000000000e+00 0.000000000000000000e+00 0.000000000000000000e+00 0.000000000000000000e+00 0.000000000000000000e+00 0.000000000000000000e+00 0.000000000000000000e+00 0.000000000000000000e+00 0.000000000000000000e+00 0.000000000000000000e+00
9.191300234460846319e-01 9.379750787578238214e-01 9.080252220734668089e-01 9.381109482564372604e-01 9.071034356630658380e-01 8.962872974796982639e-01 9.279563882070444025e-01 9.488093407510229671e-01 9.179291562408161687e-01 9.174634218511289463e-01
8.557155865669706651e-01 9.177294689559963858e-01 8.862504831190873844e-01 9.283601693799162780e-01 9.284948802809199764e-01 9.279563882070444025e-01 9.187292108577488348e-01 9.071034356630658380e-01 9.078933662356883927e-01 9.381109482564372604e-01
8.971973000467315940e-01 8.760144930943601915e-01 8.234741492864379175e-01 9.191300234460846319e-01 9.094794382549175049e-01 8.767776828657376509e-01 9.387911825190164983e-01 9.483970240773551552e-01 8.437116362988958951e-01 9.488093407510229671e-01
9.483970240773551552e-01 9.082891061889107887e-01 8.542580317526321521e-01 9.387911825190164983e-01 8.089379856655070089e-01 9.177294689559963858e-01 9.288993651096384419e-01 8.506076086691755078e-01 9.183289221694319604e-01 9.385869568868144830e-01
9.279563882070444025e-01 9.589578582176914168e-01 9.074981431017159483e-01 8.859936733533018138e-01 9.396094201954249270e-01 9.275531334382924875e-01 9.071034356630658380e-01 8.905203473795694213e-01 8.340315101747256543e-01 8.995500942089036389e-01
8.474271972140715592e-01 8.808174156701475965e-01 8.619331167218409195e-01 9.279563882070444025e-01 8.978490015200727425e-01 8.561647182219899177e-01 8.895445056713539023e-01 8.339075919643730295e-01 9.002069399292914609e-01 8.881837010414844746e-01
8.587132857314367929e-01 8.350248486362618072e-01 7.546362200904422890e-01 9.272845888080438748e-01 9.177294689559963858e-01 8.087547538343221598e-01 8.528678631638891838e-01 8.781180783150928093e-01 8.179018859794228158e-01 8.781180783150928093e-01
8.862504831190873844e-01 8.079491664387252747e-01 7.656720464673568705e-01 8.617427114067409688e-01 8.002304995805998855e-01 7.536719008524965790e-01 8.777344810292316835e-01 8.901296254533186403e-01 8.890902093925210359e-01 8.573979212333541211e-01
8.494841994948328923e-01 9.284948802809199764e-01 8.384436163006371290e-01 8.716102656733526466e-01 9.279563882070444025e-01 8.589016895701169219e-01 9.078933662356883927e-01 8.995500942089036389e-01 8.897394173719741506e-01 9.279563882070444025e-01
7.502977372090285924e-01 9.192637442620166244e-01 8.063527195283003435e-01 7.944877851422268433e-01 9.270833333333333703e-01 6.982120021884470340e-01 7.596878501561407093e-01 8.867647733020022072e-01 8.320554220786270383e-01 8.316250220531874460e-01
8.217571040404836324e-01 8.691853989720640383e-01 7.449056943210862203e-01 9.284948802809199764e-01 8.173624840231300537e-01 7.885440161493816325e-01 7.682212795973758501e-01 9.080252220734668089e-01 8.355727485873496452e-01 8.181002869270972422e-01
9.588189693968866001e-01 8.676010853823566960e-01 7.703876790315792311e-01 7.917873367824564967e-01 8.812050709734470244e-01 9.080252220734668089e-01 7.384572983114489064e-01 8.772875856031493447e-01 9.284948802809199764e-01 8.577105549433732268e-01
7.778880159311467590e-01 8.885071356325340286e-01 6.410519353520963692e-01 7.384572983114489064e-01 8.657740905453151781e-01 7.289455447033454938e-01 8.881837010414844746e-01 8.463868209924734209e-01 8.109002395750078973e-01 8.381367975337123966e-01
8.245777559678734159e-01 7.846892216345119353e-01 7.927451094648054752e-01 7.061887057789476563e-01 8.995500942089036389e-01 7.818258593550759805e-01 7.961322896329189325e-01 7.792208272212691744e-01 8.132794548397466183e-01 8.534989160531623043e-01
7.561200208953307023e-01 7.303925660809247322e-01 8.324248687432076466e-01 7.672320157129118856e-01 8.611722516772259972e-01 8.813990906604276532e-01 8.410962422488457157e-01 7.992000163676165059e-01 8.193962637531948534e-01 7.810875079070178639e-01
6.879467148576542401e-01 6.945353537356280249e-01 8.905203473795694213e-01 9.088175653499482864e-01 6.411808805812465595e-01 8.901296254533186403e-01 7.548879331368307799e-01 7.594949126669483519e-01 8.999440290183310376e-01 7.895607595861918737e-01
8.895445056713539023e-01 9.297099231740850733e-01 7.315635209502898695e-01 7.524417193755593702e-01 6.733299131052856712e-01 8.538782208268171914e-01 7.548879331368307799e-01 8.193962637531948534e-01 8.024871656578951296e-01 8.472370845482548596e-01
7.859009104687231240e-01 9.090821410659899460e-01 8.137031797900733388e-01 7.228158521035226158e-01 7.671007624598850105e-01 7.420355840648776846e-01 7.393449589452242288e-01 7.826421504315902444e-01 7.846892216345119353e-01 8.594047067081530544e-01
6.924052485249464484e-01 7.671007624598850105e-01 8.404771061750671013e-01 8.890902093925210359e-01 7.042511166556217894e-01 7.336041484035752402e-01 9.002069399292914609e-01 8.598455724399060029e-01 7.466553054784136334e-01 7.865222575590524734e-01
7.589590297093971039e-01 8.998126599162491468e-01 8.497334612958238331e-01 8.138849790505336967e-01 7.656720464673568705e-01 7.897508383999349846e-01 6.795566296331924105e-01 7.790684233111079271e-01 7.872402731284091626e-01 8.482411724908094364e-01
6.544313774347746415e-01 6.905045426053935120e-01 6.731182406973184040e-01 8.184082950276627688e-01 6.974598683914914332e-01 7.214735745253629817e-01 7.568267853626707842e-01 7.576090409533564607e-01 8.476217017498234307e-01 7.508876793259591231e-01
7.596878501561407093e-01 7.493510323268500750e-01 7.196622543279419526e-01 7.521953292475195285e-01 6.251042247927560691e-01 6.627825094318283705e-01 7.404388256548137814e-01 7.428847722563800549e-01 7.507098913089469416e-01 6.851604793846803876e-01
8.087547538343221598e-01 6.960360425495165648e-01 7.290365236897005108e-01 7.238048918652963959e-01 7.491595779971220725e-01 8.798505112669490202e-01 8.516099452769562150e-01 7.303925660809247322e-01 8.081448791123155839e-01 7.820004584995510211e-01
8.153437733127801845e-01 7.199724141494996399e-01 7.412939476642220749e-01 7.810875079070178639e-01 8.061875564738135713e-01 6.762605375454536771e-01 6.945338353313171842e-01 8.551462319513009058e-01 6.983526757702849252e-01 7.536296772768461549e-01
7.779049985508692533e-01 7.050442387827707824e-01 6.730306806005971199e-01 7.822825629325116381e-01 7.397576490380783909e-01 7.073579587853238149e-01 7.578314362052360753e-01 8.903249221153650694e-01 7.671007624598850105e-01 6.996868963958434717e-01
6.895239081662927205e-01 6.751906048969997798e-01 7.177871688791889193e-01 6.924052485249464484e-01 7.361791094565149907e-01 5.394052963679440982e-01 7.440075409342388202e-01 7.238048918652963959e-01 6.414559385025515592e-01 7.069116057143527421e-01
7.270768712447323034e-01 6.362198892743810008e-01 5.990147776604676233e-01 5.217062577301893045e-01 6.997121118529278094e-01 6.843515210805675153e-01 7.333032039228827292e-01 6.945043675407720496e-01 6.939053985914487299e-01 7.928632268921860238e-01
6.798834181250945630e-01 7.238048918652963959e-01 6.957751836592976913e-01 7.354796189717830446e-01 7.208058467453563045e-01 7.103931201054579647e-01 6.184852676519292380e-01 7.561200208953307023e-01 7.457383734369721351e-01 6.522208277056708026e-01
7.223583799837351993e-01 6.907385400613447191e-01 7.496176395367089018e-01 7.106195041520285693e-01 7.343595836358691731e-01 7.050442387827707824e-01 6.713980332198391521e-01 6.086461611344387013e-01 6.683741645405523180e-01 6.974787082453700604e-01
7.290365236897005108e-01 7.233989928353338206e-01 7.508876793259591231e-01 5.831785888358776981e-01 7.405316311773545435e-01 6.895702826152000364e-01 6.280896506752373654e-01 7.525531483413706590e-01 5.564866749122019396e-01 7.126667476823398406e-01
6.263078377856859946e-01 5.963469142484879582e-01 4.560061546326322768e-01 7.645518465127425500e-01 6.297304543365097595e-01 5.648000657404418368e-01 6.728419560243849018e-01 6.734887985237331121e-01 7.270768712447323034e-01 6.825699563513690782e-01
7.223583799837351993e-01 7.270768712447323034e-01 7.087235552940555072e-01 6.365828831010161837e-01 7.363674865265303904e-01 6.039397007219114988e-01 7.349484375382292489e-01 5.482930791331408482e-01 7.178632847278468843e-01 6.382908020397655147e-01
6.777777777777778123e-01 6.648633107669044140e-01 6.728419560243849018e-01 6.310521646029537690e-01 5.831785888358776981e-01 4.910519087097310331e-01 6.759927800698832812e-01 6.177565967141525061e-01 6.697051466046116674e-01 6.092981789909970303e-01
6.444444444444444864e-01 7.929987624247378797e-01 6.703178432531277098e-01 6.786332816701633464e-01 7.164664357609553669e-01 6.544313774347746415e-01 6.406516704969721365e-01 6.578462286298520922e-01 7.367235349734102545e-01 5.996984523319904836e-01
6.652446178463321536e-01 6.457843918415743234e-01 5.775556588329744390e-01 7.238048918652963959e-01 5.912670920942145747e-01 6.106898669934136548e-01 5.948491037182870311e-01 6.064110273483810376e-01 6.777777777777778123e-01 6.326707627807719447e-01
5.971622713017135098e-01 7.363674865265303904e-01 6.778216808834733875e-01 5.627748595326501624e-01 5.856783814689882073e-01 6.048294954179418426e-01 6.382908020397655147e-01 6.431480778238302110e-01 6.465230449981792527e-01 6.718850547787005301e-01
9.385869568868144830e-01 8.573979212333541211e-01 9.076298267914610918e-01 9.273517030982059151e-01 9.074981431017159483e-01 9.082891061889107887e-01 9.078933662356883927e-01 8.803657971156689799e-01 8.881837010414844746e-01 8.968719810251782887e-01
9.383148632568364400e-01 9.078933662356883927e-01 7.895174259998615218e-01 9.187292108577488348e-01 9.171311881187610426e-01 9.284948802809199764e-01 8.175467475950422003e-01 8.767776828657376509e-01 9.287644781031754171e-01 8.990256516083092730e-01
8.290369741838661266e-01 9.086192850889761585e-01 9.179291562408161687e-01 8.777344810292316835e-01 9.284948802809199764e-01 8.971973000467315940e-01 9.179291562408161687e-01 8.812050709734470244e-01 9.283601693799162780e-01 8.783100656536798612e-01
8.901296254533186403e-01 9.171311881187610426e-01 8.974578103019448250e-01 8.361466080251859223e-01 9.068405833145559702e-01 8.361466080251859223e-01 8.982407047314008297e-01 9.094794382549175049e-01 8.763322465572727094e-01 7.858682668274142857e-01
7.581608048639376651e-01 8.796575122126912838e-01 7.655845254706519221e-01 7.541024264011941813e-01 6.672944814073128450e-01 8.161983676048971681e-01 8.986329210537371548e-01 7.984532508663136907e-01 8.484272787217008727e-01 8.978490015200727425e-01
8.559020237498866646e-01 8.691853989720640383e-01 9.094794382549175049e-01 8.856729748690730375e-01 8.004127636757957243e-01 7.487940772152701374e-01 7.827000266655440575e-01 8.976533419815885262e-01 7.468817996085598265e-01 8.992222100740056012e-01
8.355727485873496452e-01 9.086853640887427863e-01 7.758935784028491156e-01 7.376129286733602575e-01 8.762051036844153984e-01 8.976533419815885262e-01 7.484611565272101252e-01 7.625710605809911113e-01 8.577105549433732268e-01 7.979249985750351826e-01
7.459234317303720108e-01 6.954888769035090235e-01 8.696942152890051458e-01 8.879252075258116106e-01 7.277012863077977345e-01 7.838701574230162450e-01 7.357654644504502128e-01 8.796575122126912838e-01 7.575515396029678383e-01 8.564620673020334474e-01
8.913033372852684488e-01 8.625050908345945899e-01 8.229850777366684023e-01 9.185290010974394015e-01 6.020380379982540608e-01 7.770062230734474662e-01 8.030132853364968515e-01 7.550970662176292869e-01 7.139328934618736078e-01 7.714328847360435448e-01
7.963117671380280926e-01 7.856942769095210943e-01 8.571480602572680851e-01 8.474979703862346447e-01 6.443547065489323433e-01 8.897394173719741506e-01 7.810875079070178639e-01 8.786303245761384328e-01 7.107311620410167174e-01 9.002069399292914609e-01
8.800436374103980386e-01 7.416925519559085522e-01 7.927451094648054752e-01 8.773513860167171385e-01 8.971973000467315940e-01 6.754308969478107771e-01 7.511370279787676907e-01 8.887661378638427312e-01 7.343750753164456357e-01 8.858653521601669301e-01
6.667148972087204584e-01 8.772875856031493447e-01 8.377690592501821909e-01 7.611998997348343732e-01 7.557183813454078081e-01 7.036407422240749110e-01 8.102719766932462431e-01 8.611089371712641327e-01 7.389054612342546013e-01 7.235285914433354781e-01
8.205120168040863637e-01 8.579609082922375896e-01 7.089268788723057657e-01 8.144311088276607880e-01 6.882648895674228218e-01 9.078933662356883927e-01 6.845130835115604828e-01 7.116356045370830774e-01 7.952367188860232083e-01 7.509689445034274380e-01
7.806069311816939971e-01 7.150857492195544785e-01 7.897405934934518257e-01 6.401457121049992649e-01 7.493510323268500750e-01 6.534619300841257861e-01 8.076579714741320970e-01 8.588388745124712065e-01 7.155245383377872859e-01 8.120724499376873462e-01
6.643529622521945344e-01 7.179005404035613269e-01 8.291174505494974811e-01 6.812109352972690601e-01 7.428336299615154736e-01 8.182618516182007529e-01 6.388934206907097568e-01 6.085910260065494626e-01 6.952142436374019185e-01 7.705641373684684048e-01
8.786303245761384328e-01 6.422832055925584704e-01 6.526895614017547143e-01 8.226188453914234922e-01 6.505564716779346224e-01 7.518104922754206276e-01 7.705641373684684048e-01 7.185950159185062747e-01 7.244435119020985470e-01 7.596878501561407093e-01
6.476611570050029298e-01 7.044176086240935275e-01 6.566894363488502417e-01 6.619973907546856662e-01 6.622614948796197165e-01 7.379108905120702611e-01 6.867838382885228521e-01 6.952142436374019185e-01 5.880183948595949506e-01 5.932009969220298773e-01
7.468885623742878010e-01 6.945353537356280249e-01 6.634093530550079221e-01 6.982120021884470340e-01 6.575251112180141577e-01 8.274183677492433775e-01 7.836034800129859645e-01 7.739400542148610063e-01 5.831565214705782818e-01 6.383784578155847766e-01
6.257697417361379744e-01 6.879687281219883932e-01 7.130426698282147369e-01 7.299320087792198208e-01 6.433168190995460778e-01 6.554336008975404360e-01 6.898545358084844370e-01 6.416582267253355676e-01 6.651423865758251397e-01 5.880692365231933172e-01
6.094580348696623240e-01 7.214735745253629817e-01 7.466553054784136334e-01 7.228719430400213364e-01 6.659346317288935557e-01 7.233989928353338206e-01 6.651423865758251397e-01 7.562965263689006568e-01 6.063390625908323672e-01 6.148774386718762752e-01
7.519206177414045067e-01 7.514735337947873184e-01 6.977291260389600902e-01 5.093950553676024340e-01 7.262592315990824554e-01 7.606954307238577018e-01 7.213063150877321306e-01 5.392056665263076365e-01 6.180094956205089973e-01 7.317274774221443900e-01
7.187512890839029556e-01 6.999370499126655876e-01 5.395415843971625991e-01 6.679543918145642856e-01 6.672081333830639505e-01 7.686908160426034753e-01 6.647736385408287152e-01 4.936258837698758173e-01 5.786991479712588760e-01 6.158946335471421341e-01
6.294121675057970933e-01 6.364793578939133001e-01 6.610160560813705954e-01 6.841627164506530745e-01 7.052452760478805649e-01 6.433344394749783701e-01 7.089268788723057657e-01 5.925842297632986089e-01 6.885835061524546719e-01 6.102311754729968785e-01
6.242291468947938071e-01 4.969822740423555096e-01 5.138325645406975895e-01 6.832264331186399531e-01 6.279858256227592861e-01 6.797154091271843113e-01 6.890090173972366339e-01 6.408676765176599677e-01 4.805544258491061260e-01 6.805430560945815444e-01
5.496919370032817831e-01 5.606441573598239803e-01 6.012934265901780373e-01 6.562039786176904199e-01 5.959948942827681950e-01 5.705938636018319521e-01 6.918562835237556108e-01 6.759443659463527654e-01 7.398300378117158571e-01 6.228609311330433052e-01
6.885303726590963347e-01 6.209361552210980184e-01 4.409024220067417343e-01 6.305838039516608040e-01 5.963787288508266560e-01 6.512001940662037747e-01 5.595707796924841437e-01 6.203999223796158313e-01 4.777665429529545649e-01 6.746041547366893321e-01
5.618805170499416857e-01 4.783032434944734512e-01 6.560957744816398041e-01 5.825517280354630678e-01 6.939053985914487299e-01 5.823003808082071187e-01 5.826902053745863785e-01 5.905437580264615294e-01 5.072321279699525398e-01 6.431480778238302110e-01
5.925842297632986089e-01 5.043608012123658169e-01 7.114703759445261122e-01 6.015367480864970418e-01 5.928003319682788597e-01 6.587972557198673584e-01 5.655017432601433525e-01 5.796736197002103630e-01 5.359540743568874666e-01 5.588909225538524206e-01
6.534619300841257861e-01 5.890278669114304977e-01 5.565642402370600816e-01 5.058202353723399991e-01 5.482051905248767065e-01 4.859382235080809687e-01 5.715090940205906911e-01 6.077193484219189923e-01 5.404985019407261282e-01 6.573977683690798157e-01
5.016542642383301498e-01 5.080263245766301061e-01 4.081698339837566136e-01 4.761736387131935699e-01 4.331480818242099962e-01 4.777665429529545649e-01 3.202322226735093702e-01 5.799777507872122539e-01 4.279670063196744367e-01 5.478278786401661327e-01
