0.000000000000000000e+00 0.000000000000000000e+00 0.000000000000000000e+00 0.000000000000000000e+00 0.000000000000000000e+00
4.969066859592009555e-01 5.660153078565015594e-01 5.880179259799289682e-01 5.848755444671313031e-01 5.880179259799289682e-01
5.739867625498338288e-01 5.424623059695650173e-01 5.157472022423362779e-01 4.907561226752197303e-01 4.645016430634844595e-01
4.316088191219823456e-01 4.741253745355759053e-01 5.157472022423362779e-01 5.246588132942173743e-01 3.935314321230420354e-01
4.969066859592009555e-01 4.316088191219823456e-01 5.070115475253229587e-01 4.117637134526467291e-01 4.894991435877504848e-01
4.560046617879328634e-01 4.406244211097108954e-01 4.028526007937794362e-01 4.117637134526467291e-01 4.217968096930862498e-01
2.611278881431009502e-01 2.708786851240003735e-01 4.204962368539655881e-01 2.451255311975524820e-01 4.015630196823951614e-01
3.356918238993710779e-01 2.379154757154432476e-01 3.866623763351882404e-01 3.298614911685603945e-01 2.684724721528883307e-01
2.441826337230775801e-01 1.682754280491034204e-01 3.298614911685603945e-01 3.463547062637413743e-01 2.827621823433126291e-01
5.891243210251982665e-02 2.733020087053869562e-01 2.378387064979577414e-01 3.172206342872576634e-01 1.826421833775119796e-01
5.381612085042899452e-01 2.733020087053869562e-01 3.172206342872576634e-01 4.203173404306163596e-01 7.930515857181441239e-03
