,0,1,2
0,[20 20 20],0.0,60
1,[19 20 20],0.019261965597904277,59
2,[18 19 20],0.034398136310980036,57
3,[18 20 20],0.03937521639344458,58
4,[17 19 20],0.053856421827163777,56
5,[17 20 20],0.06041342717025001,57
6,[16 18 20],0.07272763047821197,54
7,[16 19 20],0.0752365164064579,55
8,[16 20 20],0.08246081268852214,56
9,[15 18 20],0.09400985369077362,53
10,[15 19 20],0.09807218281516712,54
11,[15 20 20],0.1056143813083879,55
12,[14 17 20],0.11585388875504214,51
13,[14 18 20],0.11730959363818189,52
14,[14 19 20],0.1223010907703302,53
15,[14 20 20],0.12998685945257232,54
16,[13 17 20],0.13967582519788335,50
17,[13 18 20],0.1424187665263634,51
18,[13 19 20],0.1479859177087607,52
19,[13 20 20],0.15571055163200526,53
20,[12 16 20],0.16496156855726182,48
21,[12 17 20],0.16571427760189658,49
22,[12 18 20],0.1693310795680762,50
23,[12 19 20],0.17525184186743956,51
24,[12 20 20],0.18294253486668496,52
25,[11 16 20],0.19212139806255138,47
26,[11 17 20],0.19394168953785193,48
27,[11 18 20],0.19815096609073032,49
28,[11 19 20],0.2042723316071513,50
29,[11 20 20],0.2118718059204083,51
30,[10 15 20],0.22174217674760405,45
31,[10 16 20],0.2218805079306208,46
32,[10 17 20],0.22446575037594138,47
33,[10 18 20],0.22906409271378467,48
34,[10 19 20],0.23527116722913574,49
35,[10 20 20],0.24272937257234012,50
36,[ 9 15 20],0.253359836272233,44
37,[ 9 16 20],0.2543849350436254,45
38,[ 9 17 20],0.2575038505821079,46
39,[ 9 18 20],0.26233462542574565,47
40,[ 9 19 20],0.26853373646797496,48
41,[ 9 20 20],0.2758029402886647,49
42,[ 8 15 20],0.28825123355073096,43
43,[ 8 14 20],0.28875468561892054,42
44,[ 8 16 20],0.28991776095871447,44
45,[ 8 17 20],0.29338499256827394,45
46,[ 8 18 20],0.2983193198695182,46
47,[ 8 19 20],0.30442776204130767,47
48,[ 8 20 20],0.3114590740195503,48
49,[ 7 14 20],0.32659762719523544,41
50,[ 7 15 20],0.32681386841022164,42
51,[ 7 16 20],0.3289162276112293,43
52,[ 7 17 20],0.33257471502490155,44
53,[ 7 18 20],0.337498885031089,45
54,[ 7 19 20],0.34343781366619547,46
55,[ 7 20 20],0.35017814038249057,47
56,[ 6 14 20],0.3689500131494636,40
57,[ 6 15 20],0.36966414448336254,41
58,[ 6 13 20],0.3702127972828092,39
59,[ 6 16 20],0.37202129674835493,42
60,[ 6 17 20],0.3757291840546215,43
61,[ 6 18 20],0.3805352374281205,44
62,[ 6 19 20],0.3862237735077092,45
63,[ 6 20 20],0.392612485624932,46
64,[ 5 14 20],0.41672996860087647,39
65,[ 5 13 20],0.4174565026667094,38
66,[ 5 15 20],0.4177376677004119,40
67,[ 5 16 20],0.4201799678743192,41
68,[ 5 17 20],0.4237994749319756,42
69,[ 5 18 20],0.42837670615644874,43
70,[ 5 19 20],0.43372579181676335,44
71,[ 5 20 20],0.43969028337251065,45
72,[ 4 14 20],0.4713991941302681,38
73,[ 4 13 20],0.4718208106154647,37
74,[ 4 15 20],0.47249939204937863,39
75,[ 4 12 20],0.47407765693873805,36
76,[ 4 16 20],0.4748551273871764,40
77,[ 4 17 20],0.4782408092923036,41
78,[ 4 18 20],0.48246593444273506,42
79,[ 4 19 20],0.48737014466926815,43
80,[ 4 20 20],0.4928188537185251,44
81,[ 3 14 20],0.535446576596433,37
82,[ 3 13 20],0.5358064045233435,36
83,[ 3 15 20],0.5364226865251919,38
84,[ 3 12 20],0.5377820148153456,35
85,[ 3 16 20],0.5385002077053399,39
86,[ 3 17 20],0.5414824766658682,40
87,[ 3 18 20],0.5452045894597894,41
88,[ 3 19 20],0.5495283233711609,42
89,[ 3 20 20],0.5543378761260379,43
90,[ 2 14 20],0.6137144898316053,36
91,[ 2 15 20],0.6143004911964415,37
92,[ 2 13 20],0.6143013851241833,35
93,[ 2 16 20],0.6158550668094216,38
94,[ 2 12 20],0.6163074756615551,34
95,[ 2 17 20],0.618208152740786,39
96,[ 2 11 20],0.6200310241528516,33
97,[ 2 18 20],0.6212178481743068,40
98,[ 2 19 20],0.6247655248515973,41
99,[ 2 20 20],0.6287518592514624,42
100,[19 19 20],1.0132047893674994,58
101,[18 18 20],1.0272372239456964,56
102,[17 18 20],1.036795234151847,55
103,[17 17 20],1.0421887884429535,54
104,[16 17 20],1.0517611272183771,53
105,[16 16 20],1.0581660788268465,52
106,[15 17 20],1.0642197246097136,52
107,[15 16 20],1.0680334934409017,51
108,[15 15 20],1.0752942541416985,50
109,[14 16 20],1.0806332352639834,50
110,[14 15 20],1.085635290488685,49
111,[14 14 20],1.0937215325564662,48
112,[13 16 20],1.0954315391972662,49
113,[13 15 20],1.0986216122149386,48
114,[13 14 20],1.1046830285163391,47
115,[13 13 20],1.1136251390666363,46
116,[12 15 20],1.113911094081957,47
117,[12 14 20],1.1182662823353664,46
118,[12 13 20],1.1253504006592885,45
119,[11 15 20],1.1313006114555106,46
120,[11 14 20],1.134269127818398,45
121,[12 12 20],1.1352193138249524,44
122,[11 13 20],1.1397335802214903,44
123,[11 12 20],1.1478640020900261,43
124,[10 14 20],1.1525842630477068,44
125,[10 13 20],1.1566860693413858,43
126,[11 11 20],1.1587663166385975,42
127,[10 12 20],1.1632632293138079,42
128,[10 11 20],1.172511309325667,41
129,[ 9 14 20],1.1732122998076515,43
130,[ 9 13 20],1.1761960716715363,42
131,[ 9 12 20],1.1814324185233007,41
132,[10 10 20],1.1845919112825145,40
133,[ 9 11 20],1.1891747068101486,40
134,[ 8 13 20],1.1983535445076205,41
135,[ 9 10 20],1.199657367802183,39
136,[ 8 12 20],1.2024636198105965,40
137,[ 8 11 20],1.208880369919233,39
138,[ 9  9 20],1.2131077719748329,38
139,[ 8 10 20],1.2178869637247876,38
140,[ 7 13 20],1.2233737998939078,40
141,[ 7 12 20],1.226562143801765,39
142,[ 8  9 20],1.2297717630776415,37
143,[ 7 11 20],1.2318454766910616,38
144,[ 7 10 20],1.2395327567868184,37
145,[ 8  8 20],1.2448450151581878,36
146,[ 7  9 20],1.2499537906080156,36
147,[ 6 12 20],1.2540924144076215,38
148,[ 6 11 20],1.2584352931977432,37
149,[ 7  8 20],1.2634711942968764,35
150,[ 6 10 20],1.2649793282623425,36
151,[ 6  9 20],1.2740760847261487,35
152,[ 7  7 20],1.2805064896322207,34
153,[ 5 12 20],1.285654103106784,37
154,[ 6  8 20],1.2861234782436513,34
155,[ 5 11 20],1.2892466417837631,36
156,[ 5 10 20],1.2948336758410273,35
157,[ 6  7 20],1.3015887416701335,33
158,[ 5  9 20],1.3027716034621426,34
159,[ 5  8 20],1.313475656628305,33
160,[ 6  6 20],1.3210526397488647,32
161,[ 4 11 20],1.3252633943724144,35
162,[ 5  7 20],1.3274426161281063,32
163,[ 4 10 20],1.3300872711617164,34
164,[ 4  9 20],1.3370512837934034,33
165,[ 5  6 20],1.3452931191242947,31
166,[ 4  8 20],1.3465716150309777,32
167,[ 4  7 20],1.3591568706216517,31
168,[ 5  5 20],1.3678522264219934,30
169,[ 3 11 20],1.3682001133572177,34
170,[ 3 10 20],1.3724670147994589,33
171,[ 4  6 20],1.3754507263429039,30
172,[ 3  9 20],1.3786620891985735,32
173,[ 3  8 20],1.3871886999626537,31
174,[ 4  5 20],1.3963114657827655,29
175,[ 3  7 20],1.3985501365401403,30
176,[ 3  6 20],1.4133938233011918,29
177,[ 4  4 20],1.422971722449121,28
178,[ 2 10 20],1.4253818672351035,32
179,[ 2  9 20],1.4310456826043647,31
180,[ 3  5 20],1.4325914449420338,28
181,[ 2  8 20],1.4388070239448651,30
182,[ 2  7 20],1.4491479627423782,29
183,[ 3  4 20],1.4573977525610347,27
184,[ 2  6 20],1.462699349467509,28
185,[ 2  5 20],1.4803219407680341,27
186,[ 3  3 20],1.4898064445883121,26
187,[ 2  4 20],1.503264685501251,26
188,[ 2  3 20],1.5335163800395282,25
189,[ 2  2 20],1.5747568090591817,24
