0.000000000000000000e+00 0.000000000000000000e+00 0.000000000000000000e+00 0.000000000000000000e+00 0.000000000000000000e+00 0.000000000000000000e+00 0.000000000000000000e+00 0.000000000000000000e+00 0.000000000000000000e+00 0.000000000000000000e+00
8.323148993037752241e-01 7.402713945705732268e-01 6.862435664967209137e-01 8.600936531274780972e-01 8.820104430654692740e-01 8.597269536210950802e-01 8.380206380834700486e-01 8.023435915451344602e-01 8.380206380834700486e-01 7.684732793678399343e-01
8.323148993037752241e-01 7.961815202531468127e-01 8.323148993037752241e-01 8.380206380834700486e-01 7.667979486648716092e-01 8.600936531274780972e-01 7.062065812274456178e-01 8.053872662568292151e-01 6.862435664967209137e-01 8.380206380834700486e-01
7.684732793678399343e-01 8.775633032524907673e-01 6.892181949450164602e-01 8.323148993037752241e-01 6.619684638946263799e-01 8.380206380834700486e-01 8.323148993037752241e-01 8.323148993037752241e-01 7.684732793678399343e-01 7.879092800517907280e-01
6.577186759210126299e-01 8.380206380834700486e-01 8.380206380834700486e-01 8.597269536210950802e-01 7.954821951113958400e-01 8.600936531274780972e-01 8.380206380834700486e-01 8.323148993037752241e-01 8.094999088258616471e-01 7.461285782300156599e-01
8.323148993037752241e-01 8.168511940089083767e-01 8.820104430654692740e-01 6.892181949450164602e-01 8.600936531274780972e-01 8.295053895174014924e-01 8.323148993037752241e-01 8.575365629190411232e-01 7.879092800517907280e-01 8.380206380834700486e-01
8.380206380834700486e-01 8.820104430654692740e-01 7.667979486648716092e-01 8.600936531274780972e-01 8.600936531274780972e-01 8.281112618270177750e-01 8.380206380834700486e-01 8.380206380834700486e-01 8.380206380834700486e-01 8.380206380834700486e-01
8.281112618270177750e-01 7.083124202226289690e-01 8.323148993037752241e-01 7.954821951113958400e-01 8.380206380834700486e-01 8.094999088258616471e-01 9.045340337332907765e-01 9.026365404882762400e-01 7.667979486648716092e-01 8.323148993037752241e-01
7.745966692414832933e-01 8.295053895174014924e-01 8.105379514521363626e-01 8.600936531274780972e-01 8.323148993037752241e-01 8.600936531274780972e-01 8.023435915451344602e-01 8.380206380834700486e-01 8.323148993037752241e-01 8.094999088258616471e-01
8.094999088258616471e-01 8.600936531274780972e-01 7.657979943833516101e-01 8.094999088258616471e-01 8.380206380834700486e-01 8.094999088258616471e-01 8.094999088258616471e-01 7.461285782300156599e-01 6.862435664967209137e-01 8.323148993037752241e-01
8.546419164724743389e-01 8.323148993037752241e-01 8.597269536210950802e-01 8.380206380834700486e-01 8.597269536210950802e-01 8.820104430654692740e-01 7.975857215562236480e-01 8.600936531274780972e-01 8.323148993037752241e-01 8.532055424884424921e-01
7.759774130632280942e-01 8.820104430654692740e-01 7.684732793678399343e-01 7.667979486648716092e-01 8.600936531274780972e-01 8.597269536210950802e-01 8.380206380834700486e-01 8.380206380834700486e-01 8.600936531274780972e-01 8.600936531274780972e-01
5.466081666101212377e-01 8.323148993037752241e-01 8.380206380834700486e-01 8.597269536210950802e-01 8.380206380834700486e-01 8.820104430654692740e-01 8.094999088258616471e-01 8.295053895174014924e-01 8.820104430654692740e-01 8.323148993037752241e-01
8.380206380834700486e-01 8.380206380834700486e-01 8.291561975888499525e-01 8.380206380834700486e-01 8.316098463188710266e-01 8.597269536210950802e-01 7.792323356072560214e-01 8.597269536210950802e-01 8.546419164724743389e-01 8.323148993037752241e-01
8.380206380834700486e-01 7.842030366750535331e-01 8.557239703978810619e-01 8.600936531274780972e-01 6.862435664967209137e-01 9.045340337332907765e-01 8.387421368293256352e-01 8.380206380834700486e-01 8.094999088258616471e-01 7.961815202531468127e-01
8.094999088258616471e-01 8.380206380834700486e-01 7.351470441147052171e-01 8.600936531274780972e-01 7.144957674337002462e-01 8.305556183273551385e-01 8.546419164724743389e-01 8.380206380834700486e-01 8.380206380834700486e-01 6.405126152203485246e-01
7.541588928785796231e-01 8.164965809277259234e-01 8.510644963469901070e-01 8.380206380834700486e-01 7.961815202531468127e-01 7.242455855256795250e-01 8.597269536210950802e-01 8.380206380834700486e-01 8.094999088258616471e-01 8.820104430654692740e-01
8.164965809277259234e-01 8.281112618270177750e-01 6.408169690580139966e-01 8.597269536210950802e-01 7.879092800517907280e-01 8.820104430654692740e-01 8.600936531274780972e-01 8.557239703978810619e-01 8.295053895174014924e-01 8.597269536210950802e-01
8.316098463188710266e-01 8.380206380834700486e-01 7.541588928785796231e-01 8.380206380834700486e-01 7.341356053727927655e-01 8.380206380834700486e-01 7.892700915666699402e-01 8.380206380834700486e-01 8.380206380834700486e-01 8.597269536210950802e-01
7.872315085026536652e-01 8.164965809277259234e-01 8.094999088258616471e-01 8.600936531274780972e-01 8.380206380834700486e-01 8.323148993037752241e-01 8.380206380834700486e-01 7.954821951113958400e-01 6.619684638946263799e-01 7.027819284987273374e-01
8.380206380834700486e-01 8.597269536210950802e-01 7.461285782300156599e-01 8.820104430654692740e-01 7.158337756607726643e-01 8.600936531274780972e-01 8.323148993037752241e-01 8.782998231498673203e-01 7.461285782300156599e-01 7.242455855256795250e-01
8.380206380834700486e-01 8.557239703978810619e-01 8.168511940089083767e-01 8.600936531274780972e-01 7.308086528256745318e-01 8.797784434275470744e-01 8.597269536210950802e-01 7.428575033889119883e-01 8.094999088258616471e-01 8.043688625623287569e-01
7.961815202531468127e-01 8.164965809277259234e-01 8.323148993037752241e-01 8.597269536210950802e-01 8.094999088258616471e-01 8.295053895174014924e-01 7.541588928785796231e-01 8.600936531274780972e-01 7.954821951113958400e-01 8.380206380834700486e-01
8.291561975888499525e-01 8.820104430654692740e-01 8.094999088258616471e-01 8.597269536210950802e-01 7.232784198342051551e-01 8.797784434275470744e-01 8.164965809277259234e-01 8.380206380834700486e-01 7.749411641080770075e-01 8.600936531274780972e-01
5.721784249161624425e-01 8.380206380834700486e-01 8.820104430654692740e-01 6.609533062676739013e-01 8.380206380834700486e-01 7.461285782300156599e-01 8.323148993037752241e-01 6.359514531507306501e-01 6.838913965377400039e-01 7.062065812274456178e-01
8.295053895174014924e-01 8.380206380834700486e-01 8.597269536210950802e-01 8.600936531274780972e-01 8.820104430654692740e-01 8.053872662568292151e-01 7.745966692414832933e-01 8.380206380834700486e-01 8.597269536210950802e-01 8.597269536210950802e-01
8.387421368293256352e-01 8.597269536210950802e-01 7.961815202531468127e-01 8.380206380834700486e-01 7.961815202531468127e-01 8.323148993037752241e-01 8.070932356885093251e-01 8.164965809277259234e-01 8.597269536210950802e-01 8.168511940089083767e-01
8.168511940089083767e-01 8.600936531274780972e-01 7.448149705593953840e-01 8.179178119091964350e-01 8.164965809277259234e-01 8.380206380834700486e-01 7.749411641080770075e-01 8.380206380834700486e-01 9.045340337332907765e-01 7.961815202531468127e-01
8.380206380834700486e-01 7.351470441147052171e-01 8.575365629190411232e-01 8.380206380834700486e-01 8.380206380834700486e-01 8.179178119091964350e-01 7.749411641080770075e-01 7.961815202531468127e-01 8.387421368293256352e-01 8.323148993037752241e-01
7.954821951113958400e-01 7.232784198342051551e-01 8.380206380834700486e-01 7.954821951113958400e-01 7.541588928785796231e-01 7.684732793678399343e-01 8.775633032524907673e-01 8.597269536210950802e-01 8.380206380834700486e-01 8.546419164724743389e-01
8.820104430654692740e-01 7.351470441147052171e-01 8.094999088258616471e-01 7.954821951113958400e-01 8.600936531274780972e-01 7.954821951113958400e-01 8.380206380834700486e-01 8.380206380834700486e-01 7.961815202531468127e-01 8.164965809277259234e-01
8.557239703978810619e-01 8.546419164724743389e-01 7.872315085026536652e-01 7.913245941961299934e-01 8.179178119091964350e-01 8.597269536210950802e-01 6.782402329135959196e-01 8.168511940089083767e-01 7.961815202531468127e-01 8.380206380834700486e-01
8.820104430654692740e-01 8.380206380834700486e-01 8.380206380834700486e-01 7.961815202531468127e-01 7.954821951113958400e-01 7.745966692414832933e-01 8.179178119091964350e-01 8.597269536210950802e-01 7.961815202531468127e-01 8.380206380834700486e-01
8.380206380834700486e-01 8.597269536210950802e-01 7.879092800517907280e-01 8.323148993037752241e-01 6.278031600888845931e-01 7.954821951113958400e-01 7.667979486648716092e-01 8.794080883518105018e-01 8.380206380834700486e-01 8.380206380834700486e-01
7.961815202531468127e-01 8.597269536210950802e-01 7.654655446197431434e-01 8.084658442238582543e-01 5.620744208813469589e-01 8.164965809277259234e-01 8.575365629190411232e-01 6.782402329135959196e-01 7.879092800517907280e-01 8.380206380834700486e-01
8.323148993037752241e-01 8.380206380834700486e-01 6.782402329135959196e-01 8.380206380834700486e-01 8.380206380834700486e-01 8.380206380834700486e-01 7.954821951113958400e-01 8.600936531274780972e-01 6.452262347571491308e-01 8.794080883518105018e-01
7.027819284987273374e-01 8.380206380834700486e-01 6.392177892395748406e-01 8.557239703978810619e-01 5.871365639519861013e-01 8.820104430654692740e-01 8.820104430654692740e-01 8.094999088258616471e-01 7.749411641080770075e-01 7.954821951113958400e-01
6.065548512226350830e-01 7.550505621157773684e-01 8.133257084405581816e-01 7.144957674337002462e-01 8.164965809277259234e-01 8.820104430654692740e-01 8.597269536210950802e-01 5.455447255899809056e-01 8.168511940089083767e-01 7.749411641080770075e-01
8.380206380834700486e-01 7.158337756607726643e-01 6.816973478461646474e-01 8.380206380834700486e-01 8.168511940089083767e-01 7.667979486648716092e-01 7.954821951113958400e-01 7.954821951113958400e-01 8.380206380834700486e-01 8.094999088258616471e-01
7.548398491282626299e-01 8.794080883518105018e-01 8.295053895174014924e-01 8.380206380834700486e-01 8.387421368293256352e-01 6.942183831461817833e-01 8.380206380834700486e-01 8.380206380834700486e-01 8.380206380834700486e-01 7.562073137440072923e-01
6.782402329135959196e-01 5.986170410734132918e-01 9.045340337332907765e-01 8.094999088258616471e-01 8.380206380834700486e-01 7.441607631687251478e-01 6.968731476445666484e-01 8.168511940089083767e-01 7.818715720732434260e-01 8.380206380834700486e-01
7.351470441147052171e-01 9.045340337332907765e-01 8.380206380834700486e-01 7.027819284987273374e-01 7.961815202531468127e-01 7.441607631687251478e-01 8.380206380834700486e-01 6.782402329135959196e-01 6.012934265901780373e-01 4.861775326347591020e-01
7.562073137440072923e-01 7.548398491282626299e-01 7.027819284987273374e-01 8.380206380834700486e-01 6.240873164395929207e-01 8.274168287809199329e-01 6.599120175960897505e-01 7.818715720732434260e-01 7.961815202531468127e-01 7.654655446197431434e-01
8.597269536210950802e-01 5.892556509887896254e-01 7.548398491282626299e-01 6.065548512226350830e-01 8.597269536210950802e-01 7.021479347490223732e-01 6.065548512226350830e-01 8.820104430654692740e-01 7.954821951113958400e-01 9.026365404882762400e-01
8.168511940089083767e-01 8.387421368293256352e-01 8.387421368293256352e-01 5.986170410734132918e-01 7.961815202531468127e-01 8.305556183273551385e-01 7.961815202531468127e-01 6.240873164395929207e-01 7.541588928785796231e-01 8.380206380834700486e-01
8.323148993037752241e-01 7.582725173539480723e-01 9.015037604471400901e-01 6.782402329135959196e-01 6.240873164395929207e-01 6.968731476445666484e-01 8.337304018558537866e-01 8.380206380834700486e-01 8.597269536210950802e-01 8.820104430654692740e-01
7.954821951113958400e-01 6.609533062676739013e-01 8.597269536210950802e-01 8.347967809766698721e-01 7.954821951113958400e-01 7.158337756607726643e-01 7.909810627737344779e-01 6.278031600888845931e-01 7.548398491282626299e-01 8.094999088258616471e-01
7.954821951113958400e-01 7.341356053727927655e-01 7.872315085026536652e-01 7.961815202531468127e-01 6.968731476445666484e-01 7.351470441147052171e-01 7.351470441147052171e-01 5.721784249161624425e-01 6.065548512226350830e-01 6.628090515377523806e-01
7.229568912920510959e-01 7.368421052631578538e-01 8.380206380834700486e-01 8.164965809277259234e-01 8.380206380834700486e-01 6.968731476445666484e-01 8.316098463188710266e-01 6.809183883785541180e-01 7.759774130632280942e-01 7.144957674337002462e-01
6.968731476445666484e-01 8.782998231498673203e-01 8.164965809277259234e-01 8.597269536210950802e-01 8.094999088258616471e-01 8.387421368293256352e-01 8.094999088258616471e-01 7.954821951113958400e-01 7.654655446197431434e-01 8.380206380834700486e-01
8.597269536210950802e-01 7.954821951113958400e-01 5.083422507289528935e-01 5.721784249161624425e-01 6.575959492214291657e-01 6.032092391024974631e-01 6.065548512226350830e-01 7.638097660322612503e-01 7.337993857053428659e-01 8.094999088258616471e-01
6.065548512226350830e-01 5.457607401403548053e-01 7.892700915666699402e-01 6.968731476445666484e-01 5.295290690121257082e-01 8.164965809277259234e-01 6.012934265901780373e-01 7.872315085026536652e-01 6.209416342294447055e-01 8.168511940089083767e-01
7.954821951113958400e-01 8.168511940089083767e-01 7.961815202531468127e-01 7.548398491282626299e-01 6.599120175960897505e-01 7.954821951113958400e-01 7.541588928785796231e-01 6.952103603844604907e-01 8.380206380834700486e-01 5.264255393841230646e-01
7.301311994769725811e-01 6.809183883785541180e-01 6.065548512226350830e-01 6.809183883785541180e-01 8.380206380834700486e-01 5.647163833638758623e-01 5.892556509887896254e-01 4.862645390838646331e-01 7.961815202531468127e-01 6.452262347571491308e-01
5.892556509887896254e-01 7.954821951113958400e-01 8.557239703978810619e-01 6.992212226653672369e-01 8.600936531274780972e-01 6.209416342294447055e-01 6.032092391024974631e-01 7.441607631687251478e-01 7.059778609847102704e-01 8.380206380834700486e-01
8.164965809277259234e-01 8.380206380834700486e-01 5.892556509887896254e-01 7.022753459139792209e-01 6.809183883785541180e-01 7.548398491282626299e-01 6.827243455226342794e-01 6.599120175960897505e-01 6.278031600888845931e-01 8.164965809277259234e-01
8.164965809277259234e-01 7.954821951113958400e-01 6.742815985200936169e-01 6.240873164395929207e-01 7.368421052631578538e-01 6.240873164395929207e-01 7.954821951113958400e-01 8.380206380834700486e-01 8.380206380834700486e-01 7.158337756607726643e-01
6.278031600888845931e-01 8.164965809277259234e-01 6.278031600888845931e-01 6.065548512226350830e-01 6.106440313576270151e-01 7.759774130632280942e-01 6.278031600888845931e-01 5.295290690121257082e-01 6.278031600888845931e-01 5.647163833638758623e-01
6.968731476445666484e-01 6.240873164395929207e-01 5.261367915016469388e-01 5.855400437691199445e-01 6.893214135992625780e-01 7.288108888134949837e-01 6.749365589450485592e-01 6.417326403548866409e-01 6.240873164395929207e-01 5.052725535360994558e-01
6.065548512226350830e-01 5.721784249161624425e-01 7.144957674337002462e-01 8.380206380834700486e-01 5.825517280354629568e-01 5.295290690121257082e-01 6.893214135992625780e-01 5.507910552258941106e-01 6.278031600888845931e-01 5.937393699957592696e-01
5.855400437691199445e-01 5.774230153965785872e-01 5.937393699957592696e-01 8.568101446921702058e-01 5.507910552258941106e-01 7.975857215562236480e-01 6.842105263157894912e-01 6.065548512226350830e-01 8.820104430654692740e-01 6.187983455093131191e-01
6.239810142805082283e-01 5.052725535360994558e-01 5.721784249161624425e-01 5.721784249161624425e-01 6.239810142805082283e-01 7.745966692414832933e-01 6.240873164395929207e-01 8.168511940089083767e-01 5.937393699957592696e-01 6.240873164395929207e-01
6.187983455093131191e-01 5.295290690121257082e-01 7.548398491282626299e-01 8.380206380834700486e-01 7.027819284987273374e-01 7.027819284987273374e-01 7.144957674337002462e-01 7.027819284987273374e-01 7.232784198342051551e-01 5.721784249161624425e-01
5.721784249161624425e-01 7.961815202531468127e-01 8.164965809277259234e-01 6.278031600888845931e-01 6.968731476445666484e-01 6.418674080138396798e-01 8.820104430654692740e-01 6.418674080138396798e-01 8.380206380834700486e-01 8.380206380834700486e-01
7.548398491282626299e-01 5.721784249161624425e-01 8.164965809277259234e-01 8.164965809277259234e-01 8.380206380834700486e-01 6.106440313576270151e-01 8.597269536210950802e-01 5.892556509887896254e-01 5.892556509887896254e-01 5.721784249161624425e-01
7.351470441147052171e-01 6.968731476445666484e-01 5.697217956474205369e-01 6.559564653711033033e-01 5.721784249161624425e-01 6.065548512226350830e-01 4.936140418738362845e-01 5.295290690121257082e-01 5.295290690121257082e-01 7.548398491282626299e-01
5.855400437691199445e-01 6.005722461958789005e-01 6.240873164395929207e-01 5.295290690121257082e-01 5.295290690121257082e-01 5.721784249161624425e-01 4.983803002467065979e-01 5.242965552319166500e-01 8.380206380834700486e-01 6.842105263157894912e-01
6.322813738224616342e-01 5.470476064693476914e-01 5.721784249161624425e-01 5.721784249161624425e-01 7.704982454062710984e-01 5.391380680858384178e-01 6.106440313576270151e-01 6.155209008485765798e-01 5.008673033404711372e-01 5.855400437691199445e-01
5.242965552319166500e-01 6.005722461958789005e-01 6.065548512226350830e-01 5.721784249161624425e-01 6.065548512226350830e-01 5.445288127427020397e-01 5.507910552258941106e-01 7.364423789218372818e-01 6.210956689336346592e-01 5.295290690121257082e-01
6.106440313576270151e-01 5.721784249161624425e-01 6.672006408545296807e-01 6.452262347571491308e-01 5.721784249161624425e-01 5.721784249161624425e-01 6.749365589450485592e-01 5.553157971080657784e-01 5.521714861007721575e-01 5.825517280354629568e-01
5.862103817605491818e-01 5.825517280354629568e-01 5.606778377775448741e-01 6.813851438692469786e-01 5.774230153965785872e-01 7.759774130632280942e-01 6.432675209026769148e-01 6.106440313576270151e-01 5.242965552319166500e-01 8.380206380834700486e-01
7.954821951113958400e-01 6.065548512226350830e-01 7.351470441147052171e-01 5.862103817605491818e-01 6.843111268141987003e-01 6.065548512226350830e-01 6.240873164395929207e-01 7.158337756607726643e-01 6.968731476445666484e-01 5.553157971080657784e-01
6.992212226653672369e-01 6.065548512226350830e-01 8.380206380834700486e-01 6.278031600888845931e-01 6.569386817416307256e-01 5.721784249161624425e-01 6.278031600888845931e-01 7.351470441147052171e-01 5.892556509887896254e-01 5.721784249161624425e-01
6.278031600888845931e-01 5.121475197315839001e-01 6.716156755603334139e-01 6.716156755603334139e-01 5.669467095138408519e-01 5.069794004195823378e-01 4.077862096248240920e-01 5.336877381387777897e-01 6.106440313576270151e-01 6.482541654590577851e-01
5.892556509887896254e-01 5.295290690121257082e-01 5.046784644963954181e-01 7.548398491282626299e-01 5.121475197315839001e-01 5.052911526399114228e-01 4.818344630872946621e-01 5.721784249161624425e-01 4.714045207910316782e-01 5.166560727766061900e-01
5.721784249161624425e-01 5.269860393922078945e-01 7.759774130632280942e-01 5.553157971080657784e-01 7.667979486648716092e-01 5.553157971080657784e-01 5.770839022692476616e-01 5.121475197315839001e-01 6.065548512226350830e-01 7.105263157894736725e-01
5.295290690121257082e-01 5.121475197315839001e-01 5.553157971080657784e-01 7.337993857053428659e-01 5.553157971080657784e-01 4.936140418738362845e-01 4.714045207910316782e-01 5.818387540561360538e-01 5.295290690121257082e-01 5.069794004195823378e-01
5.295290690121257082e-01 5.470476064693476914e-01 5.336877381387777897e-01 5.507910552258941106e-01 6.278031600888845931e-01 5.349944684499876590e-01 6.065548512226350830e-01 6.106440313576270151e-01 5.721784249161624425e-01 4.642383454426296518e-01
5.721784249161624425e-01 5.295290690121257082e-01 5.507910552258941106e-01 5.553157971080657784e-01 5.770839022692476616e-01 5.892556509887896254e-01 5.770839022692476616e-01 5.336877381387777897e-01 5.046784644963954181e-01 6.942183831461817833e-01
4.862645390838646331e-01 5.553157971080657784e-01 5.721784249161624425e-01 5.721784249161624425e-01 7.158337756607726643e-01 5.487877225347651544e-01 5.507910552258941106e-01 5.445288127427020397e-01 6.106440313576270151e-01 5.937393699957592696e-01
7.138295707690878178e-01 5.083422507289528935e-01 5.937393699957592696e-01 5.721784249161624425e-01 4.714045207910316782e-01 5.669467095138408519e-01 5.721784249161624425e-01 5.507910552258941106e-01 5.553157971080657784e-01 6.240873164395929207e-01
6.452262347571491308e-01 5.721784249161624425e-01 6.065548512226350830e-01 8.295053895174014924e-01 6.322813738224616342e-01 6.065548512226350830e-01 5.721784249161624425e-01 7.517899786795583239e-01 5.083422507289528935e-01 6.278031600888845931e-01
6.968731476445666484e-01 5.721784249161624425e-01 4.906399210184636539e-01 5.222329678670935005e-01 5.445288127427020397e-01 5.770839022692476616e-01 5.336877381387777897e-01 5.445288127427020397e-01 6.278031600888845931e-01 5.222329678670935005e-01
5.553157971080657784e-01 4.714045207910316782e-01 5.721784249161624425e-01 5.721784249161624425e-01 5.721784249161624425e-01 4.474784540339842298e-01 5.069794004195823378e-01 5.770839022692476616e-01 5.121475197315839001e-01 5.581455721859476249e-01
5.553157971080657784e-01 5.721784249161624425e-01 5.295290690121257082e-01 5.222329678670935005e-01 4.862645390838646331e-01 4.714045207910316782e-01 5.445288127427020397e-01 5.770839022692476616e-01 5.553157971080657784e-01 5.553157971080657784e-01
5.106168952687578644e-01 5.121475197315839001e-01 5.553157971080657784e-01 5.336877381387777897e-01 5.222329678670935005e-01 4.484777590444909978e-01 5.553157971080657784e-01 5.336877381387777897e-01 4.421297585599224811e-01 5.553157971080657784e-01
5.336877381387777897e-01 5.669467095138408519e-01 5.721784249161624425e-01 5.521714861007721575e-01 5.445288127427020397e-01 5.770839022692476616e-01 5.721784249161624425e-01 3.471825374147068377e-01 5.553157971080657784e-01 5.553157971080657784e-01
5.121475197315839001e-01 5.445288127427020397e-01 6.968731476445666484e-01 5.222329678670935005e-01 6.240873164395929207e-01 6.629260947655161162e-01 6.322813738224616342e-01 4.714045207910316782e-01 5.770839022692476616e-01 5.336877381387777897e-01
5.445288127427020397e-01 5.669467095138408519e-01 5.083422507289528935e-01 6.240873164395929207e-01 5.121475197315839001e-01 5.507910552258941106e-01 5.553157971080657784e-01 5.597928684393500554e-01 5.721784249161624425e-01 5.553157971080657784e-01
5.553157971080657784e-01 5.046784644963954181e-01 5.770839022692476616e-01 5.892556509887896254e-01 5.937393699957592696e-01 5.770839022692476616e-01 5.721784249161624425e-01 5.553157971080657784e-01 7.205766921228921040e-01 5.553157971080657784e-01
5.046784644963954181e-01 5.721784249161624425e-01 5.553157971080657784e-01 5.721784249161624425e-01 7.759774130632280942e-01 5.721784249161624425e-01 5.721784249161624425e-01 5.336877381387777897e-01 5.721784249161624425e-01 5.721784249161624425e-01
5.222329678670935005e-01 5.000000000000000000e-01 5.222329678670935005e-01 5.222329678670935005e-01 5.669467095138408519e-01 4.077862096248240920e-01 5.222329678670935005e-01 5.669467095138408519e-01 5.222329678670935005e-01 4.777665429529546204e-01
5.553157971080657784e-01 5.222329678670935005e-01 5.521714861007721575e-01 5.121475197315839001e-01 4.714045207910316782e-01 5.553157971080657784e-01 5.553157971080657784e-01 5.069794004195823378e-01 5.990422978731537729e-01 5.521714861007721575e-01
5.445288127427020397e-01 5.121475197315839001e-01 5.553157971080657784e-01 5.553157971080657784e-01 5.445288127427020397e-01 5.222329678670935005e-01 4.906399210184636539e-01 4.554632899703754401e-01 5.121475197315839001e-01 5.553157971080657784e-01
5.222329678670935005e-01 5.121475197315839001e-01 5.445288127427020397e-01 4.777665429529546204e-01 4.714045207910316782e-01 5.000000000000000000e-01 5.222329678670935005e-01 5.553157971080657784e-01 5.445288127427020397e-01 5.553157971080657784e-01
4.554632899703754401e-01 5.000000000000000000e-01 4.777665429529546204e-01 5.553157971080657784e-01 5.770839022692476616e-01 5.553157971080657784e-01 4.936140418738362845e-01 5.222329678670935005e-01 5.553157971080657784e-01 5.222329678670935005e-01
5.046784644963954181e-01 5.121475197315839001e-01 5.445288127427020397e-01 5.669467095138408519e-01 5.445288127427020397e-01 5.669467095138408519e-01 5.553157971080657784e-01 5.121475197315839001e-01 5.391380680858384178e-01 5.553157971080657784e-01
4.906399210184636539e-01 4.391550328268399306e-01 5.167567630479275032e-01 4.554632899703754401e-01 5.222329678670935005e-01 5.121475197315839001e-01 4.777665429529546204e-01 4.777665429529546204e-01 5.121475197315839001e-01 5.445288127427020397e-01
5.336877381387777897e-01 5.445288127427020397e-01 5.553157971080657784e-01 5.295290690121257082e-01 5.222329678670935005e-01 5.553157971080657784e-01 5.445288127427020397e-01 5.000000000000000000e-01 5.000000000000000000e-01 5.553157971080657784e-01
5.553157971080657784e-01 5.553157971080657784e-01 5.553157971080657784e-01 5.445288127427020397e-01 5.222329678670935005e-01 5.721784249161624425e-01 5.553157971080657784e-01 5.669467095138408519e-01 5.121475197315839001e-01 5.553157971080657784e-01
5.770839022692476616e-01 5.553157971080657784e-01 6.155209008485765798e-01 5.553157971080657784e-01 5.669467095138408519e-01 5.121475197315839001e-01 5.669467095138408519e-01 5.990422978731537729e-01 5.669467095138408519e-01 5.770839022692476616e-01
8.820104430654692740e-01 8.094999088258616471e-01 7.954821951113958400e-01 8.053872662568292151e-01 8.323148993037752241e-01 8.380206380834700486e-01 8.380206380834700486e-01 7.062065812274456178e-01 7.759774130632280942e-01 8.380206380834700486e-01
8.323148993037752241e-01 8.323148993037752241e-01 8.597269536210950802e-01 8.323148993037752241e-01 8.316098463188710266e-01 8.600936531274780972e-01 8.323148993037752241e-01 8.546419164724743389e-01 8.380206380834700486e-01 8.323148993037752241e-01
8.820104430654692740e-01 8.168511940089083767e-01 8.600936531274780972e-01 7.537783614444090174e-01 8.380206380834700486e-01 8.600936531274780972e-01 7.402713945705732268e-01 8.323148993037752241e-01 8.105379514521363626e-01 8.094999088258616471e-01
7.892700915666699402e-01 7.461285782300156599e-01 8.600936531274780972e-01 8.820104430654692740e-01 8.053872662568292151e-01 7.961815202531468127e-01 8.820104430654692740e-01 7.461285782300156599e-01 8.168511940089083767e-01 8.597269536210950802e-01
8.597269536210950802e-01 7.667979486648716092e-01 8.105379514521363626e-01 8.380206380834700486e-01 7.961815202531468127e-01 8.295053895174014924e-01 7.461285782300156599e-01 7.461285782300156599e-01 8.797784434275470744e-01 8.323148993037752241e-01
8.295053895174014924e-01 8.094999088258616471e-01 8.164965809277259234e-01 8.575365629190411232e-01 8.820104430654692740e-01 8.597269536210950802e-01 8.597269536210950802e-01 8.323148993037752241e-01 8.600936531274780972e-01 8.105379514521363626e-01
8.380206380834700486e-01 6.813851438692469786e-01 7.336092923734371940e-01 8.820104430654692740e-01 8.168511940089083767e-01 7.337993857053428659e-01 8.164965809277259234e-01 8.600936531274780972e-01 7.667979486648716092e-01 8.600936531274780972e-01
8.597269536210950802e-01 8.070932356885093251e-01 8.820104430654692740e-01 8.094999088258616471e-01 7.461285782300156599e-01 8.557239703978810619e-01 7.961815202531468127e-01 8.820104430654692740e-01 8.168511940089083767e-01 7.759774130632280942e-01
7.615096238502143677e-01 7.961815202531468127e-01 6.816973478461646474e-01 8.291561975888499525e-01 8.597269536210950802e-01 7.667979486648716092e-01 7.892700915666699402e-01 8.323148993037752241e-01 7.562073137440072923e-01 7.961815202531468127e-01
5.295290690121257082e-01 7.961815202531468127e-01 8.820104430654692740e-01 8.380206380834700486e-01 8.600936531274780972e-01 5.690501029130339283e-01 8.597269536210950802e-01 8.094999088258616471e-01 8.597269536210950802e-01 7.954821951113958400e-01
8.820104430654692740e-01 7.954821951113958400e-01 8.323148993037752241e-01 8.820104430654692740e-01 8.597269536210950802e-01 8.164965809277259234e-01 7.954821951113958400e-01 8.347967809766698721e-01 8.575365629190411232e-01 7.749411641080770075e-01
8.305556183273551385e-01 8.105379514521363626e-01 8.797784434275470744e-01 8.168511940089083767e-01 7.749411641080770075e-01 8.358672624350156344e-01 8.820104430654692740e-01 8.597269536210950802e-01 8.094999088258616471e-01 8.575365629190411232e-01
8.094999088258616471e-01 9.045340337332907765e-01 8.557239703978810619e-01 8.597269536210950802e-01 8.557239703978810619e-01 8.600936531274780972e-01 8.164965809277259234e-01 8.380206380834700486e-01 8.380206380834700486e-01 8.820104430654692740e-01
8.557239703978810619e-01 8.380206380834700486e-01 7.961815202531468127e-01 8.600936531274780972e-01 8.557239703978810619e-01 7.961815202531468127e-01 8.380206380834700486e-01 8.557239703978810619e-01 8.323148993037752241e-01 8.600936531274780972e-01
7.961815202531468127e-01 8.820104430654692740e-01 8.546419164724743389e-01 8.094999088258616471e-01 7.667979486648716092e-01 8.557239703978810619e-01 8.597269536210950802e-01 8.532055424884424921e-01 7.138295707690878178e-01 8.387421368293256352e-01
8.820104430654692740e-01 6.782402329135959196e-01 7.562073137440072923e-01 8.597269536210950802e-01 7.144957674337002462e-01 8.600936531274780972e-01 8.546419164724743389e-01 8.597269536210950802e-01 8.557239703978810619e-01 8.820104430654692740e-01
9.026365404882762400e-01 8.094999088258616471e-01 8.597269536210950802e-01 8.600936531274780972e-01 8.820104430654692740e-01 8.380206380834700486e-01 7.909810627737344779e-01 8.380206380834700486e-01 7.961815202531468127e-01 7.341356053727927655e-01
8.387421368293256352e-01 8.597269536210950802e-01 8.168511940089083767e-01 8.600936531274780972e-01 8.295053895174014924e-01 8.380206380834700486e-01 8.179178119091964350e-01 8.600936531274780972e-01 8.820104430654692740e-01 8.168511940089083767e-01
8.295053895174014924e-01 8.168511940089083767e-01 8.380206380834700486e-01 8.380206380834700486e-01 8.358672624350156344e-01 8.546419164724743389e-01 8.820104430654692740e-01 7.341356053727927655e-01 7.232784198342051551e-01 7.818715720732434260e-01
8.380206380834700486e-01 8.179178119091964350e-01 8.358672624350156344e-01 7.667979486648716092e-01 8.820104430654692740e-01 8.546419164724743389e-01 7.745966692414832933e-01 7.961815202531468127e-01 5.825517280354629568e-01 7.562073137440072923e-01
6.615701550312039769e-01 7.879092800517907280e-01 8.597269536210950802e-01 8.380206380834700486e-01 9.015037604471400901e-01 7.961815202531468127e-01 6.134383589318973540e-01 8.557239703978810619e-01 7.879092800517907280e-01 8.546419164724743389e-01
7.961815202531468127e-01 8.179178119091964350e-01 8.168511940089083767e-01 7.548398491282626299e-01 8.557239703978810619e-01 7.961815202531468127e-01 7.961815202531468127e-01 7.954821951113958400e-01 8.387421368293256352e-01 7.961815202531468127e-01
7.961815202531468127e-01 8.380206380834700486e-01 8.820104430654692740e-01 7.961815202531468127e-01 8.179178119091964350e-01 7.961815202531468127e-01 7.704982454062710984e-01 7.961815202531468127e-01 7.562073137440072923e-01 7.749411641080770075e-01
7.759774130632280942e-01 5.052911526399114228e-01 6.559564653711033033e-01 8.168511940089083767e-01 7.749411641080770075e-01 8.380206380834700486e-01 7.541588928785796231e-01 7.961815202531468127e-01 7.548398491282626299e-01 7.961815202531468127e-01
8.380206380834700486e-01 9.045340337332907765e-01 8.168511940089083767e-01 8.316098463188710266e-01 6.575959492214291657e-01 7.749411641080770075e-01 7.759774130632280942e-01 8.291561975888499525e-01 6.599120175960897505e-01 8.797784434275470744e-01
8.380206380834700486e-01 8.164965809277259234e-01 7.158337756607726643e-01 8.820104430654692740e-01 7.759774130632280942e-01 7.749411641080770075e-01 8.775633032524907673e-01 7.337993857053428659e-01 7.892700915666699402e-01 8.094999088258616471e-01
8.597269536210950802e-01 7.667979486648716092e-01 7.961815202531468127e-01 7.961815202531468127e-01 8.820104430654692740e-01 8.168511940089083767e-01 8.820104430654692740e-01 7.961815202531468127e-01 8.557239703978810619e-01 8.387421368293256352e-01
8.380206380834700486e-01 7.383494404978525605e-01 7.337993857053428659e-01 7.667979486648716092e-01 8.380206380834700486e-01 8.295053895174014924e-01 8.600936531274780972e-01 8.168511940089083767e-01 8.337304018558537866e-01 7.961815202531468127e-01
7.961815202531468127e-01 6.942183831461817833e-01 8.064095479455719584e-01 6.599120175960897505e-01 8.179178119091964350e-01 8.380206380834700486e-01 7.337993857053428659e-01 7.954821951113958400e-01 7.749411641080770075e-01 7.923578802870340221e-01
6.065548512226350830e-01 5.774230153965785872e-01 7.337993857053428659e-01 8.168511940089083767e-01 5.647163833638758623e-01 8.380206380834700486e-01 8.164965809277259234e-01 7.745966692414832933e-01 8.568101446921702058e-01 6.749365589450485592e-01
7.158337756607726643e-01 8.568101446921702058e-01 8.344408667498863785e-01 7.961815202531468127e-01 7.749411641080770075e-01 8.168511940089083767e-01 7.541588928785796231e-01 6.749365589450485592e-01 8.597269536210950802e-01 8.597269536210950802e-01
7.749411641080770075e-01 7.913245941961299934e-01 8.775633032524907673e-01 8.557239703978810619e-01 7.138295707690878178e-01 7.158337756607726643e-01 6.749365589450485592e-01 8.820104430654692740e-01 8.305556183273551385e-01 8.600936531274780972e-01
7.954821951113958400e-01 6.209416342294447055e-01 8.168511940089083767e-01 6.372519687281490430e-01 7.909810627737344779e-01 7.961815202531468127e-01 8.380206380834700486e-01 7.351470441147052171e-01 6.575959492214291657e-01 8.782998231498673203e-01
8.380206380834700486e-01 6.032092391024974631e-01 8.168511940089083767e-01 8.094999088258616471e-01 7.337993857053428659e-01 8.168511940089083767e-01 7.961815202531468127e-01 7.281534138138009427e-01 7.341356053727927655e-01 7.337993857053428659e-01
8.295053895174014924e-01 7.541588928785796231e-01 8.043688625623287569e-01 7.961815202531468127e-01 7.759774130632280942e-01 6.559564653711033033e-01 7.818715720732434260e-01 8.380206380834700486e-01 5.295290690121257082e-01 6.559564653711033033e-01
8.380206380834700486e-01 8.094999088258616471e-01 7.158337756607726643e-01 8.380206380834700486e-01 6.942183831461817833e-01 7.954821951113958400e-01 7.961815202531468127e-01 8.323148993037752241e-01 8.380206380834700486e-01 8.337304018558537866e-01
6.968731476445666484e-01 8.168511940089083767e-01 7.399500264657516979e-01 6.629260947655161162e-01 5.470476064693476914e-01 8.600936531274780972e-01 8.794080883518105018e-01 5.647163833638758623e-01 8.380206380834700486e-01 6.942183831461817833e-01
5.806513267897975838e-01 7.842030366750535331e-01 5.295290690121257082e-01 6.203390706384861453e-01 5.647163833638758623e-01 8.094999088258616471e-01 8.094999088258616471e-01 6.240873164395929207e-01 5.647163833638758623e-01 7.562073137440072923e-01
8.380206380834700486e-01 6.187983455093131191e-01 7.491097919711411368e-01 7.541588928785796231e-01 7.021479347490223732e-01 8.291561975888499525e-01 8.557239703978810619e-01 7.548398491282626299e-01 7.481120870329942552e-01 8.380206380834700486e-01
7.868932779785547948e-01 5.825517280354629568e-01 6.372519687281490430e-01 8.070932356885093251e-01 8.168511940089083767e-01 8.168511940089083767e-01 6.392177892395748406e-01 8.064095479455719584e-01 7.961815202531468127e-01 5.721784249161624425e-01
8.380206380834700486e-01 6.554782190828506439e-01 8.168511940089083767e-01 4.830273210653686089e-01 8.168511940089083767e-01 7.368421052631578538e-01 8.380206380834700486e-01 7.345500185034985474e-01 8.380206380834700486e-01 7.185000471973898017e-01
8.575365629190411232e-01 7.021479347490223732e-01 7.548398491282626299e-01 8.347967809766698721e-01 6.187983455093131191e-01 8.168511940089083767e-01 7.178549574029903235e-01 5.349944684499876590e-01 8.168511940089083767e-01 7.351470441147052171e-01
7.075922647872948668e-01 7.749411641080770075e-01 7.667979486648716092e-01 5.968514049639643826e-01 6.749365589450485592e-01 8.597269536210950802e-01 8.597269536210950802e-01 7.667979486648716092e-01 5.620744208813469589e-01 8.316098463188710266e-01
5.242965552319166500e-01 6.912677367584351140e-01 8.094999088258616471e-01 7.351470441147052171e-01 7.892700915666699402e-01 6.965181499962360689e-01 5.295290690121257082e-01 7.667979486648716092e-01 5.647163833638758623e-01 6.749365589450485592e-01
5.534241416336898034e-01 8.168511940089083767e-01 8.387421368293256352e-01 6.942183831461817833e-01 8.094999088258616471e-01 5.507910552258941106e-01 6.816973478461646474e-01 5.295290690121257082e-01 8.597269536210950802e-01 5.892556509887896254e-01
8.546419164724743389e-01 7.040550852099378698e-01 6.187983455093131191e-01 6.452262347571491308e-01 7.337993857053428659e-01 8.105379514521363626e-01 6.942183831461817833e-01 8.147304171010786300e-01 6.418674080138396798e-01 5.647163833638758623e-01
8.597269536210950802e-01 6.782402329135959196e-01 7.368421052631578538e-01 5.906711479861626035e-01 7.341356053727927655e-01 6.408169690580139966e-01 6.187983455093131191e-01 5.647163833638758623e-01 7.749411641080770075e-01 6.005722461958789005e-01
6.240873164395929207e-01 5.295290690121257082e-01 7.232784198342051551e-01 7.021479347490223732e-01 5.470476064693476914e-01 5.992666528121171066e-01 5.295290690121257082e-01 6.813851438692469786e-01 6.106440313576270151e-01 6.575959492214291657e-01
5.295290690121257082e-01 6.563812893881296739e-01 6.278031600888845931e-01 7.158337756607726643e-01 8.532055424884424921e-01 8.094999088258616471e-01 5.507910552258941106e-01 6.559564653711033033e-01 5.647163833638758623e-01 6.559564653711033033e-01
7.868932779785547948e-01 5.248164916893669485e-01 6.187983455093131191e-01 5.440409098323898407e-01 7.961815202531468127e-01 6.575959492214291657e-01 6.187983455093131191e-01 5.774230153965785872e-01 6.992212226653672369e-01 6.549786415250666849e-01
6.942183831461817833e-01 5.248164916893669485e-01 7.749411641080770075e-01 6.032092391024974631e-01 6.968731476445666484e-01 8.597269536210950802e-01 6.700703342736218371e-01 5.242965552319166500e-01 5.892556509887896254e-01 5.470476064693476914e-01
5.433748894153189735e-01 5.417363388859613993e-01 7.185000471973898017e-01 5.349944684499876590e-01 7.961815202531468127e-01 7.541588928785796231e-01 6.032092391024974631e-01 6.187983455093131191e-01 7.961815202531468127e-01 5.261367915016469388e-01
6.187983455093131191e-01 7.759774130632280942e-01 5.222329678670935005e-01 7.075922647872948668e-01 5.855400437691199445e-01 8.070932356885093251e-01 7.704982454062710984e-01 5.295290690121257082e-01 5.647163833638758623e-01 7.562073137440072923e-01
5.721784249161624425e-01 5.553157971080657784e-01 6.278031600888845931e-01 6.372519687281490430e-01 7.341356053727927655e-01 6.749365589450485592e-01 6.578947368421053099e-01 5.295290690121257082e-01 8.126260732930618014e-01 8.168511940089083767e-01
6.372519687281490430e-01 8.091547798786776768e-01 6.065548512226350830e-01 5.581455721859476249e-01 5.391380680858384178e-01 5.855400437691199445e-01 8.347967809766698721e-01 4.906399210184636539e-01 5.201915521577888946e-01 6.278031600888845931e-01
6.629260947655161162e-01 5.721784249161624425e-01 5.892556509887896254e-01 5.121475197315839001e-01 4.871773518462231833e-01 5.295290690121257082e-01 5.937393699957592696e-01 6.324156835295859924e-01 7.749411641080770075e-01 7.105263157894736725e-01
5.647163833638758623e-01 5.640524014959713561e-01 5.507910552258941106e-01 6.629260947655161162e-01 5.295290690121257082e-01 6.210956689336346592e-01 6.278031600888845931e-01 5.295290690121257082e-01 5.507910552258941106e-01 5.647163833638758623e-01
6.372519687281490430e-01 5.968514049639643826e-01 7.341356053727927655e-01 5.121475197315839001e-01 8.053872662568292151e-01 5.562630415806639750e-01 5.261367915016469388e-01 8.358672624350156344e-01 8.820104430654692740e-01 5.029556907695451606e-01
5.083422507289528935e-01 7.441607631687251478e-01 6.599120175960897505e-01 7.337993857053428659e-01 5.647163833638758623e-01 5.647163833638758623e-01 5.470476064693476914e-01 5.121475197315839001e-01 5.121475197315839001e-01 5.295290690121257082e-01
5.470476064693476914e-01 6.158817620514397406e-01 5.647163833638758623e-01 4.601429050839768164e-01 7.144957674337002462e-01 6.713171133426188986e-01 5.647163833638758623e-01 5.166560727766061900e-01 5.597928684393500554e-01 7.718571498931195984e-01
6.372519687281490430e-01 6.005722461958789005e-01 7.961815202531468127e-01 5.440409098323898407e-01 6.968731476445666484e-01 4.446773094237895796e-01 5.647163833638758623e-01 5.770839022692476616e-01 5.404361177891455759e-01 7.541588928785796231e-01
4.948941039914065976e-01 5.295290690121257082e-01 5.721784249161624425e-01 5.083422507289528935e-01 5.295290690121257082e-01 5.470476064693476914e-01 5.721784249161624425e-01 5.295290690121257082e-01 5.937393699957592696e-01 5.445288127427020397e-01
5.892556509887896254e-01 5.295290690121257082e-01 7.541588928785796231e-01 8.557239703978810619e-01 6.549786415250666849e-01 6.289709020331510914e-01 3.872983346207417021e-01 4.619011637253128133e-01 5.121475197315839001e-01 5.440409098323898407e-01
5.892556509887896254e-01 4.289801758541991750e-01 5.295290690121257082e-01 5.507910552258941106e-01 5.336877381387777897e-01 5.295290690121257082e-01 5.029556907695451606e-01 5.937393699957592696e-01 4.659768412094903445e-01 5.470476064693476914e-01
5.295290690121257082e-01 5.000000000000000000e-01 6.065548512226350830e-01 5.470476064693476914e-01 7.368421052631578538e-01 5.770839022692476616e-01 5.295290690121257082e-01 5.046784644963954181e-01 5.647163833638758623e-01 5.391380680858384178e-01
5.721784249161624425e-01 6.240873164395929207e-01 7.138295707690878178e-01 6.278031600888845931e-01 5.647163833638758623e-01 4.691054041892088189e-01 5.470476064693476914e-01 5.295290690121257082e-01 5.620744208813469589e-01 5.295290690121257082e-01
5.295290690121257082e-01 6.546536707079770867e-01 4.777665429529546204e-01 5.295290690121257082e-01 5.507910552258941106e-01 4.446773094237895796e-01 5.121475197315839001e-01 5.046784644963954181e-01 4.948941039914065976e-01 5.295290690121257082e-01
6.767529681839595801e-01 5.825517280354629568e-01 4.077862096248240920e-01 6.106440313576270151e-01 4.339781717683835471e-01 5.470476064693476914e-01 5.721784249161624425e-01 4.619011637253128133e-01 4.266600929914307061e-01 4.446773094237895796e-01
5.937393699957592696e-01 5.083422507289528935e-01 4.635863249727653623e-01 5.647163833638758623e-01 6.106440313576270151e-01 5.470476064693476914e-01 5.295290690121257082e-01 6.749365589450485592e-01 4.906399210184636539e-01 5.295290690121257082e-01
5.721784249161624425e-01 5.828476797730373082e-01 5.121475197315839001e-01 5.121475197315839001e-01 4.906399210184636539e-01 5.121475197315839001e-01 5.433748894153189735e-01 5.828476797730373082e-01 5.121475197315839001e-01 4.714045207910316782e-01
5.647163833638758623e-01 6.942183831461817833e-01 5.553157971080657784e-01 6.106440313576270151e-01 5.470476064693476914e-01 4.474784540339842298e-01 5.295290690121257082e-01 5.295290690121257082e-01 5.336877381387777897e-01 4.391550328268399306e-01
5.937393699957592696e-01 4.765708600583933863e-01 4.824506406770076583e-01 4.912339811438000692e-01 4.777665429529546204e-01 4.446773094237895796e-01 5.295290690121257082e-01 7.749411641080770075e-01 6.332327745719814605e-01 5.295290690121257082e-01
5.336877381387777897e-01 5.892556509887896254e-01 5.222329678670935005e-01 5.295290690121257082e-01 5.647163833638758623e-01 4.619011637253128133e-01 5.295290690121257082e-01 5.222329678670935005e-01 5.295290690121257082e-01 4.871773518462231833e-01
4.714045207910316782e-01 5.121475197315839001e-01 4.360827627158682662e-01 4.691054041892088189e-01 4.619011637253128133e-01 5.770839022692476616e-01 5.222329678670935005e-01 5.640524014959713561e-01 4.948941039914065976e-01 4.777665429529546204e-01
5.647163833638758623e-01 4.906399210184636539e-01 2.886751345948128655e-01 5.295290690121257082e-01 5.205967931336314969e-01 5.052911526399114228e-01 5.647163833638758623e-01 5.121475197315839001e-01 5.553157971080657784e-01 4.446773094237895796e-01
5.445288127427020397e-01 4.714045207910316782e-01 5.121475197315839001e-01 5.069794004195823378e-01 5.121475197315839001e-01 5.553157971080657784e-01 5.295290690121257082e-01 3.872983346207417021e-01 5.222329678670935005e-01 5.121475197315839001e-01
4.256853928563618661e-01 5.445288127427020397e-01 5.937393699957592696e-01 4.474784540339842298e-01 5.445288127427020397e-01 5.121475197315839001e-01 4.906399210184636539e-01 5.445288127427020397e-01 4.777665429529546204e-01 5.222329678670935005e-01
4.256853928563618661e-01 5.083422507289528935e-01 4.635863249727653623e-01 4.983803002467065979e-01 5.121475197315839001e-01 5.000000000000000000e-01 4.871773518462231833e-01 4.871773518462231833e-01 4.948941039914065976e-01 4.256853928563618661e-01
4.777665429529546204e-01 4.777665429529546204e-01 4.777665429529546204e-01 5.121475197315839001e-01 5.669467095138408519e-01 4.777665429529546204e-01 5.121475197315839001e-01 5.295290690121257082e-01 4.777665429529546204e-01 5.553157971080657784e-01
5.000000000000000000e-01 5.121475197315839001e-01 4.777665429529546204e-01 4.777665429529546204e-01 5.121475197315839001e-01 5.121475197315839001e-01 5.553157971080657784e-01 4.777665429529546204e-01 4.619011637253128133e-01 4.691054041892088189e-01
3.611575592573075810e-01 5.445288127427020397e-01 6.286249459806406703e-01 5.083422507289528935e-01 5.937393699957592696e-01 5.770839022692476616e-01 4.730161648796401552e-01 4.948941039914065976e-01 4.446773094237895796e-01 4.906399210184636539e-01
5.445288127427020397e-01 4.691054041892088189e-01 5.222329678670935005e-01 5.222329678670935005e-01 5.121475197315839001e-01 5.445288127427020397e-01 4.777665429529546204e-01 4.777665429529546204e-01 5.553157971080657784e-01 5.222329678670935005e-01
4.691054041892088189e-01 5.069794004195823378e-01 3.872983346207417021e-01 5.553157971080657784e-01 4.777665429529546204e-01 4.777665429529546204e-01 4.777665429529546204e-01 4.936140418738362845e-01 4.554632899703754401e-01 5.553157971080657784e-01
4.077862096248240920e-01 4.699754922874014307e-01 4.777665429529546204e-01 3.921296856609673420e-01 4.906399210184636539e-01 4.691054041892088189e-01 4.714045207910316782e-01 4.691054041892088189e-01 4.906399210184636539e-01 5.244649194909510870e-01
4.906399210184636539e-01 5.445288127427020397e-01 4.691054041892088189e-01 5.121475197315839001e-01 4.256853928563618661e-01 4.103259033241448694e-01 5.222329678670935005e-01 4.330127018922192983e-01 5.121475197315839001e-01 3.374381303949163247e-01
4.554632899703754401e-01 5.121475197315839001e-01 4.256853928563618661e-01 4.103259033241448694e-01 4.554632899703754401e-01 5.222329678670935005e-01 4.446773094237895796e-01 4.691054041892088189e-01 4.510554770077443432e-01 4.103259033241448694e-01
5.445288127427020397e-01 5.052725535360994558e-01 4.906399210184636539e-01 3.872983346207417021e-01 2.750523554826207473e-01 5.295290690121257082e-01 4.256853928563618661e-01 3.872983346207417021e-01 2.886751345948128655e-01 7.541588928785796231e-01
5.121475197315839001e-01 4.256853928563618661e-01 4.256853928563618661e-01 3.216337604513384574e-01 4.256853928563618661e-01 4.777665429529546204e-01 4.619011637253128133e-01 4.777665429529546204e-01 4.330127018922192983e-01 5.445288127427020397e-01
4.252212648826685371e-01 4.777665429529546204e-01 4.777665429529546204e-01 3.872983346207417021e-01 5.121475197315839001e-01 4.777665429529546204e-01 4.256853928563618661e-01 5.770839022692476616e-01 5.770839022692476616e-01 4.777665429529546204e-01
4.065716990250150542e-01 3.872983346207417021e-01 4.330127018922192983e-01 5.121475197315839001e-01 4.474784540339842298e-01 2.444909826512184636e-01 4.714045207910316782e-01 5.163382283461689370e-01 5.121475197315839001e-01 3.872983346207417021e-01
