0.000000000000000000e+00 0.000000000000000000e+00 0.000000000000000000e+00 0.000000000000000000e+00 0.000000000000000000e+00
9.749643868139776792e-01 9.749643868139776792e-01 9.799773240006911523e-01 9.799773240006911523e-01 9.799773240006911523e-01
9.749643868139776792e-01 9.749643868139776792e-01 9.649294735310393056e-01 9.899943883118170751e-01 9.799773240006911523e-01
9.799773240006911523e-01 9.849873095629201325e-01 9.699484522385712904e-01 9.699484522385712904e-01 9.799773240006911523e-01
9.799773240006911523e-01 9.799773240006911523e-01 9.749643868139776792e-01 9.849873095629201325e-01 9.749643868139776792e-01
9.799773240006911523e-01 9.849873095629201325e-01 9.548821916864927983e-01 9.799773240006911523e-01 9.799773240006911523e-01
9.548821916864927983e-01 9.498537899183338018e-01 9.649294735310394167e-01 9.799773240006911523e-01 9.599074029416703180e-01
9.699484522385712904e-01 9.599074029416703180e-01 9.297072418538835370e-01 9.397872099576584093e-01 9.599074029416703180e-01
9.196134453610870230e-01 9.044458094447794805e-01 9.044458094447794805e-01 9.145612184114425558e-01 9.548821916864927983e-01
8.689201472069929544e-01 8.331866537577279352e-01 8.740073734751262480e-01 8.536327599670064936e-01 9.044458094447794805e-01
6.014611837480083878e-01 7.296726815649754450e-01 7.505701536535778207e-01 7.033886234191988329e-01 7.401351227985333292e-01
