0.000000000000000000e+00 0.000000000000000000e+00 0.000000000000000000e+00 0.000000000000000000e+00 0.000000000000000000e+00
9.501900570190067175e-01 9.501900570190067175e-01 9.600640064007112118e-01 9.600640064007112118e-01 9.600640064007112118e-01
9.501900570190067175e-01 9.501900570190067175e-01 9.304343040364820849e-01 9.801960588196069191e-01 9.600640064007112118e-01
9.602561024455322780e-01 9.700646731340519802e-01 9.401880564188066502e-01 9.400626729340297860e-01 9.600640064007112118e-01
9.601920576192067847e-01 9.601920576192067847e-01 9.501900570190067175e-01 9.700646731340519802e-01 9.512056245040940716e-01
9.601920576192067847e-01 9.700646731340519802e-01 9.129873124935112827e-01 9.601920576192067847e-01 9.607689228305227314e-01
9.138462483984823859e-01 9.047777777511166741e-01 9.323025228455877889e-01 9.602561024455322780e-01 9.219072478423812056e-01
9.417595950685293538e-01 9.216604846559902642e-01 8.664941591117449882e-01 8.869453672681809620e-01 9.232060142733840014e-01
8.507883331674915839e-01 8.207960699162267781e-01 8.199545440431652565e-01 8.383125636050972052e-01 9.126199377971967452e-01
7.605059130397892053e-01 6.920837667851673647e-01 7.707830199727593312e-01 7.366054188328788888e-01 8.251570664478623529e-01
3.477405626803581340e-01 5.391742726592173574e-01 5.745711461871371162e-01 5.160468465421399475e-01 5.586003128162627673e-01
