0.000000000000000000e+00 0.000000000000000000e+00 0.000000000000000000e+00 0.000000000000000000e+00 0.000000000000000000e+00
9.501900570190067175e-01 9.501900570190067175e-01 9.501900570190067175e-01 9.501900570190067175e-01 9.600640064007112118e-01
9.501900570190067175e-01 9.600640064007112118e-01 9.501900570190067175e-01 9.900660066007335169e-01 9.600640064007112118e-01
9.602561024455322780e-01 9.700646731340519802e-01 9.601920576192067847e-01 9.501900570190067175e-01 9.501900570190067175e-01
9.601920576192067847e-01 9.500633396673705544e-01 9.607689228305227314e-01 9.704529837799866776e-01 9.513327995330069786e-01
9.704529837799866776e-01 9.504436439082343258e-01 9.319279787971898044e-01 9.602561024455322780e-01 9.608330831646842984e-01
9.138462483984823859e-01 8.869453672681809620e-01 9.513327995330069786e-01 9.704529837799866776e-01 9.324274712510064456e-01
9.140921042674444719e-01 9.512056245040940716e-01 9.050827350477709254e-01 8.786534150308697999e-01 9.138462483984823859e-01
8.422743381400602525e-01 8.778181362510156793e-01 7.980818713433065481e-01 8.604461264650500318e-01 8.844928412411807717e-01
7.031755593267888793e-01 7.230725921636076414e-01 7.501231772705183598e-01 7.761570016953834861e-01 8.257285445040715155e-01
3.716881459062829074e-01 4.747632236743338230e-01 4.651199022628147994e-01 2.868395685378603011e-01 4.990114660160474558e-01
