0.000000000000000000e+00 0.000000000000000000e+00 0.000000000000000000e+00 0.000000000000000000e+00 0.000000000000000000e+00
5.706666666666666554e-01 5.839999999999999636e-01 5.733333333333333615e-01 5.839999999999999636e-01 5.866666666666666696e-01
5.813333333333333686e-01 5.893333333333333757e-01 5.839999999999999636e-01 5.706666666666666554e-01 5.653333333333333544e-01
5.813333333333333686e-01 5.706666666666666554e-01 5.653333333333333544e-01 5.786666666666666625e-01 5.786666666666666625e-01
5.546666666666666412e-01 5.813333333333333686e-01 5.893333333333333757e-01 5.839999999999999636e-01 5.733333333333333615e-01
5.546666666666666412e-01 5.866666666666666696e-01 5.653333333333333544e-01 5.839999999999999636e-01 5.466666666666666341e-01
5.759999999999999565e-01 5.973333333333333828e-01 5.733333333333333615e-01 5.946666666666666767e-01 5.679999999999999494e-01
5.546666666666666412e-01 5.813333333333333686e-01 5.813333333333333686e-01 5.946666666666666767e-01 5.813333333333333686e-01
5.786666666666666625e-01 5.546666666666666412e-01 5.653333333333333544e-01 5.493333333333333401e-01 5.759999999999999565e-01
5.386666666666666270e-01 5.226666666666666128e-01 5.333333333333333259e-01 5.600000000000000533e-01 5.280000000000000249e-01
4.293333333333333446e-01 4.213333333333333375e-01 4.159999999999999809e-01 4.239999999999999880e-01 3.973333333333333162e-01
