0.000000000000000000e+00 0.000000000000000000e+00 0.000000000000000000e+00 0.000000000000000000e+00 0.000000000000000000e+00
3.778952364384614016e-01 3.737623328155333935e-01 3.615809130503231383e-01 3.697115360249735860e-01 3.700064349504774697e-01
3.741896788145114283e-01 3.902838585484688649e-01 3.780867480837628025e-01 3.862686513981848369e-01 3.709114597804833435e-01
3.698071016484957840e-01 3.717422057052606199e-01 3.755907857441483366e-01 3.591513722392613572e-01 3.832556598785686330e-01
3.433565794002689242e-01 3.990032956074053283e-01 3.713463010932268604e-01 3.752319071942004092e-01 4.004106577223667252e-01
3.839838525061297636e-01 3.945480723778795884e-01 3.739878598488539097e-01 3.899218711399025095e-01 3.373352043362418673e-01
3.530763246755383444e-01 4.430064731644622333e-01 3.715499386433491202e-01 4.259773191540298654e-01 3.459454634612634250e-01
3.426466245210466610e-01 3.654602035635048929e-01 3.440284024010942243e-01 3.739110120131826642e-01 3.585729386690816867e-01
3.660617012957663174e-01 4.302441071953406748e-01 3.490732770083736503e-01 3.088018085652401434e-01 3.764882664490512565e-01
2.762104773960232795e-01 2.725565252503615588e-01 3.267334842963544039e-01 2.535355449823907814e-01 2.813101007409745113e-01
6.380091150886700591e-02 4.478110755198990572e-02 9.699523320556591166e-02 1.153197806844778184e-01 1.294685222892445753e-01
