0.000000000000000000e+00 0.000000000000000000e+00 0.000000000000000000e+00 0.000000000000000000e+00 0.000000000000000000e+00
5.460000000000000409e-01 5.520000000000000462e-01 5.380000000000000338e-01 5.540000000000000480e-01 5.440000000000000391e-01
5.340000000000000302e-01 5.360000000000000320e-01 5.400000000000000355e-01 5.420000000000000373e-01 5.160000000000000142e-01
5.600000000000000533e-01 5.360000000000000320e-01 5.280000000000000249e-01 5.240000000000000213e-01 5.220000000000000195e-01
5.340000000000000302e-01 5.120000000000000107e-01 5.380000000000000338e-01 5.080000000000000071e-01 5.500000000000000444e-01
5.280000000000000249e-01 5.200000000000000178e-01 5.220000000000000195e-01 5.160000000000000142e-01 5.320000000000000284e-01
5.400000000000000355e-01 5.160000000000000142e-01 5.260000000000000231e-01 5.200000000000000178e-01 5.240000000000000213e-01
5.200000000000000178e-01 5.000000000000000000e-01 5.200000000000000178e-01 5.100000000000000089e-01 4.979999999999999982e-01
5.080000000000000071e-01 5.140000000000000124e-01 4.979999999999999982e-01 5.060000000000000053e-01 4.959999999999999964e-01
4.580000000000000182e-01 5.080000000000000071e-01 5.360000000000000320e-01 5.020000000000000018e-01 4.480000000000000093e-01
3.280000000000000138e-01 3.800000000000000044e-01 4.359999999999999987e-01 3.499999999999999778e-01 3.860000000000000098e-01
