0.000000000000000000e+00 0.000000000000000000e+00 0.000000000000000000e+00 0.000000000000000000e+00 0.000000000000000000e+00
7.192982456140351033e-01 6.929824561403509220e-01 7.192982456140351033e-01 6.710526315789473450e-01 7.017543859649122417e-01
7.017543859649122417e-01 6.973684210526315264e-01 7.412280701754385692e-01 7.280701754385965341e-01 7.105263157894736725e-01
6.798245614035087758e-01 6.798245614035087758e-01 7.149122807017543879e-01 6.842105263157894912e-01 7.017543859649122417e-01
6.447368421052631637e-01 6.798245614035087758e-01 6.403508771929824483e-01 6.535087719298245945e-01 6.666666666666666297e-01
6.228070175438596978e-01 6.535087719298245945e-01 6.271929824561403022e-01 6.184210526315789824e-01 6.271929824561403022e-01
6.096491228070175517e-01 6.184210526315789824e-01 5.526315789473684736e-01 5.833333333333333703e-01 6.184210526315789824e-01
5.438596491228070429e-01 5.526315789473684736e-01 6.140350877192982670e-01 5.745614035087719396e-01 5.745614035087719396e-01
5.482456140350877583e-01 6.008771929824561209e-01 5.745614035087719396e-01 5.482456140350877583e-01 5.526315789473684736e-01
5.350877192982456121e-01 5.307017543859648967e-01 5.263157894736841813e-01 5.438596491228070429e-01 5.263157894736841813e-01
5.350877192982456121e-01 5.307017543859648967e-01 5.307017543859648967e-01 5.307017543859648967e-01 5.219298245614034659e-01
