0.000000000000000000e+00 0.000000000000000000e+00 0.000000000000000000e+00 0.000000000000000000e+00 0.000000000000000000e+00
7.203216573531416866e-01 6.778649921507065024e-01 6.990484446108079508e-01 7.197541703248463429e-01 7.191404493283537480e-01
6.822299651567944601e-01 7.369728017519503460e-01 7.094384707287932912e-01 7.407798942854293411e-01 7.267315060418508832e-01
6.529823118058410980e-01 6.600420760227945216e-01 6.786469344608880849e-01 7.003584229390681370e-01 6.832327723086693005e-01
6.000668225860341654e-01 6.472928176795580413e-01 6.525226598219298069e-01 6.062794348508633302e-01 6.827313172490837578e-01
6.436034553681613257e-01 6.476779151353158070e-01 6.551395478938317751e-01 6.851017834624392178e-01 6.265967900425810644e-01
6.052364864864865357e-01 6.102564102564103088e-01 5.728104575163398549e-01 6.399621012738183623e-01 5.992630709611841411e-01
5.291287474752059961e-01 5.827450980392157032e-01 5.862973569726515066e-01 5.926797385620914405e-01 5.043818502162322748e-01
5.667697746354396493e-01 5.466195315952275813e-01 5.431273218507260969e-01 5.431273218507260969e-01 5.116215477167076475e-01
5.244275516825809280e-01 4.461717839098328642e-01 4.677972560975610095e-01 5.212184146763585435e-01 4.371493404483454692e-01
4.925208816982983295e-01 4.569359756097561287e-01 3.546347061073569229e-01 4.489123269611074440e-01 4.757129649384823633e-01
