0.000000000000000000e+00 0.000000000000000000e+00 0.000000000000000000e+00 0.000000000000000000e+00 0.000000000000000000e+00
7.199074074074074403e-01 6.787037037037036979e-01 6.999999999999999556e-01 7.194444444444444420e-01 7.189814814814814437e-01
6.819444444444444642e-01 7.365740740740740478e-01 7.115740740740740256e-01 7.421296296296295836e-01 7.268518518518518601e-01
6.638888888888888618e-01 6.689814814814815103e-01 6.791666666666666963e-01 7.027777777777777235e-01 6.856481481481481177e-01
6.185185185185184675e-01 6.532407407407406774e-01 6.578703703703703276e-01 6.083333333333333925e-01 6.833333333333333481e-01
6.550925925925925597e-01 6.624999999999999778e-01 6.675925925925926263e-01 6.888888888888888840e-01 6.379629629629629539e-01
6.263888888888888840e-01 6.342592592592593004e-01 6.064814814814813992e-01 6.574074074074074403e-01 6.217592592592593448e-01
5.819444444444443754e-01 6.152777777777778123e-01 6.194444444444444642e-01 6.240740740740741144e-01 5.638888888888888840e-01
6.055555555555556246e-01 5.879629629629629095e-01 5.912037037037036757e-01 5.912037037037036757e-01 5.685185185185185341e-01
5.851851851851851416e-01 5.388888888888888618e-01 5.486111111111111605e-01 5.810185185185184897e-01 5.421296296296296280e-01
5.703703703703703054e-01 5.398148148148147474e-01 4.884259259259259300e-01 5.430555555555555136e-01 5.532407407407406996e-01
