0.000000000000000000e+00 0.000000000000000000e+00 0.000000000000000000e+00 0.000000000000000000e+00 0.000000000000000000e+00
4.454354031873740127e-01 3.665731876118353827e-01 4.130332460724780996e-01 4.459115570228910919e-01 4.465384970230860118e-01
3.654146351566657236e-01 4.824126257479851021e-01 4.453505720259026135e-01 5.112656297601092525e-01 4.663431937798106497e-01
3.678172715872457532e-01 3.737843631617004947e-01 3.660403082262618790e-01 4.268349027294208731e-01 3.884608594689294425e-01
2.749542731874490831e-01 3.280042416499883706e-01 3.367106894265288752e-01 2.222231240962939947e-01 3.752939192506718480e-01
3.480756666150489620e-01 3.769880855031040312e-01 3.821360038365740897e-01 4.014787481115099088e-01 3.066077289599767886e-01
3.008038472916437778e-01 3.288666784292230139e-01 2.742997829734753479e-01 3.721351585384338190e-01 2.917848726797186987e-01
2.387470706553703192e-01 2.969593302625885278e-01 3.105887491053451188e-01 3.196188775517017078e-01 1.914839133348275602e-01
2.828427124746190069e-01 2.357022603955158391e-01 2.588634266885539437e-01 2.588634266885539437e-01 2.024171184993471817e-01
2.676296398026041246e-01 1.520302849670742695e-01 1.716016182459110251e-01 2.504014752316569559e-01 1.963332827148688287e-01
2.542566904654912641e-01 1.405498968490319078e-01 -6.699981400877447202e-02 1.734308140479824123e-01 1.838576757025826014e-01
