0.000000000000000000e+00 0.000000000000000000e+00 0.000000000000000000e+00 0.000000000000000000e+00 0.000000000000000000e+00
6.666666666666666297e-01 6.666666666666666297e-01 6.666666666666666297e-01 6.666666666666666297e-01 6.666666666666666297e-01
6.666666666666666297e-01 6.666666666666666297e-01 6.666666666666666297e-01 6.666666666666666297e-01 6.666666666666666297e-01
6.633333333333333304e-01 6.666666666666666297e-01 6.666666666666666297e-01 6.666666666666666297e-01 6.666666666666666297e-01
6.666666666666666297e-01 6.666666666666666297e-01 6.666666666666666297e-01 6.666666666666666297e-01 6.666666666666666297e-01
6.666666666666666297e-01 6.666666666666666297e-01 6.633333333333333304e-01 6.666666666666666297e-01 6.666666666666666297e-01
6.666666666666666297e-01 6.666666666666666297e-01 6.633333333333333304e-01 6.666666666666666297e-01 6.666666666666666297e-01
6.666666666666666297e-01 6.666666666666666297e-01 6.666666666666666297e-01 6.633333333333333304e-01 6.666666666666666297e-01
6.666666666666666297e-01 6.633333333333333304e-01 6.600000000000000311e-01 6.666666666666666297e-01 6.666666666666666297e-01
6.600000000000000311e-01 6.666666666666666297e-01 6.633333333333333304e-01 6.600000000000000311e-01 6.633333333333333304e-01
6.566666666666666208e-01 6.566666666666666208e-01 6.566666666666666208e-01 6.633333333333333304e-01 6.533333333333333215e-01
