0.000000000000000000e+00 0.000000000000000000e+00 0.000000000000000000e+00 0.000000000000000000e+00 0.000000000000000000e+00
5.546511026941619571e-01 5.546511026941619571e-01 5.546511026941619571e-01 5.546511026941619571e-01 5.546511026941619571e-01
5.546511026941619571e-01 5.546511026941619571e-01 5.546511026941619571e-01 5.546511026941619571e-01 5.546511026941619571e-01
5.515368309485956244e-01 5.546511026941619571e-01 5.546511026941619571e-01 5.546511026941619571e-01 5.546511026941619571e-01
5.537790060095626465e-01 5.546511026941619571e-01 5.546511026941619571e-01 5.546511026941619571e-01 5.537890832008479647e-01
5.555555555555554692e-01 5.546511026941619571e-01 5.499063341529094595e-01 5.546511026941619571e-01 5.513881228166942483e-01
5.546511026941619571e-01 5.537890832008479647e-01 5.499063341529094595e-01 5.537790060095626465e-01 5.555555555555554692e-01
5.537890832008479647e-01 5.537890832008479647e-01 5.555555555555554692e-01 5.515368309485956244e-01 5.537890832008479647e-01
5.546511026941619571e-01 5.499063341529094595e-01 5.454339450633359787e-01 5.500274705490161287e-01 5.537890832008479647e-01
5.476234376042621310e-01 5.537890832008479647e-01 5.499063341529094595e-01 5.476232291300784372e-01 5.476807374680338070e-01
5.438638854562841685e-01 5.401138716356107539e-01 5.417940876656472948e-01 5.459130705609579470e-01 5.316247309370866203e-01
