0.000000000000000000e+00 0.000000000000000000e+00 0.000000000000000000e+00 0.000000000000000000e+00 0.000000000000000000e+00
5.546511026941619571e-01 5.546511026941619571e-01 5.546511026941619571e-01 5.546511026941619571e-01 5.546511026941619571e-01
5.546511026941619571e-01 5.546511026941619571e-01 5.546511026941619571e-01 5.546511026941619571e-01 5.546511026941619571e-01
5.546511026941619571e-01 5.546511026941619571e-01 5.537890832008479647e-01 5.546511026941619571e-01 5.546511026941619571e-01
5.546511026941619571e-01 5.546511026941619571e-01 5.546511026941619571e-01 5.546511026941619571e-01 5.546511026941619571e-01
5.546511026941619571e-01 5.546511026941619571e-01 5.507011866235166364e-01 5.546511026941619571e-01 5.546511026941619571e-01
5.546511026941619571e-01 5.546511026941619571e-01 5.499063341529094595e-01 5.476232291300784372e-01 5.546511026941619571e-01
5.515368309485956244e-01 5.507011866235166364e-01 5.507011866235166364e-01 5.546511026941619571e-01 5.546511026941619571e-01
5.546511026941619571e-01 5.529484002801263731e-01 5.468682968682968548e-01 5.537790060095626465e-01 5.546511026941619571e-01
5.446007231721518016e-01 5.537890832008479647e-01 5.476232291300784372e-01 5.476232291300784372e-01 5.453863011389378235e-01
5.431300587490575094e-01 5.103095765826674013e-01 5.429480585670574122e-01 5.080260371171319012e-01 5.362318840579709534e-01
