0.000000000000000000e+00 0.000000000000000000e+00 0.000000000000000000e+00 0.000000000000000000e+00 0.000000000000000000e+00
9.208247422680412297e-01 9.167010309278350588e-01 9.138144329896906726e-01 9.150515463917525683e-01 9.162886597938144639e-01
9.167010309278350588e-01 9.150515463917525683e-01 9.183505154639175494e-01 9.068041237113402264e-01 9.113402061855669922e-01
9.039175257731958402e-01 9.113402061855669922e-01 8.993814432989690744e-01 9.158762886597938691e-01 9.117525773195875871e-01
9.047422680412371410e-01 9.002061855670102641e-01 8.878350515463917514e-01 8.973195876288659889e-01 8.977319587628865838e-01
8.845360824742267702e-01 8.668041237113401909e-01 8.890721649484536471e-01 8.824742268041236848e-01 8.845360824742267702e-01
8.692783505154638712e-01 8.602061855670103396e-01 8.560824742268041687e-01 8.618556701030928302e-01 8.564948453608247636e-01
8.255670103092783707e-01 8.354639175257732031e-01 8.272164948453608613e-01 8.272164948453608613e-01 8.334020618556701177e-01
7.958762886597937625e-01 8.045360824742268102e-01 7.855670103092783352e-01 7.880412371134020155e-01 7.851546391752577403e-01
7.488659793814432808e-01 7.381443298969072586e-01 7.472164948453607902e-01 7.571134020618556226e-01 7.381443298969072586e-01
6.808247422680412386e-01 6.861855670103093052e-01 6.874226804123710899e-01 6.882474226804123907e-01 6.820618556701031343e-01
