0.000000000000000000e+00 0.000000000000000000e+00 0.000000000000000000e+00 0.000000000000000000e+00 0.000000000000000000e+00
9.114561624115330440e-01 9.124790504161577331e-01 9.191493832224910676e-01 9.149226276160792315e-01 9.184937882833473788e-01
9.116088480629764845e-01 9.179873188731784150e-01 9.190377479261790938e-01 9.141721483769499335e-01 9.208624063614090360e-01
9.116752772221279333e-01 9.206714292821928103e-01 9.131466593709468560e-01 9.207084506462459572e-01 9.136164787012969191e-01
9.075179327324651712e-01 9.007264878835288258e-01 9.028693840280673788e-01 9.061331199696039951e-01 9.063051060308963125e-01
9.104024862537046792e-01 8.763547823241875090e-01 9.095611431797697710e-01 9.051437828978002864e-01 8.954475569266575619e-01
8.960727444533921338e-01 9.008356917613721260e-01 8.974359287611912706e-01 8.964101270085714779e-01 8.989477981103612958e-01
8.599692971430737964e-01 8.735500377570117880e-01 8.733069491606183510e-01 8.814988343030277784e-01 8.770815959517233029e-01
8.460547462872558544e-01 8.667824821076081099e-01 8.462301368253534184e-01 8.402220607117104612e-01 8.329910054281721710e-01
7.851342868423911714e-01 7.781120948595924292e-01 7.515736386477335218e-01 7.915038708008899082e-01 7.892766189986535341e-01
6.633413245110616474e-01 6.504821323194606153e-01 6.826357146421748734e-01 6.792881721737501488e-01 6.753051255125454011e-01
