0.000000000000000000e+00 0.000000000000000000e+00 0.000000000000000000e+00 0.000000000000000000e+00 0.000000000000000000e+00
9.201149512293834709e-01 9.160386593351921292e-01 9.132274958677173426e-01 9.148748519256002520e-01 9.163443053812727612e-01
9.159230433364375923e-01 9.145927741834014579e-01 9.172844769157240119e-01 9.064620983158151457e-01 9.110013280128608226e-01
9.033480823654109759e-01 9.105835913776741952e-01 8.992189768711693620e-01 9.153083944240790748e-01 9.111605426252975537e-01
9.043376973467387447e-01 9.001253067298338184e-01 8.878785760151712836e-01 8.970729185681198814e-01 8.973482257688601971e-01
8.842197023991644755e-01 8.662835190772568694e-01 8.892144330966480492e-01 8.822864566054520186e-01 8.841476436518587168e-01
8.689957887483565901e-01 8.598227114873386867e-01 8.542620438336664401e-01 8.608246319297092608e-01 8.556232415028961480e-01
8.189581071128756440e-01 8.302727338428823600e-01 8.227976731463482185e-01 8.221890379226532986e-01 8.301650055755354085e-01
7.798039154130116390e-01 7.937814471914530490e-01 7.713616791521292759e-01 7.757011876318440358e-01 7.686705820493983099e-01
7.122048501468032367e-01 6.958634348698674588e-01 7.098887828460378469e-01 7.272018318713038276e-01 6.992495616128022728e-01
6.182588113608941116e-01 6.258586920098843098e-01 6.276945295870872688e-01 6.294462437775854013e-01 6.197061685510817375e-01
