0.000000000000000000e+00 0.000000000000000000e+00 0.000000000000000000e+00 0.000000000000000000e+00 0.000000000000000000e+00
9.448629644062265243e-01 9.458738848142662636e-01 9.498809164161123864e-01 9.477459780814434520e-01 9.497662298135606251e-01
9.459857932167106132e-01 9.490039359452577816e-01 9.503165028741744624e-01 9.470703937602913403e-01 9.505189242856857401e-01
9.465364578081699731e-01 9.518496303648560364e-01 9.466847417858511582e-01 9.512832733632509141e-01 9.470776070799338253e-01
9.434999802888236475e-01 9.393543554044048172e-01 9.416595782683172544e-01 9.431931112403020290e-01 9.434254233368744025e-01
9.467004617948905354e-01 9.253173760265863690e-01 9.450223088939282423e-01 9.429120857391795063e-01 9.384126201858017380e-01
9.386368873428715398e-01 9.406838275607151134e-01 9.390506269416206697e-01 9.388368630827879091e-01 9.398658589516034612e-01
9.197542794917175080e-01 9.262268376728503005e-01 9.260158470162388467e-01 9.304025695932932605e-01 9.285741103655089645e-01
9.138404934473836061e-01 9.229417810395302846e-01 9.106451178507086741e-01 9.077183780826652004e-01 9.040795038974180908e-01
8.833370737014066831e-01 8.797367003435149213e-01 8.700105840209364505e-01 8.852583313107095231e-01 8.828550726329010834e-01
8.204789406443030453e-01 8.170021630898692822e-01 8.426193864353210827e-01 8.419327451708640275e-01 8.401027874163208287e-01
