0.000000000000000000e+00 0.000000000000000000e+00 0.000000000000000000e+00 0.000000000000000000e+00 0.000000000000000000e+00
8.997212764153290632e-01 8.944285955379700503e-01 8.907984552701359027e-01 8.923006364272207946e-01 8.939134866191215112e-01
8.945902311511808591e-01 8.923646551474867517e-01 8.966269676886833295e-01 8.819325399691111400e-01 8.877045140467476614e-01
8.788530483237159130e-01 8.881243994621189630e-01 8.733913448405419278e-01 8.938018861800003378e-01 8.887194358748670142e-01
8.800541927799235831e-01 8.746866464064334545e-01 8.603594830991505571e-01 8.712637083235332813e-01 8.717512793121273695e-01
8.570220047849370637e-01 8.355201693889753312e-01 8.621887132860250880e-01 8.544852328921370699e-01 8.569608090756551944e-01
8.404530096412082818e-01 8.296275987038511657e-01 8.259948858264019034e-01 8.320829391301072242e-01 8.264544762920805754e-01
7.951302788011198608e-01 8.052897785155677113e-01 7.957953305005183164e-01 7.958196449216538015e-01 8.021117931967619574e-01
7.664953433065737620e-01 7.726537281077020536e-01 7.565780390272245359e-01 7.559203002216384748e-01 7.551846354546000173e-01
7.192119078048972991e-01 7.081013236000243127e-01 7.171812288096153232e-01 7.282320807245351579e-01 7.092137466412773428e-01
6.387713461331729903e-01 6.473854066917509309e-01 6.485633866853619534e-01 6.504877956472444600e-01 6.401255049773146855e-01
