0.000000000000000000e+00 0.000000000000000000e+00 0.000000000000000000e+00 0.000000000000000000e+00 0.000000000000000000e+00
7.683880894590846555e-01 7.655631213722500217e-01 7.662697484268985448e-01 7.655631213722500217e-01 7.686659533410133971e-01
7.666514692061816572e-01 7.670036601750107597e-01 7.662697484268985448e-01 7.680678625419348204e-01 7.680390759684492252e-01
7.687511750823804446e-01 7.661315163686992502e-01 7.691035905235079628e-01 7.680678625419348204e-01 7.666314710436477053e-01
7.666273330648156747e-01 7.659920821218493270e-01 7.673580814118055038e-01 7.637487565724030425e-01 7.669803639952893493e-01
7.622656652193162685e-01 7.618224958217558740e-01 7.599067345685386332e-01 7.664962211258916636e-01 7.657662497623407560e-01
7.657260667970633428e-01 7.638056299897786339e-01 7.567442396689594286e-01 7.659646529617576416e-01 7.680701468845979596e-01
7.578522651828902834e-01 7.651757040941686849e-01 7.550168819743505733e-01 7.544481966599911882e-01 3.333333333333333148e-01
6.721968459100811089e-01 6.964846950630418920e-01 7.621023342854328364e-01 7.024689539853405940e-01 7.092173946506431514e-01
6.394099543112028439e-01 7.025920006101068482e-01 6.338034925295912281e-01 6.184373378049267123e-01 6.569874566379449998e-01
3.333333333333333148e-01 6.430714152233140135e-01 3.333333333333333148e-01 6.430714152233140135e-01 6.392742190189252272e-01
