0.000000000000000000e+00 0.000000000000000000e+00 0.000000000000000000e+00 0.000000000000000000e+00 0.000000000000000000e+00
5.341108451010037061e-01 5.334028164898528823e-01 5.378884570438366985e-01 5.343135493159769656e-01 5.356095440469760272e-01
5.372571226433491276e-01 5.385027144503511387e-01 5.383718225154022763e-01 5.347527746505795765e-01 5.356095440469760272e-01
5.380370461909936841e-01 5.327080911370125627e-01 5.369775153744444918e-01 5.361700564123503820e-01 5.342250681905228449e-01
5.390127558661017559e-01 5.297799714364856971e-01 5.378340247400081875e-01 5.324376795008217700e-01 5.361700564123503820e-01
5.328210601269472990e-01 5.383303401199889260e-01 5.347369737733553841e-01 5.353288817280934531e-01 5.395089226467675303e-01
5.393708839092012930e-01 5.393708839092012930e-01 5.347527746505795765e-01 5.390303280718820034e-01 5.320851900822279879e-01
5.362539164769347666e-01 5.176040130645309656e-01 5.274080130904850172e-01 5.381554856989300140e-01 5.335132047325356064e-01
5.347962284408128708e-01 4.962087154165403247e-01 3.795022413893127111e-01 5.371423641029876572e-01 5.401947746511636117e-01
5.105086783968441067e-01 5.415495729597517016e-01 5.037630343271195521e-01 5.110994795914549638e-01 5.416437943888954276e-01
0.000000000000000000e+00 5.186710671944436690e-01 5.339613751181271351e-01 5.383303401199889260e-01 5.082928795704335645e-01
