0.000000000000000000e+00 0.000000000000000000e+00 0.000000000000000000e+00 0.000000000000000000e+00 0.000000000000000000e+00
5.369949780406672035e-01 5.314589590130869290e-01 5.328415424984768167e-01 5.314589590130869290e-01 5.380370461909936841e-01
5.334028164898528823e-01 5.340987428001139348e-01 5.328415424984768167e-01 5.361510443010590876e-01 5.362841715687798327e-01
5.376403755043225319e-01 5.334729261096302633e-01 5.383352280470833362e-01 5.361510443010590876e-01 5.334942761663675759e-01
5.335132047325356064e-01 5.341113202864359311e-01 5.347843806075667228e-01 5.304989171468518228e-01 5.342055871818462975e-01
5.280242975697818641e-01 5.277277116169484250e-01 5.248912364429212385e-01 5.341136533827566257e-01 5.328344265714942685e-01
5.330177727121174769e-01 5.302421154232866973e-01 5.207387427580592032e-01 5.319310033571769125e-01 5.361404828908707954e-01
5.204017196292789471e-01 5.309219174813035735e-01 5.170448867304746621e-01 5.150488462615849805e-01 0.000000000000000000e+00
4.132665897294570678e-01 4.442101153393164803e-01 5.242234344078432473e-01 4.497670131117549319e-01 4.603737294159653826e-01
3.748054648764482799e-01 4.532777176791806251e-01 3.678818826101744599e-01 3.513418378575584589e-01 3.960647329896287427e-01
0.000000000000000000e+00 3.795262401040155331e-01 0.000000000000000000e+00 3.795262401040155331e-01 3.751592106913636537e-01
