0.000000000000000000e+00 0.000000000000000000e+00 0.000000000000000000e+00 0.000000000000000000e+00 0.000000000000000000e+00
9.129526513938642784e-01 9.174766963144955767e-01 9.161039181240091533e-01 9.178481194548482325e-01 9.167592740739834989e-01
9.216768524970833099e-01 9.091630351361214002e-01 9.107807942487669006e-01 9.125900025783135749e-01 9.111457850544985027e-01
8.998751106348320539e-01 9.116977080273009904e-01 9.084860380306702954e-01 9.088495901784867659e-01 8.947362365788729122e-01
8.950672799340566588e-01 9.016103359731080236e-01 8.997481557558607568e-01 8.988622617028070305e-01 8.926095885664272478e-01
8.875249065853765273e-01 8.951498207058943279e-01 8.891873629657325306e-01 8.981901404515358900e-01 8.994173416718368452e-01
8.933178114663569147e-01 8.587886454960689253e-01 8.830300341024962529e-01 8.770765165547367292e-01 8.873698498087850828e-01
8.664315543483811499e-01 8.515062390036209905e-01 8.355818576654080454e-01 8.609926205598472659e-01 8.724526750045757950e-01
8.331416316005040290e-01 8.151905389784570577e-01 7.887140599110418204e-01 8.337285852831068933e-01 8.256391748317699619e-01
7.912790837455875304e-01 7.401112513558200101e-01 7.118002105096851162e-01 7.362805070419958797e-01 7.642703869464428923e-01
4.381749454503191532e-01 4.637208200617983778e-01 4.729651506919154147e-01 5.328308164864065111e-01 4.391157673507330439e-01
