0.000000000000000000e+00 0.000000000000000000e+00 0.000000000000000000e+00 0.000000000000000000e+00 0.000000000000000000e+00
9.479124418482787195e-01 9.500231447644336136e-01 9.450148545642762521e-01 9.488501423094021225e-01 9.458519253636374913e-01
9.474492096131826857e-01 9.452926469775604357e-01 9.462314954003375744e-01 9.479590207004942037e-01 9.450900054447511911e-01
9.395183255832645353e-01 9.436600932733197888e-01 9.434588473430033373e-01 9.432652203916418454e-01 9.435269176613713116e-01
9.310544460448324511e-01 9.368981362973688443e-01 9.461188374943833024e-01 9.359093317620090779e-01 9.346946932402178110e-01
9.446700031986122736e-01 9.366327540670563723e-01 9.399573849811733162e-01 9.415678691779634235e-01 9.366270611027315285e-01
9.361329437507055484e-01 9.358081990460048738e-01 9.361996686014895097e-01 9.280940201606179274e-01 9.320320199066914890e-01
9.216049427602279742e-01 9.125010378607342210e-01 9.078120076543368944e-01 9.191727199949788485e-01 9.221074685496285506e-01
9.012786483593403508e-01 9.056451215758754003e-01 9.080642212096652344e-01 9.182207110535584027e-01 9.054550414952895476e-01
8.927552967418892482e-01 8.636554782785600404e-01 8.595556230126799591e-01 8.781131606646468413e-01 9.082681471423249553e-01
8.145230163617350749e-01 8.396349970321049794e-01 7.771595393956505227e-01 7.820331307927327336e-01 7.011471933872515105e-01
