0.000000000000000000e+00 0.000000000000000000e+00 0.000000000000000000e+00 0.000000000000000000e+00 0.000000000000000000e+00
8.907948431102836739e-01 8.965574658800835595e-01 8.950043886237835089e-01 8.959948323004394144e-01 8.960940977143984076e-01
9.023607094679088059e-01 8.866987048986042508e-01 8.878331848616148880e-01 8.903683584490212910e-01 8.881658623923989193e-01
8.744555884057199080e-01 8.888553759359222317e-01 8.871227495102018690e-01 8.831883424559974216e-01 8.655170659092027430e-01
8.668617222616169515e-01 8.763202885770621231e-01 8.739024257966768738e-01 8.731454282862362026e-01 8.665488497840553306e-01
8.578260130635467773e-01 8.688921715081414643e-01 8.595077528732000260e-01 8.725668809553255301e-01 8.718170232546627041e-01
8.655579200264620354e-01 8.220437934407229807e-01 8.540127796912545532e-01 8.461835520393481413e-01 8.567019706601810558e-01
8.347849510241389659e-01 8.155659615281036778e-01 7.990421958863935803e-01 8.280388471825724794e-01 8.404820807645466685e-01
7.948460078907199078e-01 7.751631464760589951e-01 7.407248924021726522e-01 7.975116136517610421e-01 7.879667101304502763e-01
7.531884532367734142e-01 6.950038416474680902e-01 6.689378453230683252e-01 7.041563270324753265e-01 7.199858920133486162e-01
4.604339728128140630e-01 4.518470374117637411e-01 4.635069573079466099e-01 5.025012211525448080e-01 4.280319051817059184e-01
