0.000000000000000000e+00 0.000000000000000000e+00 0.000000000000000000e+00 0.000000000000000000e+00 0.000000000000000000e+00
8.292783505154639467e-01 8.329896907216495228e-01 8.305154639175257314e-01 8.367010309278350988e-01 8.362886597938143929e-01
8.177319587628866238e-01 8.148453608247422375e-01 8.296907216494845416e-01 8.230927835051546904e-01 8.276288659793814562e-01
8.338144329896907125e-01 7.987628865979381487e-01 8.202061855670103041e-01 8.119587628865979623e-01 8.086597938144329811e-01
7.740206185567010122e-01 7.979381443298969590e-01 8.189690721649484084e-01 7.987628865979381487e-01 8.049484536082474051e-01
7.608247422680411987e-01 8.136082474226804528e-01 7.756701030927835028e-01 7.954639175257731676e-01 8.020618556701031299e-01
7.678350515463917558e-01 7.600000000000000089e-01 7.740206185567010122e-01 7.797938144329896737e-01 7.756701030927835028e-01
7.265979381443299356e-01 7.600000000000000089e-01 7.546391752577319423e-01 7.554639175257732431e-01 7.694845360824742464e-01
7.323711340206185971e-01 7.385567010309278535e-01 7.348453608247422775e-01 7.360824742268041732e-01 7.731958762886598224e-01
6.808247422680412386e-01 7.051546391752577803e-01 7.286597938144330211e-01 6.964948453608247325e-01 7.331958762886597869e-01
6.688659793814433208e-01 6.940206185567010522e-01 6.870103092783504950e-01 6.907216494845360710e-01 6.354639175257732475e-01
