0.000000000000000000e+00 0.000000000000000000e+00 0.000000000000000000e+00 0.000000000000000000e+00 0.000000000000000000e+00
8.290769371509819630e-01 8.335474635644203323e-01 8.311258792896378811e-01 8.372083098252083300e-01 8.370934931241093002e-01
8.167855753219195325e-01 8.150274988292384171e-01 8.304376338262976498e-01 8.237456792802252403e-01 8.287419594897350583e-01
8.346581309491817313e-01 7.965451600234368934e-01 8.199252627480821953e-01 8.107256449628768014e-01 8.089942225711581614e-01
7.639900802718866402e-01 7.953602543602578123e-01 8.179168606905442562e-01 7.943282309853744172e-01 8.024839743508405121e-01
7.457861289694561746e-01 8.099344830720461852e-01 7.688630884364242579e-01 7.886075504702786398e-01 7.986378954421955445e-01
7.583019943406968943e-01 7.435511416374903648e-01 7.660640443146778944e-01 7.724122559058459458e-01 7.667110266047497680e-01
7.099656426741042248e-01 7.491461869865098100e-01 7.414223641188513181e-01 7.472694600637056483e-01 7.600441573616134594e-01
7.066168328494372153e-01 7.217750243728503490e-01 7.092114003534522038e-01 7.144610126147414864e-01 7.634075702790350526e-01
6.328231635676544453e-01 6.703211856078808983e-01 6.957173315688258697e-01 6.583827089233658114e-01 7.069048406517712824e-01
6.158104088575058199e-01 6.511070315226572536e-01 6.377376330892468026e-01 6.413309225221912602e-01 5.618704473730955495e-01
