0.000000000000000000e+00 0.000000000000000000e+00 0.000000000000000000e+00 0.000000000000000000e+00 0.000000000000000000e+00
9.003250852396367243e-01 9.008885441716549813e-01 9.012118771659205496e-01 8.973951680060128222e-01 9.008350915130390879e-01
8.902309992906674019e-01 8.986586222640314814e-01 8.988777289024131312e-01 8.898589303241161153e-01 9.040378948077059107e-01
9.013040913450192093e-01 8.807534788749804555e-01 8.993988233739760307e-01 8.933807411351992744e-01 8.909014149744428623e-01
8.788727597770776834e-01 8.899594063285333201e-01 8.984613808798976864e-01 8.877002264338252902e-01 8.923046191375203495e-01
8.671183897295053900e-01 9.012265890339876684e-01 8.787813867357792130e-01 8.959898947906038691e-01 8.929772241103186570e-01
8.752557521520912820e-01 8.898875016874557842e-01 8.883060393137444111e-01 8.804775958679644798e-01 8.853451814004950071e-01
8.551426913222262005e-01 8.704867225301257116e-01 8.725559879488404835e-01 8.692972603631103912e-01 8.724865855695402850e-01
8.695689926808014558e-01 8.568852233204943269e-01 8.603265638811620208e-01 8.561798238282478657e-01 8.789226672754469893e-01
8.439528890848110310e-01 8.307569259248074323e-01 8.528025168565793734e-01 8.468426438513193544e-01 8.666038493616976535e-01
8.322681279875778770e-01 8.397461554029428399e-01 8.538887394104083262e-01 8.289865249403205461e-01 8.425148803489612703e-01
