0.000000000000000000e+00 0.000000000000000000e+00 0.000000000000000000e+00 0.000000000000000000e+00 0.000000000000000000e+00
7.948499173439651511e-01 8.052664603933618048e-01 8.237499999999999822e-01 8.131928610739838081e-01 7.947659087516791843e-01
8.148404731014851077e-01 8.150214060280136508e-01 8.013564516586736408e-01 7.787500000000000533e-01 8.122391565014516202e-01
7.937890783885278578e-01 8.045088284314340088e-01 7.804878048780488076e-01 8.228554198703452727e-01 8.085171568627450567e-01
7.845094730017068141e-01 8.283835595306578981e-01 7.886060606060605327e-01 7.887837785941960167e-01 7.963636363636363846e-01
7.912595632057588535e-01 8.107596647742633111e-01 7.727856225930680445e-01 8.118787878787878665e-01 7.963636363636363846e-01
8.029646344278659198e-01 7.965974505563948593e-01 7.733637251709540861e-01 7.945466819289133120e-01 7.881899871630295706e-01
7.733527602395984246e-01 7.863895884703121508e-01 7.797972383745399583e-01 7.935891209324914541e-01 7.635933806146572023e-01
7.492163009404388951e-01 6.980632916852382852e-01 7.324973876698015474e-01 7.999201001059829119e-01 7.521807738879024985e-01
7.137476459510357918e-01 6.911924610366075861e-01 6.996012693107038771e-01 7.029875953642770181e-01 6.756043267671174579e-01
5.743055176554058283e-01 5.433259801075892570e-01 6.108513227852155891e-01 4.893617021276596146e-01 6.184250776835020780e-01
