0.000000000000000000e+00 0.000000000000000000e+00 0.000000000000000000e+00 0.000000000000000000e+00 0.000000000000000000e+00
7.877289377289377059e-01 8.016483516483516869e-01 8.168498168498168344e-01 8.049450549450549719e-01 7.897435897435897134e-01
8.062271062271062494e-01 8.042124542124542419e-01 7.928571428571429269e-01 7.728937728937728124e-01 8.078754578754578919e-01
7.855311355311356269e-01 7.974358974358974894e-01 7.692307692307691624e-01 8.146520146520146444e-01 7.970695970695971244e-01
7.749084249084249310e-01 8.144688644688644619e-01 7.756410256410255499e-01 7.776556776556776684e-01 7.829670329670330720e-01
7.771062271062271209e-01 7.974358974358974894e-01 7.619047619047618625e-01 7.976190476190476719e-01 7.829670329670330720e-01
7.880952380952381819e-01 7.800366300366300409e-01 7.600732600732600375e-01 7.796703296703296759e-01 7.765567765567765735e-01
7.553113553113552925e-01 7.703296703296702574e-01 7.613553113553113150e-01 7.736263736263736535e-01 7.476190476190476275e-01
7.307692307692308376e-01 6.853479853479853556e-01 7.161172161172161266e-01 7.826007326007325959e-01 7.324175824175823690e-01
6.987179487179486781e-01 6.794871794871795156e-01 6.866300366300366331e-01 6.893772893772893706e-01 6.668498168498168122e-01
5.976190476190476053e-01 5.785714285714285143e-01 6.197802197802197988e-01 5.448717948717949344e-01 6.260073260073260037e-01
