0.000000000000000000e+00 0.000000000000000000e+00 0.000000000000000000e+00 0.000000000000000000e+00 0.000000000000000000e+00
5.925972882283425669e-01 6.111870989470398197e-01 6.497655446519375877e-01 6.299174351525984594e-01 5.909107641493915875e-01
6.335195188614308748e-01 6.363442430241611492e-01 6.067841043317006022e-01 5.596246598447323084e-01 6.254050462267717325e-01
5.916050147924460934e-01 6.116990360270593285e-01 5.699515644834196593e-01 6.490016794808456391e-01 6.245262970567898586e-01
5.750467843342962349e-01 6.669105867677498356e-01 5.888832521939464382e-01 5.857231605778654426e-01 6.045346343120580057e-01
5.965859671794339070e-01 6.319297687785929707e-01 5.544426783750273646e-01 6.358373985482810298e-01 6.045346343120580057e-01
6.202443664066421558e-01 6.128967413162539346e-01 5.610238428513998343e-01 6.045058165596014499e-01 5.854604505918120649e-01
5.787373970018936387e-01 5.929319602703491121e-01 5.909427571712709826e-01 6.202537095558314784e-01 5.530855702410895081e-01
5.503495392790072049e-01 4.670918702559299640e-01 5.154067113882765394e-01 6.212030591278988600e-01 5.670707199768684204e-01
4.988980345714431608e-01 4.594310863197255124e-01 4.721246557032920954e-01 4.886916810943349732e-01 4.520426080880347031e-01
3.690699453826030707e-01 3.287669075747298164e-01 3.866726120045301252e-01 2.142108485241073224e-01 4.132132877405919613e-01
