0.000000000000000000e+00 0.000000000000000000e+00 0.000000000000000000e+00 0.000000000000000000e+00 0.000000000000000000e+00
5.576295414009055929e-01 5.749662178316680139e-01 5.612609384839207793e-01 5.650533259555815535e-01 5.735614579784582556e-01
5.769147748263824260e-01 5.691867906178963432e-01 5.669906505969096733e-01 5.725271733846662991e-01 5.624835401959035197e-01
5.832820267104722456e-01 5.733769682253114786e-01 5.542825059249265607e-01 5.475315772951178106e-01 5.425870872730774730e-01
5.799976814282402637e-01 5.612703150643080230e-01 5.673457593900700369e-01 5.691298472547460241e-01 5.676384037690757056e-01
5.417387270148006362e-01 5.597492731763831220e-01 5.170875918211252920e-01 5.610738116038076484e-01 5.293466133515160044e-01
5.385142595049715597e-01 5.112863578911454043e-01 5.744572581595380756e-01 5.380677080769706855e-01 4.867280159351832225e-01
4.871695164026610403e-01 4.802071883592406998e-01 5.595061728395060996e-01 5.333406447178902221e-01 5.643403590507963807e-01
4.584010933217281814e-01 4.885542188289352938e-01 4.617526912212976398e-01 4.330614598780688773e-01 4.961550989246040211e-01
4.300329159585882799e-01 4.343049753671066604e-01 4.281672386980976408e-01 4.303988425235454884e-01 4.278864754324877562e-01
4.275806462633841565e-01 4.191720328671233453e-01 4.171144196983989638e-01 4.164242697365725943e-01 4.368950752412815164e-01
