0.000000000000000000e+00 0.000000000000000000e+00 0.000000000000000000e+00 0.000000000000000000e+00 0.000000000000000000e+00
3.392838743245308875e-01 3.646864279437734280e-01 3.439670315267039924e-01 3.520603734449793687e-01 3.649901934610695897e-01
3.714552505957695039e-01 3.699727235103677514e-01 3.624881209022932649e-01 3.856829992290706222e-01 3.518760325438980430e-01
4.061858490563317048e-01 3.752050800889366600e-01 3.643879323239933021e-01 3.462570884731201448e-01 3.356298954702649495e-01
4.065451375280083601e-01 3.778612765925425387e-01 4.016677803135681457e-01 3.785527449185360771e-01 3.793027072238787656e-01
3.924066666312651663e-01 3.838713078533732559e-01 3.613624713641527819e-01 3.759945384250019118e-01 3.498074363361999839e-01
3.745709691868557845e-01 3.586035353905535628e-01 4.171661029740840188e-01 3.739076717837595543e-01 3.459769221890351409e-01
3.709400732590115157e-01 3.576283839801125963e-01 3.885130736242518590e-01 3.747067702363777730e-01 4.105062468918398433e-01
3.641030757862401823e-01 3.521166779341356468e-01 3.327980002030052620e-01 3.584744484359825289e-01 3.994282255585052677e-01
3.407473941365929959e-01 3.319041536365943124e-01 3.481087442491426209e-01 3.507011722934880171e-01 3.401948291325648244e-01
3.468556561104096936e-01 3.285535078065755510e-01 3.239259936121167138e-01 3.234093060426256327e-01 3.645019001598288066e-01
