0.000000000000000000e+00 0.000000000000000000e+00 0.000000000000000000e+00 0.000000000000000000e+00 0.000000000000000000e+00
6.346666666666667123e-01 6.133333333333332860e-01 6.239999999999999991e-01 6.320000000000000062e-01 6.106666666666666909e-01
5.973333333333333828e-01 6.186666666666666980e-01 6.133333333333332860e-01 6.373333333333333073e-01 6.159999999999999920e-01
6.026666666666666838e-01 6.239999999999999991e-01 6.053333333333332789e-01 6.106666666666666909e-01 6.239999999999999991e-01
6.426666666666667194e-01 6.106666666666666909e-01 6.346666666666667123e-01 5.706666666666666554e-01 6.213333333333332931e-01
6.053333333333332789e-01 6.533333333333333215e-01 6.106666666666666909e-01 5.733333333333333615e-01 5.866666666666666696e-01
5.679999999999999494e-01 5.866666666666666696e-01 6.133333333333332860e-01 5.946666666666666767e-01 5.893333333333333757e-01
5.466666666666666341e-01 5.706666666666666554e-01 5.759999999999999565e-01 5.733333333333333615e-01 5.999999999999999778e-01
5.866666666666666696e-01 5.546666666666666412e-01 5.386666666666666270e-01 5.839999999999999636e-01 5.866666666666666696e-01
5.413333333333333330e-01 5.253333333333333188e-01 4.826666666666666883e-01 5.093333333333333046e-01 5.173333333333333117e-01
3.706666666666666443e-01 4.133333333333333304e-01 4.133333333333333304e-01 3.946666666666666656e-01 3.573333333333333361e-01
