0.000000000000000000e+00 0.000000000000000000e+00 0.000000000000000000e+00 0.000000000000000000e+00 0.000000000000000000e+00
6.186666666666666980e-01 6.026666666666666838e-01 6.239999999999999991e-01 6.106666666666666909e-01 6.266666666666667052e-01
6.026666666666666838e-01 5.866666666666666696e-01 6.159999999999999920e-01 5.973333333333333828e-01 6.373333333333333073e-01
6.239999999999999991e-01 6.026666666666666838e-01 6.293333333333333002e-01 6.106666666666666909e-01 5.973333333333333828e-01
6.453333333333333144e-01 6.186666666666666980e-01 6.373333333333333073e-01 5.893333333333333757e-01 5.973333333333333828e-01
6.320000000000000062e-01 6.453333333333333144e-01 5.946666666666666767e-01 5.893333333333333757e-01 6.320000000000000062e-01
5.786666666666666625e-01 5.919999999999999707e-01 6.186666666666666980e-01 5.999999999999999778e-01 5.946666666666666767e-01
5.440000000000000391e-01 5.679999999999999494e-01 5.653333333333333544e-01 5.626666666666666483e-01 5.813333333333333686e-01
5.813333333333333686e-01 5.493333333333333401e-01 5.360000000000000320e-01 5.919999999999999707e-01 5.679999999999999494e-01
5.093333333333333046e-01 5.306666666666666199e-01 4.426666666666666528e-01 5.173333333333333117e-01 5.146666666666667167e-01
3.706666666666666443e-01 4.026666666666666727e-01 3.973333333333333162e-01 3.973333333333333162e-01 3.546666666666666856e-01
