0.000000000000000000e+00 0.000000000000000000e+00 0.000000000000000000e+00 0.000000000000000000e+00 0.000000000000000000e+00
6.149415784832451548e-01 5.993228801433491126e-01 6.207214044909612483e-01 6.060130070546737580e-01 6.248555741021095677e-01
5.965033211451098438e-01 5.841276229790162144e-01 6.116492532813324612e-01 5.919058949119674340e-01 6.339600728613171698e-01
6.161068612796389843e-01 5.985723614582630914e-01 6.233793711582734653e-01 6.038100500891432354e-01 5.935319294641328014e-01
6.397242734750649973e-01 6.103690609208435314e-01 6.291271966318560116e-01 5.822445413678805082e-01 5.902460978606414166e-01
6.224228316132224270e-01 6.389896198558940865e-01 5.856234261439025035e-01 5.787193402964279088e-01 6.198396490848230300e-01
5.695111029049951812e-01 5.782904801803895323e-01 6.107294290312004215e-01 5.896462294315446551e-01 5.829799739940001446e-01
5.209506741764805549e-01 5.525972026751473365e-01 5.503305503305503388e-01 5.431882968789473187e-01 5.575145359473180351e-01
5.599813650128115938e-01 5.164018648388076782e-01 5.099551925204519609e-01 5.706998811336241317e-01 5.430767444751959383e-01
4.735730764815452853e-01 4.931567812923745575e-01 3.813765955820530018e-01 4.787270861917651832e-01 4.755266035324010043e-01
2.441643082770739437e-01 3.027791770669046034e-01 2.989285310871213630e-01 2.973004787354238121e-01 2.114798680372450557e-01
