0.000000000000000000e+00 0.000000000000000000e+00 0.000000000000000000e+00 0.000000000000000000e+00 0.000000000000000000e+00
7.202320613678776517e-01 7.033886234191988329e-01 7.118202020173352018e-01 7.181309072864082710e-01 7.012775643225884759e-01
6.907027017626484744e-01 7.076069216419208496e-01 7.033886234191988329e-01 7.223320258409947625e-01 7.054984053844487457e-01
6.949366078203743635e-01 7.118202020173352018e-01 6.970515683139152374e-01 7.012775643225884759e-01 7.118202020173352018e-01
7.265284272177899849e-01 7.012775643225885869e-01 7.202320613678776517e-01 6.694501890025541524e-01 7.097141834726301557e-01
6.970515683139152374e-01 7.349074015744356814e-01 7.012775643225884759e-01 6.715818805046949169e-01 6.822186029581883693e-01
6.673170161175272508e-01 6.822186029581883693e-01 7.033886234191989439e-01 6.885837316953949960e-01 6.843416950292855461e-01
6.501965514792857892e-01 6.694501890025541524e-01 6.737121046856735518e-01 6.715818805046948059e-01 6.928203230275508107e-01
6.822186029581883693e-01 6.566284252824339251e-01 6.437501240560830063e-01 6.800941111346281431e-01 6.822186029581883693e-01
6.459005771444670252e-01 6.329725288053361654e-01 5.981779742592407967e-01 6.199813617270190091e-01 6.264850800741830206e-01
5.040141091499544812e-01 5.404524853202998802e-01 5.404524853202998802e-01 5.246086371975038354e-01 4.924532690745612173e-01
