0.000000000000000000e+00 0.000000000000000000e+00 0.000000000000000000e+00 0.000000000000000000e+00 0.000000000000000000e+00
4.541022127263262265e-01 4.219670125653914305e-01 4.386610939269788845e-01 4.501369207245355941e-01 4.182952083459995918e-01
3.986925587748720301e-01 4.282238768680955987e-01 4.219261293508669297e-01 4.581948170387921682e-01 4.263163591296402766e-01
4.058920787533765173e-01 4.383819164634980003e-01 4.101095611370845218e-01 4.183403275048259706e-01 4.369143992239112317e-01
4.667009917346493508e-01 4.183087425607588394e-01 4.550733246622276629e-01 3.582192362988565471e-01 4.347399605977519399e-01
4.128686271933450502e-01 4.839549075409435575e-01 4.206334182133953381e-01 3.642679969194562162e-01 3.854153599310935485e-01
3.569027804616959898e-01 3.869084073928255596e-01 4.259059573672156485e-01 3.958311867119526650e-01 3.898361306830003259e-01
3.299967619226603643e-01 3.669216670728018270e-01 3.718448908131081199e-01 3.659060647267508015e-01 4.161756378777791143e-01
3.971085180161197936e-01 3.538102774909260839e-01 3.249359763643790977e-01 3.877593911614771738e-01 3.987422087711776086e-01
3.291559241093710564e-01 3.193477772474097032e-01 2.610143560179145061e-01 2.864479729892610016e-01 3.045593378544059759e-01
1.145848557825389497e-01 1.959152993096312245e-01 1.955154717514437646e-01 1.781358589048968877e-01 1.055202861623719124e-01
