0.000000000000000000e+00 0.000000000000000000e+00 0.000000000000000000e+00 0.000000000000000000e+00 0.000000000000000000e+00
7.972843885909097761e-01 7.688003345217648832e-01 8.047110582740626405e-01 8.097794114183446412e-01 7.895114560544526094e-01
7.947615025601455496e-01 8.099059177993451764e-01 8.163319954465204642e-01 8.102869827702856576e-01 7.346514924848661643e-01
7.883890910358989368e-01 8.184397278649321317e-01 7.902127683668798142e-01 8.008329025030814785e-01 7.514847909564627004e-01
7.261232214776143223e-01 7.990598626454765707e-01 8.065992292827078858e-01 7.883890910358989368e-01 8.196080520003948822e-01
8.155460215052771078e-01 7.947110568038201484e-01 7.775952461206698807e-01 8.316035267711918699e-01 7.955064640408828769e-01
7.818097308015643510e-01 7.382219157821348077e-01 7.722087812018408881e-01 8.664745202972401472e-01 7.416002008157744907e-01
7.825524547654628682e-01 8.089261216591996373e-01 8.211227916073391420e-01 8.404896479360388639e-01 8.437608895102449713e-01
8.268090291103873390e-01 7.203016672245813323e-01 7.845882330343776356e-01 7.380433130131365260e-01 7.375901252506553707e-01
7.869209403374678446e-01 6.532327644115403231e-01 7.270400100538662036e-01 7.425352295991144436e-01 7.882842154544085211e-01
7.393187869164086212e-01 7.200667102025267718e-01 7.575944316042607651e-01 7.534869312856758983e-01 7.237173305221585862e-01
