0.000000000000000000e+00 0.000000000000000000e+00 0.000000000000000000e+00 0.000000000000000000e+00 0.000000000000000000e+00
9.465345222494289112e-01 9.637388493048533178e-01 9.637388493048533178e-01 9.637388493048533178e-01 9.465345222494289112e-01
9.637388493048533178e-01 9.637388493048533178e-01 9.465345222494289112e-01 9.637388493048533178e-01 9.637388493048533178e-01
9.637388493048533178e-01 9.248366013071895875e-01 9.442933254078124117e-01 9.637388493048533178e-01 9.637388493048533178e-01
9.637388493048533178e-01 9.637388493048533178e-01 9.267955267481673420e-01 9.637388493048533178e-01 9.637388493048533178e-01
9.465345222494289112e-01 9.637388493048533178e-01 9.637388493048533178e-01 9.442933254078124117e-01 9.442933254078124117e-01
9.049624731338903327e-01 9.248366013071895875e-01 8.466449749756377319e-01 9.053565001858749905e-01 9.637388493048533178e-01
9.442933254078124117e-01 9.442933254078124117e-01 8.110105395357665170e-01 8.858402678895954674e-01 9.637388493048533178e-01
9.267955267481673420e-01 9.442933254078124117e-01 9.442933254078124117e-01 8.858402678895954674e-01 9.442933254078124117e-01
9.624183006535947937e-01 7.527726527090810027e-01 7.527726527090810027e-01 9.465345222494289112e-01 7.723284457212328258e-01
5.580323219348602981e-01 8.858402678895954674e-01 7.287903225555751874e-01 6.519202405202648709e-01 7.330459206892024904e-01
