0.000000000000000000e+00 0.000000000000000000e+00 0.000000000000000000e+00 0.000000000000000000e+00 0.000000000000000000e+00
4.506666666666666599e-01 4.693333333333333246e-01 4.666666666666666741e-01 4.506666666666666599e-01 4.506666666666666599e-01
4.640000000000000235e-01 4.746666666666666812e-01 4.560000000000000164e-01 4.666666666666666741e-01 4.640000000000000235e-01
4.693333333333333246e-01 4.400000000000000022e-01 4.693333333333333246e-01 4.533333333333333104e-01 4.480000000000000093e-01
4.506666666666666599e-01 4.373333333333333517e-01 4.480000000000000093e-01 4.640000000000000235e-01 4.400000000000000022e-01
4.400000000000000022e-01 4.053333333333333233e-01 4.266666666666666941e-01 4.373333333333333517e-01 4.506666666666666599e-01
4.346666666666666456e-01 4.319999999999999951e-01 4.239999999999999880e-01 4.373333333333333517e-01 4.293333333333333446e-01
4.346666666666666456e-01 4.133333333333333304e-01 3.920000000000000151e-01 4.319999999999999951e-01 4.400000000000000022e-01
3.866666666666666585e-01 4.266666666666666941e-01 3.920000000000000151e-01 3.946666666666666656e-01 3.679999999999999938e-01
3.813333333333333575e-01 4.106666666666666798e-01 3.546666666666666856e-01 3.546666666666666856e-01 3.813333333333333575e-01
3.573333333333333361e-01 3.573333333333333361e-01 3.519999999999999796e-01 3.626666666666666927e-01 3.599999999999999867e-01
