0.000000000000000000e+00 0.000000000000000000e+00 0.000000000000000000e+00 0.000000000000000000e+00 0.000000000000000000e+00 0.000000000000000000e+00 0.000000000000000000e+00 0.000000000000000000e+00 0.000000000000000000e+00 0.000000000000000000e+00
7.079953279252468867e-01 6.959999999999999520e-01 6.919556416123922027e-01 7.119999999999999662e-01 6.999951999231986965e-01 7.119815668202764680e-01 7.159954559272948549e-01 6.919950719211507284e-01 6.999951999231986965e-01 7.039810547875063884e-01
6.879999999999999449e-01 6.919950719211507284e-01 6.919950719211507284e-01 6.959805427547363088e-01 6.999951999231986965e-01 7.079579459442160161e-01 6.839949439191026492e-01 7.199999999999999734e-01 7.159590981101278118e-01 6.997646154585195344e-01
7.199820788530465476e-01 6.999951999231986965e-01 6.999951999231986965e-01 6.919950719211507284e-01 7.039999999999999591e-01 7.039810547875063884e-01 7.039999999999999591e-01 7.039810547875063884e-01 6.799180590231098664e-01 6.879800307219662292e-01
7.079953279252468867e-01 7.079579459442160161e-01 6.999567937783039984e-01 7.079579459442160161e-01 6.999951999231986965e-01 7.078831532613045763e-01 7.158863545418168162e-01 6.999951999231986965e-01 7.039999999999999591e-01 6.839544894464801850e-01
6.919950719211507284e-01 6.999951999231986965e-01 7.119815668202764680e-01 7.039810547875063884e-01 7.079953279252468867e-01 7.279303501696433587e-01 7.079579459442160161e-01 6.839544894464801850e-01 7.159590981101278118e-01 7.199820788530465476e-01
7.199283016452211470e-01 6.999567937783039984e-01 7.079579459442160161e-01 7.039810547875063884e-01 7.198386270491803351e-01 7.159590981101278118e-01 6.999567937783039984e-01 7.159590981101278118e-01 7.119262531207989353e-01 7.079579459442160161e-01
7.039810547875063884e-01 7.237834462218378784e-01 7.079953279252468867e-01 6.999951999231986965e-01 7.159590981101278118e-01 7.079953279252468867e-01 6.798155737704918433e-01 7.157771693007317637e-01 7.079953279252468867e-01 7.198386270491803351e-01
7.199820788530465476e-01 7.119815668202764680e-01 6.998799519807923364e-01 6.879999999999999449e-01 7.157771693007317637e-01 7.118340163934425702e-01 7.119999999999999662e-01 7.039242045963766126e-01 7.039810547875063884e-01 7.119815668202764680e-01
7.119999999999999662e-01 7.039810547875063884e-01 7.078831532613045763e-01 7.079953279252468867e-01 6.919556416123922027e-01 7.199820788530465476e-01 7.279825908858166272e-01 7.039999999999999591e-01 7.079953279252468867e-01 6.959999999999999520e-01
7.039242045963766126e-01 6.999567937783039984e-01 6.959805427547363088e-01 7.077708923796256490e-01 6.959221560719544009e-01 7.119999999999999662e-01 7.119999999999999662e-01 7.158863545418168162e-01 7.039810547875063884e-01 7.078831532613045763e-01
6.959221560719544009e-01 7.159590981101278118e-01 6.879800307219662292e-01 6.999567937783039984e-01 7.079579459442160161e-01 7.079953279252468867e-01 7.119815668202764680e-01 7.157771693007317637e-01 6.999951999231986965e-01 7.039810547875063884e-01
7.159590981101278118e-01 6.839544894464801850e-01 7.199820788530465476e-01 7.199283016452211470e-01 7.119815668202764680e-01 7.198386270491803351e-01 6.959805427547363088e-01 7.118340163934425702e-01 7.158863545418168162e-01 7.039810547875063884e-01
7.119262531207989353e-01 7.158863545418168162e-01 6.839544894464801850e-01 7.039999999999999591e-01 7.199283016452211470e-01 7.157771693007317637e-01 6.919950719211507284e-01 7.077708923796256490e-01 7.158863545418168162e-01 7.199820788530465476e-01
7.079579459442160161e-01 7.239602502760398295e-01 7.198386270491803351e-01 7.197129860977640181e-01 7.078831532613045763e-01 7.079579459442160161e-01 6.959221560719544009e-01 7.197129860977640181e-01 7.236418398244124361e-01 7.159954559272948549e-01
7.156314583700476017e-01 7.197129860977640181e-01 7.157771693007317637e-01 6.999567937783039984e-01 7.039810547875063884e-01 7.157771693007317637e-01 6.999567937783039984e-01 7.157771693007317637e-01 7.158863545418168162e-01 7.038294057377049162e-01
7.157771693007317637e-01 7.036965853033505525e-01 7.077708923796256490e-01 7.076210769156827673e-01 7.236418398244124361e-01 6.998799519807923364e-01 7.158863545418168162e-01 6.959999999999999520e-01 7.038294057377049162e-01 7.238895558223289450e-01
7.077708923796256490e-01 7.157771693007317637e-01 6.998799519807923364e-01 7.038294057377049162e-01 7.271443246019518858e-01 7.079579459442160161e-01 7.118340163934425702e-01 7.159590981101278118e-01 7.036965853033505525e-01 7.275641025641026438e-01
6.757457846952009684e-01 7.197129860977640181e-01 7.197129860977640181e-01 7.273718647764448875e-01 6.998799519807923364e-01 7.397960000640502187e-01 7.077708923796256490e-01 6.999951999231986965e-01 7.074335914330143193e-01 6.872794919494515931e-01
7.118340163934425702e-01 7.279825908858166272e-01 7.275641025641026438e-01 7.157771693007317637e-01 7.159590981101278118e-01 6.999951999231986965e-01 7.236418398244124361e-01 7.118340163934425702e-01 7.195512820512821595e-01 7.236418398244124361e-01
7.156314583700476017e-01 7.197129860977640181e-01 7.076210769156827673e-01 7.275641025641026438e-01 6.959805427547363088e-01 7.392950538255442794e-01 7.355769230769231282e-01 6.997646154585195344e-01 7.197129860977640181e-01 6.916003140069530986e-01
7.232516725225008880e-01 7.117047857005573963e-01 7.275641025641026438e-01 6.916003140069530986e-01 7.198386270491803351e-01 6.959805427547363088e-01 7.195512820512821595e-01 7.234646275188765241e-01 7.157771693007317637e-01 7.118340163934425702e-01
7.118340163934425702e-01 7.157771693007317637e-01 7.078831532613045763e-01 7.193533902110463840e-01 7.277211864949708620e-01 7.198386270491803351e-01 6.999567937783039984e-01 7.079579459442160161e-01 6.918767507002800965e-01 7.115384615384615641e-01
7.074335914330143193e-01 6.817544594659920021e-01 7.236418398244124361e-01 7.191191576784797812e-01 7.275641025641026438e-01 7.195512820512821595e-01 7.236418398244124361e-01 7.039242045963766126e-01 7.355769230769231282e-01 7.156314583700476017e-01
7.157771693007317637e-01 7.036965853033505525e-01 6.952979665148502075e-01 6.916003140069530986e-01 7.355769230769231282e-01 6.876801845089371978e-01 7.353903393418435019e-01 7.117047857005573963e-01 6.982571332013711718e-01 7.236418398244124361e-01
7.277211864949708620e-01 7.156314583700476017e-01 7.353903393418435019e-01 7.113349156456476585e-01 7.152299818709790813e-01 7.236418398244124361e-01 7.273718647764448875e-01 6.950436569080636895e-01 6.950436569080636895e-01 7.113349156456476585e-01
7.237834462218378784e-01 7.197129860977640181e-01 7.036965853033505525e-01 7.275641025641026438e-01 7.278432377049179891e-01 7.117047857005573963e-01 7.072082912194574966e-01 7.020933977455716679e-01 6.998799519807923364e-01 7.108155002891844987e-01
7.236418398244124361e-01 7.157771693007317637e-01 7.115384615384615641e-01 7.115384615384615641e-01 7.236418398244124361e-01 6.955128205128204844e-01 7.156314583700476017e-01 7.154491094759454217e-01 7.191191576784797812e-01 7.273718647764448875e-01
7.108155002891844987e-01 7.195512820512821595e-01 7.390606182256123091e-01 7.275641025641026438e-01 7.271443246019518858e-01 7.275641025641026438e-01 6.996106954613179330e-01 7.277211864949708620e-01 7.033164410802489330e-01 7.110939907550077876e-01
7.156314583700476017e-01 7.227178473260356117e-01 7.314801455618076265e-01 7.312733631740226947e-01 7.310317141710156452e-01 7.117047857005573963e-01 7.030688238315356831e-01 7.149739060618225395e-01 7.232516725225008880e-01 7.154491094759454217e-01
7.072082912194574966e-01 7.273718647764448875e-01 7.069450020072259866e-01 7.178147574819401244e-01 6.989160979526294337e-01 7.193533902110463840e-01 7.195512820512821595e-01 7.353903393418435019e-01 7.230028101164190923e-01 7.101449275362319291e-01
7.117047857005573963e-01 7.234646275188765241e-01 6.950436569080636895e-01 7.426659804426145595e-01 7.353903393418435019e-01 7.314801455618076265e-01 7.146806834804133590e-01 7.429471113681640482e-01 7.277211864949708620e-01 7.265826042202778723e-01
7.230028101164190923e-01 7.262479871175523405e-01 7.262479871175523405e-01 7.143500860972979982e-01 7.271443246019518858e-01 7.198386270491803351e-01 7.275641025641026438e-01 7.349142085984192718e-01 7.312733631740226947e-01 7.223965625452615225e-01
7.104992279979412961e-01 6.640818507066421628e-01 6.952979665148502075e-01 7.232516725225008880e-01 7.265826042202778723e-01 7.232516725225008880e-01 7.381524033580947330e-01 7.178147574819401244e-01 7.035256410256409687e-01 7.349142085984192718e-01
7.346242923314461049e-01 7.230028101164190923e-01 6.952979665148502075e-01 6.950436569080636895e-01 7.139818559757649119e-01 7.230028101164190923e-01 6.950436569080636895e-01 7.191191576784797812e-01 7.195512820512821595e-01 6.911649099164139942e-01
7.232516725225008880e-01 7.115384615384615641e-01 7.152299818709790813e-01 7.104992279979412961e-01 7.304430389932248247e-01 7.104992279979412961e-01 7.265826042202778723e-01 7.265826042202778723e-01 7.304430389932248247e-01 7.152299818709790813e-01
7.307550111716578645e-01 7.220387051032082226e-01 7.097523219814241280e-01 7.066435196347913283e-01 6.863741636644364874e-01 7.110939907550077876e-01 7.193533902110463840e-01 7.108155002891844987e-01 6.867167919799499476e-01 7.113349156456476585e-01
7.232516725225008880e-01 7.262479871175523405e-01 7.185409161091096397e-01 7.273718647764448875e-01 7.185409161091096397e-01 7.027825975194396113e-01 7.304430389932248247e-01 7.027825975194396113e-01 7.069450020072259866e-01 6.850978618952264787e-01
7.216439947717481207e-01 7.304430389932248247e-01 7.146806834804133590e-01 6.678333009268260234e-01 7.458488647915959557e-01 7.381524033580947330e-01 7.097523219814241280e-01 7.342995169082124907e-01 7.258771929824561209e-01 7.265826042202778723e-01
6.898113085934352018e-01 7.066435196347913283e-01 7.126483301225494671e-01 7.342995169082124907e-01 7.115384615384615641e-01 7.101449275362319291e-01 7.304430389932248247e-01 7.131313131313130604e-01 7.369315698305030082e-01 7.149739060618225395e-01
7.416187584781345210e-01 7.173955170854595664e-01 7.335443446805762768e-01 7.012466894903429671e-01 7.108155002891844987e-01 7.509800141379088245e-01 6.855650154798761386e-01 7.016898864809082426e-01 7.063036096493345850e-01 6.940418679549114067e-01
6.813025447386680256e-01 6.870184899845916959e-01 6.921381813468143740e-01 6.732342547320521176e-01 6.986063557891691866e-01 6.921381813468143740e-01 7.227178473260356117e-01 7.381524033580947330e-01 7.121263724679283147e-01 6.651659647254359875e-01
6.974391247519000636e-01 7.135757047651321017e-01 7.149739060618225395e-01 7.115650238060415855e-01 7.304430389932248247e-01 6.855650154798761386e-01 7.093211032879014333e-01 7.101449275362319291e-01 7.143500860972979982e-01 7.377805747849801588e-01
7.202354887364375013e-01 7.027825975194396113e-01 7.126483301225494671e-01 6.850978618952264787e-01 7.185409161091096397e-01 6.883650904145959259e-01 7.002398081534771945e-01 6.969696969696967948e-01 7.188484030589293861e-01 7.185409161091096397e-01
7.412008281573498891e-01 7.300955542306514223e-01 7.178147574819401244e-01 7.590129169076536009e-01 6.964595036505804027e-01 7.377805747849801588e-01 7.104992279979412961e-01 6.940418679549114067e-01 7.434088139072423385e-01 7.173955170854595664e-01
7.416187584781345210e-01 6.940418679549114067e-01 7.212121212121211933e-01 7.202354887364375013e-01 7.462092524855379327e-01 6.883650904145959259e-01 7.040172561994193501e-01 7.258771929824561209e-01 7.108155002891844987e-01 7.262479871175523405e-01
7.220387051032082226e-01 7.131313131313130604e-01 6.770234480976682345e-01 7.207427433585339438e-01 7.496931722756927652e-01 7.339396284829722283e-01 7.059250068483218232e-01 7.339396284829722283e-01 7.288371565945184205e-01 7.202354887364375013e-01
7.202354887364375013e-01 7.143500860972979982e-01 7.173955170854595664e-01 7.126483301225494671e-01 6.909363003448500962e-01 7.181964573268921903e-01 7.290640394088669929e-01 7.407479421867910752e-01 7.164430617668027246e-01 7.339396284829722283e-01
6.753246753246753276e-01 7.254699308830179216e-01 7.288371565945184205e-01 7.262479871175523405e-01 6.542413066385669440e-01 6.905691919435469339e-01 7.159090909090909394e-01 7.012466894903429671e-01 7.028219700053737196e-01 6.959081399309103855e-01
7.131313131313130604e-01 6.753246753246753276e-01 7.212121212121211933e-01 6.752659530738749361e-01 7.097523219814241280e-01 7.262479871175523405e-01 6.834415584415585165e-01 6.796899073938922342e-01 7.045539168865648794e-01 6.888888888888888840e-01
6.984220135628586013e-01 7.045539168865648794e-01 6.946801061699043878e-01 6.969696969696967948e-01 7.121263724679283147e-01 7.045539168865648794e-01 7.002398081534771945e-01 6.999292984100362602e-01 6.707060063224447033e-01 6.940024479804162150e-01
6.851024848276651147e-01 6.828030450907671689e-01 7.034400948991695879e-01 6.915584415584414835e-01 7.147235263432447638e-01 7.300955542306514223e-01 7.159090909090909394e-01 6.969696969696967948e-01 7.207427433585339438e-01 7.126483301225494671e-01
7.135757047651321017e-01 6.560534591194968623e-01 6.724318658280923344e-01 7.220387051032082226e-01 7.292929292929293261e-01 7.173955170854595664e-01 7.402597402597402843e-01 6.826103444296054423e-01 6.940024479804162150e-01 7.077922077922078614e-01
7.184822521419829133e-01 7.258771929824561209e-01 7.083414349601400151e-01 7.335443446805762768e-01 7.288371565945184205e-01 7.234693213611815832e-01 6.670448379618212353e-01 7.103223174214605695e-01 6.865382423344352780e-01 6.828030450907671689e-01
6.977321743676883070e-01 6.633825944170771427e-01 6.908542315872781003e-01 6.880131362889982949e-01 7.147235263432447638e-01 7.077922077922078614e-01 7.088509316770186253e-01 6.333333333333333037e-01 6.796899073938922342e-01 6.925170960494595462e-01
6.932816410659076167e-01 6.615150914734826415e-01 6.862822799022521014e-01 6.902712571726656865e-01 7.407479421867910752e-01 7.407479421867910752e-01 6.806210691823899595e-01 6.888102725366875845e-01 7.391757955138236191e-01 6.460089567966280644e-01
7.140709757532187618e-01 6.780265504259956888e-01 7.007634575569359203e-01 6.843175519441119237e-01 6.658189880020866092e-01 6.506026077377136119e-01 6.392496392496391788e-01 6.977321743676883070e-01 6.670448379618212353e-01 7.109638338408428293e-01
6.760582098478304935e-01 6.488059401966687068e-01 6.798029556650246885e-01 6.223818474758324726e-01 6.925170960494595462e-01 6.925170960494595462e-01 6.687441723511803326e-01 7.207427433585339438e-01 7.272475615117812708e-01 6.982224059528731042e-01
7.234693213611815832e-01 6.532593619972260068e-01 7.147235263432447638e-01 6.895627736749232461e-01 6.843175519441119237e-01 6.403472509301364468e-01 6.871707060063223516e-01 6.954030558482613422e-01 6.769233285894227237e-01 6.041371875210564957e-01
7.007166401548073909e-01 6.568830095080611109e-01 6.798029556650246885e-01 6.871707060063223516e-01 6.940024479804162150e-01 6.871707060063223516e-01 6.969994758909853205e-01 5.686046710290273420e-01 7.331133540372671842e-01 7.028219700053737196e-01
7.103223174214605695e-01 6.633825944170771427e-01 6.356234608232397276e-01 7.064902852418355472e-01 6.450036325209695942e-01 6.026109307359307499e-01 6.558358627324144541e-01 6.497949401697862282e-01 6.940024479804162150e-01 6.697708209497391652e-01
6.568830095080611109e-01 6.798029556650246885e-01 6.523764051532057184e-01 6.238114923522115607e-01 6.738912301826209816e-01 6.798029556650246885e-01 6.789383561643835829e-01 7.064902852418355472e-01 6.834870681859288588e-01 6.542413066385669440e-01
6.560534591194968623e-01 6.356234608232397276e-01 6.145309137735306404e-01 6.195211038961039307e-01 6.880131362889982949e-01 6.201939932219235896e-01 6.853471118177001387e-01 6.619309170436902257e-01 6.940024479804162150e-01 6.249318057828696649e-01
6.076015594673507270e-01 6.843644095953218542e-01 6.413562640292991279e-01 6.724220862151896183e-01 6.902712571726656865e-01 6.594458103528473281e-01 7.073420059026231943e-01 5.992139421833790891e-01 6.439999329882226675e-01 6.391648764769064517e-01
7.064902852418355472e-01 6.789383561643835829e-01 6.796951696367660167e-01 5.495968235643945432e-01 6.349745331069610588e-01 6.233048719236564672e-01 7.096399535423925098e-01 6.237206502107164319e-01 6.925170960494595462e-01 6.843175519441119237e-01
7.103223174214605695e-01 6.760582098478304935e-01 6.166666666666666963e-01 6.738912301826209816e-01 6.724220862151896183e-01 7.019077901430843536e-01 6.989765201685731455e-01 6.641289744738020362e-01 5.992139421833790891e-01 6.890083096979648936e-01
6.230027618224638353e-01 6.279761904761904656e-01 5.907242071863765265e-01 6.061913567563864680e-01 6.279761904761904656e-01 6.655294668539701863e-01 6.413562640292991279e-01 6.916666666666666519e-01 6.661225701142603484e-01 6.369445251234389094e-01
6.174863387978142271e-01 6.059855556902613571e-01 6.953204561011034901e-01 6.687864334923158127e-01 6.655294668539701863e-01 5.856896345526301229e-01 6.179966044142614079e-01 6.428334108578643846e-01 6.571677035253193910e-01 6.769233285894227237e-01
5.958310401761144348e-01 6.297775337360023151e-01 6.450036325209695942e-01 6.369445251234389094e-01 5.976302992945687897e-01 6.343001261034046934e-01 6.294050266154571638e-01 6.926706093428134370e-01 5.924495924495924992e-01 7.245926437461978065e-01
6.702783018080435973e-01 5.592694450320851995e-01 6.546728657098578319e-01 6.349745331069610588e-01 6.953204561011034901e-01 5.550980528997139229e-01 6.713755636533053073e-01 5.853203400373211407e-01 6.469827659538269771e-01 6.329175878888120277e-01
6.416666666666666075e-01 5.536582347846070729e-01 6.833333333333333481e-01 7.083333333333333703e-01 6.826103444296054423e-01 6.547363516863841104e-01 5.942321163144315133e-01 6.833333333333333481e-01 6.617965367965368273e-01 5.667095667095666256e-01
6.113170798380345161e-01 6.294050266154571638e-01 6.497949401697862282e-01 6.666666666666667407e-01 6.356234608232397276e-01 6.715180917727916476e-01 6.724220862151896183e-01 6.746798164509280049e-01 5.958310401761144348e-01 6.568901540181975029e-01
6.233134716800219355e-01 6.334560829241679958e-01 6.675531914893617635e-01 6.484183059692640860e-01 5.680840561314434156e-01 6.130297193175564541e-01 5.822855310458894262e-01 6.880147756202266152e-01 6.343001261034046934e-01 6.497949401697862282e-01
6.195211038961039307e-01 6.462502526783908685e-01 6.020709800423290625e-01 6.497949401697862282e-01 6.233134716800219355e-01 5.251017639077341093e-01 5.976302992945687897e-01 6.646257567418822898e-01 6.571677035253193910e-01 5.549441657226089619e-01
6.786256865723969689e-01 6.006944444444444198e-01 7.064902852418355472e-01 6.181896181896182618e-01 5.626872651067735820e-01 5.933252872960066426e-01 5.480005672149745877e-01 5.800065813401685810e-01 6.164520521969971689e-01 5.912087912087912178e-01
6.484183059692640860e-01 5.365418894830660257e-01 5.867327894203593353e-01 5.768986672308017427e-01 6.129570084554007980e-01 5.886662394568661361e-01 6.214692215318748936e-01 6.145309137735306404e-01 6.484183059692640860e-01 5.793758480325643667e-01
6.198595615998359065e-01 4.661194778184248877e-01 6.027745980762331257e-01 4.915626889462980098e-01 5.626872651067735820e-01 5.953636506030387521e-01 5.791245791245791530e-01 6.025986592024327182e-01 6.484183059692640860e-01 6.127673645555962167e-01
5.912087912087912178e-01 5.857132783301601808e-01 6.318745291418396137e-01 5.568633011911514608e-01 5.697074010327022320e-01 5.098039215686274161e-01 5.240110006346518912e-01 6.108166727886515934e-01 5.845795945496843338e-01 5.768986672308017427e-01
5.341474445952056893e-01 6.216290588882773527e-01 5.522388059701492935e-01 4.961481230340358817e-01 5.659722222222222099e-01 6.399464579203307801e-01 5.311136283448775197e-01 6.044303797468354444e-01 4.761904761904762751e-01 6.059855556902613571e-01
5.583425163107169631e-01 5.248852553069420779e-01 5.624966855809514499e-01 5.648351648351648269e-01 6.579435043904466873e-01 5.923142370958593972e-01 5.867327894203593353e-01 6.319645300403540222e-01 5.404411764705880916e-01 6.130297193175564541e-01
5.834515031196824131e-01 5.465985639203494451e-01 4.717157550257129461e-01 5.403324170322769682e-01 4.948207751542844646e-01 6.198595615998359065e-01 5.909082735430042366e-01 6.760774686306600945e-01 5.251017639077341093e-01 6.711144521706446930e-01
4.846892351116970921e-01 5.149837072196794541e-01 5.536582347846070729e-01 6.209717227275932672e-01 6.121571116282349401e-01 5.778453225261735993e-01 5.845795945496843338e-01 5.648509499990838068e-01 5.953636506030387521e-01 4.979647218453188695e-01
5.978504887663289580e-01 5.341383422778771539e-01 4.974086574816946049e-01 5.912087912087912178e-01 5.251017639077341093e-01 5.680840561314434156e-01 6.248865936213272576e-01 6.112378187849885069e-01 5.495968235643945432e-01 6.568901540181975029e-01
5.061866428145498364e-01 5.612844866576209846e-01 5.066305169774433237e-01 5.312300886566783120e-01 5.307388405227122519e-01 5.095862017913982411e-01 5.632798573975044132e-01 4.766161184030875964e-01 5.671307986436764370e-01 5.342976112206881956e-01
4.693971204038318024e-01 4.639366970910263621e-01 4.852941176470588758e-01 4.782349433512223524e-01 5.190457868410927045e-01 5.465288847358873436e-01 5.511829218436161693e-01 5.786718301778542850e-01 4.530154277699859899e-01 5.365418894830660257e-01
5.624966855809514499e-01 5.858440589102693608e-01 4.625307125307125400e-01 5.644599303135888757e-01 4.661194778184248877e-01 5.279710848573124782e-01 6.533414502164502924e-01 4.582462657689033159e-01 5.373678521042892786e-01 5.061866428145498364e-01
4.517543859649122417e-01 5.624966855809514499e-01 5.371669004207573206e-01 5.612844866576209846e-01 6.121571116282349401e-01 4.502762959138797982e-01 5.282068194726909915e-01 4.241400491400492134e-01 4.122760228372744917e-01 5.729262196328064327e-01
5.525604499963474581e-01 4.852941176470588758e-01 5.543672014260250247e-01 4.846892351116970921e-01 4.529330466830466806e-01 4.666666666666666186e-01 5.280923828558738986e-01 6.454906409529211908e-01 5.047619047619047450e-01 5.026649650927107471e-01
4.598367081588558003e-01 4.881867979859458861e-01 4.423018753781004508e-01 5.155038759689921646e-01 5.342960954646894800e-01 4.555896012796052941e-01 5.018880813677677466e-01 4.885179448937838065e-01 5.713351363772958269e-01 5.221277602810798779e-01
5.066305169774433237e-01 4.517868784448527131e-01 4.652251835578423700e-01 5.403324170322769682e-01 4.463628856692440916e-01 5.130221484741360749e-01 4.932812851887996564e-01 4.040885585003232139e-01 4.172494172494172759e-01 5.184665731650304199e-01
5.076387693837358661e-01 4.466317995729760515e-01 4.679204395944586148e-01 4.343008739076154590e-01 4.582462657689033159e-01 4.775946134200139692e-01 5.091164095371668585e-01 4.221537367391691720e-01 4.098670233692658926e-01 4.270435446906035160e-01
3.905062383479133148e-01 4.639366970910263621e-01 5.084694494857834313e-01 5.558516544525872183e-01 4.538077403245941999e-01 4.844963481143165218e-01 5.308160048044441304e-01 4.393736722008025897e-01 4.218897669461704192e-01 4.320314506410636302e-01
4.571428571428571286e-01 5.018880813677677466e-01 4.598367081588558003e-01 4.221537367391691720e-01 4.734245431602117637e-01 4.773125388483923093e-01 4.652251835578423700e-01 4.444444444444444753e-01 4.846892351116970921e-01 4.706594071385359346e-01
4.952380952380952550e-01 4.635611735330836813e-01 5.371669004207573206e-01 4.590447714218270359e-01 4.017815849269067430e-01 3.883043797406410258e-01 4.485720919433480725e-01 4.775946134200139692e-01 4.388979181177927735e-01 4.679204395944586148e-01
4.517543859649122417e-01 5.003331112591605789e-01 4.725738396624471482e-01 4.706594071385359346e-01 5.214323249005330396e-01 4.444444444444444753e-01 5.142857142857142350e-01 4.380952380952380931e-01 4.266828544448941218e-01 5.032589924049692964e-01
4.555896012796052941e-01 4.433353808353808767e-01 4.194891504523980963e-01 4.170868291516370840e-01 4.941319303925536532e-01 3.939883645765999143e-01 4.895644283121597384e-01 4.625307125307125400e-01 4.345238095238095344e-01 4.789575326488078044e-01
4.706594071385359346e-01 4.141887524240465690e-01 4.775946134200139692e-01 4.990169388989715848e-01 3.759512937595129722e-01 4.370154845652564068e-01 4.511898980087421518e-01 4.393736722008025897e-01 4.040885585003232139e-01 4.529330466830466806e-01
4.170868291516370840e-01 4.170868291516370840e-01 4.492092218113147850e-01 4.197025729797780880e-01 4.844963481143165218e-01 4.466317995729760515e-01 4.194891504523980963e-01 4.220495386109761604e-01 4.170868291516370840e-01 3.883043797406410258e-01
4.517868784448527131e-01 4.118356759365385811e-01 3.994715349507566571e-01 4.118356759365385811e-01 4.040885585003232139e-01 4.246031746031745380e-01 4.194891504523980963e-01 4.094803427015774600e-01 4.345238095238095344e-01 4.370154845652564068e-01
4.440543071161049404e-01 4.146825396825396526e-01 3.984993067449636439e-01 3.984993067449636439e-01 3.939883645765999143e-01 4.094803427015774600e-01 3.962455606291222510e-01 4.141887524240465690e-01 3.860984271943176394e-01 4.775946134200139692e-01
4.294979582032188437e-01 3.883043797406410258e-01 4.867303309412140955e-01 4.246031746031745380e-01 4.444444444444444753e-01 3.470402641091540064e-01 4.071225014448275337e-01 4.688803210323392867e-01 4.063926940639269736e-01 4.007498309807215331e-01
4.218897669461704192e-01 4.939741137583331665e-01 4.218897669461704192e-01 4.218897669461704192e-01 3.984993067449636439e-01 3.905062383479133148e-01 4.544488510218410160e-01 3.905062383479133148e-01 3.883043797406410258e-01 3.860984271943176394e-01
3.860984271943176394e-01 4.141887524240465690e-01 3.824110671936759576e-01 4.345238095238095344e-01 3.883043797406410258e-01 3.905062383479133148e-01 4.040885585003232139e-01 3.905062383479133148e-01 3.905062383479133148e-01 3.927042160737813092e-01
3.742112993649021058e-01 4.218897669461704192e-01 3.860984271943176394e-01 3.948412698412697708e-01 4.419091645429582549e-01 3.638676844783714781e-01 4.007498309807215331e-01 3.721179183135705504e-01 4.270511568584468010e-01 4.543650793650793052e-01
4.063926940639269736e-01 3.802626457151052075e-01 3.824110671936759576e-01 4.063926940639269736e-01 3.883043797406410258e-01 3.802626457151052075e-01 4.165398274987315852e-01 4.218897669461704192e-01 3.962455606291222510e-01 3.984993067449636439e-01
3.679349756576610342e-01 4.007498309807215331e-01 4.172494172494172759e-01 3.984993067449636439e-01 3.824110671936759576e-01 4.094803427015774600e-01 3.700190530822970447e-01 3.802626457151052075e-01 3.984993067449636439e-01 4.040885585003232139e-01
3.594590053763440651e-01 3.679349756576610342e-01 3.927042160737813092e-01 3.927042160737813092e-01 3.333333333333333148e-01 3.927042160737813092e-01 3.555093555093555291e-01 3.802626457151052075e-01 3.679349756576610342e-01 3.927042160737813092e-01
3.927042160737813092e-01 3.802626457151052075e-01 3.762993762993763758e-01 3.403136940322137871e-01 3.333333333333333148e-01 3.333333333333333148e-01 4.165398274987315852e-01 3.659043659043659247e-01 3.781094527363184077e-01 3.838881706528765592e-01
3.421611068669891953e-01 3.962455606291222510e-01 3.421611068669891953e-01 4.242889463477698686e-01 3.845549142514326224e-01 3.333333333333333148e-01 3.508686749276983541e-01 3.574876198834074925e-01 3.905062383479133148e-01 4.017815849269067430e-01
3.845549142514326224e-01 3.574876198834074925e-01 3.742112993649021058e-01 3.451143451143451335e-01 4.165398274987315852e-01 3.927042160737813092e-01 3.762993762993763758e-01 3.508686749276983541e-01 3.984993067449636439e-01 3.384576612903225645e-01
3.333333333333333148e-01 3.333333333333333148e-01 3.508686749276983541e-01 3.824110671936759576e-01 3.845549142514326224e-01 3.824110671936759576e-01 3.845549142514326224e-01 3.927042160737813092e-01 3.279569892473118142e-01 3.845549142514326224e-01
3.333333333333333148e-01 3.762993762993763758e-01 3.762993762993763758e-01 3.333333333333333148e-01 3.333333333333333148e-01 3.679349756576610342e-01 3.824110671936759576e-01 3.333333333333333148e-01 3.315508021390374260e-01 3.315508021390374260e-01
3.333333333333333148e-01 3.315508021390374260e-01 3.421611068669891953e-01 3.333333333333333148e-01 3.333333333333333148e-01 3.762993762993763758e-01 3.333333333333333148e-01 3.279569892473118142e-01 3.421611068669891953e-01 3.802626457151052075e-01
3.762993762993763758e-01 3.333333333333333148e-01 3.984993067449636439e-01 3.297587131367291646e-01 3.845549142514326224e-01 3.845549142514326224e-01 3.824110671936759576e-01 3.333333333333333148e-01 3.421611068669891953e-01 3.333333333333333148e-01
3.333333333333333148e-01 3.333333333333333148e-01 3.594590053763440651e-01 3.802626457151052075e-01 3.333333333333333148e-01 3.508686749276983541e-01 3.742112993649021058e-01 3.421611068669891953e-01 3.333333333333333148e-01 3.333333333333333148e-01
3.403136940322137871e-01 3.315508021390374260e-01 3.508686749276983541e-01 3.824110671936759576e-01 3.333333333333333148e-01 3.845549142514326224e-01 3.679349756576610342e-01 3.333333333333333148e-01 3.333333333333333148e-01 3.333333333333333148e-01
3.845549142514326224e-01 3.762993762993763758e-01 3.333333333333333148e-01 3.333333333333333148e-01 3.333333333333333148e-01 3.333333333333333148e-01 3.333333333333333148e-01 3.845549142514326224e-01 3.905062383479133148e-01 3.333333333333333148e-01
3.333333333333333148e-01 3.421611068669891953e-01 3.333333333333333148e-01 3.333333333333333148e-01 3.333333333333333148e-01 3.333333333333333148e-01 3.679349756576610342e-01 3.333333333333333148e-01 3.333333333333333148e-01 3.508686749276983541e-01
3.333333333333333148e-01 3.594590053763440651e-01 3.333333333333333148e-01 3.762993762993763758e-01 3.845549142514326224e-01 3.333333333333333148e-01 3.421611068669891953e-01 3.421611068669891953e-01 3.333333333333333148e-01 3.333333333333333148e-01
3.421611068669891953e-01 3.333333333333333148e-01 3.333333333333333148e-01 3.333333333333333148e-01 3.333333333333333148e-01 3.333333333333333148e-01 3.333333333333333148e-01 3.333333333333333148e-01 3.333333333333333148e-01 3.333333333333333148e-01
3.333333333333333148e-01 3.679349756576610342e-01 3.333333333333333148e-01 3.333333333333333148e-01 3.421611068669891953e-01 3.333333333333333148e-01 3.333333333333333148e-01 3.333333333333333148e-01 3.333333333333333148e-01 3.421611068669891953e-01
3.333333333333333148e-01 3.333333333333333148e-01 3.333333333333333148e-01 3.333333333333333148e-01 3.333333333333333148e-01 3.333333333333333148e-01 3.333333333333333148e-01 3.333333333333333148e-01 3.333333333333333148e-01 3.845549142514326224e-01
3.333333333333333148e-01 3.333333333333333148e-01 3.421611068669891953e-01 3.333333333333333148e-01 3.333333333333333148e-01 3.333333333333333148e-01 3.333333333333333148e-01 3.333333333333333148e-01 3.333333333333333148e-01 3.333333333333333148e-01
3.333333333333333148e-01 3.333333333333333148e-01 3.333333333333333148e-01 3.333333333333333148e-01 3.594590053763440651e-01 3.333333333333333148e-01 3.333333333333333148e-01 3.333333333333333148e-01 3.333333333333333148e-01 3.333333333333333148e-01
3.333333333333333148e-01 3.333333333333333148e-01 3.333333333333333148e-01 3.333333333333333148e-01 3.333333333333333148e-01 3.333333333333333148e-01 3.333333333333333148e-01 3.679349756576610342e-01 3.333333333333333148e-01 3.333333333333333148e-01
