0.000000000000000000e+00 0.000000000000000000e+00 0.000000000000000000e+00 0.000000000000000000e+00 0.000000000000000000e+00 0.000000000000000000e+00 0.000000000000000000e+00 0.000000000000000000e+00 0.000000000000000000e+00 0.000000000000000000e+00
3.920000000000000151e-01 3.920501856358477033e-01 4.000128006144327841e-01 4.079999999999999738e-01 3.920501856358477033e-01 3.760481372425477642e-01 4.000128006144327841e-01 4.240542824224474705e-01 3.680117765652781148e-01 4.082090565691528505e-01
4.163331998932265354e-01 3.760481372425477642e-01 4.160133126390100911e-01 3.761926599754938372e-01 4.000128006144327841e-01 4.240542824224474705e-01 4.242172548659823850e-01 4.160133126390100911e-01 4.320138246635873980e-01 3.920501856358477033e-01
3.841106397986879251e-01 4.000128006144327841e-01 3.920501856358477033e-01 4.160133126390100911e-01 4.480143366881647049e-01 4.400563308157474096e-01 4.000128006144327841e-01 4.323460152737352291e-01 3.841106397986879251e-01 4.161198597819119049e-01
4.244892936619710233e-01 3.920501856358477033e-01 3.920000000000000151e-01 3.680117765652781148e-01 4.239999999999999880e-01 4.163331998932265354e-01 4.160133126390100911e-01 3.760481372425477642e-01 4.080522340291475869e-01 4.161198597819119049e-01
3.920501856358477033e-01 4.079999999999999738e-01 4.160133126390100911e-01 4.160133126390100911e-01 3.841106397986879251e-01 4.080522340291475869e-01 4.000128006144327841e-01 3.682947537517003989e-01 4.480143366881647049e-01 4.320138246635873980e-01
4.079999999999999738e-01 4.480143366881647049e-01 4.321244697735239226e-01 4.080522340291475869e-01 4.161198597819119049e-01 4.079999999999999738e-01 4.160133126390100911e-01 4.402254531628119194e-01 4.240542824224474705e-01 3.840122885898554217e-01
4.160133126390100911e-01 4.400563308157474096e-01 4.079999999999999738e-01 4.080522340291475869e-01 4.001152497902999428e-01 4.079999999999999738e-01 3.841106397986879251e-01 4.079999999999999738e-01 4.160133126390100911e-01 4.161198597819119049e-01
3.920000000000000151e-01 3.920501856358477033e-01 4.003203845127178417e-01 4.161198597819119049e-01 4.161198597819119049e-01 4.483588306542439783e-01 4.080522340291475869e-01 4.000128006144327841e-01 3.922008582723233716e-01 3.761926599754938372e-01
4.080522340291475869e-01 3.920000000000000151e-01 4.323460152737352291e-01 3.920000000000000151e-01 3.843075691322090925e-01 4.000128006144327841e-01 4.640148487127420118e-01 4.725446853972884997e-01 4.000128006144327841e-01 3.920501856358477033e-01
4.242172548659823850e-01 4.080522340291475869e-01 4.080522340291475869e-01 3.764339019266535469e-01 4.088381597072995310e-01 4.240542824224474705e-01 4.323460152737352291e-01 4.242172548659823850e-01 4.160133126390100911e-01 4.402254531628119194e-01
4.084708297501985497e-01 4.080522340291475869e-01 4.491657504006624779e-01 4.161198597819119049e-01 4.161198597819119049e-01 4.242172548659823850e-01 4.240542824224474705e-01 4.326789733633412682e-01 4.079999999999999738e-01 3.841106397986879251e-01
4.160133126390100911e-01 4.006286790401308306e-01 4.160133126390100911e-01 4.160133126390100911e-01 4.000128006144327841e-01 4.326789733633412682e-01 4.000128006144327841e-01 4.080522340291475869e-01 4.161198597819119049e-01 4.160133126390100911e-01
4.001152497902999428e-01 4.240542824224474705e-01 4.003203845127178417e-01 4.160133126390100911e-01 4.725446853972884997e-01 4.240542824224474705e-01 3.920501856358477033e-01 4.240542824224474705e-01 4.001152497902999428e-01 4.320138246635873980e-01
4.240542824224474705e-01 3.920501856358477033e-01 4.161198597819119049e-01 4.248710287154289222e-01 4.409038977235583134e-01 4.001152497902999428e-01 3.920501856358477033e-01 4.402254531628119194e-01 4.242172548659823850e-01 4.321244697735239226e-01
4.163331998932265354e-01 4.321244697735239226e-01 4.414147946478204076e-01 4.160133126390100911e-01 4.079999999999999738e-01 4.000128006144327841e-01 4.240542824224474705e-01 4.414147946478204076e-01 4.405077575737435525e-01 4.242172548659823850e-01
4.491657504006624779e-01 4.000128006144327841e-01 4.160133126390100911e-01 4.166538262017360772e-01 4.491657504006624779e-01 4.006286790401308306e-01 4.160133126390100911e-01 4.239999999999999880e-01 4.082090565691528505e-01 4.405077575737435525e-01
4.323460152737352291e-01 4.163331998932265354e-01 4.163331998932265354e-01 4.163331998932265354e-01 4.581158842761678951e-01 4.487041205249465148e-01 4.084708297501985497e-01 4.240542824224474705e-01 4.565262214855160261e-01 4.240542824224474705e-01
4.088381597072995310e-01 3.922008582723233716e-01 4.483588306542439783e-01 4.163331998932265354e-01 4.080522340291475869e-01 4.643716460347526720e-01 4.483588306542439783e-01 4.560583792090472932e-01 3.920000000000000151e-01 3.846035318785255841e-01
3.924523658384260760e-01 4.801382997483599202e-01 4.400563308157474096e-01 4.326789733633412682e-01 4.320138246635873980e-01 4.160133126390100911e-01 4.161198597819119049e-01 4.163331998932265354e-01 4.163331998932265354e-01 4.000128006144327841e-01
4.483588306542439783e-01 3.841106397986879251e-01 3.520112645407008078e-01 4.160133126390100911e-01 4.079999999999999738e-01 4.735176888040255605e-01 4.569367667316877601e-01 4.170824825149008763e-01 3.922008582723233716e-01 4.082090565691528505e-01
4.487041205249465148e-01 4.647292676865517613e-01 4.483588306542439783e-01 3.764339019266535469e-01 4.323460152737352291e-01 4.160133126390100911e-01 4.569367667316877601e-01 4.161198597819119049e-01 3.920501856358477033e-01 4.323460152737352291e-01
4.000128006144327841e-01 4.569367667316877601e-01 4.483588306542439783e-01 4.082090565691528505e-01 4.652073843435432510e-01 4.326789733633412682e-01 3.840122885898554217e-01 4.321244697735239226e-01 4.402254531628119194e-01 4.569367667316877601e-01
3.928052906991701398e-01 4.037513192595910128e-01 4.242172548659823850e-01 4.487041205249465148e-01 4.487041205249465148e-01 4.326789733633412682e-01 4.084708297501985497e-01 4.160133126390100911e-01 4.163331998932265354e-01 4.409038977235583134e-01
4.082090565691528505e-01 4.084708297501985497e-01 4.166538262017360772e-01 4.082090565691528505e-01 4.641336897567479025e-01 4.400563308157474096e-01 4.491657504006624779e-01 4.242172548659823850e-01 3.714512137188237251e-01 4.326789733633412682e-01
4.409038977235583134e-01 4.402254531628119194e-01 4.652073843435432510e-01 4.163331998932265354e-01 3.846035318785255841e-01 4.647292676865517613e-01 4.647292676865517613e-01 4.093119004916153103e-01 4.084708297501985497e-01 4.082090565691528505e-01
4.003203845127178417e-01 4.569367667316877601e-01 4.244892936619710233e-01 4.163331998932265354e-01 4.321244697735239226e-01 4.248710287154289222e-01 4.562336514596414538e-01 4.088381597072995310e-01 4.161198597819119049e-01 3.928052906991701398e-01
4.244892936619710233e-01 4.079999999999999738e-01 4.163331998932265354e-01 3.841106397986879251e-01 4.160133126390100911e-01 4.244892936619710233e-01 4.166538262017360772e-01 4.481290797651358848e-01 4.010408485720200478e-01 4.326789733633412682e-01
4.244892936619710233e-01 4.244892936619710233e-01 4.244892936619710233e-01 4.565262214855160261e-01 3.841106397986879251e-01 4.574662417259229841e-01 4.088381597072995310e-01 4.320138246635873980e-01 4.010408485720200478e-01 4.015578538770221972e-01
4.321244697735239226e-01 3.682947537517003989e-01 4.483588306542439783e-01 4.652073843435432510e-01 4.414147946478204076e-01 4.259674011690683937e-01 4.166538262017360772e-01 4.497447963422648853e-01 4.323460152737352291e-01 4.409038977235583134e-01
4.163331998932265354e-01 4.400563308157474096e-01 4.088381597072995310e-01 4.336824821871840263e-01 3.932604534135127339e-01 4.259674011690683937e-01 4.161198597819119049e-01 4.647292676865517613e-01 4.487041205249465148e-01 4.084708297501985497e-01
4.240542824224474705e-01 4.326789733633412682e-01 3.849992146291392747e-01 4.574662417259229841e-01 4.166538262017360772e-01 4.244892936619710233e-01 3.760000000000000009e-01 4.560000000000000164e-01 4.562336514596414538e-01 4.331241164577816494e-01
4.253633475697178867e-01 4.414147946478204076e-01 3.783806931218142711e-01 4.253633475697178867e-01 4.647292676865517613e-01 4.163331998932265354e-01 4.405077575737435525e-01 4.405077575737435525e-01 4.400000000000000022e-01 4.581158842761678951e-01
4.113839755349700811e-01 3.895364838967173005e-01 4.331241164577816494e-01 4.242172548659823850e-01 4.244892936619710233e-01 4.161198597819119049e-01 4.170824825149008763e-01 4.581158842761678951e-01 4.242172548659823850e-01 4.409038977235583134e-01
4.504426164614507844e-01 4.409038977235583134e-01 4.098931596155186430e-01 4.166538262017360772e-01 4.331241164577816494e-01 4.652073843435432510e-01 4.015578538770221972e-01 4.512608598542129368e-01 4.166538262017360772e-01 4.491657504006624779e-01
4.242172548659823850e-01 4.321244697735239226e-01 4.093119004916153103e-01 4.409038977235583134e-01 4.163331998932265354e-01 4.248710287154289222e-01 4.652073843435432510e-01 4.170824825149008763e-01 4.759147952267300807e-01 4.163331998932265354e-01
4.574662417259229841e-01 4.259674011690683937e-01 4.105833053023942303e-01 4.248710287154289222e-01 3.237619541190880357e-01 4.409038977235583134e-01 4.323460152737352291e-01 4.248710287154289222e-01 4.006286790401308306e-01 4.006286790401308306e-01
4.402254531628119194e-01 4.006286790401308306e-01 4.890025047479465425e-01 4.160133126390100911e-01 3.932604534135127339e-01 4.574662417259229841e-01 4.248710287154289222e-01 4.405077575737435525e-01 4.409038977235583134e-01 3.860936712526721326e-01
4.105833053023942303e-01 4.088381597072995310e-01 4.166538262017360772e-01 4.248710287154289222e-01 4.735176888040255605e-01 4.080522340291475869e-01 4.199013720299746288e-01 4.683515303411255881e-01 4.652073843435432510e-01 4.652073843435432510e-01
3.799600624309694696e-01 3.938189180619688923e-01 4.182681438570614585e-01 4.336824821871840263e-01 3.843075691322090925e-01 4.331241164577816494e-01 4.176201680321031118e-01 4.275166804579100810e-01 4.931396554955135847e-01 4.088381597072995310e-01
5.081802050726100806e-01 4.037513192595910128e-01 4.741901258297176458e-01 4.588872235732641691e-01 4.331241164577816494e-01 4.996102376957357594e-01 4.331241164577816494e-01 4.266846113926842099e-01 4.266846113926842099e-01 4.098931596155186430e-01
3.895364838967173005e-01 4.080522340291475869e-01 3.714512137188237251e-01 4.331241164577816494e-01 4.021809075548667956e-01 4.845015831115092042e-01 4.336824821871840263e-01 4.759147952267300807e-01 4.259674011690683937e-01 3.553011609484401090e-01
4.259674011690683937e-01 4.497447963422648853e-01 4.166538262017360772e-01 4.769711422005786794e-01 4.588872235732641691e-01 3.637915491360346198e-01 4.491657504006624779e-01 4.259674011690683937e-01 4.166538262017360772e-01 4.749885296635540932e-01
4.532667357667232721e-01 4.420416427226181444e-01 3.860936712526721326e-01 3.561381495309968725e-01 4.029114820126901142e-01 4.360514248003583004e-01 4.253633475697178867e-01 4.176201680321031118e-01 4.190279412931977587e-01 4.735176888040255605e-01
4.266846113926842099e-01 4.588872235732641691e-01 4.812490182864240795e-01 5.056205829602307134e-01 4.382285443838069283e-01 4.673773191347205813e-01 4.652073843435432510e-01 3.952512706120300812e-01 4.326789733633412682e-01 4.569367667316877601e-01
4.834937784152281703e-01 4.597820903037900808e-01 4.446341156107089798e-01 4.749885296635540932e-01 4.253633475697178867e-01 3.854955397219413382e-01 4.007652055963984439e-01 4.961429097399718824e-01 4.326789733633412682e-01 4.491657504006624779e-01
4.336824821871840263e-01 4.098931596155186430e-01 4.001152497902999428e-01 4.427859174829741895e-01 4.812490182864240795e-01 4.176201680321031118e-01 4.000128006144327841e-01 4.910898357538440728e-01 4.608026289056438296e-01 4.163331998932265354e-01
4.343553801592561214e-01 4.266846113926842099e-01 3.783806931218142711e-01 3.539191986482827512e-01 3.971160402518227883e-01 4.360514248003583004e-01 4.588872235732641691e-01 4.574662417259229841e-01 4.336824821871840263e-01 4.497447963422648853e-01
3.637915491360346198e-01 4.574662417259229841e-01 4.608026289056438296e-01 4.483588306542439783e-01 4.157347764450355920e-01 4.323460152737352291e-01 4.856429311786320535e-01 4.084708297501985497e-01 4.105833053023942303e-01 4.735176888040255605e-01
4.885631493090610289e-01 4.266846113926842099e-01 4.405077575737435525e-01 4.360514248003583004e-01 4.641336897567479025e-01 4.574662417259229841e-01 4.351444005737053478e-01 4.343553801592561214e-01 4.259674011690683937e-01 4.015578538770221972e-01
4.673773191347205813e-01 4.420416427226181444e-01 4.307235224484919911e-01 4.414147946478204076e-01 4.047024426488600723e-01 4.446341156107089798e-01 4.295336761907471157e-01 4.190279412931977587e-01 4.457424941602092794e-01 4.245782220824175224e-01
4.658071104973457999e-01 4.370786380607688537e-01 4.370786380607688537e-01 4.735176888040255605e-01 4.427859174829741895e-01 4.414147946478204076e-01 4.504426164614507844e-01 3.616704349548693909e-01 4.244892936619710233e-01 4.741901258297176458e-01
4.161198597819119049e-01 3.213934009378283663e-01 4.658071104973457999e-01 4.562336514596414538e-01 4.574662417259229841e-01 4.562336514596414538e-01 4.834937784152281703e-01 4.199013720299746288e-01 4.446341156107089798e-01 4.497447963422648853e-01
4.658071104973457999e-01 4.588872235732641691e-01 4.427859174829741895e-01 4.665298527636454473e-01 5.071911418441340524e-01 4.504426164614507844e-01 3.809072222823606801e-01 4.920475001496700806e-01 4.497447963422648853e-01 3.885143449429056539e-01
4.619513121296714431e-01 4.360514248003583004e-01 4.588872235732641691e-01 3.429285639896449411e-01 4.037513192595910128e-01 4.683515303411255881e-01 3.783806931218142711e-01 4.295336761907471157e-01 4.749885296635540932e-01 4.219978575547770339e-01
3.849992146291392747e-01 3.618734322278729376e-01 4.706899180418667172e-01 4.037513192595910128e-01 4.427859174829741895e-01 4.741901258297176458e-01 4.427859174829741895e-01 3.706785634516749361e-01 3.938189180619688923e-01 4.069481333706324588e-01
4.845015831115092042e-01 4.469772402767369646e-01 4.414147946478204076e-01 4.295336761907471157e-01 4.219978575547770339e-01 4.608026289056438296e-01 4.093119004916153103e-01 4.512608598542129368e-01 4.749885296635540932e-01 4.588872235732641691e-01
4.979317388075075734e-01 4.069481333706324588e-01 4.706899180418667172e-01 4.409081537009720275e-01 3.889614472736881989e-01 4.856429311786320535e-01 4.253633475697178867e-01 4.360514248003583004e-01 4.856429311786320535e-01 4.436493853808500809e-01
4.284656023157740745e-01 4.088381597072995310e-01 4.284656023157740745e-01 4.619513121296714431e-01 4.683515303411255881e-01 4.275166804579100810e-01 4.057671707257471394e-01 4.588314677411235443e-01 4.351444005737053478e-01 3.844074421026679178e-01
3.113499245386195380e-01 4.532667357667232721e-01 4.360514248003583004e-01 4.910898357538440728e-01 3.605104389394542252e-01 4.232260587054577639e-01 4.360514248003583004e-01 4.133248582212849520e-01 4.569367667316877601e-01 4.619513121296714431e-01
4.694548334726776906e-01 4.245782220824175224e-01 4.749885296635540932e-01 5.105777660380579341e-01 4.457424941602092794e-01 4.295336761907471157e-01 4.334807325838595515e-01 4.182681438570614585e-01 3.657086511355120417e-01 4.245782220824175224e-01
3.809072222823606801e-01 4.409081537009720275e-01 4.532667357667232721e-01 3.646984043128985165e-01 4.446341156107089798e-01 4.219978575547770339e-01 3.952512706120300812e-01 3.963829919010305458e-01 4.057671707257471394e-01 4.037513192595910128e-01
4.275166804579100810e-01 4.096709533402888570e-01 3.468531558432100814e-01 4.996102376957357594e-01 3.342181536126756503e-01 4.683515303411255881e-01 3.657086511355120417e-01 3.860936712526721326e-01 4.047024426488600723e-01 4.845015831115092042e-01
4.122970890208392247e-01 4.809480747109235454e-01 4.320381010115075804e-01 4.037513192595910128e-01 3.494549333072670683e-01 4.504426164614507844e-01 4.661962595713206592e-01 4.483414255779795687e-01 4.619513121296714431e-01 4.608026289056438296e-01
4.133248582212849520e-01 4.469772402767369646e-01 4.501721127542799294e-01 3.558583453780551631e-01 3.418364320313312943e-01 4.809480747109235454e-01 4.190279412931977587e-01 4.360514248003583004e-01 4.694548334726776906e-01 4.360514248003583004e-01
4.007652055963984439e-01 4.504426164614507844e-01 4.336824821871840263e-01 4.504426164614507844e-01 4.483414255779795687e-01 4.202836781494678764e-01 3.971160402518227883e-01 4.869206048708966117e-01 5.026922424925007737e-01 4.532667357667232721e-01
4.128989498969068417e-01 3.858035996359841513e-01 3.378751138064349235e-01 4.514722974463644678e-01 3.505214781791476386e-01 5.168016886522764919e-01 4.605661864718382792e-01 4.943689480685957705e-01 4.069481333706324588e-01 3.182619748320838493e-01
4.920475001496700806e-01 4.646447501444515571e-01 3.858035996359841513e-01 3.858035996359841513e-01 4.351444005737053478e-01 4.370786380607688537e-01 4.334807325838595515e-01 4.144698046202470176e-01 3.982160867920019887e-01 3.791185656890900812e-01
4.424446296075119633e-01 3.574778993800393212e-01 3.733057970676874060e-01 4.720598347099336789e-01 3.919183588453084566e-01 4.931396554955135847e-01 3.932841152066773316e-01 4.320381010115075804e-01 4.619513121296714431e-01 5.046156853795842334e-01
3.783222246018671520e-01 4.395039840402830689e-01 5.006516358818928758e-01 4.427595407069308542e-01 3.783222246018671520e-01 3.124282448813542890e-01 5.006516358818928758e-01 4.186379485411743095e-01 4.038019652808612636e-01 4.483414255779795687e-01
3.963829919010305458e-01 5.031512916999264506e-01 5.006516358818928758e-01 4.742358046305384933e-01 4.457424941602092794e-01 4.735680169380810933e-01 3.303191599175254733e-01 4.957383937614718850e-01 4.619513121296714431e-01 3.666666666666666408e-01
4.021809075548667956e-01 5.081802050726100806e-01 3.293162581181842685e-01 4.320381010115075804e-01 4.843066463515545705e-01 4.038019652808612636e-01 4.931396554955135847e-01 4.825540230650511853e-01 4.157347764450355920e-01 4.128989498969068417e-01
4.825540230650511853e-01 5.329517414226601080e-01 4.406122945846996375e-01 4.427595407069308542e-01 3.536536467672989348e-01 4.770149788458324935e-01 4.219978575547770339e-01 4.038019652808612636e-01 3.926358191174669776e-01 4.752183058747351252e-01
4.898979485566355985e-01 5.048223039084037689e-01 4.114742397726425804e-01 4.646447501444515571e-01 4.794846759332269115e-01 4.350551229937693609e-01 4.661962595713206592e-01 5.570004478712240470e-01 4.082482904638630172e-01 4.551676510649542706e-01
3.741047784209713956e-01 5.079919821419581760e-01 4.350551229937693609e-01 4.202836781494678764e-01 5.007238208041496774e-01 4.532471038866810464e-01 2.649572649572649596e-01 4.469772402767369646e-01 5.225578117937446088e-01 4.498384960775900776e-01
4.869206048708966117e-01 2.939101712661732480e-01 4.789627818804119141e-01 4.735680169380810933e-01 4.171229690901290255e-01 4.093437263139549365e-01 4.334807325838595515e-01 3.926358191174669776e-01 4.386161001171377527e-01 4.666666666666666741e-01
4.020151261036848389e-01 3.666666666666666408e-01 4.202836781494678764e-01 3.504273504273504036e-01 5.018310288845865275e-01 4.789627818804119141e-01 3.826231618296807580e-01 4.276686017238497950e-01 4.260577914739004379e-01 5.527707983925665980e-01
4.813083772496539181e-01 4.331844858578920432e-01 4.498384960775900776e-01 4.186379485411743095e-01 4.809480747109235454e-01 4.608026289056438296e-01 3.741047784209713956e-01 4.147129023968502137e-01 4.089589059545982175e-01 4.825540230650511853e-01
3.926358191174669776e-01 5.079919821419581760e-01 4.715381956897318760e-01 5.052194953818556211e-01 3.946793728431469694e-01 3.378751138064349235e-01 4.981963904864838977e-01 4.605661864718382792e-01 3.826231618296807580e-01 3.947710169758613663e-01
3.833333333333333592e-01 4.605661864718382792e-01 4.073585365028355443e-01 4.551676510649542706e-01 4.671597396506678712e-01 4.916051440083466506e-01 5.007448238897286297e-01 4.355163866123252236e-01 3.680248095472103409e-01 3.858035996359841513e-01
4.161968589615041014e-01 4.556497642013080385e-01 3.274999051251644699e-01 3.798670339051543055e-01 3.350126050864040139e-01 3.768972770730657507e-01 4.544592312128368228e-01 4.765344202412340469e-01 4.115966043420212217e-01 3.833333333333333592e-01
3.799802978286741517e-01 3.921262472252957654e-01 3.610896389841557474e-01 4.871794871794871695e-01 4.500000000000000111e-01 4.406122945846996375e-01 4.220645491693212348e-01 4.381247732704884879e-01 4.738660526665637862e-01 2.453498730314735699e-01
3.907316574619034699e-01 4.169098616211569519e-01 4.064878325404615578e-01 4.427595407069308542e-01 4.532667357667232721e-01 4.320381010115075804e-01 5.308325150679682469e-01 4.857682773752858285e-01 3.946793728431469694e-01 3.685138655950444542e-01
4.500000000000000111e-01 4.169098616211569519e-01 4.697288167552876037e-01 4.403618185855000533e-01 4.624468238845356738e-01 3.079072969100308810e-01 5.026922424925007737e-01 4.646447501444515571e-01 4.976554828762202454e-01 4.234248255629807778e-01
4.115966043420212217e-01 4.073585365028355443e-01 4.333333333333333481e-01 3.079072969100308810e-01 3.799802978286741517e-01 4.771187236136978926e-01 4.355163866123252236e-01 3.255019995906041075e-01 3.636873260950517772e-01 2.956633523229351135e-01
3.630922845918441721e-01 5.192695378839262688e-01 2.487554967702519382e-01 4.378568959976081865e-01 4.600787691989229877e-01 3.601470287992685759e-01 4.161968589615041014e-01 4.833333333333333370e-01 4.259988603693731224e-01 3.919831548048891001e-01
2.915475947422649927e-01 3.379062252619659534e-01 4.346507067965252880e-01 3.699617752590949049e-01 4.572391736256317119e-01 4.187657563580050035e-01 4.572988116080192733e-01 2.856081629584374393e-01 3.826231618296807580e-01 4.738660526665637862e-01
4.489436352114808959e-01 3.131873496136826085e-01 3.675213675213675479e-01 2.494438257849294072e-01 2.574231983077623909e-01 3.536536467672989348e-01 3.871692996897505012e-01 4.427595407069308542e-01 3.814281712704201688e-01 4.277070648625450611e-01
3.229624775492687117e-01 4.020151261036848389e-01 3.387398604503846222e-01 3.702720329084158712e-01 4.381247732704884879e-01 2.516911128538168452e-01 3.517632353407242340e-01 3.666177875533832564e-01 3.963829919010305458e-01 3.886658893356653155e-01
4.430388147841480273e-01 4.347990475337281113e-01 2.727178915488845390e-01 3.748789971250483521e-01 2.463818641631436157e-01 4.020151261036848389e-01 3.926358191174669776e-01 2.593482142316004269e-01 3.448281541042981790e-01 4.973458969132756313e-01
4.650799676393042592e-01 4.871794871794871695e-01 3.680248095472103409e-01 4.593324146694226506e-01 3.718335086667678424e-01 3.085304536722667801e-01 3.798753836404838435e-01 3.741657386773941107e-01 4.786537074906250244e-01 3.009340967077850926e-01
4.134925425455562298e-01 4.593324146694226506e-01 4.523915519718936795e-01 4.906997460629471397e-01 3.408871622407156354e-01 3.741657386773941107e-01 4.941586780284727975e-01 4.205997823396689927e-01 4.239991520025439553e-01 4.174235549683609214e-01
4.188034188034188143e-01 4.174070856323789935e-01 3.926358191174669776e-01 4.732069218430283719e-01 4.857682773752858285e-01 3.971424465332331066e-01 4.430388147841480273e-01 3.578773399870275318e-01 3.207134902949092536e-01 4.115966043420212217e-01
3.725632740067829629e-01 4.700854700854700807e-01 5.123323086697406659e-01 3.527651236069336282e-01 2.671818298643446887e-01 3.262000614926678921e-01 3.673854205179594157e-01 3.499271061118825465e-01 2.566324512873682795e-01 4.800793585191832635e-01
3.606914049517505050e-01 3.981243863009761852e-01 3.652339782723403316e-01 4.306443375391640349e-01 4.662106981042301590e-01 4.765344202412340469e-01 3.837647782266681573e-01 2.773945096578331881e-01 2.540839030242196817e-01 3.299560087980449308e-01
2.859206521447404392e-01 3.946793728431469694e-01 3.629770043203138230e-01 2.764183156218013582e-01 5.432747188554057916e-01 3.629770043203138230e-01 4.494484158103871918e-01 4.454354031873739572e-01 3.033825839466108842e-01 4.245488471240085326e-01
4.259988603693731224e-01 3.556493870182915185e-01 4.523915519718936795e-01 3.921262472252957654e-01 2.642364440825320515e-01 3.666177875533832564e-01 3.445925663400528083e-01 4.486649183546164710e-01 3.632191915476232213e-01 3.601470287992685759e-01
4.144095094259823697e-01 3.146283534872650889e-01 4.701323971472620711e-01 3.379631847096873365e-01 4.416657833359833307e-01 2.903816034562510806e-01 3.702720329084158712e-01 3.336967385470993586e-01 3.593134953348083860e-01 3.738878171217936419e-01
3.673854205179594157e-01 4.454354031873739572e-01 3.888078956798695085e-01 3.077159923276343023e-01 3.417339784726937668e-01 4.801960383990247494e-01 3.741657386773941107e-01 2.968937464086014444e-01 2.956561979945413476e-01 4.029530171380015235e-01
2.332847374079217162e-01 2.963979591218290910e-01 3.425287238106897170e-01 3.259659411324823397e-01 4.205658694812309251e-01 2.644572365007808457e-01 3.980014728789242895e-01 4.592058958688255421e-01 3.378446079822016723e-01 3.980014728789242895e-01
2.365530930182920821e-01 2.700691249368128988e-01 3.709992580022259956e-01 2.477520417046001899e-01 4.605822848372977396e-01 3.482868981757140658e-01 3.415807960158942502e-01 4.347990475337281113e-01 1.799999999999999933e-01 2.700691249368128988e-01
4.239062544437993130e-01 3.883340832941922227e-01 4.732069218430283719e-01 3.666177875533832564e-01 2.623156241236599406e-01 4.731747551321275891e-01 2.463818641631436157e-01 2.506481732423765374e-01 2.618614682831908458e-01 4.063961336799686297e-01
2.878633476613353115e-01 4.738112772368146541e-01 3.716280625569002849e-01 3.361166527212541277e-01 2.600000000000000089e-01 2.394565713052878575e-01 2.781743201320933667e-01 2.781743201320933667e-01 3.693675008958760553e-01 4.921515493929298213e-01
2.310801987458622198e-01 2.520874895409405680e-01 2.800560168056019372e-01 2.686353447586676824e-01 3.572753666930980065e-01 2.353782708810021052e-01 2.481580583287373576e-01 3.644054444067474918e-01 4.205658694812309251e-01 4.239062544437993130e-01
1.633660098032678198e-01 2.755919181231401560e-01 2.562353715952691569e-01 2.890440486553668697e-01 2.720618804026022075e-01 2.955599684274308747e-01 4.134925425455562298e-01 2.310801987458622198e-01 2.567762955065477359e-01 3.227591079031191801e-01
3.509820590815169172e-01 3.273268353539885434e-01 2.764183156218013582e-01 1.477097891751992798e-01 2.365530930182920821e-01 3.085304536722667801e-01 2.100729079507838160e-01 2.602896031476767402e-01 3.716280625569002849e-01 3.041396910235183992e-01
3.565252142572691296e-01 3.146283534872650889e-01 4.862438190257733495e-01 3.123673441659506889e-01 1.959727420194398995e-01 2.190283587276092847e-01 2.052525349519777886e-01 3.547874375934496061e-01 4.534364673376703458e-01 2.055172342864138302e-01
3.132801849267029537e-01 1.014692578863681943e-01 3.871265709928302656e-01 2.519091485209279391e-01 4.533395035916300553e-01 4.029530171380015235e-01 2.063222270949752468e-01 3.423683940087303146e-01 1.245562896728604624e-01 2.481603870737833228e-01
3.573620589766257072e-01 2.190283587276092847e-01 2.781743201320933667e-01 3.852286126585616199e-01 2.259129978899619973e-01 2.283058302443284615e-01 3.342423883661898021e-01 2.987189956264626467e-01 3.637664186342759454e-01 2.278619756748877512e-01
2.954290322306944439e-01 1.963961012123931205e-01 5.897678246195885848e-02 7.210122041000543991e-02 3.112508255602868812e-01 2.755919181231401560e-01 2.790404591875125240e-01 2.215646837627989196e-01 1.676195999137015114e-01 3.417929635123316268e-01
2.215646837627989196e-01 3.033940182060688162e-01 3.942551550304868035e-01 1.112232596242534177e-01 2.278619756748877512e-01 3.276882430331959917e-01 3.034150398455518483e-01 2.190859906910000432e-01 0.000000000000000000e+00 1.856953381770518607e-01
2.166445612065605042e-01 2.948839123097942924e-02 5.897678246195885848e-02 2.717947096522388972e-01 2.000000000000000111e-01 2.906313425700077224e-01 5.897678246195885848e-02 1.961161351381840168e-01 2.064187386168560012e-01 8.164965809277260900e-02
3.034150398455518483e-01 3.417929635123316268e-01 2.358640882624316315e-01 1.799146406385762342e-01 1.073594377334718131e-01 3.033940182060688162e-01 1.747794079809696643e-01 8.421519210665190380e-02 2.064187386168560012e-01 2.172501786374273491e-01
6.441566264008309617e-02 3.591848569579317862e-01 2.259129978899619973e-01 1.834498464263357165e-01 1.675363458225294644e-01 3.122805049091189611e-01 1.723280873710658356e-01 2.620712091804796029e-01 2.189594994772949277e-01 2.163036612300163197e-01
1.073594377334718131e-01 1.981740732880974964e-01 2.264167064258630901e-01 1.801582484437249873e-02 1.224744871391589135e-01 2.614881801842453557e-01 1.694347484174714979e-01 2.823912473624525243e-01 1.515873457919734157e-01 1.697250257391051675e-01
2.857142857142857054e-02 1.261107739106074876e-01 1.981740732880974964e-01 1.739722501598052751e-01 1.122721782847679595e-01 1.122721782847679595e-01 3.266685570252604864e-01 2.145346233187325480e-01 2.064187386168560012e-01 1.818181818181818232e-01
1.621424235993524920e-01 2.041241452319315086e-01 -3.673591791853225708e-02 1.363636363636363535e-01 1.428571428571428492e-01 2.147188754669436192e-02 2.424643224844359735e-02 1.224744871391589135e-01 2.041241452319315086e-01 2.264167064258630901e-01
1.045416746978633377e-01 1.503032128268605438e-01 0.000000000000000000e+00 -6.375767130633383517e-02 1.275153426126676703e-01 0.000000000000000000e+00 1.224744871391589135e-01 2.288021576612147001e-01 1.043833500958831623e-01 1.660389180456329217e-01
4.545454545454545581e-02 1.697250257391051675e-01 1.363636363636363535e-01 2.041241452319315086e-01 2.288021576612147001e-01 1.428571428571428492e-01 5.227083734893166883e-02 8.980265101338745504e-02 0.000000000000000000e+00 2.614881801842453557e-01
1.428571428571428492e-01 5.227083734893166883e-02 6.337242505244779223e-02 3.673591791853225708e-02 1.503032128268605438e-01 1.275153426126676703e-01 0.000000000000000000e+00 5.227083734893166883e-02 1.102077537555967574e-01 1.102077537555967574e-01
0.000000000000000000e+00 2.435611502237273740e-01 -6.337242505244779223e-02 1.102077537555967574e-01 1.102077537555967574e-01 -6.337242505244779223e-02 8.980265101338745504e-02 0.000000000000000000e+00 6.337242505244779223e-02 1.568125120467950273e-01
0.000000000000000000e+00 8.980265101338745504e-02 -8.980265101338745504e-02 0.000000000000000000e+00 0.000000000000000000e+00 0.000000000000000000e+00 6.337242505244779223e-02 8.980265101338745504e-02 1.932469879202492746e-01 1.275153426126676703e-01
6.337242505244779223e-02 -6.337242505244779223e-02 6.337242505244779223e-02 0.000000000000000000e+00 0.000000000000000000e+00 -8.980265101338745504e-02 0.000000000000000000e+00 0.000000000000000000e+00 0.000000000000000000e+00 8.571428571428571508e-02
0.000000000000000000e+00 0.000000000000000000e+00 0.000000000000000000e+00 6.375767130633383517e-02 1.697250257391051675e-01 0.000000000000000000e+00 0.000000000000000000e+00 0.000000000000000000e+00 0.000000000000000000e+00 0.000000000000000000e+00
0.000000000000000000e+00 0.000000000000000000e+00 0.000000000000000000e+00 1.275153426126676703e-01 1.212321612422179867e-01 -6.337242505244779223e-02 0.000000000000000000e+00 1.697250257391051675e-01 0.000000000000000000e+00 0.000000000000000000e+00
