0.000000000000000000e+00 0.000000000000000000e+00 0.000000000000000000e+00 0.000000000000000000e+00 0.000000000000000000e+00 0.000000000000000000e+00 0.000000000000000000e+00 0.000000000000000000e+00 0.000000000000000000e+00 0.000000000000000000e+00
6.008695150337610702e-01 5.949640843438634974e-01 6.083759529093890617e-01 5.749902912621358553e-01 6.132911880348469458e-01 6.121249613362202968e-01 5.680482523971543962e-01 6.251088112970306643e-01 5.810039655672695202e-01 6.180610378357562773e-01
6.217592592592593448e-01 6.268412438625203809e-01 5.696456086286594278e-01 5.999460116075043814e-01 6.008080808080809021e-01 5.545410581294127894e-01 5.833253178923878401e-01 6.033096195484071167e-01 6.356214498892847065e-01 5.963669950738916814e-01
5.613697575990765909e-01 5.833253178923878401e-01 5.964601769911503926e-01 6.183549783549782131e-01 5.919090051771589422e-01 6.175308023060755991e-01 6.226908866995073399e-01 6.227779915352058548e-01 5.509384413377615974e-01 5.826830819027801756e-01
5.920974164630745662e-01 6.182374564560519925e-01 5.743567043245636494e-01 5.873140788541748591e-01 6.005006257822277371e-01 5.832611832611833691e-01 5.876875721431320532e-01 6.180610378357562773e-01 6.328502415458936436e-01 6.052327818391689540e-01
5.872110939907551064e-01 5.614035087719299044e-01 5.917204197554635225e-01 6.092808318089919517e-01 5.875923645320197952e-01 6.121249613362202968e-01 6.180610378357562773e-01 5.568044034719682456e-01 6.129629629629629317e-01 6.140350877192982670e-01
5.491625310173697816e-01 6.422524843577475107e-01 5.833253178923878401e-01 6.096416136044475742e-01 6.008080808080809021e-01 6.045023513992753283e-01 5.810039655672695202e-01 5.516267840105921749e-01 5.814062499999999023e-01 6.161616161616162435e-01
5.480282530456705992e-01 5.689814814814815325e-01 5.715863084284137363e-01 5.731737913731544953e-01 5.674796747967479904e-01 5.471916395117906173e-01 5.742296918767506586e-01 5.580024813895780866e-01 5.944942777605939366e-01 5.578947368421052211e-01
5.720636175046922567e-01 5.721829964213174247e-01 6.056359926149061934e-01 5.385794282346006989e-01 5.693841390992815388e-01 5.907748721412717785e-01 5.919701213818862051e-01 5.960201717323156956e-01 5.296198054818743728e-01 6.240032594144694356e-01
6.245859403754141503e-01 5.732776453436829733e-01 5.615384615384615419e-01 5.685486985402024018e-01 5.432973805855161320e-01 5.696456086286594278e-01 5.681818181818181213e-01 5.617383033113370061e-01 5.759398496240601961e-01 5.685486985402024018e-01
5.701875425128752894e-01 5.732776453436829733e-01 5.721829964213174247e-01 6.622748889062134436e-01 6.000623684415686832e-01 5.411931818181818787e-01 6.390977443609022757e-01 5.245140473754622557e-01 5.923254645906579352e-01 5.804195804195804165e-01
4.984840378098804869e-01 5.307998353683633930e-01 5.733998596710064843e-01 5.525902668759811176e-01 5.501893939393939226e-01 5.886153308887724922e-01 5.744179192455054483e-01 5.408169250923879900e-01 5.603997796490123307e-01 5.973312401883830169e-01
6.112341493052153574e-01 5.296198054818743728e-01 5.626598465473146016e-01 5.539251650770359303e-01 5.436656560252065562e-01 5.336856813073325156e-01 5.900819915044948072e-01 5.167522621667889338e-01 4.895831232478874417e-01 4.833873324439362795e-01
5.158237634785477477e-01 5.038942552109811901e-01 5.558441558441558072e-01 5.143668559973271215e-01 4.795793592565419372e-01 5.555555555555555802e-01 5.746268656716417844e-01 5.502415458937197634e-01 5.502415458937197634e-01 4.850713797318857434e-01
4.608780861896342729e-01 4.737637615147368697e-01 4.117141137008686336e-01 4.795793592565419372e-01 5.190356604721245715e-01 4.351221970269588679e-01 5.167522621667889338e-01 4.859903381642511899e-01 4.479418886198547334e-01 4.533730158730158721e-01
4.477762297717286510e-01 4.641025641025641191e-01 5.082811616658640119e-01 5.191615363312953590e-01 4.738461538461538058e-01 5.094476279743518354e-01 5.273770388827236921e-01 5.310571781160016158e-01 4.635294117647058565e-01 4.790195263813876170e-01
4.590087592859518617e-01 5.220125786163523074e-01 4.722222222222222099e-01 4.705427023307817702e-01 4.620726495726495964e-01 4.803474671024339782e-01 4.535947712418300082e-01 4.549476083022409023e-01 3.842452851598847086e-01 4.673239738506055341e-01
4.096588990206010972e-01 4.272898537723154311e-01 4.603843230919553164e-01 4.760936809544852322e-01 4.388843314191960276e-01 4.388843314191960276e-01 3.844236760124610242e-01 4.770197944099906495e-01 3.788584937521107809e-01 4.141960276145579822e-01
4.286728018627342096e-01 4.801867332537184119e-01 4.901522318740861861e-01 3.659034022434411448e-01 4.181022696199070410e-01 4.082114204813591107e-01 3.922794117647059320e-01 3.759320434167060521e-01 4.861688024745912662e-01 4.666724963382374858e-01
3.784225872982006633e-01 4.082114204813591107e-01 3.639249639249639845e-01 4.135802469135801962e-01 3.483231707317073211e-01 3.973202078206179433e-01 4.237132352941176405e-01 3.841456253669994214e-01 3.966089530815465891e-01 3.615585285881818267e-01
