0.000000000000000000e+00 0.000000000000000000e+00 0.000000000000000000e+00 0.000000000000000000e+00 0.000000000000000000e+00 0.000000000000000000e+00 0.000000000000000000e+00 0.000000000000000000e+00 0.000000000000000000e+00 0.000000000000000000e+00
4.021001246375069949e-01 1.593635043298802512e-01 2.073326389596869546e-01 1.675186541680201147e-01 1.793340896983814381e-01 4.237245697942533251e-01 3.729467715877347600e-01 4.144991529768642935e-01 1.294471171533931042e-01 2.450066511419363852e-02
2.971400479931152194e-01 1.441607128227401502e-01 6.307790492740532329e-02 4.655519120354512652e-01 1.621788764804188432e-01 4.186939115498415909e-01 1.488931101138747382e-01 5.028435892265858964e-01 8.481377024851133317e-02 4.210221493677724358e-01
9.250543238518113554e-02 1.410764585724220421e-01 3.837865027115603955e-01 4.583468298538670993e-01 5.326471432068253797e-01 4.047122523806659378e-01 3.914673391968901961e-01 1.960128897502673162e-01 4.370675333736176449e-01 5.053663891960602506e-01
5.420970069808766362e-02 9.730557483157518950e-02 4.656721378096779773e-01 3.159284943162789516e-01 2.294925704015180201e-01 4.802699652784330198e-01 4.330546007678403031e-01 5.102308379203890354e-01 4.647981743262179499e-01 1.866417957993808940e-01
4.556665046763385130e-01 4.157479195978157627e-01 5.256305366889739705e-01 5.127487025103397711e-01 2.660937240141617033e-01 1.834813050155130465e-01 3.351633823583637928e-01 5.028614530136624738e-01 1.103426253968505105e-01 2.461048804479819829e-01
3.407888709571388342e-01 1.431539857889511658e-01 3.782646949546867310e-01 2.538969263808477650e-01 1.010655753672355106e-01 4.819753942954553838e-01 3.142403681988436559e-01 1.080666237707277461e-01 2.402310221733332807e-01 4.900779966607617388e-01
5.004109733477415389e-01 1.940173003844304911e-01 2.549122740704333201e-01 2.910378033079112359e-01 1.685860392427064591e-02 2.762995343858209440e-01 2.579550274347951477e-01 3.842494047475877861e-01 3.352856516427030753e-01 5.580301497022531754e-01
1.387290273300627319e-01 4.101180510633073983e-01 3.608331539717182790e-01 2.702168697186936863e-01 4.294837488376482271e-01 1.621300087563680159e-01 5.105859907184728819e-01 1.001062536403261871e-01 4.190071871453249219e-01 3.457601221647629286e-01
3.176437363605091879e-01 2.948768129245617486e-01 1.624770419980910985e-01 4.010714187493396587e-01 1.847198498375639264e-01 5.315659628324398422e-01 3.338913762834874732e-01 6.082833389556111491e-03 3.700478525192634205e-01 3.099334452003126295e-01
3.414694055438329268e-01 7.038045015495117407e-02 4.666660035754568447e-01 3.686491002810847184e-01 3.893000881457728268e-01 1.908871737830267201e-01 3.240373448978182136e-01 3.972986549393329736e-01 3.835689884483426959e-01 4.570766836171042957e-01
5.630854544150301622e-02 1.327221763814999123e-01 1.999703885190507735e-01 5.969321721802955949e-02 4.031665903203721646e-01 4.050911024057363141e-01 1.189611721072955097e-01 7.059387380558840297e-02 4.652916098960450664e-01 1.605726060370478159e-01
1.057689507558090269e-01 1.873012831967745540e-01 4.946493568598727686e-01 1.256280389647141671e-01 4.202601238111948190e-01 2.398201396748043945e-01 2.196003830970743032e-01 3.597069842798453765e-01 2.621460540614147239e-01 2.486011589552256373e-01
3.071523504300598950e-01 3.698320179790595130e-01 3.191364560146238705e-01 1.748311249922193389e-01 2.405089478319063223e-01 4.039651469152364949e-01 4.765684290644171539e-01 2.009828982220737414e-01 2.806478308015599721e-01 2.652859152373844842e-01
1.430878241640484994e-01 2.861590124852601558e-01 4.696424745474271911e-01 3.711369560992545114e-01 1.292812988513820094e-01 1.397156719728974983e-01 3.818448024871404223e-01 4.005778753274950033e-01 5.018191179441262584e-01 2.469501209250569151e-01
4.633908884648402782e-01 3.260161664596378239e-01 1.347293539882623292e-01 3.840857817932247786e-01 2.631287271186592003e-01 4.222563552259421260e-01 8.281154863754461304e-02 2.588867547193584029e-01 3.454107499553233374e-01 2.377398284328700873e-01
1.053650786316315258e-01 3.555846810607133368e-01 -1.641676054479240116e-02 4.625076950413583021e-01 1.949132276629529925e-01 3.956590488065037658e-01 3.241842045034772357e-01 3.698224021421629426e-01 3.510239677089479482e-01 3.004709058612778372e-01
5.069048020971074209e-01 4.412389514593693107e-01 1.173616274178384405e-01 8.929290479278279014e-02 3.683533603137518764e-01 3.670000593810178180e-01 3.648642786458985987e-01 2.713188336477783125e-01 2.122834466188620317e-01 4.563049829057398976e-01
4.270337671271950963e-01 5.778002570853428554e-02 1.612765052241191613e-02 4.619402336087169991e-01 4.094787909499174594e-01 3.802992702664229618e-01 2.325257555546569876e-01 1.481193607362923381e-01 4.199530105538925584e-01 4.432741292453629689e-01
2.920281751529197334e-01 1.291491227487018556e-01 4.361661509423761518e-01 3.563900904650392221e-01 5.195446697446509665e-01 3.919838099120591668e-01 5.234016743356116885e-01 1.550763226684191143e-01 2.932644498999391058e-01 4.508330767312208054e-01
2.189394904189442270e-01 2.676387227652354261e-01 3.256524963591260202e-01 6.227418238829118130e-02 4.394470415640629457e-01 1.595147438771524484e-01 1.634984898470530912e-01 2.671250853191232122e-01 2.418931407734433159e-01 2.336479913055474200e-01
3.851324091148237705e-01 4.518381050379526864e-01 4.737477599493959413e-01 4.869274864381322732e-01 4.596372278572659620e-01 1.083252384094995496e-01 2.354089012883737730e-01 2.404140870534223762e-01 1.259972915296179163e-01 5.011415913662475852e-01
4.712515462733775640e-01 2.854346652819824692e-01 3.243342534771010977e-01 3.661883849698820415e-01 3.512640075448238974e-01 9.596620396348834459e-02 2.788088935935625901e-01 5.127031664537790717e-02 2.909059916193911244e-01 5.695660121852291757e-01
6.070576025965809114e-02 4.671934439547573703e-01 4.420648996103107575e-01 4.926842138621121414e-01 5.099228077499893264e-01 3.915343344839283812e-01 2.848453546461527930e-01 3.916709454418285663e-01 1.698497808877406923e-01 2.549780471729782283e-01
5.398310786297235708e-01 5.553333511534264133e-01 7.740668259056320000e-02 4.014988355901397132e-01 2.233554816305445001e-01 4.853604540324212291e-01 2.961955323095777914e-01 4.282270651258058280e-01 2.783068704738604349e-01 4.463355719755218720e-01
3.717379279403293935e-01 3.752640346328580678e-01 4.810991712858005975e-01 3.435983761740152853e-01 3.166280368403720513e-01 2.680774174101185903e-01 5.140951298177234285e-01 3.783671210967730070e-01 2.410219478135837701e-01 3.922502780860772642e-01
5.735203146639869520e-02 3.236535711811868166e-01 4.329626652598741465e-01 3.131805651221390985e-01 5.106345258935608422e-01 4.684520797536428915e-01 2.160174922922162288e-01 3.647879551514670027e-01 1.043812899965707863e-01 3.945754534818949333e-01
5.154209177964939048e-01 2.455010576835406702e-02 2.351780561859778962e-01 2.136893616103265059e-01 3.206121928016239520e-01 4.593541797660444237e-01 3.378013444855771374e-01 1.619317081950177595e-01 2.801977537491242010e-01 1.396441768437869380e-01
4.194717240659670554e-01 1.099340334241758060e-01 2.773851369649320553e-01 4.951480163373904175e-01 4.625414215288452535e-01 2.282381714380160298e-01 5.057404815244460616e-01 4.115439494747656357e-01 2.140964566005827407e-01 1.338919654048563723e-01
2.849430099536165995e-01 4.850389127000551137e-01 4.965641216933703861e-01 4.965567143749459178e-01 2.902253989449341542e-01 8.165475536363291098e-02 2.333014489298311234e-01 4.460238025319102073e-01 4.844336396870120853e-01 4.739136027132860862e-01
4.515119448793827317e-01 4.327323222113922951e-01 4.430355822518645126e-01 1.078074591098843044e-01 1.900124099175767856e-01 3.467713733888406202e-01 4.136335972395069338e-01 2.030700730543754662e-01 2.701256827323916809e-01 1.639466495133133639e-01
8.002480588754666557e-02 2.386790175126063673e-01 4.975432878428391603e-02 4.712538397799796996e-01 4.796985886094903284e-01 4.307460493108201116e-01 2.174041531477116096e-01 3.450926157715273890e-01 4.320277139752130569e-01 1.283871376997777203e-01
1.808031951295762385e-01 3.212209385495861658e-01 4.217065020983872259e-01 4.858090489548350654e-01 3.913424806892921159e-01 4.033037136107499587e-01 4.715403567686325403e-01 5.180850072904115144e-01 4.713476721118540769e-01 1.483643408465565861e-01
3.439093293717255251e-01 8.121272720625588581e-02 4.688549329606992999e-01 3.602449659032051499e-01 3.086433294506539249e-01 4.477270278869338038e-01 4.832485819534932392e-01 4.296511238519372666e-01 4.191272272546422428e-01 8.493594634101266430e-03
1.585576604319522687e-01 4.550536853995957309e-01 3.534599975585683840e-01 2.741528188312307157e-01 2.602394896154246462e-01 3.118241979528232344e-01 3.237262720928449911e-01 1.516289200548578964e-01 4.945888799052732820e-01 2.309246786572971277e-01
2.193809107814126413e-01 7.480834819537118818e-02 1.068113169203853685e-01 1.618493396412391261e-01 1.438678553382725933e-01 4.461489155097438375e-01 4.463563969532508557e-01 1.043050873449105492e-01 3.615344653160418309e-01 2.967065147084784194e-01
2.201137468977790446e-01 6.840127415388727594e-02 1.398390678941233423e-01 3.526948501902009703e-01 4.784618016520822414e-01 4.058282711264993847e-01 4.630343754576046189e-01 4.682291603060116936e-01 3.414701435251135120e-01 2.882555704318726097e-01
9.634013134253376076e-02 3.816191989894132108e-01 5.327193757452618195e-02 3.013513157923783381e-01 4.620849626737958404e-01 4.782770025873682718e-01 9.552362768415453842e-02 2.862621430553470292e-01 3.734304931131985916e-01 4.170532504682966102e-01
2.442953289701730590e-01 3.043451435283357487e-01 3.251746940882913051e-01 5.178830520389274827e-01 4.503696424974385631e-02 3.795268533601602878e-01 5.771539983368922933e-01 3.888651663895191790e-01 2.272292064675894285e-01 2.616869950129507849e-01
4.179333163946624130e-01 2.736224295730602107e-01 4.739466060146264037e-01 2.011747254833302634e-01 3.842549752836288413e-01 2.140396571599451903e-01 2.899056207482902381e-01 4.086143937088968503e-01 5.091628721266122648e-01 3.153789349131146391e-01
2.306824554254922888e-01 1.441306146834824553e-01 2.320899776036019768e-01 2.368284338344323892e-01 4.487358239232490109e-01 1.996859158747135154e-01 4.488006112072601139e-01 2.361463910131690325e-01 3.886592850405806709e-01 1.618595950901743630e-01
3.335069961881806377e-01 3.184454675481356301e-01 1.082322672453952944e-01 1.023416356774931729e-01 2.578929859098124666e-01 7.708425571874838456e-02 2.920997713309962385e-01 1.557222684600371443e-01 2.927950381094681087e-01 2.131900440817266207e-01
2.550612550548081447e-01 6.331696583755667962e-02 4.192093477578211907e-02 2.081912543711935126e-01 3.481132902069449253e-01 5.493221527813291205e-01 2.878567149653248336e-01 3.040528072794286829e-01 3.068419634335329826e-01 2.202663253867896964e-01
3.795904869666481551e-01 5.480598901841736703e-01 2.463355107317215797e-01 4.104423435248821805e-01 3.175268120441114283e-01 1.161664395133036598e-01 3.697198797189663044e-01 3.970917633363159061e-01 2.531789419709633004e-01 3.084489222296273314e-01
4.312278482202953622e-01 3.773698607023122653e-01 3.991814165576471757e-02 1.779729226834049771e-01 4.899210187287305063e-01 4.552814263850333276e-01 4.099852765073327965e-01 2.804831552945001860e-01 3.240470205415995064e-01 4.829083052157874811e-01
2.846462668419308950e-01 3.662981836396662638e-01 2.814679697412867387e-01 3.379489796434391458e-02 3.398832061690506556e-01 2.539679188909080287e-01 5.609145614770709720e-01 9.520748998546869901e-02 2.932819347677961819e-01 4.597262523591259531e-01
9.010362446967100369e-02 4.701813823287385730e-01 4.485251062211511042e-01 7.734459031106633020e-02 1.974967771077040801e-01 1.540494863884123433e-01 6.654090267266798975e-02 3.574995884209578034e-01 2.178884864651598474e-01 4.783324036816540281e-01
3.836751078977118645e-01 1.767356279568844946e-01 -1.998995418586050135e-02 3.943529875442502997e-01 3.165550108205748003e-01 3.457165043506149615e-01 2.984888925279983729e-01 1.781963528185838697e-01 4.706768617959993239e-01 3.122449483513131674e-01
4.401376302355358150e-01 5.030004260999438870e-01 1.675596186417763478e-01 2.137919699248441441e-01 4.338216647223282485e-01 3.810280598237619221e-01 2.238114131173646326e-01 4.591318604686377980e-01 5.086897947065599501e-01 6.512920626954370185e-02
2.576183006548981025e-01 1.216970878483939617e-01 4.400170438303018239e-01 3.346897342951402621e-01 1.484408676250760228e-01 5.153198206175324536e-01 2.273759874419285509e-01 4.682386648271771867e-01 4.738930993572955663e-01 3.848498496346256514e-01
2.362723119587678833e-01 2.958624090540224461e-01 4.048273432416236162e-01 2.811371283973026491e-01 4.113928976040632790e-01 3.979432020755124810e-01 4.565167134314506714e-01 3.181719328373691646e-01 4.704745280358217929e-01 1.763957198593084086e-01
1.880766874946627476e-01 5.462607023514557403e-01 1.790629571037546386e-01 1.926843523018631488e-01 3.344970592607308113e-01 5.306121040548154866e-02 9.850667180249586541e-02 1.984336231785907567e-01 1.741924034062730664e-01 2.220723883946620902e-01
2.626957779711648899e-01 1.963134165383669527e-01 5.304705214753866471e-01 9.617872674659276588e-02 3.923721379458535718e-01 3.738504508047675867e-01 4.355952960058758205e-01 5.126753518287923139e-01 4.887186398752413341e-01 3.122968761445750752e-01
5.226459355664770934e-01 4.322392123220231142e-01 1.240003235765858303e-01 2.457102665335777203e-01 1.639649566963254090e-01 1.721546980932648074e-01 5.276646936641117280e-01 5.425355344877107466e-01 6.964222424036418946e-02 3.509337697587583960e-01
5.401114373838701299e-01 8.554152051030171344e-02 4.174983078491164568e-01 3.533388344803791159e-01 7.239203570828663115e-02 3.942842824388675393e-01 6.637179031417698993e-02 8.310440151652842555e-02 3.224160455360469690e-01 4.786425103726999475e-01
4.370731488580498758e-01 4.632493231178857473e-01 2.438546981295255656e-01 3.716229971252481556e-01 4.871069704290383884e-01 1.729558600761088583e-01 3.980422623445141195e-01 3.838030823451538120e-01 2.416925534110029861e-01 7.648180586417499538e-02
4.652240584667269863e-01 4.812798520584120054e-01 2.584476728799683931e-01 3.692101437539264119e-01 4.408518150644667455e-01 4.079516312665208422e-01 2.167809063126053259e-01 3.494345920992529275e-01 2.768975856705232497e-01 4.251341921003947144e-01
4.243039814939361665e-01 3.898519094202221313e-01 2.000090102797304759e-01 4.731691459742339290e-01 2.293379610558041459e-01 4.556313578890796023e-01 3.585141496393011717e-01 2.816554406273764632e-01 4.264221015015994265e-01 8.633871006073363941e-02
4.431302573864172589e-01 3.828106586138609879e-01 3.928503600314577904e-01 5.461247673509647127e-01 3.612234682328449575e-01 2.424713027127644305e-01 4.189942885811089313e-01 4.519167565758209770e-01 2.174020420073069504e-01 2.502303740968813695e-01
4.751971871624550703e-01 4.801807999549913553e-01 2.135533775439761583e-01 1.125223699111880804e-01 2.188132885839047248e-01 5.164639367403615067e-01 1.951866658453188796e-01 4.419269561617893416e-01 1.143281824303666872e-01 4.365234871275933126e-01
2.682534646078966190e-01 3.025814809412105677e-01 5.275250497517903758e-01 4.489245191760551368e-01 5.093551981920382277e-01 3.392433826140772157e-01 1.795180230550603162e-01 2.090755835443004196e-01 1.951285116384212370e-01 1.214151587493079859e-01
2.103539077968459570e-01 3.319292886242656282e-01 2.929712991485742268e-01 8.519055947772970205e-02 4.941126261987334178e-01 4.699410216328992473e-01 4.789035555455258830e-01 9.029256608615972290e-02 2.638015897544809807e-01 4.846023579405855375e-01
5.314772532429580254e-01 3.210732104181667768e-01 2.440146710129429686e-01 4.984744257520011823e-01 8.507500403209285189e-02 5.019821404091909800e-01 4.269408183520010946e-01 3.017587325806379561e-01 8.863220644620782573e-02 4.209905330911249965e-01
5.316021217796990106e-01 2.823919402643693677e-01 3.019347947096022722e-01 1.636264487284794511e-01 3.968664028574197533e-01 2.121726109423959228e-01 3.812422940453462084e-01 4.377380054854029812e-01 4.194330824065872765e-01 1.762775354220728063e-01
5.029465511705946135e-01 4.561466933545952340e-01 9.945190479467955202e-02 3.672023051448792264e-01 8.437946876176902200e-02 1.735963849944204829e-01 3.171415573972913848e-01 4.772052751792198455e-01 4.377017738594476959e-01 2.982150791000350298e-01
2.407464395175697158e-01 4.017568100777424434e-01 3.445109901797436813e-01 3.958232753921382963e-01 3.115160334580030499e-01 1.823990842433468040e-01 1.038033253910603526e-01 3.511391913578595925e-01 4.217192089096775121e-01 4.575699019998131778e-01
1.084704428466587295e-01 3.084936655907116188e-01 1.878452803289965278e-01 3.854695833859223542e-01 2.707106032669848728e-01 4.118666636926139324e-01 2.480257948778110122e-01 4.316813613274176897e-01 1.125539392067637229e-01 4.547375217128268865e-01
4.211430222877508567e-01 1.183563400043963765e-01 4.246438501983396674e-01 4.044757763431683917e-01 3.743774152587903692e-01 2.935423163097490296e-01 4.298742905531222069e-01 1.154920994066663126e-01 1.494394229413262276e-01 4.527658427922503503e-01
5.385194489409147467e-01 5.115143352186618531e-01 4.264277278334568932e-01 3.327278357266659770e-01 4.750994539220834700e-02 5.958209279604944481e-02 1.593941856064343965e-01 3.248906006579447281e-01 3.721500743435489644e-01 3.121032680574003515e-01
6.325926472595536088e-02 2.262677230545751261e-01 2.410992560920235117e-01 3.478826289117301074e-01 2.376868308781023287e-01 -5.072713753228954865e-04 4.959174055669224868e-01 4.581329177334379499e-01 3.676835047780607768e-01 3.006684607069970983e-01
1.326021195009928211e-01 9.069215807714665900e-02 3.933462576143558209e-01 2.720156475688596531e-01 1.395926656533503230e-01 5.509250592242667111e-01 3.138835294509004226e-02 4.225622347673267387e-01 5.463758014251307582e-01 4.614950207780159075e-01
1.257546008503230006e-01 4.034295942588446704e-01 1.494066809564816856e-01 4.037597156618296657e-01 2.512080928853396844e-01 4.014089778562741073e-01 3.594027272060085765e-01 4.479141161311622210e-01 4.851715039789840089e-01 4.857926711796586861e-01
9.252654136664123508e-02 4.759420986813624466e-01 3.646270939751010687e-01 3.929920591273192709e-01 1.942958198853701191e-01 1.220863187182554682e-01 3.761737865771865308e-01 4.219335568252299828e-01 4.885415694546050847e-01 2.529642913285352068e-01
1.690928880861378714e-01 3.764733564110435138e-01 2.202264855270486266e-01 3.546135850638942322e-01 9.130887634655003582e-02 1.096672400344467779e-01 2.893978233713834780e-01 3.442873696685289087e-01 4.564878684258466546e-01 3.284425103680083669e-01
3.977808021963545881e-01 2.736064404957792573e-01 1.891522377382680586e-01 4.907190106375066696e-01 4.392188870671907552e-01 2.486647156153956595e-01 4.397845966866290035e-01 2.694514255417133630e-01 1.831292627723787869e-02 3.653394422014936693e-01
5.645878417611863154e-02 1.277298390684088458e-01 2.240247026667760710e-01 1.701636366394809197e-01 1.614681156835857667e-01 5.132487952189608293e-01 1.005916596967525306e-01 4.453206498554450055e-01 4.124280754277131478e-01 4.095239862882961157e-01
5.545881289312293294e-02 2.239662110029689845e-01 4.888430423261704016e-02 2.840477299203043038e-01 3.732079258419412904e-01 4.226312926337638665e-01 2.768792153690294300e-01 3.548075651665562047e-01 4.481120780761552735e-01 3.136484884524061434e-02
4.642841681167000356e-01 3.809534423749947885e-01 4.234091806988963258e-01 1.269259079175875937e-01 2.156794810034697724e-02 4.472151179355700612e-01 3.941357846347451899e-01 3.413012745770023226e-01 3.010623720689739602e-01 4.134595644370447909e-01
4.264412718515241951e-01 1.904613382094547946e-01 3.284431839338584069e-01 2.759124923592805034e-01 2.364077145434336502e-01 2.759386256388976499e-01 4.819514407202744044e-01 2.207338815687517886e-01 2.180566668028072475e-01 4.402628910025053188e-01
3.059058408072094504e-01 3.435514621260866708e-01 5.155077900316101802e-01 5.470213120528854001e-01 8.995455948018216130e-02 3.739186930598814573e-01 4.021452057802393232e-01 2.206063239544212573e-01 5.319919262874930332e-01 1.866359804561860958e-01
2.993573111878485293e-01 3.959680164251057066e-01 1.755010073564989281e-01 3.608430002628557620e-01 4.366023492505014536e-01 2.645863738247177313e-02 2.552450406670634941e-01 3.333935565163873016e-01 2.975787995227174298e-01 2.697225720855517817e-01
4.857437496599277815e-01 4.626650488390284255e-01 2.170749167442059535e-01 3.132902196895482327e-01 4.498716872535632461e-01 3.069457758052075991e-01 2.681697179658467101e-01 2.486566636407732123e-01 3.089678471363477286e-01 3.261474597145059273e-01
1.344767177472737385e-01 9.240938735572605534e-02 4.267891546549134052e-01 4.635194642195664128e-01 3.972796929367753416e-01 5.123841194037641600e-01 3.992386524639338630e-01 3.919050812993739030e-01 3.575839351257651955e-01 2.799804265596316788e-01
3.959564392680418876e-02 1.323264788818074855e-01 3.768203697956736264e-01 4.256246075854128175e-01 2.782640924320792797e-01 4.193804769433748802e-01 4.319996589858607350e-01 3.471177099239539654e-01 5.014777081746913945e-01 5.189277633592033201e-01
4.089642688327199682e-01 2.250130494192364716e-01 3.569292789604580629e-01 1.728638116200007513e-01 5.290895015797631995e-01 5.075680154938568833e-01 7.471292191996498078e-02 5.265537861214407700e-01 4.706618827494355450e-01 4.711161332471407448e-01
4.924754352564283955e-01 4.691093017446840707e-01 2.277322425974406261e-01 3.618950043655236315e-01 2.139811010450332895e-01 1.796923242071074289e-01 3.311523706357580865e-01 4.446524781939998339e-01 3.906291047319732090e-01 3.368475623681477238e-01
4.472499292134153870e-01 2.837241032616902858e-01 4.109490559203941018e-01 3.016653191868771122e-01 9.902330025888575471e-02 3.529931998651957836e-01 3.187426577701547581e-01 4.944992960196278320e-01 3.103830379152452412e-01 3.069387470138982832e-01
1.586920297921022016e-01 3.951122691864812353e-01 4.394755170386068222e-01 3.357570510598116842e-01 4.093738298249319785e-01 2.028849516490266458e-01 3.814500576417619304e-01 2.943352129721921173e-01 2.164904464649766713e-01 2.781817159265637107e-01
3.883843955475333454e-01 3.520304007764511467e-01 5.092270368750826393e-01 1.686965323888758028e-01 7.012763910390223954e-02 4.437835833987012757e-01 5.691985422273670991e-01 9.362031238600300453e-02 6.454332780378001927e-04 5.024715614402502223e-02
1.147559023999067673e-01 3.211401326141282708e-01 3.345668953530426259e-01 2.194554680686878478e-01 1.060346906737963252e-01 4.708542916681554558e-01 3.223358046524967269e-01 3.554746931293915613e-01 1.619458590738416526e-01 4.829456307016745664e-01
4.922273538193522313e-01 2.730888172686806725e-01 3.049644045190985642e-01 4.950910312219567455e-01 4.126209388316991467e-01 5.589984426614995616e-01 4.724052266531646449e-01 1.582878955786418129e-01 2.490802293133572987e-01 4.585593535088159922e-01
2.457742065913173790e-01 6.454597975058810888e-02 2.639852110097661297e-01 3.482165091857281625e-01 4.348996434083737261e-01 2.956898210672690985e-01 1.035121111491903029e-01 2.844752939959074300e-01 2.074629747106740418e-02 4.219926984303352113e-01
4.760787226156777963e-01 7.580977868939185738e-02 3.354003000883167274e-01 1.743046367484226145e-01 3.195238059357040639e-01 1.068168871137668563e-01 4.053723839848981658e-01 1.088123724114918034e-01 9.070209151034576422e-02 3.575264213579228967e-01
3.105182538000716419e-01 3.800320409095054863e-01 1.472917997553832015e-01 2.112517073291982073e-01 5.531807176007770277e-01 4.964530955852468619e-01 3.223929055672690724e-01 5.275062835888276735e-01 3.139923386871457667e-01 2.046542527423041435e-01
4.367159949594823232e-01 3.367067597228632914e-01 4.263817320263937199e-02 8.251198825919256463e-02 2.247845696165584051e-01 2.170871655141690115e-01 4.081165423054577412e-01 4.794805778576171074e-01 7.301858280519285538e-02 2.256523711551253475e-01
3.118782474409046990e-01 3.511198253406079828e-01 3.342011305859423631e-01 5.087131905062347581e-01 1.806048668222969833e-01 6.140832031188384055e-02 5.194749320883588345e-02 5.263953770388643538e-04 3.645359836179538071e-01 4.410726823368270599e-01
2.802274317304265794e-01 2.913717788521720253e-01 5.115580131324681812e-01 2.008318447699726506e-01 2.824047430941547532e-01 1.570570347939162781e-01 1.579524903872686625e-01 4.125764466558278221e-01 3.057420461771871434e-01 3.936686070639217050e-01
2.396691086596050291e-01 2.588271143741704972e-01 3.104029644108939334e-01 3.926721721407844812e-01 4.542040525083886338e-01 3.944875024882243952e-01 2.385585869644202550e-01 3.286549866763193717e-01 1.700707563156633184e-01 2.362445783910228359e-01
1.314843818930865882e-01 3.645006274958269010e-01 3.224786670072379291e-01 2.151980714772570857e-01 1.258873309284273545e-01 7.676654840288024695e-02 3.891871239528449933e-01 5.739352977041570214e-02 4.694828576017253119e-01 3.858936942783527391e-01
2.996653406191126523e-01 4.762721074640161589e-01 3.541779440706052107e-01 4.905423179382912280e-01 5.065856054212569681e-01 1.070715504828522735e-01 1.137415720605431113e-01 5.306388395376177014e-01 1.592833420237794451e-01 2.500758384667584600e-01
3.981257352249006898e-01 2.475679913785989450e-01 2.712686935698652158e-01 4.840743167849820283e-01 8.210595236762949223e-02 1.462835852876071818e-01 2.272238917143851178e-01 5.729227289278769897e-01 4.399289055674693305e-01 4.178669605577442492e-01
2.659255905833977085e-01 1.780231823297961091e-01 5.039588960342069601e-01 5.164805472495659355e-01 3.439138831820933578e-02 4.593009550110639383e-01 1.417422856818259247e-01 3.741978288869917124e-01 2.471046013352848070e-01 4.096234062702807099e-01
3.060989737526069177e-01 2.800992093437871255e-01 3.048396571660627608e-02 7.693508589765099548e-02 2.228335780110737296e-01 2.033988666285820590e-01 2.537870798733194988e-01 2.038424882738242572e-01 4.736392375986989700e-01 3.886471039525657423e-01
4.225478483285565190e-01 3.203513853400850042e-01 3.668559956745403028e-01 1.895411930831584768e-01 3.662627454767763968e-01 4.912657260263294523e-01 3.301473767122718450e-01 3.104272082923103526e-01 7.071649487936780554e-02 2.548909520510179161e-01
4.942935373115659448e-01 8.946480427981241823e-02 2.558892151259332115e-01 3.533023986125604088e-01 2.578367210586671732e-01 4.918084871808925396e-01 2.983011774706992303e-01 3.384103837191785868e-01 2.370893036052213465e-01 2.045082873671808521e-01
3.417197915535118979e-01 5.227205763867982524e-01 5.354780964910379470e-01 4.641471873101620238e-01 4.340810083740883618e-01 3.986193536692609340e-01 2.530874019761954474e-01 4.030466066279692061e-01 4.408653140635726553e-01 2.410057396739918589e-01
3.497890379566218622e-01 4.358735892720401739e-01 3.702432959899651932e-01 3.533995821476776378e-01 1.163340975958804396e-01 4.037093182498434629e-01 4.005016979569349378e-02 3.518891123215948102e-01 3.715423809170769753e-01 3.932135171436410004e-01
4.205536043105038146e-01 1.104113505081694563e-01 9.910664894435231020e-02 1.729029701314886425e-01 3.705053774116275345e-01 3.513114164045516019e-01 3.844723424334561268e-01 2.864334187042054114e-01 2.290985530018763497e-02 3.332047382611125763e-01
5.086991748325808693e-01 1.188904105501711744e-01 4.275869984108568445e-01 4.893759533003552709e-01 4.309532023839885428e-01 2.942833423485878286e-01 3.098585600523038330e-01 3.306607310671480504e-01 5.396792099372884621e-01 3.122430359402619815e-01
2.769328232910022725e-01 3.189437425823287708e-01 5.290026068512458934e-01 4.462214002645701894e-01 4.285243464671161240e-01 2.671557956894552444e-01 1.957935367925689729e-01 2.483092913888467479e-01 2.081262112468344194e-01 4.140656622845922397e-01
2.111238249254881738e-01 1.580080145830593530e-01 2.463385986887709211e-01 4.173210431021947553e-01 1.403482333825305239e-01 4.824044331595971902e-01 1.216006538807479637e-01 4.669200524378929185e-01 2.814116396879324800e-01 1.604702752966714607e-01
3.097213384655864710e-01 8.753644606544269680e-02 7.995446661694820267e-02 4.527781267076930738e-01 3.630276021573616285e-01 2.668301906574220284e-01 2.401165708225026507e-01 3.574406572086810674e-01 4.566754665592386853e-01 3.304933528769675721e-01
3.217863461442986295e-01 4.624213647445278297e-01 2.839630172389964735e-01 4.533642455802946447e-01 1.506648661616389606e-01 7.061810814782358559e-02 4.854048571109079724e-01 4.641171079960020873e-01 4.968337131015435615e-01 4.421037445179198389e-01
3.228841377373309895e-01 3.315267896741124209e-01 3.608408245501274481e-01 1.450791656951365138e-01 3.103340869942635138e-01 3.371631634272334588e-01 3.387745235799178856e-01 1.131540812729475570e-01 2.240122458675463391e-01 3.251938229735910069e-01
3.978352870360819526e-01 2.135307662028926579e-01 3.228468846677806092e-01 2.041974090648509821e-01 1.544558054447748852e-01 2.732301546432358563e-01 3.563792763343579667e-02 1.485823902320797529e-01 1.756939410111099664e-01 1.023679088019446570e-01
1.622189696816848381e-01 4.740558415647225798e-01 1.398264476240330956e-01 3.484956183896462112e-01 4.178288569678300646e-01 3.556369967713190472e-01 2.399116903142297363e-01 2.030594433011321254e-01 1.535301740046276509e-01 2.995410182056447157e-01
3.713929722221694929e-01 4.428398256573408132e-01 4.200016648284211063e-01 3.572042267014434169e-01 3.188550369418075014e-01 2.315841233403620747e-01 3.984835576471233431e-01 3.270019037031215436e-01 5.238901227491534751e-01 4.792836836941730683e-01
1.972311953814859797e-01 3.952459075159301394e-01 2.304098011536518387e-01 1.714404665963086272e-01 3.018029936767215871e-01 1.727585482120777560e-01 2.054752775157726863e-01 5.309960741582712140e-01 1.918710268156129384e-01 4.299512355008187625e-01
5.506859821674761069e-01 1.001837891966030347e-01 8.270746825902873522e-02 3.497945539307188434e-01 3.642256768742477280e-01 4.799162306446812520e-01 4.795142709314536567e-01 5.465948445007142720e-01 3.264100840765761791e-01 3.561193118218161646e-01
1.264978956678794730e-01 2.216178136816046307e-01 3.958503064511424974e-01 3.643496404363915087e-01 1.919712849556911571e-01 2.079370192951541241e-01 4.274501063620625430e-01 3.121362149786109375e-01 1.172983802218063726e-01 4.794230557995547426e-01
7.006409538071470267e-02 2.909321738942883262e-01 2.339557404588414047e-01 8.971177848451926395e-02 3.376376387816468205e-01 5.186769060003063592e-01 4.938170050145299639e-01 3.494974690926463401e-01 4.630890336998585988e-01 4.694909284055577281e-01
1.753590920894201322e-01 4.576768242979454837e-01 3.213447813083008531e-01 4.302868502830192732e-01 3.798448777078742844e-01 3.729319644374534115e-01 5.306398425776008843e-01 1.393164852649467766e-01 4.805246708796816479e-01 2.223849009418055189e-01
2.471799310859070231e-01 4.139687353411405923e-01 3.043147996182563042e-01 3.936267432820624301e-01 4.314498295569347275e-01 1.709713269284545145e-01 2.676010041082090285e-01 4.683200169006094815e-01 2.267459249626679885e-01 4.498822935520548350e-01
3.318610064571440033e-01 3.564109301298271082e-01 2.987794764367641132e-01 9.689781554417004061e-02 4.282034614902527903e-01 2.976297975583189204e-01 1.998282565670266575e-01 3.590077642719943785e-01 2.812753817507079868e-01 3.842685903818673920e-01
3.802444276189973493e-01 1.666624897715960063e-01 1.373168953508595858e-01 3.104089155492368302e-01 1.938298855902002293e-01 3.107652209419743405e-01 4.751725610830736524e-01 9.201595279733680577e-02 4.252461854043304013e-01 2.428641788497565568e-01
4.377228021384685364e-01 4.235066160298568971e-01 2.415474118780239765e-01 2.663616319094291862e-01 2.170231186979506843e-01 2.722203585217350952e-01 4.132031168093372453e-01 1.625616430480176788e-01 2.006112595472586690e-01 4.912300094695796759e-01
4.144972567388833795e-01 4.837016318221877276e-01 1.604744845558485900e-01 3.311904109560785958e-01 2.502416134678200899e-01 4.471468117334024273e-01 5.245927413499793662e-02 6.757603796976049959e-02 4.299921034744944581e-01 5.001991528789710983e-01
1.292593825696182197e-01 3.546300647507719117e-01 1.097216308899832543e-01 3.339369318271812048e-01 4.777409379353665386e-01 1.784370170571518699e-01 5.273889231452337789e-01 2.811357492559802274e-01 2.260662612645426006e-01 2.961052285007357288e-01
1.114239347028581906e-01 5.465282605402085325e-01 2.336144932262622376e-01 4.628094571700025472e-01 7.165776762692911694e-02 1.536836177462485853e-01 4.491507182592036074e-01 4.079587341184998661e-01 4.365664161258289155e-01 2.862076349539749986e-01
4.695543645508168940e-01 2.127229071986631304e-01 3.178908699424164985e-01 3.758337568134570983e-01 1.803824138777123109e-01 3.943751020017081665e-01 4.501532927604118273e-02 3.838067012097535757e-01 4.738733798952711185e-01 1.096124289633386706e-01
5.453995471155631547e-01 4.498509442573700445e-01 5.048667729924060515e-02 4.178362388322187093e-01 5.417200874519972897e-01 4.711048129171896970e-01 1.903855741997358964e-01 1.974199637957221032e-01 4.815971779877031289e-01 1.979927677477315573e-01
5.284267273801247500e-01 1.567946613079768126e-01 2.622185659606260932e-01 5.314475880914602129e-02 4.998923888223684719e-01 3.680318511755164002e-01 3.948952062319269762e-01 1.037828594599094212e-01 5.266480695087563113e-01 3.742446537033410348e-01
1.147041005284080151e-01 2.766283636587819061e-01 3.154859278683541657e-01 3.001181109247439416e-01 5.235139763429074167e-01 1.316897440932114638e-01 4.467147019219930848e-01 4.392139425685576692e-01 2.800725705835027668e-01 2.564491672725280336e-01
5.482239138325669670e-01 2.762762066961064744e-01 3.253700894277924971e-01 6.285393367374327023e-02 1.330879290705618279e-01 2.355085927134889234e-01 4.225925979924717302e-01 4.236932365345281171e-01 3.161225566065110626e-01 4.659336642955708707e-01
5.042281443693696907e-01 4.696887300794841402e-01 5.386813490839170715e-01 3.817820230132427106e-01 2.446112654281576149e-01 2.427295755347761708e-01 1.988773409898589861e-01 4.737092752706020260e-01 3.080490909174788960e-01 3.835730426568280671e-01
4.385643707600780372e-01 3.654709020335178971e-01 1.233013912035558629e-01 1.553295870678375878e-01 2.532211866666903011e-01 3.006987098045658113e-01 4.388203782244775031e-01 4.263822438128397896e-02 2.180559938192346281e-01 3.310040521333929009e-01
3.465434969984308999e-01 3.890732141788444398e-01 2.885623466017699923e-01 2.550111952757949663e-01 1.597717133672888201e-01 4.231150170292604651e-01 3.943493106173286966e-01 4.139857681885870666e-01 1.453461595310454879e-01 2.817383135007996975e-01
2.385534852611163881e-01 2.166352551335860854e-01 1.228814565952317528e-01 2.725001926238424521e-01 1.350918463898559685e-01 4.260803429738819204e-01 5.191515076870694134e-01 3.543794641623188718e-02 4.447145372078240011e-01 3.004328665815877430e-01
8.796626222643882942e-02 1.121608416266469122e-01 5.204099162279854918e-01 3.281541085878078579e-01 1.170848259331614682e-01 5.231480730161910397e-01 4.744588916930973510e-01 3.438303363908733479e-01 1.776937337599995281e-01 5.002216081008846738e-01
3.459205924544486721e-01 2.591727088688891012e-01 2.725489397571654870e-01 1.581260253931134896e-01 2.515936677509387209e-01 1.914165571697896695e-01 2.316914976074512245e-01 4.684980706156657293e-01 4.901346681231413815e-01 4.875857513513265906e-01
3.915739015851780191e-01 4.178165007912358342e-01 2.423680554232865436e-01 4.806842728688749955e-01 1.125062935206070508e-01 1.596348688271538030e-01 3.317055482247366349e-01 4.935815986371042130e-01 3.957053022429783962e-01 3.827787982690605134e-02
1.978274610508210518e-01 3.109921601088867504e-01 4.369860606738976139e-02 1.404371683485622080e-01 1.241706146798212534e-01 2.450831086033893325e-01 4.693421195377869282e-01 4.522302912773128181e-02 4.097812178083457546e-01 2.731965135808735456e-01
3.126291630100174190e-01 4.070500851267773723e-01 3.923103889373093511e-01 3.423174284567985226e-01 9.753543632779930472e-02 3.422561552885281522e-01 4.598641956972502332e-01 5.046714431353637176e-01 3.218508512660105958e-01 3.649818129811093215e-01
3.393298772326955315e-01 3.269647217608070977e-01 2.118137831545572336e-01 1.221516617199165794e-01 2.933762980939613185e-01 3.414038968106045679e-01 2.658332051200342216e-01 2.396395571625007381e-01 3.241961229203459416e-01 2.588923937450305357e-01
3.889218871383482989e-01 4.511430893247151963e-01 2.434922241202865101e-01 3.743066642044212133e-01 5.289349967789228613e-01 4.927078865307589761e-01 4.731694451169973226e-01 4.564127530620168960e-01 2.122446917307116154e-01 3.336334005014401916e-01
1.865236287769562185e-01 2.216421964775050213e-01 5.255397939138310992e-01 4.418080507644014943e-01 2.485420806469007537e-01 2.379191979156231040e-01 4.434373809696177671e-01 4.051689911083444784e-01 2.498491113241524397e-01 4.681152395334286509e-01
3.020646489034846671e-01 1.083685886131879883e-01 3.750828393579033748e-01 2.458449904623427329e-01 6.015703868830894058e-02 2.807297528282881038e-01 2.807262364116187570e-01 4.886858377270779097e-01 4.716692365817670707e-01 3.609528285968228722e-01
4.280185750650960519e-01 4.726686109738066355e-01 1.713549898670332361e-01 4.140315107427539054e-01 2.441868117592297383e-01 3.094078213684587908e-01 4.011753017406238242e-01 1.372731612538890533e-01 3.867712293098690135e-01 5.030053223052418643e-01
4.623049434963231313e-02 2.288946761009376385e-01 3.503841153346287096e-01 2.252230493640978437e-01 4.607266475086417845e-01 2.770573376568348234e-01 5.304565747425059596e-01 3.975927754754455257e-01 4.334641583959067956e-01 6.688126161525426161e-02
3.260975316674070146e-01 8.430842830469834071e-02 3.410709752585027732e-01 2.722863496522555105e-01 1.926371616836017320e-01 1.612573807577527274e-01 5.334478446758019743e-01 2.244709705304173131e-01 4.821951288304372474e-01 1.854301045615812105e-01
4.068606509881085298e-01 4.004413702769153982e-01 3.650562553732723536e-01 5.244742118184455570e-01 1.631921213609739685e-01 1.247176134559142696e-01 2.242536660467975562e-01 1.628553554816931925e-01 2.460046757585475918e-01 3.343066125256498045e-01
4.530138228900786324e-01 3.100655125216582042e-01 3.676706851880348625e-01 2.413224193792742334e-01 2.041610062293535144e-01 4.719583013634075508e-01 2.608783284342044984e-01 1.394577895402204781e-01 4.084940219102202730e-01 4.055321594215704484e-01
3.689596910526944940e-01 1.394320324825366886e-01 4.224004047106949544e-01 1.473778070272553087e-01 3.963949757852930911e-01 3.477577275418174962e-01 1.360090975184975737e-01 3.873305703437816550e-01 3.392991728545147745e-01 1.681529900998393057e-01
3.340687853538495400e-01 2.126506909974985315e-01 5.035333286062110281e-01 3.129971051681957328e-01 2.170243714772240595e-01 7.469921154897653237e-02 4.728719794418049238e-01 1.206847387568595470e-01 1.420366602335299266e-01 2.734078666929631307e-01
3.486536255231059700e-01 4.471777732325540322e-01 5.215197162706508571e-01 4.856580591897960431e-01 5.346037785058891378e-01 2.762410745644177101e-01 4.964565318118631110e-01 4.298093621561795974e-01 3.261181104896324068e-02 2.512181902565819303e-01
5.133329885796285019e-01 4.035199901112020426e-01 4.307385841158088979e-01 2.405021951352794563e-01 3.446660089574442587e-01 2.555292250486247418e-01 3.850248913725095590e-01 6.200139208809134911e-02 2.938605204747623545e-01 3.722630729790554760e-01
4.458800526273198894e-01 4.089563751040408701e-01 1.855869748905508154e-01 2.147617154255264116e-01 4.929043494520071178e-01 2.414458170736183407e-01 2.868935302844872748e-01 4.690664491691546312e-01 2.039373631670432507e-01 1.317481898819739539e-01
6.694471230194211364e-02 4.815345386352005708e-01 2.273544393187707791e-01 4.609722004005250562e-01 4.370494311224963901e-01 1.521887539108045251e-01 4.469700033641992309e-01 1.655058911196075344e-01 4.376921606716149271e-01 4.260125198879133324e-01
5.391360047814673928e-01 4.182991044192029828e-01 3.174067609001907653e-01 4.892510342654081690e-01 2.798991363282711253e-01 2.570466950560031383e-01 4.053620506141173974e-01 7.708775156746344726e-02 1.854017993058975633e-01 1.463219641078575550e-01
2.923374433068436362e-01 3.450161824335620242e-01 2.901009058792687334e-01 5.110765016945308936e-01 2.013912627820918511e-01 3.626460254679776396e-01 3.632615726220310703e-01 4.609440068676983193e-01 2.179472201805288112e-01 2.573333455190625063e-01
4.149534907655885729e-01 1.841684561010591414e-01 4.805273083249211874e-01 4.404611366362500835e-01 2.868179642857684453e-01 2.787379040527040441e-01 4.398429793622407047e-01 2.624738134335508621e-01 4.966427178526379160e-01 2.478652356646414145e-01
4.045142155126684180e-01 1.976770375967466520e-01 5.611098327269457009e-01 4.997880390616800117e-01 4.881328571925331317e-01 3.361994263192181198e-01 2.956949585460131313e-01 -4.726871727764008456e-03 2.941717780354162759e-01 3.406926064405739196e-01
5.184483652893036032e-01 2.250602706003712872e-01 4.795558518590784525e-01 3.525468649295104839e-01 2.048237300999661559e-01 2.965790272825247209e-01 3.680158411662000084e-01 1.583022492414371263e-01 3.845208400617785433e-02 3.767556943539144831e-01
2.266761358102847845e-01 3.203418858495969967e-01 4.871599547132622332e-01 4.593190329290187668e-01 3.613500884834449089e-01 3.665577731903345571e-01 1.451106392573485171e-01 3.031808945758924234e-01 4.719916509936707971e-01 3.386697748036341937e-01
2.404743546070692017e-01 3.534218771729282227e-01 2.564268945264353561e-01 2.340736927576564097e-01 3.061233558854633552e-01 1.899419821382525853e-01 3.456958260202406263e-01 9.216217379870664250e-02 4.363471786745106162e-01 8.634677911419848251e-02
3.061869565003955129e-01 2.525181471124184895e-01 4.261053918226451187e-01 4.619097241507398866e-01 4.617627618588999727e-01 1.959365132808840726e-01 3.143740948990045858e-01 4.700648176588667626e-01 3.557688987116195412e-01 2.083860985136538613e-01
4.827943326554742787e-01 5.082547263258279102e-01 3.331964938386419717e-01 1.337441593740893164e-01 5.457537999775403242e-02 3.466744874132147158e-01 4.756780972326823953e-01 7.440294091314525460e-02 3.989557925131863025e-01 3.714686368960422036e-01
3.936888563014511178e-01 3.590124142014471942e-01 3.187627596064265822e-01 2.708426093482702024e-01 2.388497872900448016e-01 3.008763479176828626e-01 4.723314537412431346e-01 5.568915877371215517e-01 5.014440985124254402e-01 3.639610745144374881e-01
4.794523769599347007e-01 2.025297721412415985e-01 3.157857192954912073e-01 3.575196006322147180e-01 3.230087038801562338e-01 4.197863004091462735e-01 2.894294149811594830e-01 4.549373959149703439e-01 3.071773867642011990e-01 3.299390777073635261e-02
4.288129395221268458e-01 5.684259746006766756e-01 4.551322386973034595e-01 9.532230917761640165e-02 1.932304823712319986e-01 2.489386822927548981e-01 6.597797255029907992e-02 1.760270613130333339e-01 3.530349503926431542e-01 2.964075570822736205e-01
5.093883275325979954e-01 5.238798760588156966e-01 2.614562066661252349e-01 9.478628781517482726e-02 3.238175178424445577e-01 3.133055530918925635e-01 1.717888287883365395e-01 4.387364120626832120e-01 1.221205473278393766e-01 4.115643513019922595e-01
1.168788224359148670e-01 1.164169856311057238e-01 2.423305806110465643e-01 9.846463367131427780e-02 1.299661584066719444e-01 2.750729366377043239e-01 1.468597451850584268e-01 3.202237679381938484e-01 3.644551470974296548e-01 4.031498182482479709e-01
8.300645337573246685e-02 4.581818362682042456e-01 4.174169496125872403e-01 5.110622973175683592e-01 2.872522420178232339e-01 3.259569318010028249e-01 1.798683993075683996e-01 4.971247675541173305e-01 3.715017709707339466e-01 5.215201250556222856e-01
2.803986682748799697e-01 4.523421247579861859e-01 1.450142966104636943e-01 3.562815134396151717e-01 2.494122556770575760e-01 4.813209044025745786e-01 4.786020502290164180e-01 3.570375607496605319e-01 4.722792042612556918e-01 3.799782036791778395e-01
4.644287302047082622e-01 4.004592409796938757e-01 4.336733993960139588e-01 3.888389460727140201e-01 5.201411154122762559e-01 2.985999166136197314e-01 1.723823427387573548e-01 1.376490094998452651e-01 5.117870183753897573e-01 9.708484925726618142e-02
4.302887151476061933e-01 1.338785162605893586e-01 5.289177997674472387e-01 1.919594160030255181e-01 2.892740938711977905e-01 3.726404634070076133e-02 2.495181706856252346e-01 4.668955175498072929e-01 5.005243492154743956e-01 2.568229843558224035e-01
4.291960091608033045e-01 4.050737859650143102e-01 3.865541661299448095e-01 3.889990806026247805e-01 4.295832017233804367e-01 2.697184548687210914e-01 1.689903206410207082e-01 3.825094825407116539e-01 3.932244348810147172e-01 1.489438753588122055e-01
5.137631200775628626e-01 3.574013059953344840e-01 3.734332972065868700e-02 1.796391795404970737e-01 2.550136665414279857e-01 5.198603718916291472e-01 3.732977081152031307e-01 2.237011883560107439e-01 4.230529604007599587e-01 9.149292676826335791e-02
4.686424036447043445e-02 2.917598442967850314e-01 3.741341820295290832e-01 4.679748191328662044e-01 3.668238529020323435e-01 1.342583815537647385e-01 3.048601123726555340e-01 4.268296666044037457e-01 4.028105808671064714e-01 4.181568953318891557e-01
4.589821216951082139e-01 2.923191844669256190e-01 1.528910268276371665e-01 4.493537672005983863e-01 4.721491284362998586e-01 2.199859444443557910e-01 2.198150173072532521e-01 4.643443359180107755e-01 3.251151857850749227e-01 3.585154490659011595e-01
1.332722267019974538e-01 3.452990952913194134e-01 5.458053127402174853e-01 5.263313119627469616e-01 1.326115277632266831e-01 2.642069789595433704e-01 1.155274668366298718e-01 1.207903639447061202e-02 5.311453749037319261e-01 5.383777279369039714e-01
2.962096909825773783e-01 2.534171751514431858e-01 4.204197564811489318e-01 1.493338002932056707e-01 4.711510895340118021e-01 1.538661318528728728e-01 7.556623019290381604e-02 2.961715351434426879e-01 2.672013008268766393e-02 1.072561205254438238e-01
