0.000000000000000000e+00 0.000000000000000000e+00 0.000000000000000000e+00 0.000000000000000000e+00 0.000000000000000000e+00 0.000000000000000000e+00 0.000000000000000000e+00 0.000000000000000000e+00 0.000000000000000000e+00 0.000000000000000000e+00
2.714609058328120161e-01 5.080869011768820998e-02 1.810775216597602655e-01 2.533680151927297231e-01 5.132287374517248424e-02 1.133576577686598724e-01 8.436319574344783301e-02 4.881159500954465602e-01 4.084882806232152941e-01 3.262544047625967059e-01
2.974964799425418027e-01 4.264429076801391494e-01 4.318997159872850489e-01 3.759498044424113283e-01 4.689782387127628960e-01 2.119825996838613502e-01 3.328927045108239224e-01 5.311323616795674551e-01 4.635954867727433704e-01 4.488207827450412246e-01
3.886490671442037192e-01 4.982849410043339589e-01 1.123178375864012091e-01 1.360740058782638484e-01 3.041081363826501627e-01 2.928208941368675156e-01 1.917692872360015899e-01 4.540278187776409236e-01 2.401778964107568470e-01 5.026710170649429932e-01
5.178135680343051162e-01 4.544866017571799754e-01 4.596654651032883176e-01 2.748369273175219618e-01 5.140796759602160870e-01 4.811663661898252231e-01 5.535834478055725594e-01 4.154509340680349605e-01 4.260002002998463655e-01 4.946249891162126100e-01
6.941568670773619332e-02 4.914929041516479802e-01 4.235389352884040837e-01 2.874456631315607802e-01 1.904502314077226588e-01 4.750895643050901951e-01 1.264072250078663029e-01 4.672316205272581957e-01 4.712823336817479336e-01 1.370725754045442613e-01
1.443370869917529886e-01 4.047342756851977086e-01 1.564938031268449103e-01 2.994140051040733996e-01 2.217250688771564004e-01 2.462619426126286537e-01 3.715224207744583507e-01 2.990158942975160161e-01 2.768012471625914128e-01 3.792292245697624353e-01
3.695721606675871906e-01 3.859338322650567865e-01 4.115342253559598484e-01 3.863445382924142746e-01 4.006637843297556345e-01 2.371459931691106693e-01 8.656253736019747791e-02 3.168173580372409259e-01 5.134234444191582147e-01 4.049802046383076948e-01
4.544822722226841138e-01 4.205753762125319373e-01 5.017544879359919774e-01 2.926418282515042546e-01 1.988971036006621784e-01 1.878433422337332515e-01 4.747738784558874769e-01 3.158638373978180924e-01 3.826620094063502009e-01 1.589845790113519619e-01
2.985701188096649417e-01 3.767056415219215970e-01 4.359616554305278391e-01 1.461488232313745417e-01 2.150823180599221451e-01 2.579882504899303486e-01 1.036157937018328673e-01 3.116413407981437622e-01 4.113060434390873876e-01 4.534995202467830833e-01
4.383368816219967434e-01 2.141346766619176833e-01 3.312056043554417739e-01 4.182006330303222330e-01 3.853326830575869999e-01 4.486960613524270114e-01 4.720227903220816090e-01 5.698089438457253353e-01 2.702617898899264404e-01 5.143185558184280026e-01
2.263714294229546842e-01 5.363329275413940278e-02 9.054802892132234049e-02 2.351500355197861936e-01 4.502675334700861898e-01 2.353790335476175499e-01 2.107434693780843582e-01 3.323973368047575261e-01 3.118261736948128027e-01 4.182993215155028643e-01
3.393096716283471315e-01 4.819340726010973852e-01 4.558879576663007471e-01 3.772374462837795317e-01 5.167779794091331702e-01 4.054584263310763159e-01 4.038364331485361225e-01 3.012302135941701819e-01 1.177620179162986169e-01 3.850132186867682438e-01
2.865560331241681635e-01 3.879656978454588678e-01 4.178203243612270690e-01 3.155351613747598427e-01 2.180418179034299825e-02 3.717927978194272010e-01 2.293657362325660642e-01 3.611676919784179707e-01 4.474307114305917099e-01 4.019371006282302927e-01
6.260133827797915995e-02 1.181565167471820554e-01 1.544216756731815188e-01 9.873330753867837206e-02 1.698634016917050515e-01 2.708411957930368930e-01 3.179149584692547714e-01 3.762884848258692405e-01 3.557530408861452886e-01 9.664358385338663038e-02
2.894040441535705721e-01 3.774267491392359064e-01 4.406114644564301241e-01 4.362624630963712336e-01 4.045754704805459845e-01 4.196169031233501490e-01 1.896273062499121420e-01 1.084254743044568009e-01 8.092316051532390253e-02 4.615076037400934750e-01
9.894139485240079079e-02 4.404954060045145892e-01 3.500183890354054417e-01 -6.038553733547079305e-03 2.476061931220887857e-01 9.414139763433169994e-02 4.991759730114057048e-01 1.653030039990452393e-01 3.869102234243831928e-01 5.044516279775634882e-01
4.659786653379605070e-01 4.159919366390632534e-01 1.394672359744624224e-01 4.008170069473054875e-01 4.932020966311144727e-01 2.550612251179734669e-01 1.002332884279010378e-01 3.015013892388980210e-01 1.120502118860869922e-01 9.132879608963241636e-02
2.739057409536330145e-01 3.157954673952615421e-01 1.564222482953178395e-01 1.889549882707839412e-01 4.429843684097786727e-01 1.303720071490951926e-01 4.686200102676422730e-01 3.054963161602585187e-01 1.352154626063545861e-01 2.792688194416331759e-01
4.151697784100656929e-01 1.626352143425629226e-01 5.243225528847752503e-01 2.449416465190928094e-01 4.337677578288330338e-01 1.009974987123796880e-01 2.712425625287768760e-01 4.275380074113253603e-01 3.655060148714936452e-01 2.610511982877597448e-01
3.725792920471031611e-01 1.351710997487426125e-01 4.058080542070430230e-01 2.628896382592695868e-01 2.120257057880967910e-01 2.123769376314628143e-01 3.840610939291826398e-01 2.619113546125145797e-01 3.730470342082265467e-01 5.110423667679739879e-01
2.766627379012916998e-01 4.624480438113531267e-01 2.993317165916727918e-01 4.888454819032765908e-01 4.520101280804817434e-01 4.169728500234064911e-02 4.294874138877365355e-01 3.371891602156192880e-01 2.180278781733693549e-01 3.843108491391766246e-01
2.779089334025890423e-01 4.198948891450987042e-01 2.848360328893810856e-01 3.178760048257355253e-01 4.083810248605544979e-01 4.803637361944046447e-01 4.062313274700314336e-01 3.401181590313655523e-01 5.347137106339648893e-01 2.663509029779670967e-01
2.306916643001629963e-01 2.785126785489185353e-01 6.898720107553917014e-02 8.113192998779872323e-02 3.322517721669672741e-01 3.221321708007177098e-01 3.826116423113237186e-01 1.533583205888792711e-01 3.480299326908760649e-01 7.110712917658536247e-02
1.648136842719988004e-01 3.430737588988543862e-01 1.715911373877906099e-01 4.352236919933169523e-01 3.822939646202738739e-01 5.560163483211394420e-01 2.824087634046992257e-01 3.354584995071662190e-01 3.334843829235360491e-01 4.315364151768817935e-01
2.807769617882815427e-01 3.029960470666676620e-01 1.914068453679768633e-01 4.304121133208770322e-01 1.172787604243754889e-01 3.261263841644288508e-01 1.785561347046164815e-01 2.977396064874120452e-01 2.779061497500929789e-01 3.149228355385820799e-01
4.075599028843722160e-01 2.166453960301704257e-02 1.827328001162965010e-01 2.576444012841078712e-01 2.506790928827493103e-01 3.720559189481938978e-01 5.201679295411084647e-01 2.655492582253481393e-01 3.067757742079696426e-01 2.436715653287053751e-01
4.814335018375631159e-01 9.574672519860369380e-02 2.273026659010873585e-01 3.677717091376290770e-01 4.827102672274514727e-01 1.732840255522097306e-01 4.925171890284157361e-01 4.875950726359500331e-01 4.083243448097100270e-01 3.794077020278695256e-02
4.177207718904628053e-01 2.837482221310371755e-01 3.135390832468618605e-01 4.017699931312596617e-01 2.511589483424455649e-01 3.488708687365634775e-01 2.640380723233931581e-01 3.936803069743083916e-01 4.197250667111821487e-01 1.741380779659706945e-02
3.815325771074850603e-01 2.461337159646019845e-01 2.524859099708454679e-01 4.353720212472780293e-01 8.450149700503838124e-02 1.173522198860839534e-02 2.646382409296585414e-01 3.865161168685541382e-01 4.409606456700982391e-01 3.105917191879954409e-01
9.652128875442606004e-02 3.972384945592064703e-02 4.997304817509680697e-01 3.920616311237424823e-01 1.449855624033722090e-01 1.840497697225514373e-01 5.023895537284671642e-01 4.589940931140175651e-01 3.856332444707632479e-01 5.059150651573891544e-01
4.379469744192626135e-01 3.882662668788902649e-01 1.482853969636602764e-01 3.902317425149562369e-01 4.150297738120755087e-01 1.499753566342852847e-02 3.925670253096483764e-01 3.159401470185466687e-01 4.794996941595972562e-01 5.162223073734177881e-01
1.926665742734849918e-01 6.904947216886700434e-02 2.128458785114171470e-01 1.106827031596366584e-01 8.359653715969743437e-02 4.080977806357745652e-01 3.883895525264304260e-01 2.695559468985981311e-01 4.140813218297980103e-01 5.083214169885563738e-01
4.544263500356049978e-01 5.221289881407474853e-01 4.502097765010212860e-01 6.718945159751416041e-02 3.589627054164727937e-01 2.850126004211023245e-01 1.174786069068552985e-01 1.450375353831452607e-01 1.364202881836787951e-01 9.142944912897497944e-02
3.191704183459341260e-01 2.686213096251095500e-01 1.422312048972224907e-01 1.805236889108620124e-01 2.131817309177673758e-01 3.650923135928091368e-01 3.069245781121875960e-01 3.732453018515237142e-01 2.853566218816209199e-01 5.140333190008549158e-01
4.509974405281110266e-01 2.919131493638324470e-01 2.156130515178262819e-01 5.107188170306210528e-01 4.012716708765788343e-01 3.703674454666732174e-01 3.510277162891378144e-01 3.642572556857956445e-01 4.304037695913105477e-01 4.635386537281125929e-01
7.340528699565732063e-02 4.084831168738726204e-01 2.275094838604331260e-01 3.661607140137349559e-01 8.761064743710970937e-02 4.182395729807951157e-01 2.702664534325455170e-01 4.851751184827842595e-02 1.442799913524802080e-01 4.604626691569834174e-01
1.324904731823933479e-01 4.366620327035592997e-01 3.164357424364493965e-01 5.291545711208915925e-01 1.332209159988551606e-01 7.464730431522152709e-02 1.989161355712747992e-01 8.753931298789680016e-02 4.346873715304253594e-01 2.985494299527248138e-02
2.116018529004428939e-01 4.057847672204795697e-01 1.505416406083101843e-01 4.813761938978456945e-01 3.219728635840208297e-01 5.049988590145378931e-01 3.496632682044660823e-01 2.280919544754504980e-01 1.696989940129517149e-01 2.405118306496596137e-01
7.191326796361241502e-02 1.543158453541739750e-01 4.843881118697385690e-01 9.268416279994863560e-02 4.247235675445704683e-01 4.497668583532670183e-01 4.255844872731058826e-01 1.503859569130801543e-01 4.974087021498101446e-01 4.474924523824062028e-01
2.529889169969806173e-01 3.484003610568822129e-01 4.276820373968825417e-01 1.914585491213564306e-01 3.391560873543575383e-01 2.239794852943464698e-01 4.073533714953221918e-01 2.704231034517511345e-01 5.094231503992661114e-01 4.373472110437439664e-01
3.698593932955052122e-01 3.965872032637083322e-01 3.979213769113322252e-01 4.495943567164289445e-01 1.872835500325664704e-01 3.932303110504891674e-01 9.346666340096200509e-02 2.777683005767427882e-01 4.706303357538578203e-01 2.978440318999888148e-01
5.298120360083019564e-01 3.628090175838369902e-01 1.286997882397095672e-01 5.520162170731985896e-01 4.224199742893070542e-01 2.532364467754826820e-01 2.801214823167140211e-01 3.695195957002196385e-01 3.450417887422071450e-01 3.669034757682700376e-01
8.609061581834366594e-02 4.552431026056616425e-01 1.699992814365629268e-01 4.579096726437736353e-01 3.441393467929664829e-01 4.699480520148525131e-01 4.466859575614006705e-01 4.947136929971364672e-01 4.306998141934153534e-01 1.274771664719958064e-01
3.399762663178943489e-01 3.785289491647821358e-01 8.850798692615738372e-02 8.149167540767804363e-02 3.843566907074221217e-01 5.358105281216734017e-01 2.013859454127571169e-01 2.942351734867666990e-01 2.844761114048596218e-01 2.763325503595161492e-01
4.592633421277306227e-01 4.680737213804231356e-01 1.562435680850997044e-01 1.035098641400944708e-01 3.314370995107561169e-01 3.777102632037458718e-02 3.378203030480359526e-01 4.997502910458125891e-01 5.584415500290914464e-02 3.237704489428892551e-01
2.568051883874726271e-01 1.393980261662920717e-01 4.758522736760332217e-01 5.236275124718192675e-01 4.511325350262972989e-01 2.979965244390345158e-01 3.658560806195914616e-01 4.041649986667141259e-01 4.352045064342697223e-01 3.063424741901437098e-01
4.404327705168188389e-01 3.762516872236255638e-01 1.538543129527898679e-01 4.287547617365625174e-01 2.634095337999398656e-01 1.085640178377725723e-01 3.433910774515284703e-01 2.147347311854798657e-01 4.546302815314575141e-01 2.358343417616211302e-01
2.661928175905768912e-01 1.142346527964899078e-01 4.251707134664387544e-01 3.662614736077484112e-01 3.347038503054892145e-01 1.947727916167067974e-01 2.346566639387734632e-01 5.045927286431014513e-01 4.903481977120253688e-01 2.072709178401359043e-01
2.353629523005502377e-01 1.862664745234265395e-01 4.983083596238729318e-01 2.704885914077251319e-01 2.001706061039417173e-01 4.696631004312757374e-01 2.455451756686435616e-01 1.850369556388662129e-01 4.587821026594320339e-01 3.056963034162248349e-01
1.818345098838532181e-01 3.705896112573907608e-01 5.573548110644828413e-02 2.771730451211392721e-01 2.492562448935928265e-01 4.193850432777476156e-01 3.522479857330705344e-01 1.664657457050250366e-01 5.442656264832398394e-01 5.413165029943933781e-02
1.975386329690771714e-01 4.483936971264961269e-01 1.975454055163278766e-01 1.925747496112147350e-01 4.276577711153926598e-01 3.204800916611783013e-01 4.084504402861175443e-01 1.416755641361251983e-01 3.556281339890721149e-01 1.913944074061360301e-01
3.413361268586157515e-01 4.166852063322649680e-01 1.432047003322597656e-01 3.247435173250858842e-01 2.269811022273067469e-01 4.746206285899273181e-01 2.538982958595390471e-01 2.989892122249428463e-01 1.946398582733716576e-01 3.201335745731892501e-01
2.396454900171531566e-01 6.411826243837709383e-02 7.217160278543127694e-02 5.425484519011453816e-02 5.025913542519060417e-01 4.726502151035484323e-01 9.662443055119053492e-02 1.729013946905489096e-01 2.493148343356848817e-01 1.510044795439226262e-01
1.644162729337165507e-01 4.171724374066094199e-01 1.788430937134512511e-01 3.959414666581052011e-01 1.126460979855282984e-01 2.410405963138113339e-01 3.395266545565635008e-01 3.293797023784773847e-02 2.590872555452017889e-01 3.746188585704046670e-01
3.726343106887937684e-01 1.668494041954171614e-01 4.597647897737841549e-01 3.495255852442447075e-01 3.310605722749879187e-01 4.530411121486150883e-01 5.084509377116354090e-01 4.075882245327192566e-01 3.140915278767618113e-01 3.832145864492349507e-01
1.936067990373042391e-01 4.931093345443662845e-01 4.940528757330497900e-01 1.082721552079633776e-01 4.453110854727850842e-01 2.672075731612952865e-01 4.737882276659944325e-01 1.214980974782869233e-01 3.230916818861097051e-01 9.354944933685252484e-02
5.131603967068616434e-01 2.074989765235152606e-01 2.287419914180007507e-01 4.766977841180077002e-02 1.290640685452637548e-01 4.736842262572973916e-01 2.446684265443984929e-01 2.408616994806714318e-01 1.653955369546776799e-01 2.909483053077261405e-01
4.447801823427093293e-01 2.075592375208540896e-01 3.362464572977564292e-01 3.653896284139668826e-01 4.266215351455142080e-01 3.458716565470190685e-02 1.728065826845839870e-01 1.344801023347265700e-01 2.285042842421126374e-01 4.869819927101631807e-01
4.839962261030720247e-01 8.958796561804054093e-02 1.605810097002495218e-01 3.991293639723483833e-01 3.030242657274789253e-01 8.742124528740198575e-02 3.796975876527162730e-01 4.308197046737210489e-01 3.392124227169177608e-01 4.311597217103850799e-01
1.199139644167616786e-01 2.957399318759332818e-01 8.119979371640012600e-02 3.385854279515181364e-01 4.065298634216697460e-01 5.363017244164139941e-01 1.649074244063098993e-01 4.528771031042748141e-01 4.837404932979493255e-01 3.707609622177463482e-01
3.290341164963337950e-01 1.776464613544095350e-01 3.324947352968592451e-01 4.293223754892788735e-01 4.181762895933713309e-01 4.101546170486294884e-01 3.102125397171065502e-01 1.930328999368816079e-01 2.536817208912759969e-01 4.647734299162750160e-01
4.604194957540465039e-01 1.243415969857330633e-01 2.176886550343855031e-01 5.501603268734547511e-03 2.439377102945425868e-01 3.489147558999235454e-01 4.473571115752160154e-01 3.104200871896017899e-01 3.126579681009987177e-01 2.472219750983108977e-01
4.673291759889030006e-01 3.593619350322426187e-01 4.897383005974407788e-01 4.255067551449134844e-01 2.759478286913787451e-02 1.534211733179983161e-01 2.511763139891021734e-01 1.213572017944616749e-01 3.596157467960414689e-01 3.705636103823142236e-01
1.582522467244324715e-01 2.310765947733296743e-01 2.352774429929565814e-01 3.461332504000653176e-01 2.778544062089540745e-01 2.209443015213068129e-01 2.288138186043008615e-01 2.840484507249004253e-01 4.330451644687693946e-01 4.569890820796549402e-01
4.082172233421756946e-01 4.133920758579388566e-01 1.223846267180883074e-01 8.329916931931187485e-02 4.998702497223523888e-01 3.951083140995670373e-01 2.428624140440080459e-01 5.123821674705639762e-01 2.070841849126784928e-01 2.094662612622860964e-01
3.181305833307471742e-01 3.535453039801098041e-01 2.962073070161616584e-01 3.599621289241373145e-01 1.486812981218709750e-01 3.071735246566590360e-01 5.005249586966243891e-01 7.547698149754233921e-02 3.360470119080751217e-01 2.403407328765992113e-01
6.574263519734621641e-02 6.666737778915575452e-02 4.602043876019316082e-01 2.538876720620282801e-01 1.226993313968115368e-01 4.916074686964603258e-01 3.946798883447453776e-01 2.936915649994941147e-01 6.598310435654285155e-02 3.810469403687100631e-01
3.163460649335963493e-01 1.650091304226894706e-01 4.376712980903841310e-01 2.081856495524176953e-01 4.763058763019060171e-01 2.185704557869474762e-01 3.947437732184116976e-01 1.311173890406528431e-01 2.455106073014787227e-01 4.189709297682549516e-01
8.693316744450155231e-02 2.162119461685940158e-01 4.695979519732328966e-01 4.464009728609307226e-01 3.597842182106173459e-01 5.022242492193176519e-03 3.396414959139823497e-01 1.018708147332366143e-01 1.001582559761016317e-01 4.078985897483292655e-01
3.981770514919252824e-01 1.775865727395020133e-01 2.142154968164527717e-01 2.027277565693436367e-01 3.877302636232715094e-01 2.337917807868164222e-01 4.129502974895288281e-01 1.711370198468887271e-01 4.400954722378041528e-01 4.094074461588171343e-01
2.826872138905484055e-01 3.287451792649250248e-01 2.454474208840155824e-01 4.472944455726043378e-01 3.842270217768955498e-01 4.569611670642092505e-01 2.358053565996665046e-02 2.952003408178012211e-01 8.933486969135193134e-02 2.537777784652522906e-01
1.760154661204199611e-01 4.284794798671418548e-01 2.239031749669824767e-01 1.837746353100381258e-01 2.168278444868464161e-01 5.247022412485725651e-01 1.644861781446935733e-01 5.519761405818865430e-02 2.169694992915188192e-01 2.674213970972935672e-01
4.157759582634713014e-01 1.587423686923347399e-01 2.772574660946684477e-01 2.894566664756014762e-01 3.643982287797113973e-01 2.069567442912597643e-01 4.809949327847819478e-01 3.747904512766768170e-01 2.773172886311829344e-01 2.907213064587709228e-01
3.806456133613914106e-02 5.032112653120842660e-01 1.608417308546078728e-01 4.518780191779008248e-01 5.106065526418869238e-01 2.313921921737733048e-02 6.690223129378611300e-02 1.415732051538818592e-01 4.331837570140968374e-01 3.208243829168216932e-01
3.160863397907578420e-01 4.099589207213408804e-01 4.476278952758165341e-01 8.402215239164402549e-02 1.358442746641013721e-01 2.690602108745091536e-01 4.499743166456847687e-01 5.829599982521382201e-02 3.438281666486805999e-01 5.513594393989880160e-01
2.218549731928889934e-01 4.484131721069640197e-01 7.429896393857696180e-02 7.407623097840404514e-02 3.885465361023052733e-01 4.455798037093426922e-01 -1.589342198532758474e-02 3.992738531871225516e-01 4.154271361108491378e-01 4.175806192701260189e-01
3.886334726954179808e-01 7.320041683841012337e-02 1.269151293358551924e-01 5.245235715897944573e-01 1.219028019420645148e-01 1.948392926558779603e-01 3.495617802337766533e-01 1.931236230093050787e-01 2.588796709690003306e-01 2.348244782816331644e-01
3.762754071504770259e-01 1.427468990336077381e-01 3.312167856104811237e-01 4.807271952239765000e-01 2.398371664189586916e-01 3.919614263157356615e-01 3.770699391874249851e-01 2.993945707177261828e-01 2.002480128153816541e-01 1.464719928198519594e-01
4.566407259424086207e-01 2.625580020965274652e-01 4.620606570672387559e-01 2.917586944231608248e-01 3.605917788037399374e-01 1.703756359547057009e-01 3.843187731624431169e-01 2.269512933582487624e-01 3.573332984285211289e-01 5.882148817839012722e-02
3.757671943506397660e-01 5.278275567108675626e-01 3.897425929367991926e-01 3.374514727660620772e-01 4.437051571824188745e-01 2.475799033783875891e-01 5.030804272015847456e-01 3.142753253818171277e-01 3.731746550644195470e-01 4.614270930858386799e-01
5.035427839612384160e-01 4.632349106245751691e-01 1.438884617110673669e-01 4.492044005807470652e-01 5.367884173664922987e-01 3.659011687865582618e-01 3.552829931385756979e-01 6.666737778915575452e-02 3.801511953505261054e-01 2.172102129420201144e-01
3.336078493599353156e-01 3.267329837854985319e-01 3.420542825708006718e-01 3.408805968910938455e-01 4.667455443996021414e-02 2.001185633346401482e-01 4.535663103734493551e-01 4.074768525853115358e-02 9.300459490183961286e-02 3.782907223695753940e-01
4.436540746026768622e-01 3.689725920558059036e-01 2.406186028536569377e-01 2.811376452138523163e-01 9.901257481975521413e-02 2.629937956182096248e-01 5.752634078895385583e-02 3.849365835736145991e-01 6.861537688285607173e-02 4.055256169128547417e-02
2.511654682094676683e-01 5.632406034412140716e-01 2.593351582779908626e-01 1.897034756971139047e-01 4.019226325372208808e-01 4.153912122972965304e-01 4.382101168954462556e-01 3.614683716087438992e-01 8.621584571514331885e-02 4.531796395307092773e-01
9.669755184171718171e-03 4.310967694387611293e-01 1.530623936216057024e-01 8.073945065274423794e-02 2.200715073574312786e-01 3.175852850530584415e-01 4.211343780968638817e-01 3.285850467915641393e-01 2.770033903381375340e-01 3.381701256371822950e-01
4.896000978477994536e-01 3.154225573968691965e-01 4.671408205906258382e-01 3.800685938864966640e-01 1.827003458564849803e-01 1.797477809481222433e-01 3.353373896132270104e-01 2.649017340196116455e-01 7.595896244122474217e-02 3.898697974402823840e-01
3.505920925889065010e-01 1.515270993202301186e-01 2.879656222399553100e-01 1.560961849429072235e-01 4.813352686066670882e-01 1.377431149526605614e-01 4.411044176219176549e-01 1.767389709124836672e-01 4.511620367830625478e-01 1.703143720840822606e-01
4.146882362414145429e-01 1.752496362134971508e-01 4.760482769237788236e-01 1.975721095767438984e-01 4.966122502225700508e-01 4.088998775092927973e-01 4.283265540358741769e-02 2.790397255305558655e-02 4.490011463557002092e-01 3.358880538764463797e-01
3.377278655143980401e-01 1.850837415777263351e-01 2.021885646183655960e-01 4.168815913616064628e-01 4.696824537816390310e-01 2.549165953466775991e-01 4.724684919356922363e-01 3.562119573947931661e-01 2.419768693021469019e-01 4.885831691817743572e-01
4.439674364237081172e-01 4.837880608659974047e-01 1.224469764503408747e-01 6.713693561777153707e-02 9.435071657689964031e-02 4.987758677582026512e-01 5.291846469513170614e-01 4.743951223629042091e-01 1.741575129198880689e-01 3.994583540949617761e-01
3.776668189499915451e-01 4.284488899850477650e-01 7.665301487201160724e-02 5.053248333287371219e-01 2.102398892326035329e-01 2.836409963988320571e-01 2.225269623140578024e-01 3.357211699603884214e-01 2.394577123498575488e-01 3.115803317782243065e-01
2.054238850317797460e-01 3.830116926148808831e-01 3.614324304067191296e-01 1.729158515106814786e-01 3.487394134865925976e-01 3.736881354279726342e-01 3.889655128240168680e-01 4.759157635062275515e-01 4.632607717817311399e-01 3.186048786633353669e-01
1.616822643781263280e-01 5.133150396897656620e-01 3.935122499006233343e-01 4.572316691111185105e-01 2.739024916448900560e-01 3.654551818430653576e-01 2.555612311182977603e-01 3.021929863753707868e-01 2.994923924817937677e-01 3.561151269544815534e-01
3.685547061700985005e-01 2.977682472792233526e-01 2.244097135403063659e-01 5.113065426448470951e-01 4.690570274778460558e-01 3.214022751492898733e-01 5.025082709485397814e-01 3.852337598735322000e-01 1.873520153773796937e-01 5.062247694657054931e-01
3.962064685750713022e-01 5.107978334099816387e-01 2.228979197816530547e-02 2.300523327630174530e-01 5.102251117422428317e-01 4.988461670731990094e-01 1.312526339383852658e-01 5.046453667367845064e-01 2.102515331992109160e-01 4.573299614491290743e-01
3.424452551413992296e-01 4.129352935415450121e-01 5.137104185610749107e-01 3.358483022819235275e-01 4.561938073302536090e-01 7.386206413528305370e-02 1.289402516335229898e-01 4.338626182475602278e-01 2.455792217732757909e-01 3.141056885683257693e-01
4.145806877004254432e-01 3.446232299430572188e-01 3.165896648547527614e-01 2.265019660005038182e-01 5.161251281275232028e-01 4.198134453045911374e-01 2.983205564410814081e-01 1.645847119651176194e-01 5.054488142985053001e-01 4.600156054558133256e-01
6.637979160239342036e-02 5.040653714557857823e-01 2.636847619117148600e-01 3.705042002297657122e-01 1.801572085752861929e-01 2.635161476346386533e-01 3.300316593734023973e-01 3.653937730038281928e-01 4.891621923464751776e-01 2.615717131157622166e-01
4.688185811765054889e-01 4.794365521632207305e-01 4.540955259501456842e-01 3.323906190147212780e-01 6.406334416929643227e-02 5.027618300554214104e-01 3.583459482103095173e-01 2.203255735074925725e-01 9.503853287368162206e-02 2.890225464823161783e-01
2.106268718305925325e-01 4.682996485772447093e-01 4.473681365170381619e-02 1.365811306242964429e-01 3.818095518465017824e-01 8.958816232025877679e-02 7.091949893208351896e-02 1.679403610903934807e-01 4.044319598922295755e-01 2.388982294919685667e-01
8.827890900743325109e-02 -1.212457172440442599e-02 2.946214479046792012e-01 4.789139324815403498e-01 1.164238001320565541e-01 1.468307248075127469e-01 2.172163274050405712e-01 1.166639368969603491e-01 2.698736195159184281e-01 1.381603796900452985e-01
4.703426380729361922e-01 4.226103626512465739e-01 2.995286687754089017e-01 2.588065347400720362e-01 8.454464824527230249e-02 2.084867639586333588e-01 3.528295488829580884e-01 1.317066700220246855e-01 1.885726511617092094e-01 4.541912017474431518e-01
1.107937376646161293e-01 2.210211795122191958e-01 3.917597891835365997e-01 4.517989271934952367e-01 2.689011841351008902e-01 4.005816779163725583e-01 3.376832786561393962e-01 2.852027451696476645e-01 4.233852263167116603e-01 1.935226401252894690e-01
4.198461266008612913e-01 2.482768722850867138e-01 4.823120199885694293e-01 4.592315840783415815e-01 4.489358759967879697e-01 1.573108397955578774e-01 5.136295319925233693e-01 3.638306623231947201e-01 1.991001454642030710e-01 3.453426665617550378e-02
4.500816341558716016e-01 4.657747012446399326e-01 3.433082874978553578e-01 1.275789526155711173e-01 1.739378650291199813e-02 3.665507450766141706e-01 8.435592895041618688e-02 1.069175567286859835e-01 8.502322416874594224e-02 2.703796548624570750e-01
1.120912092840497393e-01 3.765652356618786611e-01 2.286603780868083358e-01 1.345259233157180545e-01 4.458663694469401362e-01 3.592047879499912777e-01 3.520967512615788553e-01 3.741001080273660406e-01 2.104893774252473149e-01 2.690246701771454307e-01
2.857753364214164482e-01 4.376216514400311230e-01 4.733274677073769088e-02 4.500739628722576491e-01 4.320725161708508510e-01 1.421033327580164540e-01 3.289585775632420384e-01 2.952513661143530976e-01 2.349346529734560318e-01 3.474157792007029344e-01
4.265036074842344371e-01 4.127378243733795249e-01 4.948996140852344183e-01 3.271410919899772618e-01 2.232206608477767529e-01 2.957454859184012186e-01 3.350725054950128845e-01 4.732076071266460016e-01 2.171249188582283218e-01 9.255510647751320763e-02
3.913576161475810777e-01 1.190810899461332284e-01 4.328417521960066516e-02 6.419475862438094038e-02 3.254885128064837208e-01 1.608830624278417276e-01 2.482069620548145172e-01 3.141554656740210283e-01 1.660993055361531801e-01 2.087505916504405201e-01
4.520132708000875188e-01 1.166800190307791391e-01 2.825851076368968706e-01 6.856387069983209404e-02 1.918610225054004637e-01 2.323739860570876170e-01 3.431748291496289349e-01 4.986346710850298458e-01 5.349207242972827681e-01 7.103308878447608943e-02
3.384483520435053738e-01 3.368754931127802554e-01 3.447736343949791005e-01 3.774513519174478859e-01 9.581966804492647594e-02 5.974746357737228258e-02 1.878009993893814400e-01 1.072795100547820624e-01 3.444798547878716866e-01 3.805378952874544085e-01
2.372808219425530940e-01 1.585258046848945501e-01 3.806456612006964835e-01 4.671494565717955738e-01 1.332932739019992985e-01 3.367026470825824069e-01 5.226108356285602552e-01 1.262136954858923965e-01 1.785628721817592857e-01 2.572048882911659451e-01
1.325580243618801612e-01 4.591160693202149257e-01 9.708958817688452536e-02 4.870602600466720777e-01 2.676885449659954785e-01 2.685623617152423925e-01 4.810361908576166190e-01 3.298782273032562218e-01 5.377962950631419714e-01 1.759845491308821841e-01
4.652517856241825678e-01 1.605408008204966541e-01 4.149359358421714772e-01 1.119783948358990811e-01 5.197307371014595612e-01 4.130322302077836238e-01 2.374593911463030449e-01 5.698793968894342449e-02 4.517675709170361209e-01 3.694145298635657659e-01
3.086001161039024221e-01 4.011884443255375049e-02 2.465606283917850527e-01 2.732318344218518380e-01 7.588150085826353419e-02 2.348987960364899152e-01 1.255086350218196090e-01 5.830062887701863150e-02 2.089666966625408906e-01 5.208757638102923249e-01
4.389521506322210387e-01 4.752011986114070274e-01 4.308579850053304572e-01 2.039996175666055345e-01 1.155467111149173914e-01 4.853929751570591478e-01 2.874138698399331671e-01 3.037382016736059342e-01 4.534161438236917752e-01 4.482787431783343268e-01
4.387678445547739670e-01 4.027455490367259361e-01 3.116241359520803833e-01 4.613541934058222327e-01 3.511052240131523061e-01 3.572289635807230912e-01 1.247833113396891735e-01 3.581444800764496117e-01 4.808457459155404679e-01 1.716730803905843483e-01
3.693977194940120112e-01 3.726000010489381453e-01 1.684567471713158127e-01 2.938266008652356542e-01 4.647610710328564654e-01 1.107164481940907108e-01 6.289223698837034804e-02 2.565504606156230327e-01 4.896552691481468877e-01 4.833303544533680829e-01
2.996808596834341087e-01 3.566672674605873561e-01 2.026510899232492058e-01 3.407563703541648392e-01 5.196813648326442658e-01 4.587310276518097862e-01 1.091493492649905500e-01 3.704734214214140953e-01 1.132149814151052897e-01 4.804221210851942758e-01
1.610275480091640510e-01 2.666084773752010473e-01 1.263316878424333989e-01 2.275928687613981982e-01 5.020283188782964645e-01 3.942557945887694704e-01 4.210463482551146108e-01 4.912241320168402314e-01 7.758626976078493442e-02 3.767719683637753558e-01
5.118810427526920837e-01 2.152037545604320590e-01 1.161255077109620837e-01 3.619953213125371994e-01 5.884611719531073620e-02 3.616454298834504977e-01 3.780826996151774866e-01 1.367523177915740129e-01 3.382440047930497240e-01 8.070988341892314233e-02
1.804791954273307353e-01 8.630314567648572632e-02 4.956614918285341953e-01 4.971321438892922773e-01 3.891796224410081773e-01 1.866377708445422501e-01 4.899461204808911452e-01 4.890192732648682150e-01 7.035198859720220854e-02 3.331012305757752867e-01
4.420633331378983621e-01 3.964424236938495216e-01 3.892463001919058141e-01 8.038368052457728341e-02 2.908855549969194265e-01 4.723096718411200490e-01 2.900386941554747855e-01 4.849890830374022355e-01 2.194219477525874706e-01 4.070648535246900179e-01
4.385738745037013331e-01 2.279164796899003642e-01 3.462337843283767036e-01 3.356822640264987556e-01 5.176076222729214527e-01 4.015807454933080778e-01 4.911008405854299652e-01 2.694135675677220565e-01 4.445199123709390743e-01 2.098687028357766882e-01
1.079655374794732670e-01 4.096772938615128590e-02 8.045166960539602841e-02 1.781710073365797287e-01 3.805135606032218898e-01 1.042753486212661118e-01 4.024039780968632352e-01 5.089906310056186989e-01 1.927665893435018818e-01 4.495511653954935016e-01
2.871150463098054439e-01 1.356258014348022400e-01 2.610519939824850755e-01 4.579005900900083303e-01 1.524250157701784181e-01 2.639213930745656911e-01 3.374050197576599630e-01 2.021035695139414279e-02 4.312712310402339599e-01 3.864844299496045243e-01
4.124972004501821776e-01 1.960810251697005235e-01 1.030176716058506803e-01 3.199229445216519307e-01 4.110345949246827502e-01 4.782862469499918889e-01 2.631130428659914089e-01 2.543775862520080144e-01 3.413800169295816977e-01 2.939098269732968172e-01
3.856562461486580662e-01 4.330836619176033908e-01 5.069107909780428134e-01 4.906791970776329670e-01 4.581226855422971811e-01 3.486795494640804738e-01 4.699221126087682610e-02 2.839020564342857322e-01 1.166837487850041870e-02 4.716730288443258812e-01
5.499644813267971777e-02 2.234045810249263575e-01 8.887810328908146706e-02 2.321085674470706461e-01 2.403468110270506053e-01 1.799707057645256736e-01 2.394230968425946626e-01 2.678945395625833559e-01 4.180037626285055818e-01 3.116315640688751554e-01
1.420378874328825647e-01 3.557612770544487102e-01 1.395870432624612967e-01 8.395883856727175132e-02 4.040506653741899878e-01 2.769611029925510559e-01 2.445219915420038526e-01 1.577593483370412497e-01 3.178038145509685108e-01 3.487308621279509580e-01
1.087581808753271123e-01 3.159510837249655535e-01 5.239516386302530693e-01 4.301757232517282592e-01 2.221962773446427286e-01 1.639765801714516968e-01 3.468332770577255419e-01 3.136575625697424763e-01 2.049733558922978427e-01 3.552306670608997852e-01
2.464154512783462980e-01 1.221575975218229665e-01 3.105752351333579964e-01 3.465754735190602620e-01 2.984091167297329150e-01 1.474852863066834219e-01 4.071318023406263475e-01 2.167458695716045491e-01 2.962891923211700140e-01 5.434165971607274326e-02
9.511859410639035561e-02 3.015161423064131041e-01 2.418862900505529823e-01 1.472260733852880088e-01 4.327380024366195843e-01 3.476694889891950302e-01 7.899916241403640016e-02 4.818995573182913716e-01 2.825343584075123982e-01 6.380626682691625806e-02
3.125544725022970649e-01 3.219303608391697186e-02 2.022838294298527906e-01 4.469376472045298865e-01 2.184419076806445037e-01 1.031336003174937871e-01 5.524542744547658243e-03 1.765183113540328974e-01 3.944668561825592779e-01 4.430013200540114382e-01
1.265176176991951174e-01 8.035065413857159222e-02 3.859790450830705155e-01 2.960393804032316334e-01 4.307709100093738974e-01 1.311804986250684202e-01 2.989152150276851994e-01 2.121760602993183753e-01 1.711020240242339119e-01 9.122873623164119705e-02
1.576898277966296280e-01 2.175778573288317530e-01 2.277098349694453572e-01 4.992526897508542394e-01 2.783581728282756851e-01 2.497571860431878898e-01 2.694955392841221209e-01 4.568462966865561303e-01 5.020817105081271103e-01 4.090265755764065925e-01
4.458142335840347137e-01 7.190662620573627650e-02 9.469224529406437829e-02 4.912377943820118720e-01 3.839992062440506504e-01 3.275498313205854051e-01 1.021648003472309940e-01 2.064595628729838650e-01 4.153430478810610782e-01 3.769848552705978850e-01
4.905600709016528782e-01 2.355025151191603994e-01 2.688022885810144036e-01 1.362349612281632816e-01 1.788738265333218169e-01 1.284024843763345025e-01 4.775109605461629880e-01 5.189393136841427556e-02 4.187961736315699013e-01 5.130238179488013639e-01
3.684780121995116509e-01 2.070091684168717458e-02 4.516686246872710364e-01 3.735692271846202117e-01 4.569889217637775891e-01 3.351055973897965612e-01 -2.468879934253222523e-04 4.650347166627511464e-01 4.387270599976785812e-01 3.883784767420919160e-01
1.473087149387870276e-01 4.354663561392686510e-01 4.946294191699673326e-01 1.681398481148471957e-01 1.361161678063201319e-01 1.088118150531657419e-01 4.908590952028041299e-01 4.117539795140955361e-01 3.035795196999612200e-01 3.807353553817474645e-01
3.152277126224061199e-01 3.801836740935634618e-01 4.109806205631542086e-01 3.937637186826219438e-01 3.793416898036890972e-01 4.649213375915354773e-01 4.558653635158892437e-01 1.369480184073588180e-01 2.963468650242370717e-01 1.600648694674520478e-01
4.982441012577838030e-02 1.722823597489910874e-01 1.732371330965271350e-01 3.269248061130711758e-01 1.028904974649953175e-01 9.242399547214566469e-02 3.543531868664785978e-01 1.860157160557378009e-01 2.776766702019156652e-01 4.226233119886980139e-01
3.928036739374651254e-01 2.701902067426713017e-01 4.885932523244830850e-01 4.464138299710243563e-02 1.078658536739929702e-01 3.350546518266006024e-01 1.152765301162144429e-01 4.511227657114627032e-01 1.067408983666029432e-01 1.995862249288747059e-01
4.407224429746819938e-01 4.945349334956021248e-01 3.524228626005027065e-01 2.895313227649670140e-01 3.353787512346270150e-01 1.043637474255403597e-01 8.388363577266735871e-02 4.123999462658207715e-01 2.896801287026806726e-01 9.301987097326626375e-02
4.668433507945643490e-02 4.902148824838521435e-01 2.734853087714483322e-01 8.217174363090315459e-02 3.757150268666920589e-01 4.917831846163792098e-01 6.870716437095225615e-02 7.514415628973931949e-02 1.877411271845300378e-01 3.197555177299831186e-01
3.775359561720627033e-01 3.377299591384237964e-01 4.908141961344791859e-01 4.102417830231151474e-01 3.033837597430951716e-01 3.608762081504718333e-01 3.754945035363774775e-01 1.850969887859384433e-01 5.132601203858321304e-01 1.807786832529511278e-01
2.485607661991280359e-01 2.023775195716340236e-01 4.075865927475965655e-01 5.368848840030119446e-02 4.690655963614412949e-01 4.807278487977650894e-01 4.284474749857908327e-01 1.924194606603720215e-01 4.897168689719162971e-01 4.869599628084324006e-01
3.328471046776378950e-01 3.013058700685030677e-01 3.329199936385831560e-01 3.065006557298329826e-01 8.572378278172644583e-02 3.430044429776692438e-01 1.232035735147452571e-01 4.085368030248240356e-02 4.269795758259596341e-01 1.334428001974237443e-01
2.037819282479915728e-01 3.050258954923490418e-01 1.838068808854766145e-01 4.819616699049422692e-02 3.325312792619674052e-01 3.275748410375544650e-01 5.355749485138960875e-01 3.060143324678489263e-01 4.619093167786147980e-01 5.317219409607282232e-01
4.464500274174870165e-01 3.277991584681390069e-01 1.542899417666946937e-01 1.825248326525392428e-01 7.843295665369420799e-02 3.125768802606531116e-01 5.600441035721043931e-02 9.844321889572349438e-02 1.883725393406085746e-01 5.058100301729095971e-01
3.764381851910170718e-01 1.115037468184535696e-01 1.951336267204296371e-01 3.907639246377734299e-01 4.022070331027896573e-01 5.016102926562472364e-01 4.979791346359411786e-01 1.055008856993965016e-01 3.916989334234368680e-01 4.337350166489689074e-01
3.507777644787413718e-01 1.655748415030301457e-01 2.685347842598608814e-01 2.567356694926575811e-01 3.806236294827871625e-01 4.752786676943021593e-01 1.709320681425107180e-01 4.256632362027841232e-01 5.231626755032108278e-01 3.555375098086183683e-01
1.148692113479591465e-01 3.721597577112902844e-01 4.382051735166822004e-01 2.206336849931367639e-01 4.880987569874661869e-01 2.560749654226323613e-01 3.483545522848253140e-01 3.646480711507068539e-01 4.275397095483332022e-01 4.392489272177260151e-01
2.636440998437137306e-01 3.863796144800146215e-01 3.750758922792594152e-01 4.004917528160347739e-01 1.076039329459826110e-01 4.709611272558013040e-01 3.705823628567632144e-01 3.767401234724299108e-01 2.443452312593338005e-01 4.671746445432962691e-01
4.789542694338998485e-01 5.242144629419568380e-01 3.945897831778138465e-01 7.295677174660084030e-02 1.400671047760318755e-01 1.933696652553271722e-01 4.075926254089885514e-01 4.243367667834309076e-01 8.420444760022875730e-02 1.684809584680241057e-01
3.895766182652171672e-01 3.544673142729952708e-01 1.185193906728010255e-01 3.638396214540368101e-01 2.436554479788814176e-01 3.225360690793314250e-02 5.083816524379554114e-01 5.235522538633460149e-02 4.809958715819460662e-01 5.573005879557059450e-02
3.226350001297050851e-01 4.095876937225893522e-01 4.577151032546806220e-01 3.495124442184587010e-02 3.551462820533425324e-01 3.058917240601141674e-01 3.576633736076799130e-01 4.040539217137443240e-01 4.297791300989704522e-01 3.899256058125949997e-01
4.278468264970110638e-03 4.306594242165495690e-01 3.987516699383374941e-01 2.436471358525723052e-01 1.712416417625610421e-01 1.108612111981023968e-01 5.110780762314613007e-02 4.145380474224051315e-01 1.689630876609296839e-01 2.750280997416346684e-01
9.656078302473448949e-02 3.808742386424156523e-01 4.026633589606860575e-01 1.974130462007092357e-01 3.917083199855101450e-01 5.206771186608205593e-01 1.834211137759458599e-01 2.729356462454489152e-01 2.746342072979953142e-01 4.263845879744690981e-01
2.267098030816362964e-01 8.092191137489404551e-02 8.655530479204968930e-02 3.687464775877407064e-01 1.713055904549996844e-01 3.184493172579451470e-02 2.368604521807494978e-01 7.306663772875970908e-02 1.073840958462986689e-01 2.480184242531285055e-01
3.378284112804436079e-01 4.331538307197217719e-02 2.552924500769349070e-01 2.150956304118293305e-01 3.489193450247632944e-01 1.419721283707743309e-01 3.987672666827237755e-01 2.718715100748878011e-01 1.335388809104572361e-01 3.349379443915867505e-01
1.335955113037884667e-01 3.632504522302182903e-01 6.321869514961585279e-02 2.902950111169019243e-01 1.978462557852028458e-01 2.715286090398986163e-01 1.605237386812999600e-01 1.420787180223554436e-01 1.658793986850150282e-01 3.739973959529653280e-01
2.478291948363221808e-01 4.664448150729233467e-01 3.927533150308761822e-01 5.004408715210748593e-01 7.358856763089006991e-02 6.086162406555586241e-02 1.742253611271636637e-01 4.749421062230657631e-01 3.734601166699145769e-01 5.084253330512207292e-01
4.046559778236458182e-01 3.829178108347169873e-01 4.642605142100720422e-02 3.518663474675619018e-01 7.551534973392003136e-02 2.630150697436072771e-01 2.340306781521799551e-01 4.996108594719396168e-01 2.087885061661451935e-01 3.935810032697804606e-01
4.519326230301549119e-01 4.294357758458743346e-01 3.634184256134561086e-01 1.188602136353999611e-01 4.437492580765637906e-01 4.263963995732720780e-01 1.761822329792888664e-01 1.485434335102916725e-01 7.568661484141235574e-02 9.715800736650764824e-02
3.432118288365267333e-01 2.119414709449491674e-01 1.055479055105884023e-01 2.055442225198509110e-01 2.295592571527797221e-01 5.011061327688870470e-01 4.072600610803996379e-01 4.184956729799559905e-01 4.428829733703317784e-01 7.797467837328261875e-02
2.499003592125106088e-01 1.285876245147317409e-01 8.498094237250182481e-02 3.198085584722959451e-01 3.846781126934075701e-01 3.635276614948192986e-01 1.911870157199946629e-01 3.458433986365112567e-01 3.653881703032195727e-01 3.849309215579551635e-01
5.343027312683508168e-01 1.571258861688973885e-01 2.104547463003650365e-01 2.891124714984770749e-01 4.596352734694869602e-01 3.396663485662623772e-01 4.386906823975469938e-02 3.547838677613063957e-02 4.559851457765911054e-01 7.484323344177530590e-02
1.593275460388491049e-01 1.425245223894940905e-01 5.430275732414027168e-01 1.196043911072543625e-01 1.126352609049500048e-01 4.429544650089508595e-01 2.634758980285959451e-01 4.734600320555069075e-01 1.531535137457082640e-01 4.534801105240536812e-01
4.622583805311344385e-01 2.218641675523644885e-01 2.425132891966449988e-01 1.783534936486306233e-01 4.281440609226032090e-01 8.327881761597639987e-02 1.967224351088372458e-01 2.932477583886203831e-01 5.097251265884695792e-01 3.071123350446901545e-01
1.902940990658923137e-01 4.796919778093314823e-01 2.693856443438938375e-01 3.892238631521759834e-02 4.033073138481010900e-01 3.435807211957329632e-01 3.735721550723268836e-01 1.756814631584956710e-01 1.751532210862339345e-01 2.749680335188734448e-01
5.904042434231833447e-02 4.723285275186928089e-01 4.817290333425273685e-01 5.021927847739656725e-01 8.702712582229499283e-02 2.461392791758361676e-01 5.056058038365005558e-01 4.383436392805207249e-01 4.239832978612987913e-01 4.643806414956772044e-01
1.620820321025975841e-01 3.113724670600337072e-02 3.584796958912095932e-01 3.559642471954795884e-01 8.777724078481546899e-02 4.772333342301116055e-01 4.367632336256149772e-01 2.952125953269672531e-01 2.352390222485095661e-01 2.983066712064164072e-01
4.287884892780994828e-01 3.690050591699438054e-01 2.366887407989835546e-01 3.989091861068074785e-01 1.642372554694704057e-01 3.262336461217410499e-01 4.482898896363757824e-01 7.918936081322019982e-02 2.410449510178414023e-01 2.553608286255777404e-01
3.969396042832850080e-01 3.946881647903745516e-01 4.801710450422584930e-01 3.791480788867763740e-01 3.293678641558026032e-01 4.821939554171050246e-01 1.553287813327950961e-01 2.359149429639815498e-01 4.961349945610502021e-01 2.732916535514063328e-01
2.153744623107266831e-01 1.614375020914906589e-01 3.842854126082275723e-01 4.235796906031080722e-01 2.576709308801685139e-01 3.615295272840437502e-01 2.208446968803592370e-01 4.689118763190176509e-01 2.178899409157358524e-01 1.908869611413970824e-01
4.547934919574950774e-01 4.677606101038889741e-01 4.214567054092601545e-02 1.431368785287445156e-01 2.088301076263668066e-01 3.827074204295713988e-01 3.137933100884789384e-01 8.518268265399336903e-02 2.204565090321973231e-01 4.199581137690878707e-01
3.831874033108765842e-01 5.573548110644828413e-02 1.473427060537132460e-01 3.320098033955987127e-01 4.572160697920332750e-01 4.322195539788624696e-01 8.547302535565860782e-02 1.025986888860737911e-01 1.839479897322103263e-01 5.180784337285812002e-01
2.191449542847952459e-01 3.132377795837258394e-01 4.560078351858805612e-01 3.935825609327842645e-01 1.289260860067138470e-01 4.552772504574020829e-01 2.021881765155596478e-01 4.238638054106790842e-01 4.029130203609450067e-01 1.155410209983017689e-01
9.334157865337376625e-02 1.821233115511622924e-01 2.827423229050440856e-01 4.447678298400131736e-01 3.346994317268344177e-01 2.339366212758990093e-01 3.229697611856461870e-01 1.505896177630674238e-01 5.248897848541654587e-02 6.914108743285606040e-02
4.194310060097206638e-01 3.429300526433407548e-01 2.477548780831910491e-01 4.003208197055942857e-02 2.972460063176742828e-01 4.436886298966398190e-01 3.647842806255787163e-01 3.688853820902845276e-02 1.954532189842525247e-01 4.356418541258362809e-01
