0.000000000000000000e+00 0.000000000000000000e+00 0.000000000000000000e+00 0.000000000000000000e+00 0.000000000000000000e+00
8.362886597938143929e-01 8.334020618556701177e-01 8.305154639175257314e-01 8.379381443298968835e-01 8.284536082474226459e-01
8.408247422680412697e-01 8.305154639175257314e-01 8.420618556701030544e-01 8.441237113402061398e-01 8.325773195876288169e-01
8.288659793814433518e-01 8.057731958762887059e-01 8.338144329896907125e-01 8.305154639175257314e-01 8.152577319587628324e-01
8.325773195876288169e-01 7.896907216494845061e-01 7.962886597938144684e-01 7.760824742268040977e-01 8.395876288659793740e-01
8.202061855670103041e-01 8.280412371134020511e-01 8.156701030927835383e-01 8.107216494845360666e-01 7.802061855670102686e-01
7.785567010309278890e-01 7.880412371134020155e-01 8.263917525773195605e-01 7.995876288659793385e-01 8.057731958762887059e-01
7.843298969072164395e-01 7.736082474226804173e-01 7.707216494845360311e-01 7.435051546391752142e-01 8.057731958762887059e-01
7.455670103092782997e-01 7.451546391752577048e-01 7.199999999999999734e-01 7.600000000000000089e-01 7.187628865979381887e-01
7.154639175257732076e-01 7.092783505154639512e-01 6.931958762886597514e-01 7.472164948453607902e-01 7.092783505154639512e-01
6.140206185567009811e-01 6.012371134020618735e-01 7.035051546391752897e-01 5.789690721649484173e-01 6.618556701030927636e-01
