0.000000000000000000e+00 0.000000000000000000e+00 0.000000000000000000e+00 0.000000000000000000e+00 0.000000000000000000e+00
8.349527635299889283e-01 8.405912168648385085e-01 8.356235282638205808e-01 8.341516286564463201e-01 8.378413140945697446e-01
8.394679837342247097e-01 8.268112625959954665e-01 8.443853211725590446e-01 8.443056310405030462e-01 8.377529091117965621e-01
8.283973833628568428e-01 8.035428404618064624e-01 8.363999891771445316e-01 8.120668211674928472e-01 8.048188521457368960e-01
8.422657910834679962e-01 7.959488438264500365e-01 7.951457326856485874e-01 7.635944108051656576e-01 8.491275788099696964e-01
8.288024354467184995e-01 8.192650053214945993e-01 8.151670928321118614e-01 8.275786267801514828e-01 7.855607047347441529e-01
8.038725845253951174e-01 8.144957313895260231e-01 8.308399140969446872e-01 8.131964364438550863e-01 8.297680462655074862e-01
7.767299461864490828e-01 8.082079553102387015e-01 7.872530437223140831e-01 7.749623480114075091e-01 8.079589312765458331e-01
7.670093937666145889e-01 7.420874237266775753e-01 7.213986152668062646e-01 7.508398484683953544e-01 7.439852672506315212e-01
7.238219507382656071e-01 7.377720660338591419e-01 7.224408470605235832e-01 7.689617911300301589e-01 6.843245253807681561e-01
6.368701647792462950e-01 6.284692365954969162e-01 6.924653932499199582e-01 6.142150466604462400e-01 6.425395091499563893e-01
