0.000000000000000000e+00 0.000000000000000000e+00 0.000000000000000000e+00 0.000000000000000000e+00 0.000000000000000000e+00
8.368275423763164023e-01 8.343539965392373636e-01 8.310522483559358298e-01 8.388458530997194851e-01 8.292836363965777613e-01
8.426955621387749451e-01 8.291982248494795815e-01 8.422789455664199121e-01 8.454729593694206846e-01 8.332143715100499559e-01
8.276337256843190326e-01 8.031359263833524054e-01 8.340503961989688131e-01 8.282783674256031237e-01 8.136160964286084374e-01
8.337512163160007983e-01 7.921300077152271246e-01 7.999534924145914605e-01 7.697754858595676763e-01 8.380089260074266022e-01
8.191202358288833807e-01 8.241032101283962685e-01 8.140082282981027095e-01 8.079269552977705882e-01 7.788670607173118210e-01
7.785819966555644900e-01 7.882843111412364268e-01 8.243165336555335898e-01 7.957604003510867496e-01 8.115295535942376182e-01
7.842804887820659099e-01 7.646860025095556512e-01 7.752997059350015263e-01 7.371719890914510964e-01 8.028392879918110348e-01
7.311015443056885221e-01 7.336468135117566458e-01 7.111240630856043854e-01 7.596723885572753687e-01 7.061723828626359500e-01
7.007054449618429492e-01 6.876187703810410223e-01 6.845645421508064210e-01 7.422553497499499997e-01 6.927172184644249109e-01
6.069107528203293578e-01 5.762090138058947320e-01 6.932250408016824572e-01 5.690587006675820181e-01 6.449624215819225181e-01
