0.000000000000000000e+00 0.000000000000000000e+00 0.000000000000000000e+00 0.000000000000000000e+00 0.000000000000000000e+00
9.026653363872320091e-01 9.054713417268964726e-01 9.028816342128382910e-01 9.025020006702084707e-01 9.051886522812616631e-01
9.045882242693593644e-01 8.975276679998940299e-01 9.063314237286403952e-01 9.082532383159813705e-01 9.041004621794627161e-01
8.963704712271947095e-01 8.849134942572417506e-01 9.044845313460332381e-01 8.892942153347562773e-01 8.831193037882139052e-01
9.061706408477335772e-01 8.753920655743858692e-01 8.722481272045673473e-01 8.660460519194975726e-01 9.093280035638141579e-01
8.999906211191118777e-01 8.934591399697932035e-01 8.878632212280832547e-01 8.990707249888879593e-01 8.738957490687779828e-01
8.793861530156877881e-01 8.856531502533135924e-01 8.987757338281499031e-01 8.888150966337404757e-01 8.935162922440618161e-01
8.661204013004486502e-01 8.874977170158105944e-01 8.724158493584051044e-01 8.642783420808922701e-01 8.893133204592672536e-01
8.618991968573304074e-01 8.453767118680495241e-01 8.360406688957852106e-01 8.442421227845687826e-01 8.373819774328032928e-01
8.229751858056194580e-01 8.345360778388737355e-01 8.295176398286432384e-01 8.482276145024794101e-01 8.022653985089073236e-01
7.687183227226052074e-01 7.821259934310635931e-01 8.111611259963238396e-01 7.748623186857699352e-01 7.763725436222437271e-01
