0.000000000000000000e+00 0.000000000000000000e+00 0.000000000000000000e+00 0.000000000000000000e+00 0.000000000000000000e+00
9.624188277460078433e-01 9.498537899183338018e-01 9.372684899334993158e-01 9.498537899183338018e-01 9.498537899183338018e-01
9.874912095248691291e-01 9.624188277460078433e-01 9.246621004453464687e-01 9.372684899334993158e-01 9.498537899183338018e-01
8.612813451802817655e-01 9.120337469389800944e-01 9.120337469389800944e-01 9.498537899183338018e-01 9.498537899183338018e-01
9.498537899183338018e-01 9.498537899183338018e-01 9.372684899334993158e-01 9.624188277460078433e-01 7.972173828734265832e-01
8.993825042154693916e-01 8.740073734751262480e-01 9.120337469389800944e-01 7.191816336797138831e-01 9.246621004453464687e-01
9.372684899334993158e-01 8.740073734751262480e-01 9.246621004453464687e-01 9.246621004453464687e-01 8.357465059587280143e-01
9.246621004453464687e-01 9.246621004453464687e-01 6.662498697102228196e-01 9.624188277460078433e-01 9.246621004453464687e-01
9.120337469389800944e-01 9.372684899334993158e-01 8.485281374238570207e-01 7.191816336797138831e-01 8.740073734751262480e-01
7.453559924999298980e-01 6.528782428600297116e-01 8.100925873009825473e-01 6.795627679291704748e-01 7.583791194968971805e-01
5.849976258261414541e-01 6.394442031083625855e-01 6.394442031083625855e-01 8.485281374238570207e-01 8.612813451802817655e-01
