0.000000000000000000e+00 0.000000000000000000e+00 0.000000000000000000e+00 0.000000000000000000e+00 0.000000000000000000e+00 0.000000000000000000e+00 0.000000000000000000e+00 0.000000000000000000e+00 0.000000000000000000e+00 0.000000000000000000e+00
5.312352922719714154e-01 4.883203559510567171e-01 4.820384294068504882e-01 4.650154798761609864e-01 5.051737451737451368e-01 4.685314685314685423e-01 4.718146718146718488e-01 4.650154798761609864e-01 5.162934362934362698e-01 4.694548726381433390e-01
4.288203086112494233e-01 4.837261503928170780e-01 5.184893784421714669e-01 4.777132979380170896e-01 4.990103908955962897e-01 5.744151319064211281e-01 5.377332219437482852e-01 4.606949806949807158e-01 4.536750211208110395e-01 4.786833172433122008e-01
5.347388745289776146e-01 5.396419437340153058e-01 5.055402944535324350e-01 4.797202797202796964e-01 4.888257809606124660e-01 4.958300550747442581e-01 4.762038862292312102e-01 4.698583782428876199e-01 4.940540540540540593e-01 5.398428731762066057e-01
4.512195121951219634e-01 5.081356353248043245e-01 4.873065015479874917e-01 5.089285714285713969e-01 5.148548591963815202e-01 4.898944287004453058e-01 4.813965736237182380e-01 5.385328185328185358e-01 4.924175961899988074e-01 5.356643356643356890e-01
5.165323701028063930e-01 4.573426573426573327e-01 5.443881960735894587e-01 4.666008149154216578e-01 4.664031620553359403e-01 5.159345924391827154e-01 4.874144872508264781e-01 5.333333333333333259e-01 5.148548591963815202e-01 5.162934362934362698e-01
5.043163464216096070e-01 5.722090187968764674e-01 5.132867132867132698e-01 5.050000000000000044e-01 4.634206930816048287e-01 5.037020973388270928e-01 4.555555555555555469e-01 4.971428571428571086e-01 5.184171229467395836e-01 4.997529644268774995e-01
5.328142380422691282e-01 5.020979020979020602e-01 5.274131274131274028e-01 5.212765957446807707e-01 4.552865612648221427e-01 4.909090909090909061e-01 4.708994708994709288e-01 5.331027667984189478e-01 4.969568997640044783e-01 4.806242437404982804e-01
4.806242437404982804e-01 5.416718420072040852e-01 4.433448787728847540e-01 4.754464285714285476e-01 5.325260490002815539e-01 5.061728395061728669e-01 4.898944287004453058e-01 5.071597167584579458e-01 5.105672969966629227e-01 4.833173863390845537e-01
4.848183175709307458e-01 4.886363636363636465e-01 5.072175211548033413e-01 4.829343629343629818e-01 4.878772884710539381e-01 4.219367588932806945e-01 5.663193466629118378e-01 5.219861660079051502e-01 4.943039733259239066e-01 4.745994286424046749e-01
