0.000000000000000000e+00 0.000000000000000000e+00 0.000000000000000000e+00 0.000000000000000000e+00 0.000000000000000000e+00 0.000000000000000000e+00 0.000000000000000000e+00 0.000000000000000000e+00 0.000000000000000000e+00 0.000000000000000000e+00
8.044914204936351454e-02 -2.227177015936869856e-02 -3.350126050864040556e-02 -6.708203932499369471e-02 1.112829768149314544e-02 -5.634361698190110818e-02 -5.564148840746572372e-02 -6.708203932499369471e-02 3.338489304447943284e-02 -5.614434627108089854e-02
-1.354916256531434604e-01 -2.268046058132572318e-02 5.783149319662402726e-02 -4.445542244743870552e-02 0.000000000000000000e+00 1.580735632620007269e-01 7.816960785349427732e-02 -7.789808377045201460e-02 -7.998563652229044585e-02 -3.394438431427919400e-02
7.920356339998478601e-02 1.048284836721918301e-01 1.111179704568046600e-02 -3.380617018914066491e-02 -2.222771122371935276e-02 1.156629863932480580e-02 -3.427955850955304723e-02 -4.583492485141055922e-02 -1.112829768149314544e-02 9.072184232530289272e-02
-9.032775043542898286e-02 2.249606353329237571e-02 -2.236067977499789708e-02 2.242242646654375032e-02 3.358512911030056558e-02 -1.131479477142639800e-02 -3.358512911030056558e-02 7.789808377045201460e-02 0.000000000000000000e+00 7.888106377466154451e-02
3.335186729825350554e-02 -7.888106377466154451e-02 8.891084489487741105e-02 -6.668313367115805135e-02 -6.673260799501935792e-02 3.343461613477848732e-02 3.794429649971261392e-02 6.666666666666666574e-02 3.358512911030056558e-02 3.338489304447943284e-02
1.116708683621346794e-02 1.444533615938460580e-01 3.380617018914066491e-02 2.279211529192758795e-02 -6.748819059987712365e-02 1.119504303676685346e-02 -8.888888888888889228e-02 2.357022603955158391e-02 4.516387521771449143e-02 0.000000000000000000e+00
6.681531047810609913e-02 1.126872339638022164e-02 5.564148840746572372e-02 4.462107482531602054e-02 -8.897681066002581518e-02 -1.126872339638022164e-02 -5.583543418106733797e-02 6.673260799501935792e-02 0.000000000000000000e+00 -3.368660776264854190e-02
-3.368660776264854190e-02 8.998425413316950283e-02 -1.115526870632900514e-01 -4.484485293308750065e-02 7.998563652229044585e-02 2.268046058132572318e-02 -1.131479477142639800e-02 3.469889591797441220e-02 2.227177015936869856e-02 -3.333539113704139800e-02
-2.258193760885724571e-02 -2.224420266500645380e-02 2.258193760885724571e-02 -3.338489304447943284e-02 -2.231053741265801027e-02 -1.557094186550451731e-01 1.485447535413965403e-01 4.448840533001290759e-02 -1.111728909941783403e-02 -4.499212706658475142e-02
