0.000000000000000000e+00 0.000000000000000000e+00 0.000000000000000000e+00 0.000000000000000000e+00 0.000000000000000000e+00 0.000000000000000000e+00 0.000000000000000000e+00 0.000000000000000000e+00 0.000000000000000000e+00 0.000000000000000000e+00
8.234159856973033431e-01 9.610681745483062866e-01 9.379238393322899547e-01 9.372101537710519903e-01 8.771196560783376395e-01 9.208670618799714713e-01 8.502012760139754377e-01 9.483655913978494834e-01 8.792596377675581110e-01 9.212871040159640312e-01
8.618199325950892664e-01 9.372101537710519903e-01 9.534283774609640938e-01 7.016211941478844860e-01 9.331486895419808247e-01 9.204411268556005332e-01 7.455678362139307458e-01 9.039215686274509887e-01 9.199939151158662565e-01 7.734311926605503817e-01
9.276636364645421962e-01 8.773205035016671260e-01 7.641333087971795557e-01 9.428571428571428381e-01 8.738738738738738299e-01 9.595661912059412213e-01 8.776476259339600627e-01 9.319337824429474448e-01 9.176040524309363455e-01 8.929379633242293668e-01
8.807176172162670680e-01 9.469111471113267342e-01 7.224137931034482207e-01 8.887395736793326506e-01 8.162047302291204343e-01 9.075969827586206629e-01 9.262365591397849762e-01 8.974194650944201657e-01 9.505967078189301311e-01 9.557419354838709857e-01
8.710339840925523935e-01 8.626189803034587378e-01 9.087115284298382667e-01 8.108697736862293670e-01 7.105952893867586440e-01 9.441868033520461889e-01 9.344864176570457648e-01 8.798009531819456219e-01 9.710695006747638303e-01 9.483655913978494834e-01
9.636035653650254496e-01 9.053979511426319959e-01 8.959344660194175081e-01 2.994281045751633896e-01 8.487049289634303051e-01 7.749343832020997302e-01 9.408650676943359770e-01 9.459269146286349850e-01 8.603293819563840872e-01 4.065743944636678320e-01
8.908106960950763487e-01 7.902140672782874686e-01 8.125237642585552145e-01 7.802634276342763631e-01 9.027777777777776791e-01 9.235739750445632890e-01 9.452269170579030710e-01 6.802053304469901640e-01 6.918502673796791402e-01 9.139762881896944524e-01
8.852353097273660820e-01 8.545377438507208989e-01 9.296865728003451679e-01 6.596194503171246559e-01 7.216560071521902486e-01 6.464958775029446825e-01 4.129891026109852037e-01 9.055127654182231201e-01 7.341772151898733334e-01 7.371647509578544977e-01
4.949479563340949406e-01 6.538140861551963168e-01 7.792207792207791472e-01 6.057471264367815245e-01 8.720058898873457309e-01 9.640642024976950886e-01 7.460065587644133522e-01 6.986111111111110716e-01 8.104591580428012199e-01 4.206081081081080586e-01
