0.000000000000000000e+00 0.000000000000000000e+00 0.000000000000000000e+00 0.000000000000000000e+00 0.000000000000000000e+00 0.000000000000000000e+00 0.000000000000000000e+00 0.000000000000000000e+00 0.000000000000000000e+00 0.000000000000000000e+00
7.792270975431724311e-01 8.545143626336347831e-01 7.499488184206534180e-01 8.101690115099541289e-01 8.824878524149780690e-01 8.318721651171319120e-01 9.029810888029479177e-01 8.322389840518914506e-01 7.720547159781957491e-01 7.626566061565159815e-01
8.487611249268313118e-01 8.115762342314196687e-01 8.714899768496567889e-01 9.196915258871702914e-01 9.002545132295097785e-01 8.569464796448812427e-01 8.500381540534227565e-01 8.662148070713052705e-01 7.398577959533383375e-01 7.534207550301247336e-01
7.547150868366849785e-01 7.033491056876008951e-01 7.801845680594718946e-01 7.766073670084400193e-01 9.186818579177435939e-01 7.775221024092234812e-01 9.577835859892157577e-01 8.447936488661863530e-01 8.348543194500995801e-01 8.512870812610104920e-01
9.002412999540905236e-01 6.149605151832551186e-01 9.367268697381886389e-01 9.002545132295097785e-01 9.037704497563870953e-01 8.292134089496044913e-01 7.896408501576261951e-01 6.415325064188258652e-01 7.741887194242651482e-01 7.952929570931156489e-01
8.663093284119718351e-01 8.443386309640699139e-01 3.074637566021746760e-01 7.703131864833628883e-01 7.676559325487070096e-01 8.293644060190711320e-01 9.112957295516083134e-01 6.618167971401944794e-01 8.018970338603133019e-01 4.757448410482263412e-01
9.040138045091665742e-01 8.708223538137049857e-01 8.487611249268313118e-01 6.067011056334560282e-01 5.201388811900349296e-01 7.963032685995514726e-01 8.512870812610104920e-01 8.114046524639606517e-01 6.262522372991228270e-01 8.836299930638945588e-01
7.706601967063275715e-01 8.823913291909237788e-01 5.579452136598482825e-01 6.795735361418192566e-01 7.933225776961450038e-01 6.452205749372917909e-01 6.188345032367271736e-01 -1.891891608568671002e-01 8.768707954625627465e-01 7.181467772714190678e-01
9.127489907697038385e-01 0.000000000000000000e+00 6.914724081401442124e-01 6.618167971401944794e-01 6.855850510645840057e-01 8.218603244920389406e-01 7.993905926268913831e-01 8.282138867493064049e-01 1.562981811321258740e-01 6.415325064188258652e-01
0.000000000000000000e+00 6.376752838696223558e-01 5.188121295857962556e-01 0.000000000000000000e+00 4.523857179345658897e-01 5.968758291464355548e-01 8.800810984382598234e-02 0.000000000000000000e+00 0.000000000000000000e+00 7.426128036069713501e-01
