0.000000000000000000e+00 0.000000000000000000e+00 0.000000000000000000e+00 0.000000000000000000e+00 0.000000000000000000e+00
7.818556701030927591e-01 7.847422680412371454e-01 7.843298969072164395e-01 7.830927835051546548e-01 7.901030927835051010e-01
7.756701030927835028e-01 7.859793814432989301e-01 7.855670103092783352e-01 7.855670103092783352e-01 7.847422680412371454e-01
7.830927835051546548e-01 7.810309278350515694e-01 7.843298969072164395e-01 7.843298969072164395e-01 7.600000000000000089e-01
7.884536082474227214e-01 8.020618556701031299e-01 7.785567010309278890e-01 7.785567010309278890e-01 7.797938144329896737e-01
7.703092783505154362e-01 7.674226804123711609e-01 7.501030927835051765e-01 7.826804123711340599e-01 7.591752577319587081e-01
7.777319587628865882e-01 7.690721649484536515e-01 7.575257731958763285e-01 7.055670103092783751e-01 7.632989690721649900e-01
7.356701030927834672e-01 7.769072164948453985e-01 7.307216494845361066e-01 7.249484536082474451e-01 7.678350515463917558e-01
7.208247422680412742e-01 7.068041237113401598e-01 7.150515463917526127e-01 7.059793814432989700e-01 7.517525773195876670e-01
7.265979381443299356e-01 7.142268041237113119e-01 7.101030927835051410e-01 6.791752577319587481e-01 7.286597938144330211e-01
6.239175257731959245e-01 6.948453608247422419e-01 6.886597938144329856e-01 6.457731958762886748e-01 6.218556701030927281e-01
