0.000000000000000000e+00 0.000000000000000000e+00 0.000000000000000000e+00 0.000000000000000000e+00 0.000000000000000000e+00
8.697117308984902984e-01 8.692535552230453710e-01 8.481455558047225063e-01 8.836623289774885315e-01 8.269143558423408535e-01
8.896472363704961417e-01 8.060968371455731196e-01 8.564266448875216264e-01 9.170581584468507907e-01 8.622800526697251833e-01
8.482693823119354937e-01 8.093448852409181882e-01 7.074184158583135540e-01 8.124943000455996378e-01 8.898018658588936480e-01
9.238700024960655455e-01 7.088644688644688552e-01 7.789943700252378589e-01 7.931700087683951628e-01 7.293837747865103971e-01
7.981701940035272891e-01 8.693044829267740914e-01 6.962592421848062818e-01 8.085474754371988482e-01 8.266240893520530042e-01
7.645568651278726868e-01 5.864857136030054985e-01 7.929551267147175730e-01 7.249367710022806000e-01 7.916164945332443414e-01
7.333115035722506114e-01 7.640710640710640655e-01 7.405134070402846769e-01 6.057209733121765582e-01 8.305933614922379471e-01
6.752886489728595620e-01 7.235935907584526428e-01 7.254246213548185551e-01 6.047008547008547730e-01 6.312143388166778779e-01
5.962481962481963604e-01 5.689039633602533952e-01 6.621389759061870883e-01 5.298048995819075735e-01 6.256654481398630230e-01
4.562770896837339829e-01 4.272431413194895389e-01 3.702907191572046841e-01 4.166303558460421885e-01 3.657262277951933149e-01
