0.000000000000000000e+00 0.000000000000000000e+00 0.000000000000000000e+00 0.000000000000000000e+00 0.000000000000000000e+00
9.004376722145790435e-01 9.004376722145791545e-01 8.845924813295052980e-01 9.109803640943268110e-01 8.687080880732898081e-01
9.162456945817023524e-01 8.527823018338195338e-01 8.898784639238975780e-01 9.372684899334993158e-01 8.951601691290009821e-01
8.845924813295054090e-01 8.527823018338194228e-01 7.778397792747695494e-01 8.580956386091238564e-01 9.162456945817023524e-01
9.425148793730029340e-01 7.778397792747695494e-01 8.314794192830980979e-01 8.421409554753223059e-01 7.939932916733126733e-01
8.474641048154295531e-01 9.004376722145792655e-01 7.670389595268930494e-01 8.527823018338195338e-01 8.687080880732898081e-01
8.261408357874313602e-01 6.850932902590892715e-01 8.421409554753223059e-01 7.886149759210216992e-01 8.421409554753223059e-01
8.047319784243479601e-01 8.261408357874313602e-01 8.047319784243481822e-01 7.071238312023720995e-01 8.740073734751262480e-01
7.507872668484251166e-01 7.939932916733126733e-01 7.993655856403706350e-01 7.071238312023720995e-01 7.290178419551122113e-01
7.016294966841716274e-01 6.850932902590892715e-01 7.453559924999298980e-01 6.629126073623883286e-01 7.235564598683947857e-01
6.293253111247172349e-01 5.953013359262312454e-01 5.665577237325316595e-01 5.953013359262312454e-01 5.781015385629836301e-01
