0.000000000000000000e+00 0.000000000000000000e+00 0.000000000000000000e+00 0.000000000000000000e+00 0.000000000000000000e+00
5.155555555555555447e-01 5.222222222222222543e-01 5.177777777777777812e-01 5.177777777777777812e-01 5.222222222222222543e-01
5.088888888888888351e-01 5.088888888888888351e-01 5.155555555555555447e-01 5.133333333333333082e-01 5.111111111111110716e-01
5.088888888888888351e-01 5.000000000000000000e-01 5.133333333333333082e-01 4.844444444444444553e-01 4.977777777777777635e-01
5.044444444444444731e-01 4.955555555555555824e-01 5.000000000000000000e-01 4.866666666666666918e-01 5.111111111111110716e-01
4.911111111111111094e-01 5.000000000000000000e-01 4.822222222222222188e-01 4.911111111111111094e-01 5.111111111111110716e-01
4.511111111111111294e-01 4.822222222222222188e-01 4.666666666666666741e-01 4.799999999999999822e-01 4.644444444444444375e-01
4.377777777777777657e-01 4.666666666666666741e-01 4.377777777777777657e-01 4.266666666666666941e-01 4.088888888888889128e-01
4.422222222222222388e-01 4.066666666666666763e-01 4.088888888888889128e-01 4.244444444444444575e-01 4.622222222222222010e-01
3.688888888888888773e-01 3.444444444444444420e-01 3.533333333333333326e-01 3.466666666666666785e-01 3.866666666666666585e-01
2.533333333333333548e-01 2.244444444444444464e-01 2.422222222222222276e-01 2.888888888888888618e-01 2.488888888888888817e-01
