0.000000000000000000e+00 0.000000000000000000e+00 0.000000000000000000e+00 0.000000000000000000e+00 0.000000000000000000e+00
6.731389525073675495e-01 6.764613810115105430e-01 6.814282386608617736e-01 6.781192218278034867e-01 6.748012967707285314e-01
6.614378277661476790e-01 6.714743314362640048e-01 6.714743314362640048e-01 6.731389525073675495e-01 6.748012967707284204e-01
6.748012967707284204e-01 6.631164730197278701e-01 6.698074165822904824e-01 6.714743314362641158e-01 6.781192218278034867e-01
6.563874194745390467e-01 6.731389525073675495e-01 6.631164730197278701e-01 6.513149093265954148e-01 6.631164730197278701e-01
6.614378277661476790e-01 6.681381907774084361e-01 6.647927366601182886e-01 6.530082335517827241e-01 6.563874194745390467e-01
6.359594676112971801e-01 6.647927366601182886e-01 6.563874194745390467e-01 6.496190716655454445e-01 6.597567827204802171e-01
6.496190716655454445e-01 6.445162795212400209e-01 6.411014826929596344e-01 6.445162795212401319e-01 6.411014826929596344e-01
6.411014826929595234e-01 6.546990638434813103e-01 6.290655425232917208e-01 6.256019323641653918e-01 6.411014826929596344e-01
6.081098016511471416e-01 5.629628411305911406e-01 5.499090833947007928e-01 5.867087526991796587e-01 6.203851850082960917e-01
5.739993977714394902e-01 4.832809677890910760e-01 4.832809677890910760e-01 4.750256653235164217e-01 4.914377998395230707e-01
