0.000000000000000000e+00 0.000000000000000000e+00 0.000000000000000000e+00 0.000000000000000000e+00 0.000000000000000000e+00
6.731389525073675495e-01 6.781192218278034867e-01 6.748012967707284204e-01 6.748012967707285314e-01 6.781192218278034867e-01
6.681381907774084361e-01 6.681381907774084361e-01 6.731389525073675495e-01 6.714743314362640048e-01 6.698074165822904824e-01
6.681381907774084361e-01 6.614378277661476790e-01 6.714743314362640048e-01 6.496190716655454445e-01 6.597567827204802171e-01
6.647927366601182886e-01 6.580733194919549112e-01 6.614378277661476790e-01 6.513149093265954148e-01 6.698074165822904824e-01
6.546990638434813103e-01 6.614378277661476790e-01 6.479207008329809225e-01 6.546990638434813103e-01 6.698074165822904824e-01
6.238658846060655128e-01 6.479207008329809225e-01 6.359594676112971801e-01 6.462197768561404043e-01 6.342400916271064837e-01
6.133886851029660692e-01 6.359594676112970690e-01 6.133886851029660692e-01 6.045751492669138027e-01 5.903085612888094857e-01
6.168928514121855278e-01 5.885103605243023894e-01 5.903085612888095968e-01 6.028031228670531760e-01 6.325179936932062708e-01
5.573925185657647718e-01 5.366505633654863328e-01 5.442528007379576760e-01 5.385577447632189374e-01 5.721693610966753774e-01
4.539211874813119940e-01 4.253553343897630845e-01 4.430965672415377865e-01 4.873713822102513360e-01 4.496143752369947122e-01
