0.000000000000000000e+00 0.000000000000000000e+00 0.000000000000000000e+00 0.000000000000000000e+00 0.000000000000000000e+00
6.239999999999999991e-01 6.400000000000000133e-01 6.159999999999999920e-01 6.239999999999999991e-01 6.266666666666667052e-01
6.159999999999999920e-01 5.973333333333333828e-01 5.866666666666666696e-01 5.813333333333333686e-01 5.946666666666666767e-01
6.159999999999999920e-01 5.893333333333333757e-01 6.159999999999999920e-01 6.373333333333333073e-01 5.893333333333333757e-01
5.999999999999999778e-01 5.733333333333333615e-01 6.320000000000000062e-01 5.973333333333333828e-01 5.919999999999999707e-01
5.626666666666666483e-01 6.133333333333332860e-01 5.999999999999999778e-01 6.320000000000000062e-01 6.159999999999999920e-01
5.413333333333333330e-01 6.293333333333333002e-01 6.159999999999999920e-01 5.999999999999999778e-01 5.706666666666666554e-01
5.839999999999999636e-01 6.053333333333332789e-01 5.786666666666666625e-01 6.159999999999999920e-01 6.106666666666666909e-01
5.893333333333333757e-01 5.999999999999999778e-01 5.653333333333333544e-01 5.440000000000000391e-01 5.733333333333333615e-01
5.360000000000000320e-01 5.573333333333333472e-01 4.879999999999999893e-01 5.413333333333333330e-01 4.426666666666666528e-01
3.893333333333333091e-01 3.786666666666666514e-01 3.946666666666666656e-01 3.546666666666666856e-01 3.573333333333333361e-01
