0.000000000000000000e+00 0.000000000000000000e+00 0.000000000000000000e+00 0.000000000000000000e+00 0.000000000000000000e+00
4.385380008541102104e-01 4.613751015068943695e-01 4.255598403094144611e-01 4.377404138210967410e-01 4.417896330096763302e-01
4.244121628729883855e-01 3.981977453222608210e-01 3.817920102833516904e-01 3.727202946458131883e-01 3.943074034819582518e-01
4.263945329558387343e-01 3.866360492473769894e-01 4.245619257734917218e-01 4.586098844674401653e-01 3.848177085069365844e-01
4.019079649326210424e-01 3.629897971723941019e-01 4.517598313304276858e-01 3.991675888001152139e-01 3.908622104011165721e-01
3.484247514257712841e-01 4.237087113095531210e-01 4.063608383941871849e-01 4.509583701906181297e-01 4.304961226979632238e-01
3.175071917010999223e-01 4.533369734857541355e-01 4.290267519273595620e-01 4.041116036639204045e-01 3.645826740879681283e-01
3.928597893702752142e-01 4.268019043229109855e-01 3.801263465395623431e-01 4.348549461176697828e-01 4.254584132758835735e-01
4.102614053120857696e-01 4.322138445406087381e-01 3.735637704689081517e-01 3.371269413619661925e-01 3.811962669277842441e-01
3.416222039315145453e-01 3.775570079565261916e-01 2.725117822308639193e-01 3.497793016254104326e-01 2.057834686101987776e-01
1.506056897650404902e-01 1.350568152580220171e-01 1.678399956193655784e-01 1.006734082821036519e-01 1.055783547457796179e-01
