0.000000000000000000e+00 0.000000000000000000e+00 0.000000000000000000e+00 0.000000000000000000e+00 0.000000000000000000e+00
5.300000000000000266e-01 6.119999999999999885e-01 5.580000000000000515e-01 5.440000000000000391e-01 5.180000000000000160e-01
4.859999999999999876e-01 5.180000000000000160e-01 5.639999999999999458e-01 5.140000000000000124e-01 5.480000000000000426e-01
4.799999999999999822e-01 5.160000000000000142e-01 5.100000000000000089e-01 5.160000000000000142e-01 5.400000000000000355e-01
5.080000000000000071e-01 4.979999999999999982e-01 4.759999999999999787e-01 5.620000000000000551e-01 5.719999999999999529e-01
5.040000000000000036e-01 5.260000000000000231e-01 5.580000000000000515e-01 5.120000000000000107e-01 5.360000000000000320e-01
4.680000000000000271e-01 4.859999999999999876e-01 4.839999999999999858e-01 4.879999999999999893e-01 5.060000000000000053e-01
4.959999999999999964e-01 5.060000000000000053e-01 5.240000000000000213e-01 5.060000000000000053e-01 5.220000000000000195e-01
4.660000000000000253e-01 4.540000000000000147e-01 4.540000000000000147e-01 4.680000000000000271e-01 4.540000000000000147e-01
4.839999999999999858e-01 4.259999999999999898e-01 4.119999999999999774e-01 4.440000000000000058e-01 4.480000000000000093e-01
2.720000000000000195e-01 2.879999999999999782e-01 2.660000000000000142e-01 2.899999999999999800e-01 2.520000000000000018e-01
