0.000000000000000000e+00 0.000000000000000000e+00 0.000000000000000000e+00 0.000000000000000000e+00 0.000000000000000000e+00
4.317781398612823285e-01 3.675112460107967105e-01 3.349400891490071919e-01 3.951478012162059072e-01 3.261830671767397272e-01
3.937585897976639271e-01 3.771800231862058039e-01 3.871364538032097680e-01 4.176765957948982977e-01 4.100314502448648146e-01
3.301759711327300617e-01 3.637639693572710109e-01 4.220541968138582511e-01 3.328746611346813378e-01 3.597015285795407968e-01
3.555282552962045206e-01 3.379590824558557638e-01 3.397050068311038284e-01 3.559403381683125533e-01 3.855333815135072451e-01
3.861232931464382845e-01 3.923617824368029749e-01 4.022476961543550167e-01 3.014455944685837663e-01 4.146656599860657488e-01
3.182067533427636596e-01 4.372746488528730935e-01 3.759858408395606588e-01 4.505107741997413373e-01 3.559035869204240643e-01
3.646900450752355027e-01 3.623401246968648293e-01 3.081357436066927691e-01 3.730047090028134060e-01 3.789351702445503123e-01
3.400076248999689965e-01 3.223575419137723608e-01 3.223382924940878524e-01 3.470640587011718514e-01 2.906901967217674354e-01
3.339822737024423227e-01 2.792551226674756526e-01 2.908678565271119454e-01 2.906909472195295385e-01 3.438963865482829729e-01
9.418353097718554223e-02 1.051568544122901960e-01 4.774691820226754230e-02 2.645938126659257983e-01 5.195089599979000466e-02
