0.000000000000000000e+00 0.000000000000000000e+00 0.000000000000000000e+00 0.000000000000000000e+00 0.000000000000000000e+00
8.243805589875035089e-01 8.326176401460493315e-01 8.085665983606556972e-01 8.165099999551556076e-01 8.105622988967224885e-01
7.841240461979097631e-01 8.057972779418601794e-01 8.166697428325334629e-01 7.981070169223479782e-01 8.089753650617796943e-01
8.269725048057194883e-01 7.954407540291413836e-01 8.062991452991452590e-01 7.962623362456650034e-01 8.052919289273536840e-01
8.037114814313026656e-01 8.089773566330298316e-01 8.083623693379791142e-01 7.950871899129662301e-01 7.955323792252179116e-01
7.932315430583675164e-01 8.095856259922010745e-01 8.202959712000553738e-01 7.662012783964003981e-01 8.037930206617606155e-01
8.302669391740024052e-01 7.774509803921568762e-01 7.980566366172822113e-01 8.005881322486075868e-01 8.248478514319993460e-01
7.837990200542795938e-01 7.793857058731760157e-01 8.083751430844149377e-01 7.641415809384207725e-01 7.867449864267559434e-01
7.836815044858522761e-01 7.296838184930006799e-01 7.451413136001515669e-01 7.708151770408578907e-01 7.754223739461223452e-01
6.902494796859999227e-01 7.495083041958041647e-01 7.407593183806461257e-01 7.572022771271397223e-01 7.878306878306878813e-01
6.280310629582183113e-01 6.660449281394310583e-01 6.406277866952024835e-01 6.610283865930511871e-01 5.132125875159019301e-01
