0.000000000000000000e+00 0.000000000000000000e+00 0.000000000000000000e+00 0.000000000000000000e+00 0.000000000000000000e+00
8.668840752949611428e-01 8.729902634050392685e-01 8.546531460188981910e-01 8.607717467482305373e-01 8.566933847973589033e-01
8.362583332918124279e-01 8.526121952890162170e-01 8.607717467482305373e-01 8.464850198845157436e-01 8.546531460188980800e-01
8.689201472069928434e-01 8.444411695842931609e-01 8.526121952890163280e-01 8.444411695842931609e-01 8.526121952890162170e-01
8.505705274827140006e-01 8.546531460188981910e-01 8.546531460188981910e-01 8.444411695842931609e-01 8.444411695842931609e-01
8.423965811896435563e-01 8.546531460188981910e-01 8.628098799207672975e-01 8.219088892463826124e-01 8.505705274827138895e-01
8.709555416641859837e-01 8.301132452864489197e-01 8.464850198845156326e-01 8.485281374238570207e-01 8.668840752949612538e-01
8.362583332918124279e-01 8.321623773172049932e-01 8.546531460188980800e-01 8.219088892463825013e-01 8.383051685129679909e-01
8.362583332918124279e-01 7.972173828734265832e-01 8.095782166590754780e-01 8.260126445090829606e-01 8.301132452864489197e-01
7.703251838599649570e-01 8.116353861186683671e-01 8.075202095854251416e-01 8.178019320104348289e-01 8.403512493131799488e-01
7.432684575575637664e-01 7.620183724819238336e-01 7.495278513837894119e-01 7.557777451076473918e-01 6.822186029581883693e-01
