0.000000000000000000e+00 0.000000000000000000e+00 0.000000000000000000e+00 0.000000000000000000e+00 0.000000000000000000e+00
7.041577490056450950e-01 7.163745229849449725e-01 7.005008035921093112e-01 6.884628025572614440e-01 7.370148310924009571e-01
6.883598768346957941e-01 7.003661537562311246e-01 7.410044949284959603e-01 7.085065270617334487e-01 7.164357254218771676e-01
7.442143646099578236e-01 7.122355515066549625e-01 7.328447239635915711e-01 7.052876200012515584e-01 7.162368748297259780e-01
6.895980412111697433e-01 7.254950931015253790e-01 7.046994088926689104e-01 7.093860757527301608e-01 6.862288309116064688e-01
6.728184868674568220e-01 6.969596772286835717e-01 7.106046390072298102e-01 6.823037074436489879e-01 7.117757831781558187e-01
7.051943161531869508e-01 6.861330727406315111e-01 7.199038245232116662e-01 6.791001510504429683e-01 7.224392196462166016e-01
6.594777873648114408e-01 6.770965016368090117e-01 7.040064015947546938e-01 6.594346113407137944e-01 7.005506115425095270e-01
6.619651454270566449e-01 6.426659323268554269e-01 6.708277853323765250e-01 6.785972714904970893e-01 7.050604273579620385e-01
5.901639344262294973e-01 6.350143834021998446e-01 5.955306755908548189e-01 6.649867691416577742e-01 6.847472153633470393e-01
5.178810264682010001e-01 5.421478918802786762e-01 5.058609783109955238e-01 5.690447690724832475e-01 4.643199694917438669e-01
