0.000000000000000000e+00 0.000000000000000000e+00 0.000000000000000000e+00 0.000000000000000000e+00 0.000000000000000000e+00
9.971929603384994678e-01 9.971929603384994678e-01 9.971929603384994678e-01 9.975438448320586016e-01 9.971929603384994678e-01
9.971929603384994678e-01 9.971929603384994678e-01 9.971929603384994678e-01 9.968420737713727942e-01 9.968420737713727942e-01
9.971929603384994678e-01 9.971929603384994678e-01 9.968420737713727942e-01 9.968420737713727942e-01 9.971929810737980571e-01
9.961402933795628911e-01 9.933332340192446708e-01 9.964911848714665954e-01 9.961402933795628911e-01 9.950876588200532336e-01
9.943859400300203433e-01 9.968420737713727942e-01 9.968420737713727942e-01 9.922805649001348316e-01 9.961403504020129862e-01
9.940350282348152655e-01 9.971929603384994678e-01 9.961403275932351198e-01 9.957894550225153685e-01 9.971929603384994678e-01
9.926311788673291003e-01 9.943859206769989356e-01 9.947368259058969597e-01 9.933331486560108559e-01 9.933332340192446708e-01
9.908768290664964340e-01 9.912277580575042935e-01 9.578296109128088265e-01 9.936841327686398717e-01 9.912277580575042935e-01
9.789398077536977105e-01 9.894730569356179339e-01 9.905258014008515577e-01 9.884200133197550420e-01 9.620585516178735697e-01
8.126196759958994598e-01 7.751648559028699870e-01 6.579115689770144160e-01 7.356628291128637365e-01 5.038865850244594879e-01
