0.000000000000000000e+00 0.000000000000000000e+00 0.000000000000000000e+00 0.000000000000000000e+00 0.000000000000000000e+00
9.971929824561402977e-01 9.971929824561402977e-01 9.971929824561402977e-01 9.964912280701754277e-01 9.968421052631579737e-01
9.971929824561402977e-01 9.964912280701754277e-01 9.971929824561402977e-01 9.968421052631579737e-01 9.971929824561402977e-01
9.971929824561402977e-01 9.964912280701754277e-01 9.964912280701754277e-01 9.968421052631579737e-01 9.978947368421052788e-01
9.964912280701754277e-01 9.936842105263157254e-01 9.957894736842105576e-01 9.961403508771929927e-01 9.940350877192982715e-01
9.929824561403508554e-01 9.968421052631579737e-01 9.961403508771929927e-01 9.943859649122805955e-01 9.943859649122805955e-01
9.936842105263157254e-01 9.919298245614035503e-01 9.950877192982455766e-01 9.964912280701754277e-01 9.968421052631579737e-01
9.940350877192982715e-01 9.912280701754385692e-01 9.947368421052631415e-01 9.929824561403508554e-01 9.954385964912280116e-01
9.915789473684211153e-01 9.926315789473684204e-01 9.645614035087719529e-01 9.954385964912280116e-01 9.908771929824561342e-01
9.750877192982456698e-01 9.880701754385965430e-01 9.880701754385965430e-01 9.915789473684211153e-01 9.635087719298245368e-01
8.501754385964912508e-01 7.982456140350877583e-01 7.031578947368420929e-01 8.547368421052632392e-01 7.743859649122806221e-01
