0.000000000000000000e+00 0.000000000000000000e+00 0.000000000000000000e+00 0.000000000000000000e+00 0.000000000000000000e+00
8.628098799207672975e-01 8.505705274827138895e-01 8.587329166989129403e-01 8.526121952890162170e-01 8.546531460188980800e-01
8.526121952890162170e-01 8.566933847973589033e-01 8.668840752949611428e-01 8.628098799207672975e-01 8.566933847973589033e-01
8.444411695842930499e-01 8.628098799207672975e-01 8.546531460188981910e-01 8.505705274827138895e-01 8.668840752949611428e-01
8.301132452864488087e-01 8.464850198845157436e-01 8.403512493131798378e-01 8.342107380965290142e-01 8.587329166989129403e-01
8.546531460188981910e-01 8.383051685129679909e-01 8.546531460188981910e-01 8.485281374238571317e-01 8.178019320104349399e-01
8.444411695842931609e-01 8.321623773172051042e-01 8.260126445090831826e-01 8.239611641333589587e-01 8.383051685129678798e-01
8.178019320104349399e-01 8.198558138816578467e-01 8.136917243171534198e-01 8.116353861186684782e-01 8.136917243171534198e-01
7.682499593231360002e-01 8.198558138816578467e-01 7.868926229162401809e-01 7.661737545897941981e-01 7.889593708733605437e-01
7.012775643225884759e-01 7.160285531240280221e-01 7.536954881707127463e-01 7.390901313251464488e-01 6.779682063997461983e-01
5.739531533341568625e-01 6.286493458200684836e-01 5.650754128629400519e-01 5.650754128629400519e-01 6.069230227595222571e-01
