0.000000000000000000e+00 0.000000000000000000e+00 0.000000000000000000e+00 0.000000000000000000e+00 0.000000000000000000e+00
8.607717467482306484e-01 8.607717467482305373e-01 8.587329166989130513e-01 8.546531460188980800e-01 8.526121952890162170e-01
8.526121952890162170e-01 8.648473211433848062e-01 8.770577074641224824e-01 8.628098799207672975e-01 8.505705274827138895e-01
8.505705274827138895e-01 8.566933847973587923e-01 8.689201472069928434e-01 8.464850198845156326e-01 8.587329166989129403e-01
8.362583332918125389e-01 8.485281374238571317e-01 8.403512493131799488e-01 8.444411695842930499e-01 8.668840752949611428e-01
8.444411695842931609e-01 8.383051685129678798e-01 8.423965811896437783e-01 8.485281374238571317e-01 8.628098799207672975e-01
8.301132452864489197e-01 8.260126445090830716e-01 8.321623773172051042e-01 8.239611641333589587e-01 8.423965811896437783e-01
8.178019320104349399e-01 8.280633362786260498e-01 7.992796757080715686e-01 8.178019320104349399e-01 8.239611641333589587e-01
7.786164367360578487e-01 8.239611641333589587e-01 7.889593708733605437e-01 7.411798402247294915e-01 8.034016568455795149e-01
7.139249882788030188e-01 7.202320613678776517e-01 7.744727238579807160e-01 7.536954881707127463e-01 6.970515683139152374e-01
5.628498911788115677e-01 6.112835312320753500e-01 5.606218769267650170e-01 5.561582508603103436e-01 6.025545618448175933e-01
