0.000000000000000000e+00 0.000000000000000000e+00 0.000000000000000000e+00 0.000000000000000000e+00 0.000000000000000000e+00
6.878201844262296083e-01 6.878201844262296083e-01 6.999951999231986965e-01 6.958247950819671512e-01 7.039810547875063884e-01
6.876801845089371978e-01 6.798155737704918433e-01 6.959805427547363088e-01 6.959805427547363088e-01 6.794871794871795156e-01
6.732342547320521176e-01 6.584205365610582561e-01 6.872794919494515931e-01 6.833870373042209012e-01 6.828582898434363280e-01
6.559874374706577971e-01 6.533152734778121529e-01 6.850978618952264787e-01 6.736976103385488024e-01 6.553625585883650073e-01
6.753246753246753276e-01 6.469622331691295969e-01 6.413667188315075318e-01 6.458289231570891742e-01 6.828030450907671689e-01
6.392496392496391788e-01 6.523858598746954396e-01 6.090794451450188829e-01 6.403472509301364468e-01 6.214579277525416057e-01
5.752895752895752501e-01 5.922656578394281945e-01 5.540276069900760270e-01 5.667095667095666256e-01 5.840407470288624392e-01
5.009980039920159944e-01 4.703776755058806103e-01 5.307388405227122519e-01 4.766161184030875964e-01 5.069563970166380829e-01
4.023983089353799780e-01 4.023983089353799780e-01 3.556570268899035825e-01 3.860984271943176394e-01 4.147940074906366625e-01
3.679349756576610342e-01 3.421611068669891953e-01 3.333333333333333148e-01 3.574876198834074925e-01 3.333333333333333148e-01
