0.000000000000000000e+00 0.000000000000000000e+00 0.000000000000000000e+00 0.000000000000000000e+00 0.000000000000000000e+00
6.879999999999999449e-01 6.879999999999999449e-01 6.999999999999999556e-01 6.959999999999999520e-01 7.039999999999999591e-01
6.879999999999999449e-01 6.799999999999999378e-01 6.959999999999999520e-01 6.959999999999999520e-01 6.799999999999999378e-01
6.759999999999999343e-01 6.599999999999999201e-01 6.879999999999999449e-01 6.839999999999999414e-01 6.839999999999999414e-01
6.600000000000000311e-01 6.559999999999999165e-01 6.879999999999999449e-01 6.759999999999999343e-01 6.600000000000000311e-01
6.800000000000000488e-01 6.559999999999999165e-01 6.480000000000000204e-01 6.520000000000000240e-01 6.879999999999999449e-01
6.520000000000000240e-01 6.600000000000000311e-01 6.280000000000000027e-01 6.519999999999999130e-01 6.360000000000000098e-01
6.039999999999999813e-01 6.119999999999999885e-01 5.879999999999999671e-01 5.959999999999999742e-01 6.079999999999999849e-01
5.560000000000000497e-01 5.360000000000000320e-01 5.800000000000000711e-01 5.400000000000000355e-01 5.600000000000000533e-01
5.160000000000000142e-01 5.160000000000000142e-01 4.919999999999999929e-01 5.160000000000000142e-01 5.200000000000000178e-01
5.160000000000000142e-01 5.040000000000000036e-01 5.000000000000000000e-01 5.080000000000000071e-01 5.000000000000000000e-01
