0.000000000000000000e+00 0.000000000000000000e+00 0.000000000000000000e+00 0.000000000000000000e+00 0.000000000000000000e+00
5.600000000000000533e-01 5.440000000000000391e-01 5.500000000000000444e-01 5.460000000000000409e-01 5.500000000000000444e-01
5.380000000000000338e-01 5.480000000000000426e-01 5.440000000000000391e-01 5.500000000000000444e-01 5.380000000000000338e-01
5.200000000000000178e-01 5.200000000000000178e-01 5.360000000000000320e-01 5.520000000000000462e-01 5.300000000000000266e-01
5.340000000000000302e-01 5.320000000000000284e-01 5.220000000000000195e-01 5.320000000000000284e-01 5.140000000000000124e-01
5.080000000000000071e-01 5.280000000000000249e-01 5.300000000000000266e-01 5.320000000000000284e-01 5.460000000000000409e-01
5.200000000000000178e-01 5.280000000000000249e-01 5.440000000000000391e-01 5.360000000000000320e-01 5.220000000000000195e-01
5.020000000000000018e-01 5.120000000000000107e-01 5.460000000000000409e-01 4.799999999999999822e-01 5.160000000000000142e-01
5.060000000000000053e-01 5.020000000000000018e-01 5.300000000000000266e-01 5.020000000000000018e-01 4.620000000000000218e-01
4.739999999999999769e-01 4.719999999999999751e-01 4.899999999999999911e-01 4.759999999999999787e-01 4.179999999999999827e-01
3.840000000000000080e-01 3.780000000000000027e-01 3.639999999999999902e-01 3.659999999999999920e-01 3.860000000000000098e-01
