0.000000000000000000e+00 0.000000000000000000e+00 0.000000000000000000e+00 0.000000000000000000e+00 0.000000000000000000e+00
5.076085110202468442e-01 4.931456843102979271e-01 4.986002517491934793e-01 4.934893270670822618e-01 4.971122059250627223e-01
4.932210077023152506e-01 5.079481431537264946e-01 4.968871075169506990e-01 4.997407040647535714e-01 4.993620804852720307e-01
4.792215141530209443e-01 4.683125454552553024e-01 4.981027633594131143e-01 5.218502593487138741e-01 4.916675640224582589e-01
5.043135134370979600e-01 5.048078881392494832e-01 4.812998758551958467e-01 4.925518999510030693e-01 4.745169251688035050e-01
4.729463351305522867e-01 4.883369760383463598e-01 4.995060144660621870e-01 4.873418813993001253e-01 5.137669759722161000e-01
4.837512837438664448e-01 4.888977157789268779e-01 5.204642400337720076e-01 5.036842897463857938e-01 4.902240026383251070e-01
4.914152660828144947e-01 4.795370674768836272e-01 5.182036246585977057e-01 4.606602419248925773e-01 4.943001102357197363e-01
4.851470803754236449e-01 4.752244444313364347e-01 5.007942036471920710e-01 4.747854063317709095e-01 4.592384525274550988e-01
4.688224598811909782e-01 4.615169082104674247e-01 4.791298028220212779e-01 4.597480223302982671e-01 4.108109445579524177e-01
3.412496040985911749e-01 2.880673973708227642e-01 2.931574054271486873e-01 2.803272604766985365e-01 2.919861390435022908e-01
