0.000000000000000000e+00 0.000000000000000000e+00 0.000000000000000000e+00 0.000000000000000000e+00 0.000000000000000000e+00
7.280701754385965341e-01 7.192982456140351033e-01 7.587719298245614308e-01 6.798245614035087758e-01 7.017543859649122417e-01
7.368421052631578538e-01 7.149122807017543879e-01 7.192982456140351033e-01 6.885964912280702066e-01 6.885964912280702066e-01
7.412280701754385692e-01 6.973684210526315264e-01 6.798245614035087758e-01 7.105263157894736725e-01 6.973684210526315264e-01
6.754385964912280604e-01 6.666666666666666297e-01 6.447368421052631637e-01 5.921052631578946901e-01 7.105263157894736725e-01
6.359649122807017330e-01 6.798245614035087758e-01 6.491228070175438791e-01 6.535087719298245945e-01 6.842105263157894912e-01
6.798245614035087758e-01 5.614035087719297934e-01 5.789473684210526550e-01 6.271929824561403022e-01 6.447368421052631637e-01
6.052631578947368363e-01 5.789473684210526550e-01 5.614035087719297934e-01 6.359649122807017330e-01 5.877192982456140857e-01
6.008771929824561209e-01 5.657894736842105088e-01 5.745614035087719396e-01 5.657894736842105088e-01 5.394736842105263275e-01
5.614035087719297934e-01 5.964912280701754055e-01 5.263157894736841813e-01 5.438596491228070429e-01 5.438596491228070429e-01
5.350877192982456121e-01 5.526315789473684736e-01 5.438596491228070429e-01 5.263157894736841813e-01 5.614035087719297934e-01
