0.000000000000000000e+00 0.000000000000000000e+00 0.000000000000000000e+00 0.000000000000000000e+00 0.000000000000000000e+00
8.159599695662073104e-01 8.185413014281466282e-01 8.158534876647632883e-01 8.212735418653052122e-01 8.133946175562224434e-01
8.134031458684343185e-01 8.027344148556269099e-01 8.213190342783525111e-01 8.104898016682479112e-01 8.026440745738990801e-01
7.963076737951517714e-01 8.025198321269656487e-01 8.079022552678175595e-01 8.132148192577042245e-01 8.076441591450596036e-01
7.993644967275908009e-01 7.897359127305652038e-01 8.078869486398234656e-01 8.072397349352821161e-01 8.077876647419627298e-01
7.592182594515838323e-01 7.853936843921029975e-01 7.941138190902029548e-01 7.695710448519438307e-01 7.912959905369773006e-01
8.054439599503977476e-01 7.749647646219869346e-01 7.778163339201009663e-01 7.804232804232803522e-01 8.020434108910482474e-01
7.701899404907474045e-01 7.375936177708942720e-01 7.895287173306213546e-01 7.710526315789474339e-01 7.515368217849444088e-01
7.690352708204847287e-01 7.190528366091285539e-01 7.075553343968464803e-01 7.418502349696532994e-01 7.938219070133963884e-01
5.816571796350626933e-01 6.542243022027388610e-01 6.994129396440217361e-01 7.500911449956036980e-01 5.632071963095697242e-01
5.481349843308108705e-01 5.230024787654148355e-01 2.772785500972110295e-01 5.487426527152278188e-01 5.374724801953146835e-01
