0.000000000000000000e+00 0.000000000000000000e+00 0.000000000000000000e+00 0.000000000000000000e+00 0.000000000000000000e+00
8.628098799207672975e-01 8.628098799207674086e-01 8.628098799207674086e-01 8.628098799207672975e-01 8.628098799207672975e-01
8.607717467482306484e-01 8.607717467482306484e-01 8.526121952890163280e-01 8.587329166989130513e-01 8.648473211433849173e-01
8.526121952890163280e-01 8.526121952890163280e-01 8.587329166989130513e-01 8.546531460188981910e-01 8.607717467482306484e-01
8.464850198845157436e-01 8.546531460188981910e-01 8.628098799207672975e-01 8.464850198845157436e-01 8.526121952890163280e-01
8.301132452864489197e-01 8.362583332918125389e-01 8.444411695842931609e-01 8.260126445090831826e-01 8.342107380965290142e-01
8.485281374238571317e-01 8.280633362786260498e-01 8.178019320104349399e-01 8.423965811896437783e-01 8.444411695842931609e-01
8.198558138816578467e-01 8.075202095854251416e-01 8.505705274827138895e-01 8.178019320104349399e-01 8.321623773172051042e-01
8.280633362786260498e-01 8.034016568455795149e-01 7.827563832735927596e-01 8.075202095854251416e-01 8.362583332918124279e-01
6.970515683139152374e-01 7.033886234191988329e-01 6.843416950292854350e-01 7.848249627924829275e-01 6.715818805046948059e-01
5.761666425609869302e-01 5.539225778231305908e-01 5.177730090386026829e-01 5.314165555903914706e-01 5.200546979779039347e-01
