0.000000000000000000e+00 0.000000000000000000e+00 0.000000000000000000e+00 0.000000000000000000e+00 0.000000000000000000e+00
1.000000000000000000e+00 9.615384615384615641e-01 1.000000000000000000e+00 9.666666666666666741e-01 1.000000000000000000e+00
1.000000000000000000e+00 1.000000000000000000e+00 1.000000000000000000e+00 1.000000000000000000e+00 9.666666666666666741e-01
9.666666666666666741e-01 1.000000000000000000e+00 1.000000000000000000e+00 1.000000000000000000e+00 1.000000000000000000e+00
1.000000000000000000e+00 1.000000000000000000e+00 1.000000000000000000e+00 9.615384615384615641e-01 1.000000000000000000e+00
1.000000000000000000e+00 1.000000000000000000e+00 9.230769230769231282e-01 1.000000000000000000e+00 1.000000000000000000e+00
1.000000000000000000e+00 1.000000000000000000e+00 1.000000000000000000e+00 9.230769230769231282e-01 1.000000000000000000e+00
1.000000000000000000e+00 1.000000000000000000e+00 9.230769230769231282e-01 1.000000000000000000e+00 1.000000000000000000e+00
9.230769230769231282e-01 9.615384615384615641e-01 1.000000000000000000e+00 9.615384615384615641e-01 9.615384615384615641e-01
9.615384615384615641e-01 9.615384615384615641e-01 1.000000000000000000e+00 9.615384615384615641e-01 9.615384615384615641e-01
7.692307692307691624e-01 9.615384615384615641e-01 7.692307692307691624e-01 8.461538461538461453e-01 1.000000000000000000e+00
