0.000000000000000000e+00 0.000000000000000000e+00 0.000000000000000000e+00 0.000000000000000000e+00 0.000000000000000000e+00
9.692409147164179339e-01 9.692409147164179339e-01 9.692409147164179339e-01 9.692409147164179339e-01 9.692409147164179339e-01
9.692409147164179339e-01 9.692409147164179339e-01 9.692409147164179339e-01 9.692409147164179339e-01 9.592358170230121939e-01
9.585413727004499229e-01 9.692409147164179339e-01 9.793792286287205107e-01 9.585413727004499229e-01 9.692409147164179339e-01
9.692409147164179339e-01 9.793792286287205107e-01 9.585413727004499229e-01 9.692409147164179339e-01 9.585413727004499229e-01
9.793792286287205107e-01 9.690304313273387926e-01 9.588189693968866001e-01 9.793792286287205107e-01 9.588189693968866001e-01
9.483970240773551552e-01 9.896549255441944304e-01 9.592358170230121939e-01 9.487405839596900758e-01 9.793792286287205107e-01
9.688200850064219161e-01 9.585413727004499229e-01 7.897405934934518257e-01 9.377035167721792241e-01 9.383828644790336293e-01
9.487405839596900758e-01 8.856729748690730375e-01 9.896549255441944304e-01 9.273517030982059151e-01 9.273517030982059151e-01
8.099133170032168927e-01 8.437116362988958951e-01 8.695669274412266558e-01 8.051160667207027943e-01 7.188626590489153312e-01
7.990185793037851703e-01 7.617701094611180057e-01 7.299320087792198208e-01 8.095551331645139959e-01 7.703876790315792311e-01
