0.000000000000000000e+00 0.000000000000000000e+00 0.000000000000000000e+00 0.000000000000000000e+00 0.000000000000000000e+00 0.000000000000000000e+00 0.000000000000000000e+00 0.000000000000000000e+00 0.000000000000000000e+00 0.000000000000000000e+00
7.493734335839599137e-01 7.442455242966751205e-01 7.979797979797980112e-01 7.493734335839599137e-01 7.979797979797980112e-01 7.916666666666665186e-01 7.979797979797980112e-01 7.979797979797980112e-01 7.442455242966751205e-01 6.999999999999999556e-01
9.498746867167919827e-01 7.493734335839599137e-01 7.442455242966751205e-01 7.979797979797980112e-01 6.999999999999999556e-01 7.493734335839599137e-01 6.999999999999999556e-01 7.979797979797980112e-01 5.959595959595960224e-01 6.999999999999999556e-01
7.493734335839599137e-01 7.493734335839599137e-01 6.491228070175438791e-01 8.000000000000001554e-01 7.493734335839599137e-01 6.419437340153452132e-01 5.999999999999999778e-01 7.493734335839599137e-01 7.493734335839599137e-01 6.999999999999999556e-01
7.979797979797980112e-01 7.442455242966751205e-01 6.419437340153452132e-01 6.419437340153452132e-01 7.493734335839599137e-01 8.496240601503759482e-01 7.493734335839599137e-01 6.969696969696967948e-01 7.979797979797980112e-01 7.916666666666665186e-01
6.875000000000000000e-01 8.496240601503759482e-01 6.875000000000000000e-01 6.875000000000000000e-01 7.979797979797980112e-01 6.999999999999999556e-01 7.442455242966751205e-01 7.493734335839599137e-01 7.493734335839599137e-01 6.969696969696967948e-01
7.333333333333333925e-01 7.442455242966751205e-01 8.496240601503759482e-01 5.833333333333332593e-01 6.491228070175438791e-01 7.493734335839599137e-01 7.979797979797980112e-01 8.465473145780051389e-01 6.491228070175438791e-01 6.419437340153452132e-01
6.491228070175438791e-01 5.959595959595960224e-01 7.493734335839599137e-01 6.419437340153452132e-01 8.000000000000001554e-01 9.000000000000000222e-01 5.999999999999999778e-01 5.999999999999999778e-01 6.419437340153452132e-01 7.979797979797980112e-01
5.833333333333332593e-01 7.442455242966751205e-01 5.959595959595960224e-01 4.949494949494949170e-01 7.979797979797980112e-01 6.266666666666667052e-01 7.979797979797980112e-01 8.496240601503759482e-01 7.979797979797980112e-01 5.833333333333332593e-01
9.000000000000000222e-01 6.419437340153452132e-01 6.266666666666667052e-01 5.604395604395604469e-01 6.875000000000000000e-01 6.419437340153452132e-01 4.871794871794872250e-01 7.979797979797980112e-01 5.833333333333332593e-01 5.238095238095238360e-01
