0.000000000000000000e+00 0.000000000000000000e+00 0.000000000000000000e+00 0.000000000000000000e+00 0.000000000000000000e+00
8.885075248160240191e-01 8.613735571481716535e-01 8.500853943072861352e-01 8.732142159005961135e-01 8.979803088023637914e-01
8.773876784125651529e-01 8.667747683998147101e-01 8.613735571481716535e-01 8.619230879713549731e-01 8.696480383236945277e-01
8.754578754578754562e-01 8.898918274666438588e-01 8.567224143256350066e-01 8.684442557073490665e-01 8.784668914628411818e-01
8.821496855644810342e-01 8.455661855825047368e-01 8.451587831313331911e-01 8.133973220211756505e-01 8.974358974358974672e-01
8.496495369597734104e-01 8.247443454350456005e-01 8.572390817294006649e-01 8.820930428798833267e-01 8.753624136249297250e-01
8.473037152332769661e-01 8.540168202937979958e-01 7.881367105917492788e-01 8.454399060990295256e-01 8.437238758982319453e-01
8.371612581181913093e-01 7.151773942780552673e-01 7.223822953273668634e-01 7.883163774576177341e-01 7.259272375414090872e-01
6.778343894045649742e-01 6.312655864226274227e-01 6.528625492373729688e-01 6.475062830941548109e-01 6.849322013813587962e-01
4.584512815169309863e-01 3.180880618068243071e-01 4.329181059977225132e-01 4.992568065617039030e-01 4.153570362994165044e-01
0.000000000000000000e+00 0.000000000000000000e+00 0.000000000000000000e+00 1.369635672688863659e-01 0.000000000000000000e+00
