0.000000000000000000e+00 0.000000000000000000e+00 0.000000000000000000e+00 0.000000000000000000e+00 0.000000000000000000e+00
9.045340337332907765e-01 9.045340337332907765e-01 8.775633032524907673e-01 8.775633032524907673e-01 9.045340337332907765e-01
9.045340337332907765e-01 9.045340337332907765e-01 9.045340337332907765e-01 8.820104430654692740e-01 9.045340337332907765e-01
9.045340337332907765e-01 8.820104430654692740e-01 8.820104430654692740e-01 8.514202182000767394e-01 9.045340337332907765e-01
8.820104430654692740e-01 9.045340337332907765e-01 9.045340337332907765e-01 8.820104430654692740e-01 8.820104430654692740e-01
9.015037604471400901e-01 9.045340337332907765e-01 9.045340337332907765e-01 8.820104430654692740e-01 9.045340337332907765e-01
8.030169811655929468e-01 8.546419164724743389e-01 7.838686930074690862e-01 9.045340337332907765e-01 8.557239703978810619e-01
8.820104430654692740e-01 7.879092800517907280e-01 8.274168287809199329e-01 8.305556183273551385e-01 8.323148993037752241e-01
8.274168287809199329e-01 7.838686930074690862e-01 8.295053895174014924e-01 7.191316957125196696e-01 7.345500185034985474e-01
7.838686930074690862e-01 8.122769321068953330e-01 8.524900660167054056e-01 8.094999088258616471e-01 7.258661863112977342e-01
5.552007772648460682e-01 7.872315085026536652e-01 6.864325102135437895e-01 6.716156755603334139e-01 8.542821429703302272e-01
