0.000000000000000000e+00 0.000000000000000000e+00 0.000000000000000000e+00 0.000000000000000000e+00 0.000000000000000000e+00 0.000000000000000000e+00 0.000000000000000000e+00 0.000000000000000000e+00 0.000000000000000000e+00 0.000000000000000000e+00
8.666577325113911101e-01 8.159237379162191939e-01 8.231928243195475448e-01 8.451533342640420443e-01 7.543417366946778557e-01 8.476107226107225667e-01 8.048018292682926900e-01 7.341561624649860507e-01 9.202037351443124180e-01 3.977156356188614184e-01
6.737620103473761501e-01 7.301356589147286469e-01 7.729741019214703135e-01 8.169703103913630304e-01 7.794365721997301710e-01 3.719819311123658823e-01 8.049793601651186181e-01 7.447802197802197988e-01 8.118964368964368683e-01 5.861111111111111382e-01
7.002154167671408302e-01 8.847646033129903387e-01 6.835924854073673895e-01 7.607357181825266101e-01 7.111811081638668153e-01 8.587474120082816409e-01 6.269841269841269771e-01 7.165119925417408053e-01 8.594328376937072633e-01 8.965643274853801747e-01
6.885592769803297042e-01 8.056364315042926494e-01 2.032051282051282048e-01 8.069836754047280403e-01 2.397540983606557541e-01 8.054758488761357693e-01 7.795187165775401272e-01 7.555555555555555358e-01 7.743421052631579427e-01 8.200353825740822611e-01
6.565934065934064812e-01 8.516483516483517313e-01 6.976190476190475831e-01 6.909129243095086803e-01 6.410973084886127937e-01 6.227941176470588314e-01 5.504273504273503592e-01 6.871794871794871806e-01 6.375539502975785533e-01 6.430555555555554914e-01
7.575317604355716883e-01 5.587843833185448528e-01 8.118421052631578094e-01 4.521008403361345129e-01 7.786931818181819231e-01 8.409371236196362398e-01 8.479062944523471090e-01 5.716938405797101774e-01 6.136313220940550206e-01 8.450587209600493033e-01
6.791533820571932223e-01 6.859747545582047801e-01 1.784615384615384492e-01 6.560160427807486538e-01 7.850122850122850382e-01 6.113636363636363313e-01 7.853769037979564382e-01 8.241148325358852444e-01 6.646502404017633481e-01 8.349190283400811374e-01
6.713240810202550923e-01 7.910087719298245501e-01 7.772108843537414158e-01 6.617566830332787253e-01 7.606470106470106796e-01 6.263834802213568143e-01 6.638623072833600425e-01 8.089304812834223757e-01 6.304431278964386376e-01 8.483583489681050249e-01
7.317787292320399040e-01 7.810382217403090133e-01 9.112554112554112073e-01 8.513875598086124707e-01 7.174422799422799368e-01 8.454135338345865058e-01 8.150914421331844073e-01 7.469535908737360286e-01 5.909090909090909394e-01 5.609869375907111655e-01
5.633484477578724059e-01 8.162719633307868872e-01 8.351222035432561697e-01 5.567771883289124313e-01 6.780801209372637750e-01 7.198269079464988396e-01 6.239039329464861616e-01 6.844772403982929410e-01 7.852368220015277789e-01 9.190564292321923290e-01
8.043063614872124623e-01 5.121136173767752986e-01 8.031376518218622529e-01 6.698411237884922542e-01 8.230769230769231504e-01 7.718360071301246794e-01 9.264087468460890928e-01 7.975040257648953190e-01 8.634446693657219507e-01 7.699913353229999036e-01
5.367724063376236865e-01 8.142592592592592382e-01 8.003968253968253288e-01 7.514588859416445610e-01 6.356516290726816898e-01 7.761157539118066495e-01 7.029273765809873620e-01 1.618181818181818055e-01 7.059567448680351687e-01 7.474747474747474030e-01
8.512806637806636934e-01 7.468582375478928226e-01 8.293421052631579915e-01 8.416085440278987528e-01 6.700868753298421243e-01 6.948529411764705621e-01 6.933027756557168519e-01 7.872731397459165059e-01 6.974237063246351287e-01 8.122994223363286803e-01
5.734265734265734382e-01 5.859122584732340266e-01 5.612500000000000266e-01 5.191093628593629328e-01 7.105748241571671064e-01 5.795800817539946692e-01 6.683026658939438258e-01 4.730376766091052287e-01 7.424107142857143682e-01 5.764478764478764283e-01
7.466008771929824039e-01 7.055137844611527598e-01 7.232057416267942962e-01 8.495495495495495319e-01 7.498313090418353699e-01 7.283372502250751168e-01 6.843514328808446567e-01 7.946428571428572063e-01 8.162747293766330348e-01 8.277792288827940936e-01
7.235714285714285321e-01 7.275233957219251479e-01 7.451201201201200774e-01 7.766391138101663705e-01 8.174812030075186975e-01 7.539567879937898454e-01 6.190476190476190688e-01 6.596673254281949506e-01 7.695046439628482338e-01 7.139610389610391294e-01
7.765345268542198642e-01 6.277279434607020425e-01 7.842334096109840891e-01 7.856324278438030495e-01 7.041178527714635482e-01 7.708333333333332593e-01 8.249999999999999556e-01 7.132913806254767008e-01 5.053280053280053696e-01 7.624613003095974673e-01
6.197939236361884596e-01 6.670948839305836930e-01 7.178921568627449901e-01 5.468750000000000000e-01 8.007619529105879375e-01 5.897490820073439943e-01 8.619949494949494806e-01 6.755952380952381375e-01 7.779558404558404305e-01 7.106271777003484447e-01
6.062015503875968214e-01 8.153766719118803463e-01 7.569581280788177935e-01 7.924356345408976043e-01 6.838205980066445200e-01 7.619690766611798560e-01 5.307189542483660150e-01 5.912427792041079488e-01 6.063055657045426372e-01 8.570261437908497371e-01
7.759398496240601517e-01 5.068085298635582880e-01 4.428196803196803311e-01 6.538562091503268281e-01 3.494043376438243920e-01 7.089410939691443980e-01 7.840501792114694668e-01 5.384728175050755850e-01 5.396057347670251136e-01 7.788882525724630801e-01
