0.000000000000000000e+00 0.000000000000000000e+00 0.000000000000000000e+00 0.000000000000000000e+00 0.000000000000000000e+00 0.000000000000000000e+00 0.000000000000000000e+00 0.000000000000000000e+00 0.000000000000000000e+00 0.000000000000000000e+00
4.656328320802004539e-01 7.920595533498758778e-01 7.109885620915031845e-01 8.599378881987578271e-01 8.122910465657577905e-01 7.527151211361737815e-01 7.493421052631579204e-01 7.945833333333334192e-01 7.394863360323886692e-01 8.614709851551957120e-01
7.836636178861788871e-01 8.315390749601275777e-01 8.533882783882782430e-01 3.979085430698333647e-01 3.645593869731800774e-01 7.057452990515871161e-01 7.806372549019607865e-01 8.393719806763284552e-01 8.050211416490485883e-01 4.378846153846153721e-01
6.217954159592530283e-01 8.809523809523809312e-01 6.857273045041445414e-01 5.739524702939335921e-01 2.283549783549783663e-01 7.973214285714286254e-01 7.873376623376622252e-01 6.626984126984125645e-01 8.269263051871748038e-01 8.140283598687673150e-01
6.684981684981683436e-01 8.383626777139628894e-01 4.703655993129677304e-01 8.645671401768961761e-01 6.738116458704693779e-01 8.100246435486709862e-01 8.150914421331844073e-01 6.795910184442661706e-01 5.207714107969863004e-01 7.711397058823529216e-01
6.761583445793972746e-01 7.168803418803418870e-01 6.469362745098039547e-01 6.488636363636363091e-01 6.659434682964094909e-01 5.633631378972994153e-01 5.002349624060150601e-01 5.287790697674418228e-01 7.459739838210326379e-01 7.316346281863522760e-01
7.958333333333332815e-01 7.145693779904306320e-01 6.742213570634036923e-01 7.187165775401069823e-01 4.385560675883256598e-01 6.416666666666666075e-01 8.349190283400811374e-01 4.995454545454545148e-01 5.258494208494207678e-01 6.122389306599833603e-01
6.335714285714285632e-01 7.545383309390100157e-01 7.250639105581339061e-01 6.087838746348200880e-01 4.180769230769230682e-01 7.401364764267990282e-01 7.561685061685061715e-01 9.046822742474915913e-01 7.011841100076393607e-01 6.440476190476190910e-01
8.257918552036198623e-01 9.416666666666666519e-01 6.839869281045751759e-01 8.932712215320910421e-01 8.506773690984217318e-01 7.408499446290144341e-01 6.656361408199643614e-01 8.238705738705739412e-01 7.961538461538462119e-01 8.076515213312668307e-01
7.392857142857143238e-01 7.225177304964538472e-01 8.007575757575757791e-01 6.778032036613271805e-01 8.425890092879257942e-01 7.494390044879640778e-01 7.711558307533540324e-01 6.579959514170040658e-01 8.458164642375168851e-01 8.169703103913630304e-01
2.213203463203463062e-01 4.653110047846890085e-01 7.379635859053064184e-01 8.008823529411763786e-01 7.944947209653091535e-01 5.620629370629370847e-01 6.829740374567959682e-01 5.455844155844156163e-01 7.608258451005562861e-01 7.996767937944407878e-01
7.760043041606886627e-01 6.826612903225806051e-01 7.193683925182976502e-01 6.756094329623741901e-01 5.554298642533936903e-01 7.290163540163540068e-01 4.927272727272726804e-01 8.923315232525759200e-01 6.997389306599832715e-01 7.371109141055949276e-01
6.868229809406279918e-01 5.458976157082748859e-01 6.564785788923719334e-01 7.768263757115748680e-01 7.687499999999999334e-01 6.220965309200603421e-01 6.192265795206971513e-01 7.141826923076923794e-01 4.834415584415584499e-01 4.901936026936026813e-01
7.669157550176586291e-01 8.357526881720429568e-01 6.829369954369953755e-01 6.161858974358973562e-01 6.289367335562987549e-01 7.293266322304434723e-01 7.222918407128933183e-01 7.408018478798877871e-01 7.280858676207513369e-01 7.536764705882352811e-01
4.822764216433086393e-01 6.646889400921658364e-01 6.882478632478632452e-01 3.581349206349206393e-01 5.982542139662883063e-01 6.757440476190476053e-01 7.687072023760416206e-01 6.294191919191919338e-01 8.242829295460875061e-01 7.820855614973263314e-01
5.190414786159467386e-01 8.028508771929824261e-01 7.383498854087089391e-01 8.191850594227504390e-01 7.052696078431373028e-01 5.563653037005069635e-01 6.791666666666666963e-01 7.732693803474202099e-01 8.550061050061049661e-01 8.095238095238095344e-01
7.919884169884169323e-01 5.745798319327730663e-01 6.727974060822898839e-01 6.970094138451135013e-01 7.162280701754386580e-01 7.788582810385136224e-01 6.097453271366314320e-01 5.468481989708404711e-01 7.824786324786324743e-01 6.699137931034482296e-01
6.563257575757576179e-01 8.210714285714286742e-01 4.981617647058824150e-01 8.009664359409689460e-01 1.405405405405405483e-01 8.319648093841641723e-01 6.539855072463768293e-01 5.476539589442814826e-01 7.419384057971014634e-01 5.758012820512821150e-01
6.851190476190476275e-01 6.164035087719298422e-01 6.556493506493505929e-01 8.570318570318569140e-01 5.353773584905661131e-01 6.378054511278196115e-01 7.124060150375939315e-01 6.136059136059135444e-01 7.268269230769232037e-01 6.860119047619047672e-01
5.410022148394241226e-01 7.473590925203827950e-01 8.049005049005049095e-01 7.459627329192546341e-01 6.578041144901609627e-01 6.468123433583959914e-01 7.250158127767235561e-01 6.587938205585264217e-01 6.855500821018063462e-01 4.352272727272727404e-01
7.877192982456140413e-01 6.662393162393163148e-01 5.776327838827839400e-01 5.249958752681075369e-01 4.352097902097901705e-01 6.349206349206348854e-01 6.678571428571429269e-01 4.189814814814815103e-01 5.160774875720034460e-01 6.945013719207266956e-01
