0.000000000000000000e+00 0.000000000000000000e+00 0.000000000000000000e+00 0.000000000000000000e+00 0.000000000000000000e+00 0.000000000000000000e+00 0.000000000000000000e+00 0.000000000000000000e+00 0.000000000000000000e+00 0.000000000000000000e+00
7.208214770996419496e-01 8.750208083835631090e-01 8.158778307846280553e-01 8.817328345147480428e-01 8.860817028741357904e-01 8.455567666600506405e-01 8.293989113154873749e-01 8.359291808097857324e-01 8.335986295934938450e-01 9.154324330603966775e-01
8.358200445496678510e-01 8.724371209609156352e-01 9.201357242245642443e-01 6.599341236385561915e-01 6.887829262865555746e-01 8.136254755726263221e-01 8.660651449838177030e-01 8.868984919901102826e-01 8.935192131043482311e-01 7.095201755850020220e-01
7.453646213284553790e-01 9.067514962006233414e-01 8.144827531075840010e-01 6.823905981768830786e-01 6.083627081254281421e-01 8.714334312974589825e-01 8.798278608362358755e-01 7.694487415779937001e-01 8.943219591347247865e-01 8.745640316593544794e-01
7.900489695610056762e-01 8.832738487670475092e-01 7.054196643942944878e-01 9.218768099917162839e-01 7.804220920801443473e-01 8.918140241447241046e-01 8.790469535331213446e-01 7.718817928906319681e-01 7.496924070182645616e-01 8.699801896037807625e-01
8.090227057130113808e-01 8.338340539807727048e-01 7.902920837059586034e-01 8.077584795451638877e-01 7.962529491428957940e-01 7.207325059734209782e-01 7.583185831315775172e-01 7.518911883820549313e-01 8.537203398831109125e-01 8.406632090598262774e-01
8.634548304383162787e-01 8.264091203111426642e-01 8.244253411266402320e-01 8.223469708576048864e-01 7.311131575622171752e-01 7.642217705440825792e-01 9.104820653390851559e-01 6.932848456410981575e-01 7.119287359948381910e-01 7.849078310300814376e-01
7.899155074278803035e-01 8.378837794773787984e-01 8.334349531536408007e-01 7.930316656113828300e-01 7.196981853181471100e-01 8.204543407181487114e-01 8.593686167741623194e-01 9.349523152763317135e-01 8.256800327861415489e-01 7.723706342154967874e-01
8.736093544265537414e-01 9.584114161093530981e-01 8.100845894182311380e-01 9.363825628850823701e-01 9.168549714121756455e-01 8.582765964995617836e-01 7.965687776806715803e-01 8.904309772838164827e-01 8.542913955684189320e-01 8.870946043300309558e-01
8.432134359157819059e-01 7.893352152931011334e-01 8.653907024458526998e-01 8.321597193214792521e-01 8.811064624593776262e-01 8.694541502729845606e-01 8.774141370378417681e-01 7.993765736706288649e-01 8.910861927488302747e-01 8.899981733573105736e-01
5.996908078673963693e-01 7.154669374133636461e-01 8.224452906775231442e-01 8.480938251685353757e-01 8.574325487802624268e-01 7.186387393055442274e-01 8.190654676240959331e-01 7.243272893146132096e-01 8.342656787548731190e-01 8.665781700609929139e-01
8.524554433137414566e-01 8.286327295272023497e-01 8.301545294397740804e-01 8.146673925952606643e-01 7.703435072441413567e-01 8.163799496448774784e-01 6.781678377522898371e-01 9.453543573287588320e-01 8.212577663010228735e-01 7.813231660077122331e-01
7.606039734896419269e-01 7.351618068883846169e-01 7.528169594159236366e-01 8.447665448304959579e-01 8.402977092815400173e-01 7.527426285145525364e-01 7.174090171341261923e-01 8.012680096449772416e-01 7.555612359290508895e-01 7.037061011767443697e-01
8.343962243163317583e-01 9.075389214460137799e-01 8.014388463845917299e-01 7.881701093115123236e-01 7.027973294181649733e-01 8.294844923578332807e-01 8.224606770653373200e-01 8.405537944582979204e-01 8.361851455527643528e-01 8.515979302821274910e-01
6.665943247786920711e-01 7.907885283531526088e-01 8.133089073411804426e-01 6.451043902810168484e-01 7.660025534135844749e-01 8.120594480625192846e-01 8.600272377044205774e-01 7.577082604323063242e-01 9.042554488798998369e-01 8.581115488504815758e-01
6.899521001584582036e-01 9.039647494129577909e-01 8.275420422906945017e-01 8.837300468191923164e-01 8.178230351597562953e-01 7.123293421195097119e-01 7.524590229911447548e-01 8.573801619421288489e-01 9.134386585863245589e-01 8.613492376289006991e-01
8.820535711693983094e-01 7.575114210295575967e-01 7.575225746129210513e-01 8.121416293006628040e-01 8.032595554775748825e-01 8.480868477505418834e-01 7.832949266126008059e-01 6.907540833782335188e-01 8.507304059491644921e-01 8.230558460818457878e-01
7.545823343449018505e-01 9.003502784432395600e-01 7.183197374080095843e-01 8.674723497392622384e-01 4.053585690323855406e-01 8.978206018686361034e-01 7.908828070972695468e-01 7.154441986221627969e-01 8.432275737931931303e-01 7.258241484890840534e-01
7.732770555769810095e-01 7.534615455050843735e-01 8.075669810246441926e-01 9.085859775198602550e-01 6.934328602764657790e-01 8.089136002374662793e-01 8.582224788094385826e-01 7.158648431578200633e-01 7.916225537215725305e-01 7.793062162643545898e-01
6.951108847775647748e-01 8.494558806296040876e-01 8.644942745898476222e-01 8.505387720486859982e-01 8.050159180001070780e-01 7.612025066738387080e-01 8.418500085299301938e-01 7.739732832826916598e-01 8.247211942094488935e-01 6.675394439387773993e-01
8.435169808743745445e-01 7.822369707983709564e-01 7.253631090318181096e-01 6.931272802329034866e-01 6.668541423795874001e-01 7.482131584206053176e-01 7.775040569254587641e-01 6.213386579847097746e-01 7.054630591483475044e-01 7.937991796093896157e-01
