0.000000000000000000e+00 0.000000000000000000e+00 0.000000000000000000e+00 0.000000000000000000e+00 0.000000000000000000e+00
5.733333333333333615e-01 5.839999999999999636e-01 5.600000000000000533e-01 5.759999999999999565e-01 5.786666666666666625e-01
5.600000000000000533e-01 5.759999999999999565e-01 5.893333333333333757e-01 5.706666666666666554e-01 5.626666666666666483e-01
5.946666666666666767e-01 5.653333333333333544e-01 5.759999999999999565e-01 5.706666666666666554e-01 5.786666666666666625e-01
5.759999999999999565e-01 5.759999999999999565e-01 5.706666666666666554e-01 5.306666666666666199e-01 5.733333333333333615e-01
5.759999999999999565e-01 5.546666666666666412e-01 5.653333333333333544e-01 5.759999999999999565e-01 5.706666666666666554e-01
5.706666666666666554e-01 5.706666666666666554e-01 5.733333333333333615e-01 5.466666666666666341e-01 5.759999999999999565e-01
5.386666666666666270e-01 5.440000000000000391e-01 5.626666666666666483e-01 5.866666666666666696e-01 5.839999999999999636e-01
5.520000000000000462e-01 5.733333333333333615e-01 5.493333333333333401e-01 5.600000000000000533e-01 5.946666666666666767e-01
5.333333333333333259e-01 4.986666666666666470e-01 4.853333333333333388e-01 5.146666666666667167e-01 4.799999999999999822e-01
4.106666666666666798e-01 3.946666666666666656e-01 3.626666666666666927e-01 4.319999999999999951e-01 4.079999999999999738e-01
