0.000000000000000000e+00 0.000000000000000000e+00 0.000000000000000000e+00 0.000000000000000000e+00 0.000000000000000000e+00
3.612079729058246258e-01 3.780663606634545593e-01 3.412508153424549939e-01 3.663403307172471424e-01 3.702460609291931548e-01
3.415813104578560022e-01 3.661425889475326545e-01 3.873361622649810210e-01 3.576557250676374866e-01 3.454660442467928361e-01
3.933660408643114281e-01 3.516689947522684268e-01 3.670548629559725051e-01 3.581418855095246379e-01 3.695802541828661636e-01
3.678376841661658569e-01 3.658820594458302988e-01 3.591435743480974052e-01 2.973958816944002881e-01 3.620330940191083258e-01
3.665582171384467181e-01 3.331140194575938351e-01 3.514929171802647079e-01 3.659412218599558120e-01 3.598905728269445881e-01
3.600829636531792666e-01 3.632683321103299390e-01 3.643674927059360469e-01 3.246493735661348246e-01 3.695768600520250025e-01
3.152350810778884460e-01 3.239446556092058782e-01 3.517546682175445305e-01 3.865409850969026562e-01 3.878518002166698730e-01
3.467858261441489343e-01 3.799396647431889096e-01 3.414996801879460753e-01 3.585508595181581271e-01 4.065771739701301013e-01
3.341561228459617450e-01 2.780446118490139118e-01 2.612737092456591248e-01 3.100576091920784205e-01 2.551551815399143441e-01
1.803133012230050125e-01 1.658845569230342487e-01 8.942596869665551951e-02 2.200718150367849957e-01 1.850992735151086310e-01
