0.000000000000000000e+00 0.000000000000000000e+00 0.000000000000000000e+00 0.000000000000000000e+00 0.000000000000000000e+00
3.623146127972773911e-01 3.824101505258003519e-01 3.697115360249735860e-01 3.738992465246809838e-01 3.740927928648924428e-01
3.822450196127870625e-01 3.575402641024744699e-01 3.502185402702897576e-01 3.544700459834100315e-01 3.738750743486905503e-01
3.946909669400306964e-01 3.891181368491741788e-01 4.121489671949629119e-01 3.669991382185488482e-01 3.825713593929707113e-01
3.841570463863940854e-01 3.890670032538003364e-01 3.769086594021190395e-01 3.762418334643335971e-01 3.808363562095639088e-01
3.855973403021344947e-01 3.711649314306538217e-01 3.911282088130089152e-01 3.934948269369126228e-01 3.654834263867374200e-01
3.839838525061297636e-01 3.514100964174147190e-01 3.704739059719321381e-01 3.386692666241630789e-01 3.965723446905732308e-01
3.295081844949675487e-01 3.519519883520482728e-01 3.771682545706786516e-01 3.916535213604898091e-01 4.252022494868600289e-01
3.408928733052898341e-01 3.605452361804026284e-01 3.558899058351424616e-01 3.401478992091176989e-01 4.070726490791609087e-01
2.944330021304316092e-01 3.241427185080567042e-01 3.133777230290629157e-01 3.228524482102878013e-01 3.110186298827384288e-01
1.104872180074173288e-01 -2.248089934988177496e-02 2.013468165642072830e-02 7.348836679370007730e-02 1.212797032680620196e-01
