0.000000000000000000e+00 0.000000000000000000e+00 0.000000000000000000e+00 0.000000000000000000e+00 0.000000000000000000e+00
6.213333333333332931e-01 6.426666666666667194e-01 6.026666666666666838e-01 6.346666666666667123e-01 6.453333333333333144e-01
6.106666666666666909e-01 6.533333333333333215e-01 6.079999999999999849e-01 6.106666666666666909e-01 6.106666666666666909e-01
6.053333333333332789e-01 6.213333333333332931e-01 6.159999999999999920e-01 6.293333333333333002e-01 6.400000000000000133e-01
6.186666666666666980e-01 5.946666666666666767e-01 6.159999999999999920e-01 6.293333333333333002e-01 6.106666666666666909e-01
6.053333333333332789e-01 6.186666666666666980e-01 6.053333333333332789e-01 6.106666666666666909e-01 6.079999999999999849e-01
6.106666666666666909e-01 6.480000000000000204e-01 5.866666666666666696e-01 6.133333333333332860e-01 6.026666666666666838e-01
6.026666666666666838e-01 5.946666666666666767e-01 5.973333333333333828e-01 5.973333333333333828e-01 5.893333333333333757e-01
6.106666666666666909e-01 5.546666666666666412e-01 5.866666666666666696e-01 6.186666666666666980e-01 5.706666666666666554e-01
5.360000000000000320e-01 5.280000000000000249e-01 5.626666666666666483e-01 5.946666666666666767e-01 5.546666666666666412e-01
4.933333333333333459e-01 5.093333333333333046e-01 5.280000000000000249e-01 5.280000000000000249e-01 5.040000000000000036e-01
