0.000000000000000000e+00 0.000000000000000000e+00 0.000000000000000000e+00 0.000000000000000000e+00 0.000000000000000000e+00
7.118202020173352018e-01 7.286248844379542566e-01 7.160285531240279111e-01 7.054984053844488567e-01 6.864634003353711211e-01
6.928203230275510327e-01 7.223320258409947625e-01 6.991652165261083018e-01 6.991652165261083018e-01 7.076069216419208496e-01
6.758408754203084623e-01 6.970515683139153484e-01 7.244308110509932730e-01 7.139249882788029078e-01 7.076069216419208496e-01
7.139249882788029078e-01 6.991652165261083018e-01 6.970515683139153484e-01 6.949366078203744745e-01 7.118202020173352018e-01
6.907027017626485854e-01 6.907027017626485854e-01 6.907027017626485854e-01 7.097141834726302667e-01 7.054984053844487457e-01
6.694501890025541524e-01 7.012775643225884759e-01 6.822186029581882583e-01 7.097141834726301557e-01 6.949366078203743635e-01
6.758408754203083513e-01 6.800941111346281431e-01 6.907027017626484744e-01 6.800941111346281431e-01 6.673170161175271398e-01
7.181309072864082710e-01 6.544860579110909349e-01 7.181309072864082710e-01 6.928203230275508107e-01 6.907027017626485854e-01
6.329725288053361654e-01 6.308118226187232613e-01 6.630461689974704864e-01 6.737121046856735518e-01 6.544860579110909349e-01
6.112835312320753500e-01 6.199813617270191202e-01 6.329725288053361654e-01 6.243190067763613182e-01 6.003672949860684449e-01
