0.000000000000000000e+00 0.000000000000000000e+00 0.000000000000000000e+00 0.000000000000000000e+00 0.000000000000000000e+00
4.384055549010957287e-01 4.696914296725306914e-01 4.457723480196489896e-01 4.252172969299672367e-01 3.895153055392546193e-01
4.006458274052126511e-01 4.578251718776688017e-01 4.139161762018725987e-01 4.128640653216775758e-01 4.293347297265939777e-01
3.683301718172486416e-01 4.103351597866570222e-01 4.616030071366920007e-01 4.405265971836047623e-01 4.313674573262925582e-01
4.423989983103535084e-01 4.141972071601697780e-01 4.098049308574223115e-01 4.048602974916728492e-01 4.370642359100774810e-01
3.974910027159534454e-01 3.975337285233405682e-01 3.980217785585313806e-01 4.336172282263587308e-01 4.285076121796530524e-01
3.591513722392613572e-01 4.180923526374209498e-01 3.852927743620581658e-01 4.377722888232741250e-01 4.081527197005596075e-01
3.749806179370709924e-01 3.821517123397659699e-01 4.011550707381507652e-01 3.838301667475197410e-01 3.607769543042150806e-01
4.601979844634440653e-01 3.402557974050713918e-01 4.535342286998716999e-01 4.077592725716768229e-01 4.073326836013787533e-01
3.076923076923077094e-01 3.081369686866671787e-01 3.666430192005561417e-01 3.782658554050856714e-01 3.488298583136962283e-01
2.819619180546327764e-01 3.039098380137180699e-01 3.249358632548866033e-01 3.124838096943499677e-01 2.631604002070596082e-01
