0.000000000000000000e+00 0.000000000000000000e+00 0.000000000000000000e+00 0.000000000000000000e+00 0.000000000000000000e+00
4.345709946575983529e-01 4.644609740428954359e-01 4.063604959009335937e-01 4.535848728923078665e-01 4.699439492495265380e-01
4.163732377064549572e-01 4.825754608181182514e-01 4.124754457281417097e-01 4.163509930509111667e-01 4.180698313275444944e-01
4.085276136800961577e-01 4.322259691752740607e-01 4.252401074258680413e-01 4.444316045179406705e-01 4.614989213733025619e-01
4.292518065525272042e-01 3.938867725421195676e-01 4.265049692521624136e-01 4.442701984459685449e-01 4.173421043778974826e-01
4.084708297501985497e-01 4.292794422716321168e-01 4.091845306063587318e-01 4.204683740320480090e-01 4.163573584869494915e-01
4.200155023375422569e-01 4.751784870915292669e-01 3.847362728546724342e-01 4.243125643477629327e-01 4.078863651967400972e-01
4.110221525998249970e-01 3.969596337706667866e-01 4.010936091994343755e-01 4.020185097668441121e-01 3.903643321609351347e-01
4.261770171716157685e-01 3.415589657663457013e-01 3.898597362038883074e-01 4.355114413948186214e-01 3.717033803303036454e-01
3.272014235437978869e-01 3.146941529979807028e-01 3.665763976133652458e-01 4.099593134290605012e-01 3.531605818357213544e-01
2.729680118430882763e-01 3.022481614853959053e-01 3.302299831121461304e-01 3.348107253335766420e-01 2.947004489829993523e-01
