0.000000000000000000e+00 0.000000000000000000e+00 0.000000000000000000e+00 0.000000000000000000e+00 0.000000000000000000e+00
8.135327635327636031e-01 8.478693181818182101e-01 8.227282400510746996e-01 8.299028016009148967e-01 8.478693181818182101e-01
8.556752514803451781e-01 8.474358974358975338e-01 8.217164871227795597e-01 7.965811965811965267e-01 8.040100250626567302e-01
8.726546336591280983e-01 8.478693181818182101e-01 8.474358974358975338e-01 8.373966199208917605e-01 7.699248120300751230e-01
7.714956262001280152e-01 8.462973593570608521e-01 8.031643293779215931e-01 8.392006258445344757e-01 8.217164871227795597e-01
8.335664335664336733e-01 7.617352614015571177e-01 7.838093161834168709e-01 8.373966199208917605e-01 6.783783783783784438e-01
7.660611779507745522e-01 7.824815383490530962e-01 7.650800614169774860e-01 6.904834761321909653e-01 8.016666666666667496e-01
6.234177215189873333e-01 7.581300813008130524e-01 7.735403821268174163e-01 6.799050632911392000e-01 7.916571515566719341e-01
6.357142857142856762e-01 7.139423076923077094e-01 6.085856456101880196e-01 6.273895847066578435e-01 6.203680981595092181e-01
4.929457437742637560e-01 4.984674329501915802e-01 4.765395894428152701e-01 5.489452867501647404e-01 5.806906272022551718e-01
3.848221670802315919e-01 4.094292803970223105e-01 5.326001571091908415e-01 3.670212765957446832e-01 4.704099990531200315e-01
