0.000000000000000000e+00 0.000000000000000000e+00 0.000000000000000000e+00 0.000000000000000000e+00 0.000000000000000000e+00
9.667260843731432240e-01 9.667260843731432240e-01 9.667260843731432240e-01 9.800653398673201400e-01 9.733986732006534304e-01
9.800653398673201400e-01 9.733188165920482193e-01 9.733986732006534304e-01 9.733986732006534304e-01 9.667980131346468609e-01
9.733952987135446877e-01 9.735032054619683350e-01 9.733986732006534304e-01 9.669150390370916393e-01 9.800653398673201400e-01
9.667946386475382292e-01 9.734587168200613538e-01 9.668463246826631829e-01 9.668463246826631829e-01 9.735032054619683350e-01
9.867300455535749082e-01 9.667980131346468609e-01 9.735032054619683350e-01 9.602212124555720152e-01 9.536249355836985409e-01
9.604404654943738961e-01 9.734600911071500384e-01 9.733952987135446877e-01 9.405847373969811187e-01 9.734600911071500384e-01
9.333629333629334113e-01 9.408911901249871201e-01 9.604404654943738961e-01 9.735032054619683350e-01 9.472293251421923799e-01
9.138651995794853100e-01 8.278354047908295099e-01 8.683151832746527354e-01 9.470438445914518555e-01 9.279105638714524318e-01
8.946795541623128178e-01 8.249632329699353450e-01 8.531746031746031411e-01 8.289377289377289904e-01 8.059578997313431303e-01
5.179861214479625220e-01 4.240079177063920679e-01 5.201384924382010944e-01 5.238145143823317307e-01 4.553792040507698702e-01
