0.000000000000000000e+00 0.000000000000000000e+00 0.000000000000000000e+00 0.000000000000000000e+00 0.000000000000000000e+00
9.692409147164179339e-01 9.793792286287205107e-01 9.692409147164179339e-01 9.692409147164179339e-01 9.692409147164179339e-01
9.692409147164179339e-01 9.692409147164179339e-01 9.793792286287205107e-01 9.692409147164179339e-01 9.692409147164179339e-01
9.483970240773551552e-01 9.585413727004499229e-01 9.793792286287205107e-01 9.692409147164179339e-01 9.377035167721792241e-01
9.793792286287205107e-01 9.485344032370642831e-01 9.487405839596900758e-01 9.692409147164179339e-01 9.692409147164179339e-01
9.377035167721792241e-01 9.379750787578238214e-01 9.379750787578238214e-01 9.383828644790336293e-01 9.171311881187610426e-01
8.856729748690730375e-01 9.086853640887427863e-01 9.493599337703788610e-01 9.171311881187610426e-01 8.970671299626157280e-01
9.271504039308768874e-01 9.070377011482751994e-01 8.197064815820218620e-01 9.180623535361904786e-01 9.585413727004499229e-01
9.588189693968866001e-01 9.688200850064219161e-01 8.270461876414642033e-01 9.377035167721792241e-01 9.377713851554890789e-01
9.379750787578238214e-01 8.526788200798505191e-01 8.625050908345945899e-01 8.290369741838661266e-01 7.885440161493816325e-01
8.332888283620963898e-01 7.784185348533747550e-01 7.865222575590524734e-01 6.393433985049321588e-01 7.775349386684166086e-01
