0.000000000000000000e+00 0.000000000000000000e+00 0.000000000000000000e+00 0.000000000000000000e+00 0.000000000000000000e+00
8.981481481481481399e-01 9.023148148148147918e-01 9.157407407407407440e-01 9.023148148148147918e-01 9.027777777777776791e-01
9.069444444444444420e-01 9.069444444444444420e-01 8.796296296296295392e-01 9.157407407407407440e-01 9.287037037037036979e-01
9.212962962962962798e-01 8.634259259259259300e-01 9.203703703703703942e-01 9.023148148148147918e-01 9.148148148148147474e-01
8.685185185185184675e-01 8.773148148148148806e-01 8.634259259259259300e-01 9.143518518518518601e-01 9.203703703703703942e-01
8.583333333333333925e-01 8.953703703703703720e-01 9.245370370370370461e-01 9.282407407407406996e-01 8.009259259259259300e-01
8.574074074074073959e-01 8.842592592592593004e-01 9.203703703703703942e-01 8.578703703703702832e-01 9.356481481481481177e-01
9.092592592592592116e-01 9.291666666666666963e-01 8.972222222222222543e-01 9.000000000000000222e-01 9.101851851851852082e-01
8.907407407407407218e-01 8.393518518518519045e-01 8.476851851851852082e-01 9.291666666666666963e-01 8.439814814814814437e-01
8.861111111111110716e-01 9.324074074074073515e-01 8.990740740740740256e-01 7.083333333333333703e-01 9.148148148148147474e-01
8.064814814814814659e-01 6.481481481481481399e-01 7.370370370370370461e-01 9.189814814814815103e-01 8.842592592592593004e-01
