0.000000000000000000e+00 0.000000000000000000e+00 0.000000000000000000e+00 0.000000000000000000e+00 0.000000000000000000e+00
5.614896887350108168e-01 5.952657137220448424e-01 5.954100679939010599e-01 5.785927662839474017e-01 5.962569731531101036e-01
6.130721148745986726e-01 6.299909215447395683e-01 6.202764556392951212e-01 5.876341345197910737e-01 5.949727535617140850e-01
6.187783556403362306e-01 5.863280737698488565e-01 5.116763487123791032e-01 5.173011563460452322e-01 6.290328579670848574e-01
6.035837167451173491e-01 6.129906422035853453e-01 5.609482173838262753e-01 5.206701544689817940e-01 6.644049234797255732e-01
6.113554974262517261e-01 5.036281571112305455e-01 5.060358071457834450e-01 6.032624446984101718e-01 4.717701332822737958e-01
5.061417107287891071e-01 5.999262460873345804e-01 6.615035719729424057e-01 6.236313485259500355e-01 5.490282564977624347e-01
5.254021714985531721e-01 5.250898742075773562e-01 5.164657859768134740e-01 5.409466990272274733e-01 5.094759891328840551e-01
4.966859596316197667e-01 5.024419051252912993e-01 5.140416001163491400e-01 4.077262364265705208e-01 4.980580417613306166e-01
5.499313966530410269e-01 5.764952053470790982e-01 5.059466246237619425e-01 5.245388239558741450e-01 4.431643034641634671e-01
3.948208311380035362e-01 4.116080915412654306e-01 5.152680886591020082e-01 5.479709308018493319e-01 4.587593286848181684e-01
