0.000000000000000000e+00 0.000000000000000000e+00 0.000000000000000000e+00 0.000000000000000000e+00 0.000000000000000000e+00
4.560000000000000164e-01 4.533333333333333104e-01 4.586666666666666670e-01 4.719999999999999751e-01 4.613333333333333175e-01
4.533333333333333104e-01 4.613333333333333175e-01 4.746666666666666812e-01 4.586666666666666670e-01 4.533333333333333104e-01
4.266666666666666941e-01 4.480000000000000093e-01 4.453333333333333588e-01 4.506666666666666599e-01 4.426666666666666528e-01
4.319999999999999951e-01 4.213333333333333375e-01 4.319999999999999951e-01 4.533333333333333104e-01 4.373333333333333517e-01
3.840000000000000080e-01 4.480000000000000093e-01 4.506666666666666599e-01 4.053333333333333233e-01 4.480000000000000093e-01
4.106666666666666798e-01 4.026666666666666727e-01 4.106666666666666798e-01 4.133333333333333304e-01 4.026666666666666727e-01
3.519999999999999796e-01 3.599999999999999867e-01 3.786666666666666514e-01 3.679999999999999938e-01 3.706666666666666443e-01
3.546666666666666856e-01 3.493333333333333290e-01 3.253333333333333077e-01 3.413333333333333219e-01 3.813333333333333575e-01
3.200000000000000067e-01 3.253333333333333077e-01 3.413333333333333219e-01 3.333333333333333148e-01 3.466666666666666785e-01
3.333333333333333148e-01 3.333333333333333148e-01 3.360000000000000209e-01 3.306666666666666643e-01 3.360000000000000209e-01
