0.000000000000000000e+00 0.000000000000000000e+00 0.000000000000000000e+00 0.000000000000000000e+00 0.000000000000000000e+00
4.650939868191303339e-01 4.729467213114754709e-01 4.578887195121950637e-01 4.630023751974971513e-01 4.628661781050811830e-01
4.389730398416269996e-01 4.611382933385785310e-01 4.656632386281739922e-01 4.631258607668043425e-01 4.555617928981773868e-01
4.317809302470508315e-01 4.335874934398059044e-01 4.428764385973647522e-01 4.706391081265716703e-01 4.589922127502656934e-01
4.406856281196376846e-01 4.381393347852974851e-01 4.518827650298504195e-01 4.814627408215194637e-01 4.521751463651174086e-01
4.129494350120339052e-01 4.625457773065139722e-01 4.256331579103856400e-01 4.459863609526750206e-01 4.341218637992831919e-01
4.232246618053270848e-01 4.174759092445879394e-01 4.028109869453677661e-01 4.089685048589158378e-01 3.997428071706083386e-01
3.687215768140624239e-01 3.665538550850944710e-01 4.267999960204987286e-01 3.478213620473569745e-01 3.918849940247249308e-01
3.460423634336677878e-01 3.109042128281402917e-01 2.905403997780247605e-01 3.070521397066720559e-01 3.466961499638522848e-01
2.501542420983975945e-01 2.498501705978341259e-01 2.718364671219307138e-01 2.690919738354105584e-01 2.622105504373456464e-01
1.933665768709042776e-01 1.666666666666666574e-01 1.819554931979265877e-01 1.782130520069967472e-01 2.013328821461470575e-01
