0.000000000000000000e+00 0.000000000000000000e+00 0.000000000000000000e+00 0.000000000000000000e+00 0.000000000000000000e+00
4.564027991124765538e-01 4.539204280599252184e-01 4.594566429603865743e-01 4.723069437792399294e-01 4.622870276653172072e-01
4.499407767354963172e-01 4.600731666960229949e-01 4.724034463308200427e-01 4.560040002980041973e-01 4.517974723624594291e-01
4.207741001838796735e-01 4.354150515040156599e-01 4.393641698742148383e-01 4.439200915771204237e-01 4.404500256207847797e-01
4.153940565873048274e-01 4.097512844158372469e-01 4.239071534962147170e-01 4.463970773494582711e-01 4.334748849034563700e-01
3.678659813439938975e-01 4.375102684181286783e-01 4.291451540581112112e-01 3.848986054674831681e-01 4.322527900793705080e-01
3.916909704351803634e-01 3.707316113393461232e-01 3.898234456258902192e-01 3.809543912954957423e-01 3.774173759681005436e-01
3.036008773905411462e-01 3.025327163258197949e-01 3.304945054945054861e-01 3.144658009106658381e-01 3.243827499060698005e-01
2.895250052312199340e-01 2.402397963373572864e-01 2.486353748278700981e-01 2.523916433119297587e-01 3.230605234253369207e-01
2.059293065069472961e-01 2.181807441643524859e-01 2.205735084769215038e-01 2.243736206311880421e-01 2.192891235367837310e-01
1.666666666666666574e-01 1.666666666666666574e-01 1.767479879275654087e-01 1.701982729711603026e-01 1.767479879275654087e-01
