0.000000000000000000e+00 0.000000000000000000e+00 0.000000000000000000e+00 0.000000000000000000e+00 0.000000000000000000e+00
2.421192636054589342e-01 2.548317952597412561e-01 2.565501604600342600e-01 2.908906900802190609e-01 2.421508107745135863e-01
2.090754625404744604e-01 3.177366222597118317e-01 2.903886886129200540e-01 2.736601319911428076e-01 2.905809729294163146e-01
2.709672607946549405e-01 2.667485100408400478e-01 2.299384271143974923e-01 2.828042383246111013e-01 2.370363763329896012e-01
2.934054530160686847e-01 2.498294540708167755e-01 2.611502010365926441e-01 2.172925338142309704e-01 2.615868908738864795e-01
3.134510848907384739e-01 2.696997903708275857e-01 2.330765025264714130e-01 2.734948140969671315e-01 2.615473578957767664e-01
2.426784190581450507e-01 2.946264177173936183e-01 2.266569051587215555e-01 2.308417637128034605e-01 3.021084207185000814e-01
2.354487586208895977e-01 2.493252800883420384e-01 2.190706184117159061e-01 2.407969378590212595e-01 2.999452304879050568e-01
2.708882981851311600e-01 2.953071630010163928e-01 2.473437648193948235e-01 2.589712765376049330e-01 2.665220081235379346e-01
2.852881091572421757e-01 2.807068340181267385e-01 2.982918227555153012e-01 2.679091972366762220e-01 2.678927389639402801e-01
2.970711483764164607e-01 2.952909296357579261e-01 3.121543915068326069e-01 3.172086920290131395e-01 2.889145713256102144e-01
