0.000000000000000000e+00 0.000000000000000000e+00 0.000000000000000000e+00 0.000000000000000000e+00 0.000000000000000000e+00
5.786666666666666625e-01 5.706666666666666554e-01 5.839999999999999636e-01 5.679999999999999494e-01 5.759999999999999565e-01
5.839999999999999636e-01 5.759999999999999565e-01 5.786666666666666625e-01 5.893333333333333757e-01 5.493333333333333401e-01
5.653333333333333544e-01 5.626666666666666483e-01 5.679999999999999494e-01 5.466666666666666341e-01 5.786666666666666625e-01
5.679999999999999494e-01 5.946666666666666767e-01 5.759999999999999565e-01 5.946666666666666767e-01 5.813333333333333686e-01
5.733333333333333615e-01 5.759999999999999565e-01 5.733333333333333615e-01 5.893333333333333757e-01 5.839999999999999636e-01
5.733333333333333615e-01 5.733333333333333615e-01 5.653333333333333544e-01 5.786666666666666625e-01 5.839999999999999636e-01
5.706666666666666554e-01 5.600000000000000533e-01 5.600000000000000533e-01 5.653333333333333544e-01 5.600000000000000533e-01
5.626666666666666483e-01 5.813333333333333686e-01 5.653333333333333544e-01 5.653333333333333544e-01 5.733333333333333615e-01
5.600000000000000533e-01 5.546666666666666412e-01 5.546666666666666412e-01 5.626666666666666483e-01 5.546666666666666412e-01
5.200000000000000178e-01 5.093333333333333046e-01 4.719999999999999751e-01 4.906666666666666399e-01 4.959999999999999964e-01
