0.000000000000000000e+00 0.000000000000000000e+00 0.000000000000000000e+00 0.000000000000000000e+00 0.000000000000000000e+00
3.697234776763429487e-01 3.575248777543618139e-01 3.774684404194838527e-01 3.535077442964476568e-01 3.652998577567361238e-01
3.788393067744372789e-01 3.673338678980064831e-01 3.706224127941610269e-01 3.864355205313350639e-01 3.265845845971300232e-01
3.500710790297320019e-01 3.466840169265143490e-01 3.540948845358208863e-01 3.212048506795583402e-01 3.698549122589196991e-01
3.561537051513293251e-01 3.974076229813899852e-01 3.678376841661658569e-01 3.946653612114894849e-01 3.752848585884613342e-01
3.652546065660350338e-01 3.692643385868690786e-01 3.640891097128132747e-01 3.876391829741588357e-01 3.800635729137276653e-01
3.649421800175967068e-01 3.652305452619016846e-01 3.531143505257068327e-01 3.706785634516749361e-01 3.831663210876508630e-01
3.617089322727092826e-01 3.462884427471447091e-01 3.473044501414570551e-01 3.537871758403992040e-01 3.467260781135430570e-01
3.543608375730951665e-01 3.806789290022275507e-01 3.604037412016670161e-01 3.589692193494710137e-01 3.681974897308034067e-01
3.640243049717871715e-01 3.442274967068111868e-01 3.520490640035072727e-01 3.574943714977966702e-01 3.462664372392165180e-01
3.085327488792979356e-01 2.898456342061770385e-01 2.383149087725122128e-01 2.665058254987243691e-01 2.668058062164179733e-01
