0.000000000000000000e+00 0.000000000000000000e+00 0.000000000000000000e+00 0.000000000000000000e+00 0.000000000000000000e+00
8.514285714285714235e-01 8.616887513299158474e-01 8.557692307692307265e-01 8.616887513299158474e-01 8.761904761904761862e-01
8.414485411389437397e-01 8.658410732714139080e-01 8.616887513299158474e-01 8.616887513299158474e-01 8.414485411389437397e-01
8.317307692307691624e-01 8.658410732714139080e-01 8.459575243824628554e-01 8.557692307692307265e-01 8.616887513299158474e-01
8.311856957346919206e-01 8.415278342137342271e-01 8.514285714285714235e-01 8.222586819797648161e-01 8.831355627472131653e-01
8.616887513299158474e-01 8.616887513299158474e-01 8.514285714285714235e-01 8.521963824289406908e-01 8.414485411389437397e-01
7.836538461538462563e-01 8.658410732714139080e-01 8.414485411389437397e-01 8.831355627472131653e-01 8.414485411389437397e-01
8.616887513299158474e-01 8.571571271601239328e-01 8.358585858585858563e-01 8.266666666666666607e-01 8.012232415902140747e-01
8.632154882154882136e-01 8.514285714285714235e-01 8.151158065826900057e-01 8.188832922516343649e-01 8.188832922516343649e-01
7.537878787878786735e-01 7.828265953892414863e-01 8.012232415902140747e-01 8.580166011358671962e-01 8.012232415902140747e-01
8.340874811463047100e-01 6.792763157894737835e-01 7.134238310708899133e-01 6.917970602181129358e-01 7.534376481744903264e-01
