0.000000000000000000e+00 0.000000000000000000e+00 0.000000000000000000e+00 0.000000000000000000e+00 0.000000000000000000e+00
7.038332823248528713e-01 7.236330588312580581e-01 7.152689531334822659e-01 7.236330588312580581e-01 7.533990064322368951e-01
6.849980334999089537e-01 7.338727559779485432e-01 7.236330588312580581e-01 7.236330588312580581e-01 6.849980334999089537e-01
6.670402374139009494e-01 7.338727559779485432e-01 6.975072156706755289e-01 7.152689531334822659e-01 7.236330588312580581e-01
6.626285834484982873e-01 6.841387972845729415e-01 7.038332823248528713e-01 6.498832986343374696e-01 7.746304995941404314e-01
7.236330588312580581e-01 7.236330588312580581e-01 7.038332823248528713e-01 7.069644521778443158e-01 6.849980334999089537e-01
5.705828059747384273e-01 7.338727559779485432e-01 6.849980334999089537e-01 7.746304995941404314e-01 6.849980334999089537e-01
7.236330588312580581e-01 7.145837799794421130e-01 6.763166647282444766e-01 6.542675582174689586e-01 6.128943936648174606e-01
7.312673937374143396e-01 7.038332823248528713e-01 6.312624336418889426e-01 6.449911477000253024e-01 6.449911477000253024e-01
5.114644777007348875e-01 5.799169321477165573e-01 6.128943936648174606e-01 7.277017008354604855e-01 6.128943936648174606e-01
6.969469993202158653e-01 4.556600798420756826e-01 4.487193009321937542e-01 4.103122514544890187e-01 5.382273418359844186e-01
