0.000000000000000000e+00 0.000000000000000000e+00 0.000000000000000000e+00
6.345666317542355550e-01 6.597546622433527741e-01 6.398241386154726040e-01
7.026888051225297360e-01 7.222344033387535500e-01 6.881829397898978629e-01
7.174058439286166156e-01 7.026888051225297360e-01 7.026888051225297360e-01
5.179256220456196491e-01 7.026888051225297360e-01 5.435673819467122803e-01
7.139691692271621370e-01 6.597546622433527741e-01 6.738756021643282912e-01
5.916324888750585931e-01 4.983222850176473595e-01 7.562858668876092372e-01
6.117280968588921786e-01 6.183956062452675706e-01 6.982379478974612974e-01
5.307910421576296223e-01 6.798888117710721879e-01 6.938157489274997536e-01
5.842475426057376353e-01 6.183956062452675706e-01 5.708511853174788042e-01
6.117280968588921786e-01 6.126407655652752471e-01 5.109409886625622121e-01
5.842475426057376353e-01 6.391042081382236617e-01 5.783167302063920712e-01
4.916977598881204226e-01 6.525436698847973949e-01 3.626787817302082328e-01
5.574425572695792530e-01 6.469648009241583120e-01 4.831884057971014279e-01
4.149384448848747464e-01 4.976047009943337374e-01 5.694260305718691351e-01
5.006951689140939354e-01 5.009270565961406740e-01 3.475240234284579510e-01
5.465376236901874352e-01 3.626787817302082328e-01 4.614689363781926401e-01
4.320558306546453675e-01 4.276634198525890995e-01 3.767312323191193135e-01
3.593652029864889963e-01 4.130022813854423158e-01 3.136230544616499527e-01
1.961538606622683367e-01 2.716720260676809828e-01 1.961538606622683367e-01
