0.000000000000000000e+00 0.000000000000000000e+00 0.000000000000000000e+00 0.000000000000000000e+00 0.000000000000000000e+00
9.022744848803467832e-01 9.000752401840079742e-01 9.023203373130932459e-01 8.911032574094784886e-01 8.931125825080903358e-01
9.019519981067446457e-01 8.978319882566596633e-01 8.844029007065741244e-01 8.912191018870139203e-01 8.999162951073061967e-01
8.957838178581700728e-01 8.792422590870853094e-01 8.887688585151035658e-01 8.782883931573988168e-01 8.893164151281499619e-01
8.754515718888985498e-01 8.601481823971978136e-01 8.801824786686605062e-01 8.802020836716992758e-01 8.779454792422267673e-01
8.664295334727227793e-01 8.417557133941573344e-01 8.454420288666020245e-01 8.630931704879571953e-01 8.897587313199070147e-01
8.444371998667916657e-01 8.336613264750287744e-01 8.138160817203223818e-01 8.486099010985228563e-01 8.504934871086259340e-01
7.787193126237413887e-01 8.381704862742787032e-01 8.266335355310225896e-01 8.116717856537937203e-01 8.314662782561598187e-01
7.802573921095840026e-01 8.100868727723724572e-01 7.342012164113242978e-01 8.092792520010272384e-01 7.980757452442913680e-01
7.288681243136788668e-01 7.205109187787551717e-01 7.249957063338610119e-01 6.533366280144671245e-01 7.360909866916059974e-01
3.792606264383457382e-01 5.054099214270569851e-01 5.331085878116166299e-01 4.084567152404421364e-01 5.089262636272678941e-01
