0.000000000000000000e+00 0.000000000000000000e+00 0.000000000000000000e+00 0.000000000000000000e+00 0.000000000000000000e+00
9.381726393551285126e-01 9.367496997597597463e-01 9.381726393551285126e-01 9.310494543362093367e-01 9.324757965283126948e-01
9.381726393551285126e-01 9.353259153371271672e-01 9.267652492192905989e-01 9.310494543362093367e-01 9.367496997597597463e-01
9.339012822232720668e-01 9.224731920893186610e-01 9.296222517045285016e-01 9.224731920893185499e-01 9.296222517045285016e-01
9.210407425205010545e-01 9.109884741312592737e-01 9.239047569960878725e-01 9.239047569960877615e-01 9.224731920893185499e-01
9.153020145163985877e-01 8.994449591653183029e-01 9.008911911388660654e-01 9.124272336959936558e-01 9.296222517045283906e-01
9.008911911388660654e-01 8.951005185294024225e-01 8.805553803014196657e-01 9.037808103110066549e-01 9.052242065905722335e-01
8.600200973821684469e-01 8.951005185294022004e-01 8.907473627227481261e-01 8.805553803014196657e-01 8.936504412303006850e-01
8.614938217644231289e-01 8.790953543133468440e-01 8.273115763993904581e-01 8.776343061370389664e-01 8.717797887081346619e-01
8.213027892348462311e-01 8.243096625377421827e-01 8.273115763993903471e-01 7.755651065951209011e-01 8.288106903834113748e-01
5.812831697690807875e-01 6.978441228190478407e-01 6.913031173081747305e-01 6.168928514121855278e-01 6.781192218278033756e-01
