0.000000000000000000e+00 0.000000000000000000e+00 0.000000000000000000e+00 0.000000000000000000e+00 0.000000000000000000e+00
8.779512173719972168e-01 8.751999141707340613e-01 8.778373860438462017e-01 8.639848925441154792e-01 8.669664105757580730e-01
8.783038332911392576e-01 8.724592186435176089e-01 8.557298886612043631e-01 8.641396324447746524e-01 8.753080329528546422e-01
8.697182877578991667e-01 8.484013768947630263e-01 8.615739325325375564e-01 8.479133963234904980e-01 8.614036126163655549e-01
8.447782499498999176e-01 8.261789110487476329e-01 8.503990462643996606e-01 8.510355312443002029e-01 8.476147273265410842e-01
8.344518363422926965e-01 8.032291011678479586e-01 8.073166292532385491e-01 8.284069924164758625e-01 8.623309478841609810e-01
8.064171897841484471e-01 7.951220593799772640e-01 7.687718076469953754e-01 8.119987801590257126e-01 8.143514914999007148e-01
7.289621785697487644e-01 7.977556000652996637e-01 7.878492145906575983e-01 7.684570753274482247e-01 7.932891822255023762e-01
7.345062166255277303e-01 7.652552864113909559e-01 6.704182628951361744e-01 7.625812030305666456e-01 7.506907679649890142e-01
6.566224203910713264e-01 6.637880509558947706e-01 6.753434572745450337e-01 5.786845619808527186e-01 6.712076445786822054e-01
2.752962392592667729e-01 4.555983177462509803e-01 4.413171036024206018e-01 3.206836778579129077e-01 4.145795776778392061e-01
