0.000000000000000000e+00 0.000000000000000000e+00 0.000000000000000000e+00 0.000000000000000000e+00 0.000000000000000000e+00 0.000000000000000000e+00 0.000000000000000000e+00 0.000000000000000000e+00 0.000000000000000000e+00 0.000000000000000000e+00
7.390756302521008791e-01 8.112373737373737015e-01 7.208856717053437890e-01 7.021321400368517596e-01 7.821969696969697239e-01 7.879735099337747961e-01 7.960304054054053724e-01 7.307388071507672223e-01 8.333245812109436601e-01 7.598481252966302613e-01
8.090270385352353877e-01 8.090270385352353877e-01 7.825630252100841400e-01 7.166622795472492591e-01 7.390756302521008791e-01 7.346591221227269930e-01 7.390756302521008791e-01 7.739259102679278968e-01 7.301696348359139055e-01 7.898440371790158565e-01
6.369949494949495028e-01 7.677398338672023481e-01 7.390756302521008791e-01 7.744027843695617808e-01 7.753505225017066627e-01 7.173764637924697762e-01 8.160490535857105598e-01 8.180667615883563393e-01 7.100840336134452979e-01 8.013329778725672980e-01
7.825630252100841400e-01 7.681159420289855877e-01 6.417483443708609236e-01 7.414762083177219854e-01 7.391304347826087584e-01 7.441059602649005011e-01 6.870748299319726637e-01 7.389110784107630892e-01 7.172576832151300597e-01 6.940456081081081141e-01
7.681159420289855877e-01 7.523226351351351981e-01 7.028829491151604714e-01 7.452934662236987418e-01 8.115942028985506651e-01 7.161841480778357028e-01 6.233918128654970525e-01 7.091675447839831392e-01 7.700370907918077101e-01 7.710217845099822664e-01
7.796465829252714475e-01 6.778326727835386478e-01 7.587284768211920438e-01 6.100239936017062270e-01 6.271258278145694920e-01 6.861598440545808586e-01 7.371428571428570997e-01 6.579741379310345417e-01 5.650058065586462952e-01 7.598481252966302613e-01
6.768149882903981007e-01 6.787301587301587391e-01 4.857142857142857650e-01 5.801217038539554505e-01 6.694250871080139609e-01 6.661828737300434788e-01 6.243466898954703748e-01 8.260504201680672898e-01 5.792682926829267887e-01 7.879735099337747961e-01
5.179175118323191551e-01 3.964890668309207777e-01 4.729420059933016063e-01 5.314348302300109239e-01 4.408491696627290235e-01 7.091675447839831392e-01 6.994773519163763886e-01 5.160158989946224128e-01 6.296958855098390151e-01 5.465329991645782037e-01
5.679785330948121658e-01 3.683582089552238648e-01 5.217673814165041390e-01 3.796771130104463765e-01 3.352956917313353324e-01 5.554463554463554553e-01 5.628635604446236007e-01 6.478636190889841551e-01 4.828336557059961232e-01 5.327591327591327808e-01
