0.000000000000000000e+00 0.000000000000000000e+00 0.000000000000000000e+00 0.000000000000000000e+00 0.000000000000000000e+00 0.000000000000000000e+00 0.000000000000000000e+00 0.000000000000000000e+00 0.000000000000000000e+00 0.000000000000000000e+00
7.398989898989898339e-01 8.112373737373737015e-01 7.209595959595960224e-01 7.064393939393939226e-01 7.821969696969697239e-01 7.872474747474746959e-01 7.954545454545454142e-01 7.304292929292929282e-01 8.352272727272727071e-01 7.594696969696970168e-01
8.080808080808080662e-01 8.080808080808080662e-01 7.847222222222223209e-01 7.209595959595959114e-01 7.398989898989898339e-01 7.386363636363635354e-01 7.411616161616161325e-01 7.733585858585858563e-01 7.297979797979797789e-01 7.916666666666667407e-01
6.407828282828282873e-01 7.689393939393939226e-01 7.411616161616161325e-01 7.739898989898990056e-01 7.771464646464647519e-01 7.190656565656565746e-01 8.150252525252525970e-01 8.175505050505049720e-01 7.121212121212121549e-01 8.005050505050504972e-01
7.847222222222223209e-01 7.695707070707070718e-01 6.502525252525253041e-01 7.537878787878787845e-01 7.405303030303029832e-01 7.436868686868687295e-01 6.868686868686868507e-01 7.392676767676767957e-01 7.178030303030302761e-01 7.001262626262625410e-01
7.695707070707070718e-01 7.582070707070707183e-01 7.039141414141414366e-01 7.506313131313131493e-01 8.131313131313131493e-01 7.215909090909091717e-01 6.565656565656565746e-01 7.140151515151514916e-01 7.702020202020201101e-01 7.708333333333332593e-01
7.790404040404040886e-01 6.976010101010100550e-01 7.582070707070707183e-01 6.224747474747474030e-01 6.357323232323232043e-01 7.045454545454545858e-01 7.443181818181818787e-01 6.748737373737373479e-01 5.978535353535353591e-01 7.651515151515151381e-01
6.875000000000000000e-01 6.862373737373737015e-01 5.082070707070707183e-01 6.212121212121212155e-01 6.906565656565656353e-01 6.818181818181818787e-01 6.470959595959595578e-01 8.270202020202019888e-01 6.035353535353535914e-01 7.954545454545454142e-01
5.631313131313131493e-01 5.031565656565656353e-01 5.441919191919192267e-01 5.606060606060605522e-01 4.987373737373737015e-01 7.140151515151514916e-01 7.196969696969697239e-01 5.801767676767676241e-01 6.641414141414141437e-01 5.839646464646464086e-01
6.060606060606060774e-01 5.208333333333333703e-01 5.448232323232322649e-01 5.044191919191919338e-01 4.993686868686868507e-01 5.820707070707070718e-01 6.155303030303030942e-01 6.685606060606060774e-01 5.675505050505050830e-01 6.029040404040404422e-01
