0.000000000000000000e+00 0.000000000000000000e+00 0.000000000000000000e+00 0.000000000000000000e+00 0.000000000000000000e+00 0.000000000000000000e+00 0.000000000000000000e+00 0.000000000000000000e+00 0.000000000000000000e+00 0.000000000000000000e+00
4.793946186675813181e-01 6.224747474747475140e-01 4.495522121249763137e-01 4.168897675289803817e-01 5.643939393939394478e-01 5.800759762253396845e-01 5.934118936853365334e-01 4.621734489751983532e-01 6.709489029049950926e-01 5.204199658323466204e-01
6.268042271913956132e-01 6.268042271913956132e-01 5.704055327982424650e-01 4.462122894041073984e-01 4.793946186675813181e-01 5.147647548786239424e-01 4.831372805519482116e-01 5.499087760144084625e-01 4.622789710606112767e-01 5.837634522450240171e-01
2.837232793566633604e-01 5.669607684257127467e-01 4.831372805519482116e-01 5.495432242609208373e-01 5.547016353583670289e-01 4.384543678117387988e-01 6.428256373438697713e-01 6.369129995466432659e-01 4.249584457210853206e-01 6.131963995504650100e-01
5.704055327982424650e-01 5.391414141414141437e-01 3.086331659162503405e-01 5.350193166834190661e-01 4.810606060606060774e-01 4.921084105999584679e-01 3.748036736894759247e-01 4.781330538816139786e-01 4.351941398892446022e-01 4.071658606960499860e-01
5.391414141414141437e-01 5.253338707403294450e-01 4.076138958698585779e-01 5.085382262126512121e-01 6.262626262626262985e-01 4.496144015129485139e-01 3.667018455927821829e-01 4.331653832155807349e-01 5.592578503653808930e-01 5.563177654540815142e-01
5.677202221692557726e-01 4.319958516885738509e-01 5.214309324750855401e-01 2.556946969734724684e-01 2.788072717310664528e-01 4.441173940978440648e-01 5.001352630891781059e-01 3.748888626513399158e-01 2.246943220279854214e-01 5.380001385625025057e-01
3.897114317029973796e-01 3.812400584271512516e-01 1.770354977095796659e-02 2.935903373670294969e-01 4.198333591728213299e-01 3.874875837571861714e-01 3.239111678386336624e-01 6.534905591310713469e-01 2.279889765044460226e-01 6.068921077680888843e-01
1.529116340453278433e-01 1.079583792718826103e-02 1.229160219079749455e-01 1.355477987339772095e-01 -3.179798927956346919e-03 4.331653832155807349e-01 4.837814867289464416e-01 2.188146625784562205e-01 3.885603311352834877e-01 1.966586510638710927e-01
2.510697524258754809e-01 1.427248064296125496e-01 9.732202154613249501e-02 1.788113016167733327e-02 -5.277504136509363411e-03 1.820985492658580285e-01 2.996780251285900420e-01 3.685076434531924239e-01 2.107933497858963945e-01 2.983667046033777193e-01
