0.000000000000000000e+00 0.000000000000000000e+00 0.000000000000000000e+00 0.000000000000000000e+00 0.000000000000000000e+00
9.915799239942503229e-01 9.957904544570709282e-01 9.908774369658500669e-01 9.950879643183961898e-01 9.964914734359116011e-01
9.838618294284459109e-01 9.950899244861172166e-01 9.943947795311116611e-01 9.901764138399767878e-01 9.950899244861172166e-01
9.880762577980854999e-01 9.873693935314297176e-01 9.957904544570709282e-01 9.845652823824067035e-01 9.747608438989212587e-01
9.936903274446655665e-01 9.943898824917107859e-01 9.943947795311116611e-01 9.971939646113444633e-01 9.936903274446655665e-01
9.803981933353000944e-01 9.943947795311116611e-01 9.929863681903816630e-01 9.957933967930399088e-01 9.964914734359116011e-01
9.964914734359116011e-01 9.845614035087719706e-01 9.943869443027973931e-01 9.726509782739108934e-01 9.873723109850649493e-01
9.873693935314297176e-01 9.936864126039083311e-01 9.838792723953990738e-01 9.901764138399767878e-01 9.789946168237247948e-01
9.929863681903816630e-01 9.761874638005744176e-01 9.838792723953990738e-01 9.859687966837358264e-01 8.582568891697375246e-01
9.803856394053550583e-01 8.658136402692013789e-01 9.901842158916008829e-01 9.894934194561431084e-01 8.182204234400490828e-01
9.004967764380840123e-01 9.333484817669622791e-01 8.653323787754237939e-01 6.101066012736094946e-01 6.916963241508551352e-01
