0.000000000000000000e+00 0.000000000000000000e+00 0.000000000000000000e+00 0.000000000000000000e+00 0.000000000000000000e+00 0.000000000000000000e+00 0.000000000000000000e+00 0.000000000000000000e+00 0.000000000000000000e+00 0.000000000000000000e+00
5.861111111111111382e-01 6.078703703703703942e-01 6.240740740740740033e-01 5.884259259259259078e-01 5.916666666666666741e-01 5.953703703703703276e-01 5.986111111111112049e-01 5.592592592592592338e-01 5.958333333333333259e-01 6.055555555555556246e-01
6.129629629629629317e-01 5.953703703703703276e-01 6.171296296296295836e-01 5.787037037037037202e-01 5.925925925925925597e-01 5.893518518518519045e-01 5.925925925925925597e-01 6.004629629629629761e-01 6.245370370370371127e-01 6.287037037037037646e-01
5.972222222222222099e-01 6.101851851851851638e-01 5.893518518518519045e-01 5.810185185185184897e-01 5.893518518518519045e-01 6.032407407407407440e-01 5.527777777777778123e-01 5.962962962962963243e-01 6.125000000000000444e-01 6.268518518518518823e-01
6.203703703703704608e-01 5.754629629629629539e-01 5.935185185185185563e-01 6.222222222222222321e-01 6.083333333333333925e-01 6.162037037037036979e-01 5.759259259259259522e-01 5.912037037037036757e-01 5.976851851851852082e-01 5.939814814814814437e-01
5.884259259259259078e-01 6.203703703703704608e-01 6.259259259259259967e-01 5.726851851851851860e-01 5.740740740740740700e-01 6.217592592592593448e-01 6.310185185185185341e-01 6.231481481481481177e-01 5.787037037037037202e-01 6.078703703703703942e-01
6.111111111111111605e-01 5.671296296296295392e-01 5.875000000000000222e-01 5.828703703703703720e-01 6.212962962962962354e-01 5.972222222222223209e-01 6.328703703703704164e-01 5.856481481481481399e-01 6.060185185185185119e-01 6.148148148148148140e-01
5.916666666666666741e-01 5.745370370370370683e-01 5.935185185185185563e-01 5.995370370370369795e-01 5.726851851851851860e-01 5.601851851851851194e-01 5.736111111111110716e-01 6.060185185185185119e-01 6.013888888888888618e-01 6.333333333333333037e-01
5.824074074074074847e-01 6.092592592592592782e-01 5.865740740740741366e-01 5.736111111111110716e-01 5.828703703703703720e-01 5.606481481481481177e-01 5.976851851851852082e-01 6.074074074074073959e-01 5.870370370370370239e-01 5.935185185185185563e-01
6.212962962962963465e-01 5.907407407407407884e-01 6.004629629629629761e-01 5.787037037037037202e-01 6.041666666666666297e-01 5.907407407407407884e-01 6.023148148148147474e-01 5.851851851851852526e-01 6.013888888888888618e-01 6.250000000000000000e-01
5.949074074074074403e-01 5.708333333333333037e-01 6.013888888888888618e-01 5.856481481481481399e-01 6.500000000000000222e-01 5.509259259259259300e-01 6.004629629629629761e-01 5.856481481481481399e-01 5.699074074074074181e-01 5.967592592592592116e-01
5.435185185185185119e-01 5.337962962962963243e-01 5.819444444444443754e-01 5.754629629629629539e-01 5.819444444444443754e-01 5.921296296296296724e-01 5.791666666666666075e-01 5.203703703703703720e-01 5.791666666666666075e-01 5.694444444444444198e-01
5.583333333333333481e-01 5.472222222222222765e-01 5.495370370370370461e-01 5.861111111111111382e-01 5.476851851851851638e-01 6.282407407407406552e-01 5.601851851851851194e-01 5.833333333333333703e-01 5.120370370370370683e-01 5.810185185185184897e-01
5.708333333333333037e-01 5.537037037037036979e-01 5.263888888888889062e-01 6.018518518518518601e-01 5.629629629629629983e-01 5.226851851851851416e-01 5.902777777777777901e-01 5.625000000000000000e-01 5.685185185185185341e-01 5.749999999999999556e-01
5.643518518518518823e-01 5.611111111111111160e-01 4.837962962962962798e-01 5.749999999999999556e-01 5.629629629629629983e-01 5.749999999999999556e-01 5.847222222222222543e-01 5.439814814814815103e-01 5.625000000000000000e-01 5.449074074074073959e-01
5.087962962962963021e-01 5.708333333333333037e-01 5.986111111111110938e-01 5.569444444444444642e-01 6.106481481481481621e-01 5.939814814814814437e-01 5.879629629629629095e-01 5.749999999999999556e-01 5.712962962962963021e-01 5.615740740740740033e-01
5.671296296296296502e-01 5.625000000000000000e-01 5.305555555555555580e-01 5.245370370370370239e-01 5.402777777777778567e-01 5.296296296296296724e-01 5.476851851851851638e-01 5.675925925925926485e-01 5.629629629629628873e-01 5.611111111111111160e-01
5.731481481481481843e-01 5.574074074074073515e-01 5.513888888888889284e-01 5.236111111111110272e-01 5.337962962962963243e-01 5.152777777777777235e-01 5.374999999999999778e-01 5.629629629629629983e-01 5.583333333333333481e-01 5.388888888888888618e-01
5.592592592592592338e-01 5.416666666666666297e-01 5.421296296296296280e-01 5.458333333333332815e-01 5.374999999999999778e-01 5.185185185185184897e-01 5.273148148148147918e-01 5.374999999999999778e-01 5.217592592592592560e-01 5.314814814814814437e-01
5.185185185185184897e-01 5.148148148148148362e-01 5.259259259259259078e-01 5.180555555555554914e-01 5.064814814814814214e-01 5.138888888888888395e-01 5.268518518518519045e-01 5.273148148148147918e-01 5.175925925925926041e-01 5.240740740740741366e-01
