0.000000000000000000e+00 0.000000000000000000e+00 0.000000000000000000e+00 0.000000000000000000e+00 0.000000000000000000e+00
6.215458682318801831e-01 6.498643594847008931e-01 6.104417018303145426e-01 6.196637698670879324e-01 5.929553793915496307e-01
6.194492637572845961e-01 6.074416556018654711e-01 5.869615783447309498e-01 6.187566378706258474e-01 6.094529620313813290e-01
6.191826595440655945e-01 6.172302304226193748e-01 6.260348035006274570e-01 6.182859195852214995e-01 5.977790972901807498e-01
5.935269852658260348e-01 5.833160306624302072e-01 6.674791766474145183e-01 6.193536382010598196e-01 6.139628846605590384e-01
6.109135712979064659e-01 6.292443338746004367e-01 6.223982878257970919e-01 6.007373806416869133e-01 6.211463119076966466e-01
5.824351934838073452e-01 5.799176387080091644e-01 5.915058189043428394e-01 6.319899907656592042e-01 6.006691493316228536e-01
6.466828314821270185e-01 5.889041181453432694e-01 6.018145462847067639e-01 5.859453600860139444e-01 5.684389440696872020e-01
5.979351741909271212e-01 5.720982777818415244e-01 5.578270927981042737e-01 5.119692162190614404e-01 5.871491932050664220e-01
5.214764665249531639e-01 4.925160429543831153e-01 5.731497168304371392e-01 5.072626298432750813e-01 5.214714862602186640e-01
4.518758149525223811e-01 4.940590361655280982e-01 4.130354534803473698e-01 4.277929066926171031e-01 4.174621330283179166e-01
