0.000000000000000000e+00 0.000000000000000000e+00 0.000000000000000000e+00 0.000000000000000000e+00 0.000000000000000000e+00
7.118202020173352018e-01 7.349074015744356814e-01 7.033886234191988329e-01 7.118202020173352018e-01 6.885837316953948850e-01
7.097141834726301557e-01 6.991652165261083018e-01 6.864634003353711211e-01 7.097141834726302667e-01 7.033886234191988329e-01
7.097141834726302667e-01 7.076069216419208496e-01 7.139249882788029078e-01 7.118202020173352018e-01 6.928203230275510327e-01
6.907027017626485854e-01 6.822186029581883693e-01 7.495278513837894119e-01 7.118202020173352018e-01 7.054984053844488567e-01
7.054984053844488567e-01 7.202320613678776517e-01 7.139249882788029078e-01 6.970515683139153484e-01 7.118202020173352018e-01
6.822186029581882583e-01 6.800941111346282542e-01 6.928203230275508107e-01 7.223320258409947625e-01 7.012775643225884759e-01
7.369993215736361236e-01 6.928203230275508107e-01 7.012775643225884759e-01 6.864634003353711211e-01 6.779682063997461983e-01
7.012775643225884759e-01 6.864634003353711211e-01 6.822186029581883693e-01 6.459005771444670252e-01 6.970515683139152374e-01
6.587692227851031923e-01 6.329725288053361654e-01 6.928203230275508107e-01 6.587692227851031923e-01 6.566284252824339251e-01
6.286493458200683726e-01 6.501965514792857892e-01 6.178097513708317168e-01 6.199813617270191202e-01 6.243190067763613182e-01
