0.000000000000000000e+00 0.000000000000000000e+00 0.000000000000000000e+00 0.000000000000000000e+00 0.000000000000000000e+00
4.366852601537426493e-01 4.822012906867050863e-01 4.219806429447571228e-01 4.383960990671972868e-01 3.927169702279695862e-01
4.327206472351801669e-01 4.123476181177293531e-01 3.892517704293851910e-01 4.326836031989658715e-01 4.214998358731570915e-01
4.326789733633413237e-01 4.282924808678417739e-01 4.400328570133646422e-01 4.380277981165447421e-01 4.005686770980700362e-01
3.969198027901500447e-01 3.808173495374165829e-01 5.093710344943094270e-01 4.371767146447222974e-01 4.242897474017871540e-01
4.251762472860179387e-01 4.536628486317342834e-01 4.429055421514999646e-01 4.088381597072995310e-01 4.366198580368963467e-01
3.814840621260741083e-01 3.768491183680064416e-01 4.057671707257471949e-01 4.589318428765513658e-01 4.211573431329617145e-01
4.919403759104093998e-01 4.070605021808972879e-01 4.226292298399343395e-01 3.906635080937038706e-01 3.795359879842283291e-01
4.263918758908529227e-01 4.020364911357783844e-01 4.014769489452190698e-01 3.269049283356325608e-01 4.244991506353346655e-01
3.568474505844118627e-01 3.062674627600465160e-01 4.194134996010759342e-01 3.645564136574653835e-01 3.511070350030477960e-01
3.139802780443458619e-01 3.522622935218268081e-01 2.976686438871323226e-01 3.005635675446410859e-01 3.118784838723727693e-01
