0.000000000000000000e+00 0.000000000000000000e+00 0.000000000000000000e+00 0.000000000000000000e+00 0.000000000000000000e+00 0.000000000000000000e+00 0.000000000000000000e+00 0.000000000000000000e+00 0.000000000000000000e+00 0.000000000000000000e+00
9.777777777777777457e-01 9.557915826199321341e-01 9.557915826199321341e-01 9.889499370655615573e-01 9.889499370655615573e-01 9.557915826199321341e-01 9.557915826199321341e-01 9.777777777777777457e-01 9.777777777777777457e-01 9.777777777777777457e-01
9.445027488828396933e-01 9.777777777777777457e-01 9.445027488828396933e-01 9.780192938436514938e-01 9.780192938436514938e-01 9.777777777777777457e-01 9.557915826199321341e-01 9.667263429742005698e-01 9.555555555555556024e-01 9.667263429742005698e-01
9.889499370655615573e-01 9.889499370655615573e-01 9.777777777777777457e-01 9.889499370655615573e-01 9.667263429742005698e-01 9.667263429742005698e-01 9.889499370655615573e-01 9.777777777777777457e-01 9.557915826199321341e-01 9.557915826199321341e-01
9.557915826199321341e-01 9.777777777777777457e-01 9.780192938436514938e-01 9.557915826199321341e-01 9.565007145952775236e-01 9.667263429742005698e-01 9.335638713962127744e-01 9.667263429742005698e-01 9.445027488828396933e-01 9.777777777777777457e-01
9.667263429742005698e-01 9.889499370655615573e-01 9.889499370655615573e-01 9.667263429742005698e-01 9.667263429742005698e-01 9.667263429742005698e-01 9.557915826199321341e-01 9.780192938436514938e-01 9.777777777777777457e-01 9.667263429742005698e-01
9.667263429742005698e-01 9.667263429742005698e-01 9.335638713962127744e-01 9.557915826199321341e-01 9.889499370655615573e-01 9.555555555555556024e-01 9.667263429742005698e-01 9.557915826199321341e-01 9.667263429742005698e-01 9.777777777777777457e-01
9.777777777777777457e-01 9.780192938436514938e-01 9.557915826199321341e-01 9.335638713962127744e-01 9.777777777777777457e-01 9.667263429742005698e-01 9.557915826199321341e-01 9.557915826199321341e-01 9.667263429742005698e-01 9.889499370655615573e-01
9.449695734505159095e-01 9.777777777777777457e-01 9.777777777777777457e-01 9.557915826199321341e-01 9.555555555555556024e-01 9.780192938436514938e-01 9.445027488828396933e-01 9.777777777777777457e-01 9.777777777777777457e-01 9.777777777777777457e-01
9.777777777777777457e-01 9.557915826199321341e-01 9.557915826199321341e-01 9.667263429742005698e-01 9.889499370655615573e-01 9.557915826199321341e-01 9.667263429742005698e-01 9.777777777777777457e-01 9.449695734505159095e-01 9.667263429742005698e-01
9.889499370655615573e-01 9.889499370655615573e-01 9.777777777777777457e-01 9.667263429742005698e-01 9.667263429742005698e-01 9.777777777777777457e-01 9.449695734505159095e-01 9.780192938436514938e-01 9.667263429742005698e-01 9.667263429742005698e-01
9.557915826199321341e-01 9.667263429742005698e-01 9.342565119302710386e-01 9.777777777777777457e-01 9.557915826199321341e-01 9.557915826199321341e-01 9.445027488828396933e-01 9.777777777777777457e-01 9.449695734505159095e-01 9.667263429742005698e-01
9.335638713962127744e-01 9.667263429742005698e-01 9.777777777777777457e-01 9.889499370655615573e-01 9.667263429742005698e-01 9.667263429742005698e-01 9.557915826199321341e-01 9.113361601724934147e-01 9.555555555555556024e-01 9.449695734505159095e-01
9.667263429742005698e-01 9.445027488828396933e-01 9.667263429742005698e-01 9.557915826199321341e-01 9.889499370655615573e-01 9.333333333333333481e-01 9.222791547914787058e-01 9.557915826199321341e-01 9.780192938436514938e-01 9.445027488828396933e-01
9.445027488828396933e-01 9.445027488828396933e-01 9.565007145952775236e-01 9.667263429742005698e-01 9.449695734505159095e-01 9.777777777777777457e-01 9.335638713962127744e-01 9.777777777777777457e-01 9.780192938436514938e-01 9.342565119302710386e-01
9.780192938436514938e-01 9.667263429742005698e-01 9.777777777777777457e-01 9.335638713962127744e-01 9.445027488828396933e-01 9.667263429742005698e-01 9.777777777777777457e-01 9.449695734505159095e-01 8.897681066002581796e-01 9.557915826199321341e-01
9.777777777777777457e-01 9.777777777777777457e-01 9.777777777777777457e-01 9.333333333333333481e-01 9.449695734505159095e-01 9.342565119302710386e-01 9.777777777777777457e-01 9.667263429742005698e-01 9.557915826199321341e-01 9.777777777777777457e-01
9.445027488828396933e-01 9.459053029269173241e-01 9.667263429742005698e-01 9.667263429742005698e-01 9.667263429742005698e-01 9.667263429742005698e-01 9.667263429742005698e-01 9.333333333333333481e-01 9.557915826199321341e-01 9.555555555555556024e-01
9.565007145952775236e-01 9.113361601724934147e-01 9.780192938436514938e-01 9.667263429742005698e-01 9.449695734505159095e-01 9.777777777777777457e-01 9.777777777777777457e-01 9.555555555555556024e-01 9.557915826199321341e-01 9.777777777777777457e-01
9.777777777777777457e-01 9.236487075639310262e-01 9.449695734505159095e-01 9.131425765341166789e-01 9.557915826199321341e-01 9.777777777777777457e-01 9.889499370655615573e-01 9.667263429742005698e-01 9.227349952516802345e-01 9.667263429742005698e-01
9.445027488828396933e-01 9.780192938436514938e-01 9.342565119302710386e-01 9.667263429742005698e-01 9.445027488828396933e-01 9.449695734505159095e-01 9.667263429742005698e-01 9.667263429742005698e-01 9.333333333333333481e-01 9.557915826199321341e-01
9.557915826199321341e-01 9.777777777777777457e-01 9.227349952516802345e-01 9.557915826199321341e-01 9.445027488828396933e-01 9.557915826199321341e-01 9.557915826199321341e-01 9.777777777777777457e-01 9.555555555555556024e-01 9.565007145952775236e-01
9.333333333333333481e-01 9.557915826199321341e-01 9.565007145952775236e-01 9.000555607001178293e-01 9.555555555555556024e-01 9.113361601724934147e-01 9.333333333333333481e-01 9.445027488828396933e-01 9.777777777777777457e-01 9.557915826199321341e-01
9.445027488828396933e-01 9.027346356390192339e-01 9.449695734505159095e-01 9.333333333333333481e-01 8.720665112249179618e-01 9.557915826199321341e-01 9.889499370655615573e-01 9.557915826199321341e-01 9.222791547914787058e-01 9.113361601724934147e-01
9.333333333333333481e-01 9.449695734505159095e-01 9.342565119302710386e-01 9.236487075639310262e-01 9.555555555555556024e-01 9.557915826199321341e-01 9.449695734505159095e-01 9.557915826199321341e-01 9.672041516493515845e-01 9.889499370655615573e-01
9.557915826199321341e-01 9.557915826199321341e-01 9.555555555555556024e-01 9.342565119302710386e-01 9.333333333333333481e-01 9.667263429742005698e-01 9.667263429742005698e-01 9.222791547914787058e-01 9.557915826199321341e-01 9.777777777777777457e-01
9.449695734505159095e-01 8.791355168379584306e-01 9.565007145952775236e-01 9.445027488828396933e-01 9.131425765341166789e-01 9.555555555555556024e-01 9.667263429742005698e-01 9.449695734505159095e-01 9.667263429742005698e-01 9.449695734505159095e-01
9.777777777777777457e-01 9.667263429742005698e-01 9.335638713962127744e-01 9.557915826199321341e-01 9.459053029269173241e-01 9.445027488828396933e-01 9.354143466934853324e-01 9.780192938436514938e-01 9.557915826199321341e-01 9.335638713962127744e-01
9.565007145952775236e-01 9.227349952516802345e-01 9.222791547914787058e-01 9.555555555555556024e-01 9.889499370655615573e-01 9.777777777777777457e-01 9.459053029269173241e-01 9.113361601724934147e-01 9.131425765341166789e-01 9.335638713962127744e-01
9.335638713962127744e-01 9.335638713962127744e-01 9.565007145952775236e-01 9.335638713962127744e-01 9.777777777777777457e-01 9.449695734505159095e-01 9.449695734505159095e-01 9.557915826199321341e-01 9.222791547914787058e-01 9.449695734505159095e-01
9.342565119302710386e-01 9.449695734505159095e-01 9.449695734505159095e-01 9.013921122009447284e-01 9.445027488828396933e-01 9.780192938436514938e-01 9.005004170528445595e-01 9.672041516493515845e-01 9.013921122009447284e-01 9.780192938436514938e-01
9.342565119302710386e-01 9.342565119302710386e-01 9.780192938436514938e-01 9.227349952516802345e-01 8.891084489487740550e-01 9.342565119302710386e-01 9.342565119302710386e-01 9.222791547914787058e-01 9.335638713962127744e-01 9.557915826199321341e-01
9.449695734505159095e-01 9.131425765341166789e-01 9.777777777777777457e-01 9.777777777777777457e-01 9.889499370655615573e-01 9.557915826199321341e-01 9.672041516493515845e-01 9.889499370655615573e-01 8.821998600608639274e-01 8.668807377250546953e-01
8.685990362153792610e-01 9.333333333333333481e-01 9.667263429742005698e-01 9.445027488828396933e-01 9.557915826199321341e-01 9.113361601724934147e-01 8.804448915491668304e-01 9.045340337332908875e-01 9.342565119302710386e-01 9.354143466934853324e-01
9.000555607001178293e-01 8.421651940662134850e-01 9.449695734505159095e-01 9.777777777777777457e-01 9.565007145952775236e-01 9.449695734505159095e-01 9.111111111111110938e-01 9.445027488828396933e-01 9.222791547914787058e-01 9.227349952516802345e-01
9.335638713962127744e-01 9.131425765341166789e-01 8.701109590936624283e-01 8.944271909999158554e-01 9.131425765341166789e-01 9.557915826199321341e-01 9.222791547914787058e-01 9.000555607001178293e-01 9.354143466934853324e-01 9.780192938436514938e-01
9.250243797288715264e-01 9.445027488828396933e-01 9.335638713962127744e-01 9.027346356390192339e-01 9.672041516493515845e-01 8.821998600608639274e-01 9.777777777777777457e-01 9.565007145952775236e-01 9.445027488828396933e-01 9.445027488828396933e-01
8.620183138310477666e-01 9.449695734505159095e-01 9.555555555555556024e-01 9.342565119302710386e-01 9.565007145952775236e-01 9.449695734505159095e-01 8.924214965063204108e-01 9.120123092652645536e-01 9.250243797288715264e-01 9.777777777777777457e-01
8.685990362153792610e-01 9.222791547914787058e-01 8.924214965063204108e-01 9.250243797288715264e-01 9.222791547914787058e-01 9.667263429742005698e-01 9.557915826199321341e-01 9.335638713962127744e-01 9.236487075639310262e-01 8.668807377250546953e-01
9.449695734505159095e-01 9.333333333333333481e-01 8.897681066002581796e-01 9.354143466934853324e-01 9.780192938436514938e-01 8.897681066002581796e-01 9.342565119302710386e-01 9.780192938436514938e-01 8.804448915491668304e-01 8.791355168379584306e-01
9.027346356390192339e-01 9.131425765341166789e-01 9.335638713962127744e-01 9.449695734505159095e-01 9.889499370655615573e-01 9.449695734505159095e-01 8.463272660560106075e-01 8.924214965063204108e-01 9.445027488828396933e-01 9.449695734505159095e-01
9.667263429742005698e-01 9.027346356390192339e-01 9.250243797288715264e-01 9.236487075639310262e-01 9.354143466934853324e-01 9.672041516493515845e-01 9.565007145952775236e-01 9.227349952516802345e-01 8.944271909999158554e-01 9.113361601724934147e-01
9.005004170528445595e-01 9.335638713962127744e-01 8.701109590936624283e-01 9.120123092652645536e-01 9.250243797288715264e-01 9.449695734505159095e-01 8.685990362153792610e-01 9.449695734505159095e-01 8.720665112249179618e-01 9.449695734505159095e-01
9.131425765341166789e-01 9.672041516493515845e-01 8.478004216810043348e-01 8.685990362153792610e-01 9.777777777777777457e-01 9.131425765341166789e-01 9.565007145952775236e-01 9.147320339189783933e-01 8.323543507318179602e-01 8.891084489487740550e-01
8.844083999045815325e-01 9.777777777777777457e-01 8.897681066002581796e-01 9.335638713962127744e-01 9.354143466934853324e-01 9.131425765341166789e-01 9.120123092652645536e-01 9.342565119302710386e-01 8.358654033694622454e-01 9.557915826199321341e-01
9.027346356390192339e-01 9.236487075639310262e-01 9.557915826199321341e-01 8.358654033694622454e-01 8.444444444444444420e-01 9.557915826199321341e-01 9.342565119302710386e-01 8.452797012702452095e-01 9.250243797288715264e-01 9.557915826199321341e-01
8.944271909999158554e-01 9.045340337332908875e-01 9.000555607001178293e-01 8.888888888888888395e-01 8.821998600608639274e-01 9.013921122009447284e-01 9.459053029269173241e-01 9.449695734505159095e-01 9.013921122009447284e-01 8.821998600608639274e-01
9.342565119302710386e-01 8.791355168379584306e-01 8.778319666087568418e-01 8.520522057286624706e-01 9.445027488828396933e-01 9.131425765341166789e-01 8.259800183141270402e-01 9.222791547914787058e-01 8.924214965063204108e-01 9.335638713962127744e-01
9.120123092652645536e-01 8.033504287712742720e-01 8.451542547285165741e-01 9.113361601724934147e-01 8.701109590936624283e-01 9.445027488828396933e-01 9.227349952516802345e-01 8.620183138310477666e-01 7.972497170493487717e-01 8.478004216810043348e-01
8.908708063747479144e-01 8.646229325746458416e-01 9.333333333333333481e-01 9.013921122009447284e-01 9.342565119302710386e-01 9.335638713962127744e-01 9.027346356390192339e-01 8.646229325746458416e-01 8.581551474593145379e-01 8.924214965063204108e-01
9.147320339189783933e-01 9.222791547914787058e-01 9.005004170528445595e-01 9.565007145952775236e-01 8.451542547285165741e-01 8.782658388540088845e-01 7.977240352174655991e-01 9.227349952516802345e-01 9.005004170528445595e-01 8.072073527955749839e-01
9.557915826199321341e-01 9.120123092652645536e-01 8.568789214749721328e-01 8.897681066002581796e-01 8.924214965063204108e-01 9.113361601724934147e-01 8.323543507318179602e-01 9.147320339189783933e-01 9.027346356390192339e-01 8.897681066002581796e-01
8.778319666087568418e-01 8.421651940662134850e-01 8.924214965063204108e-01 8.804448915491668304e-01 9.120123092652645536e-01 9.027346356390192339e-01 8.804448915491668304e-01 9.236487075639310262e-01 8.791355168379584306e-01 8.944271909999158554e-01
9.005004170528445595e-01 8.646229325746458416e-01 8.478004216810043348e-01 9.250243797288715264e-01 8.451542547285165741e-01 9.120123092652645536e-01 8.548504142651103255e-01 8.675239039352516945e-01 8.451542547285165741e-01 9.250243797288715264e-01
8.701109590936624283e-01 9.005004170528445595e-01 8.804448915491668304e-01 9.045340337332908875e-01 9.354143466934853324e-01 9.045340337332908875e-01 8.701109590936624283e-01 8.548504142651103255e-01 8.230354986052387245e-01 8.355316915277181122e-01
9.780192938436514938e-01 8.451542547285165741e-01 9.672041516493515845e-01 8.924214965063204108e-01 8.375315127160101181e-01 9.227349952516802345e-01 8.897681066002581796e-01 8.581551474593145379e-01 8.744746321952062695e-01 9.027346356390192339e-01
8.744746321952062695e-01 9.227349952516802345e-01 9.335638713962127744e-01 8.675239039352516945e-01 8.355316915277181122e-01 9.027346356390192339e-01 9.459053029269173241e-01 8.478004216810043348e-01 8.908708063747479144e-01 7.807208392284213927e-01
9.027346356390192339e-01 9.250243797288715264e-01 8.701109590936624283e-01 8.355316915277181122e-01 8.778319666087568418e-01 8.924214965063204108e-01 8.197074555577811283e-01 9.027346356390192339e-01 8.072073527955749839e-01 7.616095469143991936e-01
8.259800183141270402e-01 9.013921122009447284e-01 8.804448915491668304e-01 8.421651940662134850e-01 9.005004170528445595e-01 9.354143466934853324e-01 8.944271909999158554e-01 9.005004170528445595e-01 8.226168079357562002e-01 8.744746321952062695e-01
8.844083999045815325e-01 8.259800183141270402e-01 8.744746321952062695e-01 8.944271909999158554e-01 7.843441602551275427e-01 8.646229325746458416e-01 7.677858787011463404e-01 9.227349952516802345e-01 9.005004170528445595e-01 8.685990362153792610e-01
8.497058314499200682e-01 7.248611789946811657e-01 9.027346356390192339e-01 8.744746321952062695e-01 9.045340337332908875e-01 8.421651940662134850e-01 9.565007145952775236e-01 8.791355168379584306e-01 9.227349952516802345e-01 8.273451516749221746e-01
8.548504142651103255e-01 8.804448915491668304e-01 7.623624998624874971e-01 8.197074555577811283e-01 7.711356597650745881e-01 7.977240352174655991e-01 8.821998600608639274e-01 8.821998600608639274e-01 8.070787735958558917e-01 9.236487075639310262e-01
9.120123092652645536e-01 8.520522057286624706e-01 8.685990362153792610e-01 8.675239039352516945e-01 8.172381416839803459e-01 8.323543507318179602e-01 8.164965809277260345e-01 7.903678163100035237e-01 8.226168079357562002e-01 8.598656863884369672e-01
7.972497170493487717e-01 8.744746321952062695e-01 8.944271909999158554e-01 8.151973390435831579e-01 7.873622236652332296e-01 9.013921122009447284e-01 8.226168079357562002e-01 8.720665112249179618e-01 8.646229325746458416e-01 9.045340337332908875e-01
7.427237677069826738e-01 8.581551474593145379e-01 8.135756592796098419e-01 7.677858787011463404e-01 8.908708063747479144e-01 8.421651940662134850e-01 7.333587976225689475e-01 8.791355168379584306e-01 8.744746321952062695e-01 9.000555607001178293e-01
8.844083999045815325e-01 8.129497539188608179e-01 8.744746321952062695e-01 7.655768067133513766e-01 8.744746321952062695e-01 7.843441602551275427e-01 9.005004170528445595e-01 7.470277476012325835e-01 8.273451516749221746e-01 8.744746321952062695e-01
9.005004170528445595e-01 8.744746321952062695e-01 8.844083999045815325e-01 7.903678163100035237e-01 8.548504142651103255e-01 7.523342400324840584e-01 7.700132167581936748e-01 8.497058314499200682e-01 7.972497170493487717e-01 8.744746321952062695e-01
7.104413351968636992e-01 8.129497539188608179e-01 8.396282277575141118e-01 8.821998600608639274e-01 8.164965809277260345e-01 7.248611789946811657e-01 8.098582871985255949e-01 8.070787735958558917e-01 8.070787735958558917e-01 7.791937224739795553e-01
8.355316915277181122e-01 8.033504287712742720e-01 7.977240352174655991e-01 7.337993857053427549e-01 8.720665112249179618e-01 8.520522057286624706e-01 8.646229325746458416e-01 7.518094115561123614e-01 8.451542547285165741e-01 8.259800183141270402e-01
6.746152659915418681e-01 8.548504142651103255e-01 7.938161203464002558e-01 9.045340337332908875e-01 7.843441602551275427e-01 7.977240352174655991e-01 8.744746321952062695e-01 7.903678163100035237e-01 8.259800183141270402e-01 7.071067811865475727e-01
8.197074555577811283e-01 7.470277476012325835e-01 8.396282277575141118e-01 7.248611789946811657e-01 7.791937224739795553e-01 8.548504142651103255e-01 6.982859770789643372e-01 8.744746321952062695e-01 8.548504142651103255e-01 8.646229325746458416e-01
8.355316915277181122e-01 6.416889479197478430e-01 8.396282277575141118e-01 8.355316915277181122e-01 8.701109590936624283e-01 7.518094115561123614e-01 6.690159277724034848e-01 7.562762600482743069e-01 8.129497539188608179e-01 7.337993857053427549e-01
8.804448915491668304e-01 7.248611789946811657e-01 7.747919785409164151e-01 7.700132167581936748e-01 7.128320705998630880e-01 7.378287614571462649e-01 8.451542547285165741e-01 7.518094115561123614e-01 7.014785603174333861e-01 8.701109590936624283e-01
8.744746321952062695e-01 8.355316915277181122e-01 8.070787735958558917e-01 8.646229325746458416e-01 8.070787735958558917e-01 7.518094115561123614e-01 8.355316915277181122e-01 7.884298457197200793e-01 7.711356597650745881e-01 8.033504287712742720e-01
7.248611789946811657e-01 7.470277476012325835e-01 8.548504142651103255e-01 7.791937224739795553e-01 8.129497539188608179e-01 7.977240352174655991e-01 8.355316915277181122e-01 7.807208392284213927e-01 7.014785603174333861e-01 7.884298457197200793e-01
7.648661601319407533e-01 8.164965809277260345e-01 7.700132167581936748e-01 8.072073527955749839e-01 7.518094115561123614e-01 7.518094115561123614e-01 7.791937224739795553e-01 8.033504287712742720e-01 7.333587976225689475e-01 7.749319199255380042e-01
7.608859102526820406e-01 6.509445549041193990e-01 7.521398046336104093e-01 7.791937224739795553e-01 7.972497170493487717e-01 6.181721446751162752e-01 5.576679417142027528e-01 7.843441602551275427e-01 6.499336836196815126e-01 7.938161203464002558e-01
7.248611789946811657e-01 7.518094115561123614e-01 6.646064103454532024e-01 7.427813527082074430e-01 6.824116197201635092e-01 7.014785603174333861e-01 6.894996998299374180e-01 7.700132167581936748e-01 7.195694354360759881e-01 7.248611789946811657e-01
7.749319199255380042e-01 6.460052899517690905e-01 7.337993857053427549e-01 7.427237677069826738e-01 6.546536707079770867e-01 6.030226891555272584e-01 7.248611789946811657e-01 6.872089485177019785e-01 6.546536707079770867e-01 7.700132167581936748e-01
6.720215050322470018e-01 6.746152659915418681e-01 8.070787735958558917e-01 6.720215050322470018e-01 6.460052899517690905e-01 7.286768142774626700e-01 6.872089485177019785e-01 6.030226891555272584e-01 7.195694354360759881e-01 6.835365551469959611e-01
5.866298666152682806e-01 5.883484054145521336e-01 6.373774391990981725e-01 7.337993857053427549e-01 7.071067811865475727e-01 7.470277476012325835e-01 7.195694354360759881e-01 6.894996998299374180e-01 6.780959416401856066e-01 6.633249580710799398e-01
7.071067811865475727e-01 7.518094115561123614e-01 6.633249580710799398e-01 7.807208392284213927e-01 6.894996998299374180e-01 6.633249580710799398e-01 5.794525984733255308e-01 7.248611789946811657e-01 6.201736729460423092e-01 6.201736729460423092e-01
7.071067811865475727e-01 6.115928396627264840e-01 5.393193716300060947e-01 4.913036844405174741e-01 5.254069374927338165e-01 6.690159277724034848e-01 6.546536707079770867e-01 6.568598335750170936e-01 7.337993857053427549e-01 7.337993857053427549e-01
5.602397818244310157e-01 7.518094115561123614e-01 6.373774391990981725e-01 4.825730124331105708e-01 5.687964589945210259e-01 5.859040724295678793e-01 6.115928396627264840e-01 6.460052899517690905e-01 6.720215050322470018e-01 6.633249580710799398e-01
6.460052899517690905e-01 6.030226891555272584e-01 6.924901708521369326e-01 6.807456457050177212e-01 4.536752206382951846e-01 4.649905549752770817e-01 5.773502691896257311e-01 6.030226891555272584e-01 5.431059093556047657e-01 6.546536707079770867e-01
6.115928396627264840e-01 5.259237061407776581e-01 5.516772843673705129e-01 5.345224838248487931e-01 3.827490238872258699e-01 6.373774391990981725e-01 6.216277318403815588e-01 4.810702354423639360e-01 5.687964589945210259e-01 5.859040724295678793e-01
5.516772843673705129e-01 4.351546919330298024e-01 4.649905549752770817e-01 5.000000000000000000e-01 5.438682498292141121e-01 5.602397818244310157e-01 4.070801956792859388e-01 6.746152659915418681e-01 5.616668935678100771e-01 4.649905549752770817e-01
5.431059093556047657e-01 5.773502691896257311e-01 5.000000000000000000e-01 3.634218921558155513e-01 5.259237061407776581e-01 3.972736705899522214e-01 5.691644474956891742e-01 3.678836036909794993e-01 5.173061316114635488e-01 5.431059093556047657e-01
3.535533905932737309e-01 4.472135954999579277e-01 4.108907018066590422e-01 5.259237061407776581e-01 3.392267657763791688e-01 4.472135954999579277e-01 4.200840252084029336e-01 5.259237061407776581e-01 3.922322702763680335e-01 2.790059343047124329e-01
1.940285000290663808e-01 3.634218921558155513e-01 3.731494423540170913e-01 2.672612419124243965e-01 3.229465567669167481e-01 2.489219440935067085e-01 2.672612419124243965e-01 2.425356250363329691e-01 2.904089347757578543e-01 3.333333333333333148e-01
