0.000000000000000000e+00 0.000000000000000000e+00 0.000000000000000000e+00 0.000000000000000000e+00 0.000000000000000000e+00 0.000000000000000000e+00 0.000000000000000000e+00 0.000000000000000000e+00 0.000000000000000000e+00 0.000000000000000000e+00
9.333333333333333481e-01 9.557915826199321341e-01 9.667263429742005698e-01 9.667263429742005698e-01 9.777777777777777457e-01 9.449695734505159095e-01 9.777777777777777457e-01 9.667263429742005698e-01 9.445027488828396933e-01 9.777777777777777457e-01
9.667263429742005698e-01 9.333333333333333481e-01 9.780192938436514938e-01 9.777777777777777457e-01 9.667263429742005698e-01 9.667263429742005698e-01 9.222791547914787058e-01 9.335638713962127744e-01 9.557915826199321341e-01 9.667263429742005698e-01
9.667263429742005698e-01 9.236487075639310262e-01 9.667263429742005698e-01 9.889499370655615573e-01 9.777777777777777457e-01 9.889499370655615573e-01 9.889499370655615573e-01 9.565007145952775236e-01 9.222791547914787058e-01 9.777777777777777457e-01
9.777777777777777457e-01 9.777777777777777457e-01 9.889499370655615573e-01 9.557915826199321341e-01 9.557915826199321341e-01 9.667263429742005698e-01 9.445027488828396933e-01 9.449695734505159095e-01 9.555555555555556024e-01 9.889499370655615573e-01
9.120123092652645536e-01 9.889499370655615573e-01 9.449695734505159095e-01 9.667263429742005698e-01 9.777777777777777457e-01 9.777777777777777457e-01 9.672041516493515845e-01 9.333333333333333481e-01 9.667263429742005698e-01 9.445027488828396933e-01
9.667263429742005698e-01 9.449695734505159095e-01 9.889499370655615573e-01 9.113361601724934147e-01 9.557915826199321341e-01 9.667263429742005698e-01 9.557915826199321341e-01 9.557915826199321341e-01 9.449695734505159095e-01 9.557915826199321341e-01
9.780192938436514938e-01 9.445027488828396933e-01 9.333333333333333481e-01 9.667263429742005698e-01 9.777777777777777457e-01 9.667263429742005698e-01 9.557915826199321341e-01 9.557915826199321341e-01 9.445027488828396933e-01 9.889499370655615573e-01
9.777777777777777457e-01 9.667263429742005698e-01 9.667263429742005698e-01 9.557915826199321341e-01 9.335638713962127744e-01 9.667263429742005698e-01 9.667263429742005698e-01 9.667263429742005698e-01 9.889499370655615573e-01 9.667263429742005698e-01
9.342565119302710386e-01 9.777777777777777457e-01 9.335638713962127744e-01 9.667263429742005698e-01 9.777777777777777457e-01 9.557915826199321341e-01 9.555555555555556024e-01 9.777777777777777457e-01 9.667263429742005698e-01 9.780192938436514938e-01
9.236487075639310262e-01 9.445027488828396933e-01 9.667263429742005698e-01 9.335638713962127744e-01 9.445027488828396933e-01 9.889499370655615573e-01 9.557915826199321341e-01 9.777777777777777457e-01 9.342565119302710386e-01 9.557915826199321341e-01
9.120123092652645536e-01 9.555555555555556024e-01 9.889499370655615573e-01 9.445027488828396933e-01 9.780192938436514938e-01 9.777777777777777457e-01 9.667263429742005698e-01 9.342565119302710386e-01 9.889499370655615573e-01 9.889499370655615573e-01
9.777777777777777457e-01 9.354143466934853324e-01 9.777777777777777457e-01 9.667263429742005698e-01 9.777777777777777457e-01 9.667263429742005698e-01 9.667263429742005698e-01 9.557915826199321341e-01 9.342565119302710386e-01 9.557915826199321341e-01
9.667263429742005698e-01 9.445027488828396933e-01 9.557915826199321341e-01 9.333333333333333481e-01 9.889499370655615573e-01 9.557915826199321341e-01 9.667263429742005698e-01 9.335638713962127744e-01 9.777777777777777457e-01 9.777777777777777457e-01
9.672041516493515845e-01 9.667263429742005698e-01 9.780192938436514938e-01 9.777777777777777457e-01 9.449695734505159095e-01 9.449695734505159095e-01 9.445027488828396933e-01 9.335638713962127744e-01 9.667263429742005698e-01 9.555555555555556024e-01
9.889499370655615573e-01 9.777777777777777457e-01 9.889499370655615573e-01 9.777777777777777457e-01 9.780192938436514938e-01 9.445027488828396933e-01 9.777777777777777457e-01 9.449695734505159095e-01 9.113361601724934147e-01 9.557915826199321341e-01
9.667263429742005698e-01 9.672041516493515845e-01 9.780192938436514938e-01 9.667263429742005698e-01 9.236487075639310262e-01 9.222791547914787058e-01 9.557915826199321341e-01 9.449695734505159095e-01 9.557915826199321341e-01 9.667263429742005698e-01
9.557915826199321341e-01 9.777777777777777457e-01 9.555555555555556024e-01 9.449695734505159095e-01 9.445027488828396933e-01 9.780192938436514938e-01 9.557915826199321341e-01 9.777777777777777457e-01 9.557915826199321341e-01 9.667263429742005698e-01
9.459053029269173241e-01 9.236487075639310262e-01 9.449695734505159095e-01 8.778319666087568418e-01 9.780192938436514938e-01 9.557915826199321341e-01 9.557915826199321341e-01 9.342565119302710386e-01 9.449695734505159095e-01 9.557915826199321341e-01
9.557915826199321341e-01 9.342565119302710386e-01 9.445027488828396933e-01 9.335638713962127744e-01 9.777777777777777457e-01 9.777777777777777457e-01 9.335638713962127744e-01 9.780192938436514938e-01 9.227349952516802345e-01 9.445027488828396933e-01
8.924214965063204108e-01 9.557915826199321341e-01 9.667263429742005698e-01 9.335638713962127744e-01 9.557915826199321341e-01 9.667263429742005698e-01 9.672041516493515845e-01 9.333333333333333481e-01 9.333333333333333481e-01 9.672041516493515845e-01
9.445027488828396933e-01 9.335638713962127744e-01 9.222791547914787058e-01 9.557915826199321341e-01 9.449695734505159095e-01 9.672041516493515845e-01 9.565007145952775236e-01 9.672041516493515845e-01 9.667263429742005698e-01 9.113361601724934147e-01
9.557915826199321341e-01 9.780192938436514938e-01 9.672041516493515845e-01 9.449695734505159095e-01 9.120123092652645536e-01 9.777777777777777457e-01 9.333333333333333481e-01 9.120123092652645536e-01 9.222791547914787058e-01 9.667263429742005698e-01
9.333333333333333481e-01 9.780192938436514938e-01 9.236487075639310262e-01 9.557915826199321341e-01 9.672041516493515845e-01 9.335638713962127744e-01 9.667263429742005698e-01 9.557915826199321341e-01 9.222791547914787058e-01 9.445027488828396933e-01
9.227349952516802345e-01 9.667263429742005698e-01 9.672041516493515845e-01 9.459053029269173241e-01 9.449695734505159095e-01 9.557915826199321341e-01 9.459053029269173241e-01 9.449695734505159095e-01 9.557915826199321341e-01 8.897681066002581796e-01
9.449695734505159095e-01 9.557915826199321341e-01 9.672041516493515845e-01 9.120123092652645536e-01 9.777777777777777457e-01 9.667263429742005698e-01 9.777777777777777457e-01 9.445027488828396933e-01 9.777777777777777457e-01 9.449695734505159095e-01
9.667263429742005698e-01 9.557915826199321341e-01 9.333333333333333481e-01 9.222791547914787058e-01 9.333333333333333481e-01 9.777777777777777457e-01 9.667263429742005698e-01 9.449695734505159095e-01 9.449695734505159095e-01 9.667263429742005698e-01
9.672041516493515845e-01 9.227349952516802345e-01 9.335638713962127744e-01 9.449695734505159095e-01 9.555555555555556024e-01 9.667263429742005698e-01 9.147320339189783933e-01 9.565007145952775236e-01 9.555555555555556024e-01 8.897681066002581796e-01
9.111111111111110938e-01 9.667263429742005698e-01 9.672041516493515845e-01 9.667263429742005698e-01 9.449695734505159095e-01 9.667263429742005698e-01 9.780192938436514938e-01 9.335638713962127744e-01 9.459053029269173241e-01 9.889499370655615573e-01
9.672041516493515845e-01 9.445027488828396933e-01 9.227349952516802345e-01 9.236487075639310262e-01 9.557915826199321341e-01 8.944271909999158554e-01 9.449695734505159095e-01 9.672041516493515845e-01 9.449695734505159095e-01 9.445027488828396933e-01
9.027346356390192339e-01 9.333333333333333481e-01 9.027346356390192339e-01 9.780192938436514938e-01 9.342565119302710386e-01 9.449695734505159095e-01 9.342565119302710386e-01 9.333333333333333481e-01 8.568789214749721328e-01 9.557915826199321341e-01
9.342565119302710386e-01 9.555555555555556024e-01 9.780192938436514938e-01 9.236487075639310262e-01 9.342565119302710386e-01 9.889499370655615573e-01 9.342565119302710386e-01 8.463272660560106075e-01 9.780192938436514938e-01 9.667263429742005698e-01
9.342565119302710386e-01 9.342565119302710386e-01 9.557915826199321341e-01 9.445027488828396933e-01 9.889499370655615573e-01 9.333333333333333481e-01 9.333333333333333481e-01 9.780192938436514938e-01 8.924214965063204108e-01 8.908708063747479144e-01
9.250243797288715264e-01 9.557915826199321341e-01 9.449695734505159095e-01 9.222791547914787058e-01 9.557915826199321341e-01 8.675239039352516945e-01 9.045340337332908875e-01 9.131425765341166789e-01 9.557915826199321341e-01 8.944271909999158554e-01
8.778319666087568418e-01 8.844083999045815325e-01 9.672041516493515845e-01 9.667263429742005698e-01 9.667263429742005698e-01 9.672041516493515845e-01 9.000555607001178293e-01 9.236487075639310262e-01 9.565007145952775236e-01 9.236487075639310262e-01
9.557915826199321341e-01 9.459053029269173241e-01 9.236487075639310262e-01 8.804448915491668304e-01 9.557915826199321341e-01 9.777777777777777457e-01 9.672041516493515845e-01 9.449695734505159095e-01 9.780192938436514938e-01 9.557915826199321341e-01
9.147320339189783933e-01 9.354143466934853324e-01 9.250243797288715264e-01 9.013921122009447284e-01 9.459053029269173241e-01 8.821998600608639274e-01 9.565007145952775236e-01 9.335638713962127744e-01 9.131425765341166789e-01 9.667263429742005698e-01
9.027346356390192339e-01 9.120123092652645536e-01 9.555555555555556024e-01 9.236487075639310262e-01 9.113361601724934147e-01 9.045340337332908875e-01 9.236487075639310262e-01 9.236487075639310262e-01 9.236487075639310262e-01 9.111111111111110938e-01
9.227349952516802345e-01 9.250243797288715264e-01 9.005004170528445595e-01 8.944271909999158554e-01 9.459053029269173241e-01 9.449695734505159095e-01 9.667263429742005698e-01 9.445027488828396933e-01 9.335638713962127744e-01 9.000555607001178293e-01
9.667263429742005698e-01 9.889499370655615573e-01 9.236487075639310262e-01 9.459053029269173241e-01 9.555555555555556024e-01 9.667263429742005698e-01 9.565007145952775236e-01 8.924214965063204108e-01 8.944271909999158554e-01 9.672041516493515845e-01
9.005004170528445595e-01 9.236487075639310262e-01 9.672041516493515845e-01 9.147320339189783933e-01 9.459053029269173241e-01 9.120123092652645536e-01 9.236487075639310262e-01 9.013921122009447284e-01 9.672041516493515845e-01 9.342565119302710386e-01
8.924214965063204108e-01 9.013921122009447284e-01 8.891084489487740550e-01 9.236487075639310262e-01 9.250243797288715264e-01 9.459053029269173241e-01 8.782658388540088845e-01 9.013921122009447284e-01 9.131425765341166789e-01 9.342565119302710386e-01
9.250243797288715264e-01 9.565007145952775236e-01 8.821998600608639274e-01 8.172381416839803459e-01 9.459053029269173241e-01 9.777777777777777457e-01 8.744746321952062695e-01 9.449695734505159095e-01 8.720665112249179618e-01 9.449695734505159095e-01
9.005004170528445595e-01 9.227349952516802345e-01 8.620183138310477666e-01 9.565007145952775236e-01 9.557915826199321341e-01 9.672041516493515845e-01 9.459053029269173241e-01 9.045340337332908875e-01 8.744746321952062695e-01 9.557915826199321341e-01
8.844083999045815325e-01 9.557915826199321341e-01 8.668807377250546953e-01 9.672041516493515845e-01 9.565007145952775236e-01 9.250243797288715264e-01 9.236487075639310262e-01 8.720665112249179618e-01 8.172381416839803459e-01 9.777777777777777457e-01
9.027346356390192339e-01 9.131425765341166789e-01 8.791355168379584306e-01 8.421651940662134850e-01 8.804448915491668304e-01 9.459053029269173241e-01 9.236487075639310262e-01 9.027346356390192339e-01 9.250243797288715264e-01 9.342565119302710386e-01
9.250243797288715264e-01 9.131425765341166789e-01 8.791355168379584306e-01 9.565007145952775236e-01 8.924214965063204108e-01 8.908708063747479144e-01 9.222791547914787058e-01 9.045340337332908875e-01 9.120123092652645536e-01 9.236487075639310262e-01
9.113361601724934147e-01 9.013921122009447284e-01 9.250243797288715264e-01 8.323543507318179602e-01 9.354143466934853324e-01 9.236487075639310262e-01 8.164965809277260345e-01 9.777777777777777457e-01 9.131425765341166789e-01 9.672041516493515845e-01
9.120123092652645536e-01 9.250243797288715264e-01 8.620183138310477666e-01 9.557915826199321341e-01 9.045340337332908875e-01 9.565007145952775236e-01 9.113361601724934147e-01 8.720665112249179618e-01 7.623624998624874971e-01 9.131425765341166789e-01
8.396282277575141118e-01 8.548504142651103255e-01 8.897681066002581796e-01 9.113361601724934147e-01 9.045340337332908875e-01 9.557915826199321341e-01 9.342565119302710386e-01 8.701109590936624283e-01 8.720665112249179618e-01 8.821998600608639274e-01
9.565007145952775236e-01 8.620183138310477666e-01 8.375315127160101181e-01 9.250243797288715264e-01 7.938161203464002558e-01 9.557915826199321341e-01 8.273451516749221746e-01 8.924214965063204108e-01 9.120123092652645536e-01 8.701109590936624283e-01
9.557915826199321341e-01 9.354143466934853324e-01 8.197074555577811283e-01 9.000555607001178293e-01 8.358654033694622454e-01 8.944271909999158554e-01 9.027346356390192339e-01 8.646229325746458416e-01 8.520522057286624706e-01 9.250243797288715264e-01
9.250243797288715264e-01 8.720665112249179618e-01 9.045340337332908875e-01 9.147320339189783933e-01 9.354143466934853324e-01 8.944271909999158554e-01 8.646229325746458416e-01 8.821998600608639274e-01 9.250243797288715264e-01 8.720665112249179618e-01
9.565007145952775236e-01 9.354143466934853324e-01 9.131425765341166789e-01 9.250243797288715264e-01 9.045340337332908875e-01 9.672041516493515845e-01 8.548504142651103255e-01 8.273451516749221746e-01 8.070787735958558917e-01 9.250243797288715264e-01
8.548504142651103255e-01 8.897681066002581796e-01 8.744746321952062695e-01 8.744746321952062695e-01 9.147320339189783933e-01 8.497058314499200682e-01 9.120123092652645536e-01 9.147320339189783933e-01 8.346223261119858350e-01 9.045340337332908875e-01
9.342565119302710386e-01 8.226168079357562002e-01 9.111111111111110938e-01 8.620183138310477666e-01 8.620183138310477666e-01 9.250243797288715264e-01 9.027346356390192339e-01 8.070787735958558917e-01 8.944271909999158554e-01 9.027346356390192339e-01
8.908708063747479144e-01 9.236487075639310262e-01 9.354143466934853324e-01 9.222791547914787058e-01 8.164965809277260345e-01 9.027346356390192339e-01 9.354143466934853324e-01 9.250243797288715264e-01 9.227349952516802345e-01 8.646229325746458416e-01
8.844083999045815325e-01 9.250243797288715264e-01 8.804448915491668304e-01 8.844083999045815325e-01 8.944271909999158554e-01 8.720665112249179618e-01 7.616095469143991936e-01 9.342565119302710386e-01 8.451542547285165741e-01 7.938161203464002558e-01
8.164965809277260345e-01 7.807208392284213927e-01 9.013921122009447284e-01 8.548504142651103255e-01 9.013921122009447284e-01 8.804448915491668304e-01 8.744746321952062695e-01 9.027346356390192339e-01 7.977240352174655991e-01 8.164965809277260345e-01
8.744746321952062695e-01 7.807208392284213927e-01 8.844083999045815325e-01 8.070787735958558917e-01 8.646229325746458416e-01 8.646229325746458416e-01 8.744746321952062695e-01 8.897681066002581796e-01 8.944271909999158554e-01 8.598656863884369672e-01
8.744746321952062695e-01 7.388749335736708446e-01 9.147320339189783933e-01 8.548504142651103255e-01 8.944271909999158554e-01 8.720665112249179618e-01 9.147320339189783933e-01 9.222791547914787058e-01 9.045340337332908875e-01 7.807208392284213927e-01
8.421651940662134850e-01 8.598656863884369672e-01 8.197074555577811283e-01 8.598656863884369672e-01 8.844083999045815325e-01 8.070787735958558917e-01 8.646229325746458416e-01 8.421651940662134850e-01 8.070787735958558917e-01 9.147320339189783933e-01
9.045340337332908875e-01 8.520522057286624706e-01 8.924214965063204108e-01 9.459053029269173241e-01 8.000793611429957153e-01 7.938161203464002558e-01 7.616095469143991936e-01 8.070787735958558917e-01 8.259800183141270402e-01 8.744746321952062695e-01
7.700132167581936748e-01 8.744746321952062695e-01 8.355316915277181122e-01 8.744746321952062695e-01 7.938161203464002558e-01 8.744746321952062695e-01 8.323543507318179602e-01 8.396282277575141118e-01 8.396282277575141118e-01 9.045340337332908875e-01
8.844083999045815325e-01 8.254898842683463522e-01 8.844083999045815325e-01 8.197074555577811283e-01 8.620183138310477666e-01 8.744746321952062695e-01 7.884298457197200793e-01 8.908708063747479144e-01 8.844083999045815325e-01 7.972497170493487717e-01
9.147320339189783933e-01 8.421651940662134850e-01 8.164965809277260345e-01 7.427813527082074430e-01 8.844083999045815325e-01 8.355316915277181122e-01 9.222791547914787058e-01 7.427813527082074430e-01 7.500678834633792702e-01 8.355316915277181122e-01
9.013921122009447284e-01 8.548504142651103255e-01 8.164965809277260345e-01 7.518094115561123614e-01 8.164965809277260345e-01 8.197074555577811283e-01 7.378287614571462649e-01 8.451542547285165741e-01 8.259800183141270402e-01 8.646229325746458416e-01
8.548504142651103255e-01 7.977240352174655991e-01 7.749319199255380042e-01 7.884298457197200793e-01 8.520522057286624706e-01 7.791937224739795553e-01 8.000793611429957153e-01 8.355316915277181122e-01 8.164965809277260345e-01 7.518094115561123614e-01
8.646229325746458416e-01 7.884298457197200793e-01 8.355316915277181122e-01 7.337993857053427549e-01 8.259800183141270402e-01 8.259800183141270402e-01 8.548504142651103255e-01 7.337993857053427549e-01 8.070787735958558917e-01 7.161403202329424955e-01
6.657238481116636297e-01 7.903678163100035237e-01 7.791937224739795553e-01 9.250243797288715264e-01 8.164965809277260345e-01 7.655768067133513766e-01 8.451542547285165741e-01 7.807208392284213927e-01 8.548504142651103255e-01 7.884298457197200793e-01
7.749319199255380042e-01 7.700132167581936748e-01 7.616095469143991936e-01 6.807456457050177212e-01 6.894996998299374180e-01 8.098582871985255949e-01 6.807456457050177212e-01 8.396282277575141118e-01 7.248611789946811657e-01 8.451542547285165741e-01
8.070787735958558917e-01 7.240422784442716031e-01 7.700132167581936748e-01 8.259800183141270402e-01 8.033504287712742720e-01 7.608859102526820406e-01 7.055442169988130896e-01 7.248611789946811657e-01 7.791937224739795553e-01 6.546536707079770867e-01
7.711356597650745881e-01 7.071067811865475727e-01 7.427237677069826738e-01 8.259800183141270402e-01 7.071067811865475727e-01 7.700132167581936748e-01 7.700132167581936748e-01 6.982859770789643372e-01 7.700132167581936748e-01 0.000000000000000000e+00
9.459053029269173241e-01 7.903678163100035237e-01 7.286768142774626700e-01 0.000000000000000000e+00 7.518094115561123614e-01 7.337993857053427549e-01 8.451542547285165741e-01 7.749319199255380042e-01 8.164965809277260345e-01 7.791937224739795553e-01
7.248611789946811657e-01 7.518094115561123614e-01 8.164965809277260345e-01 7.427813527082074430e-01 7.749319199255380042e-01 7.884298457197200793e-01 7.807208392284213927e-01 7.427813527082074430e-01 6.720215050322470018e-01 8.164965809277260345e-01
7.055442169988130896e-01 6.982859770789643372e-01 7.518094115561123614e-01 7.337993857053427549e-01 6.633249580710799398e-01 0.000000000000000000e+00 7.337993857053427549e-01 7.884298457197200793e-01 7.608859102526820406e-01 7.608859102526820406e-01
6.329740214450164659e-01 7.248611789946811657e-01 7.700132167581936748e-01 7.337993857053427549e-01 7.608859102526820406e-01 6.329740214450164659e-01 6.780959416401856066e-01 7.608859102526820406e-01 6.963575181639445333e-01 7.159644139318704914e-01
6.894996998299374180e-01 6.982859770789643372e-01 7.159644139318704914e-01 7.071067811865475727e-01 6.894996998299374180e-01 7.884298457197200793e-01 6.546536707079770867e-01 6.982859770789643372e-01 6.546536707079770867e-01 6.201736729460423092e-01
7.518094115561123614e-01 5.773502691896257311e-01 7.159644139318704914e-01 6.894996998299374180e-01 6.546536707079770867e-01 5.687964589945210259e-01 6.287677132370127486e-01 0.000000000000000000e+00 6.546536707079770867e-01 6.720215050322470018e-01
6.115928396627264840e-01 6.546536707079770867e-01 0.000000000000000000e+00 6.686573150705388269e-01 6.030226891555272584e-01 6.982859770789643372e-01 6.780959416401856066e-01 5.859040724295678793e-01 7.159644139318704914e-01 5.345224838248487931e-01
5.516772843673705129e-01 6.304072384595335032e-01 5.687964589945210259e-01 6.982859770789643372e-01 6.460052899517690905e-01 6.982859770789643372e-01 0.000000000000000000e+00 0.000000000000000000e+00 6.982859770789643372e-01 5.345224838248487931e-01
6.373774391990981725e-01 7.159644139318704914e-01 6.373774391990981725e-01 7.159644139318704914e-01 5.602397818244310157e-01 0.000000000000000000e+00 4.628528545997305788e-01 6.633249580710799398e-01 6.115928396627264840e-01 6.287677132370127486e-01
6.720215050322470018e-01 5.345224838248487931e-01 5.773502691896257311e-01 5.259237061407776581e-01 4.913036844405174741e-01 6.509445549041193990e-01 4.738035414793428379e-01 6.460052899517690905e-01 6.720215050322470018e-01 7.248611789946811657e-01
4.561290291958710608e-01 6.373774391990981725e-01 5.259237061407776581e-01 4.649905549752770817e-01 5.000000000000000000e-01 3.827490238872258699e-01 6.115928396627264840e-01 5.944606451621642362e-01 5.173061316114635488e-01 5.687964589945210259e-01
5.602397818244310157e-01 4.825730124331105708e-01 5.166129381675265142e-01 6.030226891555272584e-01 5.086661564732400942e-01 0.000000000000000000e+00 5.000000000000000000e-01 0.000000000000000000e+00 5.773502691896257311e-01 5.602397818244310157e-01
4.738035414793428379e-01 4.649905549752770817e-01 4.561290291958710608e-01 4.738035414793428379e-01 3.922322702763680335e-01 5.773502691896257311e-01 5.259237061407776581e-01 0.000000000000000000e+00 4.825730124331105708e-01 3.578493548071580710e-01
0.000000000000000000e+00 4.108907018066590422e-01 3.268602252303067224e-01 0.000000000000000000e+00 3.333333333333333148e-01 0.000000000000000000e+00 3.392267657763791688e-01 5.345224838248487931e-01 4.450881753290796272e-01 4.382384968626676369e-01
3.922322702763680335e-01 4.561290291958710608e-01 3.827490238872258699e-01 0.000000000000000000e+00 3.333333333333333148e-01 0.000000000000000000e+00 0.000000000000000000e+00 2.672612419124243965e-01 3.123475237772121438e-01 0.000000000000000000e+00
2.672612419124243965e-01 3.435293617149026701e-01 2.425356250363329691e-01 0.000000000000000000e+00 2.613098319673951009e-01 3.634218921558155513e-01 2.294157338705617721e-01 3.731494423540170913e-01 0.000000000000000000e+00 2.156655464068768235e-01
2.011527472983273279e-01 3.123475237772121438e-01 2.790059343047124329e-01 1.856953381770518607e-01 0.000000000000000000e+00 2.425356250363329691e-01 0.000000000000000000e+00 0.000000000000000000e+00 1.507556722888817868e-01 2.551249838734923059e-01
