0.000000000000000000e+00 0.000000000000000000e+00 0.000000000000000000e+00 0.000000000000000000e+00 0.000000000000000000e+00 0.000000000000000000e+00 0.000000000000000000e+00 0.000000000000000000e+00 0.000000000000000000e+00 0.000000000000000000e+00
6.559766763848396964e-01 9.504373177842565523e-01 9.883381924198251234e-01 9.358600583090378455e-01 8.571428571428570953e-01 9.533527696793002715e-01 9.533527696793002715e-01 8.542274052478133761e-01 8.396501457725947803e-01 9.183673469387755306e-01
4.606413994169096249e-01 8.833819241982506787e-01 9.766763848396501357e-01 9.183673469387755306e-01 9.504373177842565523e-01 9.212827988338192498e-01 9.241982507288629689e-01 9.387755102040816757e-01 8.892128279883382280e-01 9.504373177842565523e-01
9.562682215743439906e-01 9.620991253644315400e-01 9.183673469387755306e-01 9.591836734693877098e-01 9.475218658892128332e-01 9.329446064139941264e-01 8.862973760932945089e-01 9.067055393586005430e-01 9.679300291545189783e-01 9.504373177842565523e-01
9.446064139941691140e-01 8.717201166180758021e-01 9.241982507288629689e-01 9.854227405247812932e-01 2.711370262390670471e-01 9.212827988338192498e-01 9.708454810495626974e-01 9.475218658892128332e-01 9.562682215743439906e-01 8.046647230320699284e-01
7.259475218658891782e-01 8.979591836734693855e-01 9.504373177842565523e-01 9.329446064139941264e-01 9.067055393586005430e-01 9.358600583090378455e-01 9.183673469387755306e-01 8.688046647230320829e-01 9.067055393586005430e-01 9.212827988338192498e-01
8.600583090379009255e-01 7.434402332361516041e-01 8.979591836734693855e-01 9.037900874635568238e-01 8.425655976676384995e-01 8.950437317784256663e-01 7.696793002915451876e-01 6.880466472303207182e-01 9.533527696793002715e-01 9.708454810495626974e-01
9.679300291545189783e-01 7.667638483965014684e-01 9.591836734693877098e-01 9.708454810495626974e-01 7.988338192419824901e-01 9.037900874635568238e-01 8.338192419825073420e-01 8.600583090379009255e-01 9.387755102040816757e-01 8.134110787172011969e-01
8.862973760932945089e-01 2.915451895043731922e-01 7.259475218658891782e-01 8.629737609329446446e-01 7.259475218658891782e-01 9.387755102040816757e-01 8.862973760932945089e-01 7.667638483965014684e-01 7.288629737609328973e-01 8.483965014577259378e-01
8.833819241982506787e-01 9.533527696793002715e-01 7.259475218658891782e-01 8.250728862973760735e-01 8.921282798833819472e-01 7.725947521865889067e-01 9.446064139941691140e-01 7.376093294460641658e-01 8.688046647230320829e-01 7.930029154518950518e-01
