0.000000000000000000e+00 0.000000000000000000e+00 0.000000000000000000e+00 0.000000000000000000e+00 0.000000000000000000e+00 0.000000000000000000e+00 0.000000000000000000e+00 0.000000000000000000e+00 0.000000000000000000e+00 0.000000000000000000e+00
8.998967313218391162e-01 9.117099635672423208e-01 8.789696541990119627e-01 9.212871040159640312e-01 9.679549064183612384e-01 9.421390013495276605e-01 9.465915106972688786e-01 8.940061575086124535e-01 9.749229724789806317e-01 9.172030897972320851e-01
9.146457334177903187e-01 9.075979047143926115e-01 8.518614494255851710e-01 7.818859011627907751e-01 8.183819636039350032e-01 9.508837247361099365e-01 8.059434833100080908e-01 9.335332333833084029e-01 9.714285714285715301e-01 8.285714285714285143e-01
8.921964798850574585e-01 8.746248557137361601e-01 9.475262368815591252e-01 8.987432523616734059e-01 9.319337824429474448e-01 9.441058566632989368e-01 8.449717514124293061e-01 8.403565930328309452e-01 6.464646464646464086e-01 9.038647192550839371e-01
7.441389599317987935e-01 9.180797707188916856e-01 9.331486895419808247e-01 6.926443081473747654e-01 7.896400434023682635e-01 9.200492824081781817e-01 8.534871077974526266e-01 6.672210672210672211e-01 8.082691451363821500e-01 9.112530849454660853e-01
8.304909319781808019e-01 7.615508021390373639e-01 9.154565816124227151e-01 9.306229773462784127e-01 9.490449915110357182e-01 8.383752709452454432e-01 9.362069908648322780e-01 9.165487038839246203e-01 9.142956468837248885e-01 9.049184223031838670e-01
8.391544117647058432e-01 9.044263991720404849e-01 8.614306083650189461e-01 8.842901180713080844e-01 9.281284049953901771e-01 8.637952909955544101e-01 8.786985736178238859e-01 8.619689824894493091e-01 9.710695006747638303e-01 7.550524887524101558e-01
9.242976804800890900e-01 9.007533050636069571e-01 6.998140247237719658e-01 8.785714285714285587e-01 7.614420811144675394e-01 8.349483417464735879e-01 7.189621537261021711e-01 8.826949384404925159e-01 9.610681745483062866e-01 9.503022023513826300e-01
8.637744136062049938e-01 6.780458923594564480e-01 6.410882455528426060e-01 6.835793357933579451e-01 7.310458576681808651e-01 7.874342246109815591e-01 9.388591800356507200e-01 8.525699031761831970e-01 8.570012056473876871e-01 8.217564524510654334e-01
6.653082309723339360e-01 6.527201426024955566e-01 8.146364949446316395e-01 8.944604909229867395e-01 9.224052121979910979e-01 7.495944192083063840e-01 9.312165775401070045e-01 9.102564102564102422e-01 7.227937141431779455e-01 6.992609911903470143e-01
