0.000000000000000000e+00 0.000000000000000000e+00 0.000000000000000000e+00 0.000000000000000000e+00 0.000000000000000000e+00 0.000000000000000000e+00 0.000000000000000000e+00 0.000000000000000000e+00 0.000000000000000000e+00 0.000000000000000000e+00
8.049031313352043027e-01 8.375795432665051887e-01 7.757213335946293586e-01 8.539364308908531376e-01 9.378886101422210242e-01 8.846676950706008347e-01 8.951099142274894227e-01 7.977370791788308546e-01 9.510672989423930579e-01 8.430706054760573886e-01
8.362164990453594404e-01 8.263615677958086048e-01 7.318093105708217694e-01 6.363576310758259913e-01 6.879004006814229966e-01 9.063298978202581901e-01 6.232635553073986312e-01 8.721650346436474743e-01 9.444363381669225177e-01 6.584456398432230184e-01
7.894467561225755325e-01 7.768166317398809140e-01 9.002412999540905236e-01 7.978545100403082735e-01 8.650247237171668768e-01 8.888590415950305967e-01 7.310012334640619835e-01 7.036000384051420697e-01 4.770371719911582487e-01 8.095525223980261087e-01
5.915564911074698839e-01 8.484270542645400148e-01 8.701648557148351504e-01 5.289414093595797839e-01 6.158509223284421852e-01 8.432682077396015385e-01 7.287297848960269109e-01 4.867627439672889689e-01 6.511431027649892123e-01 8.346676935263491748e-01
7.094693229549746682e-01 6.079629927016977353e-01 8.309374295082949669e-01 8.684528459122792254e-01 8.981894919167991986e-01 6.945621281093006250e-01 8.736875563374459919e-01 8.356848057429075993e-01 8.292134089496044913e-01 8.238742773882297143e-01
7.222865793589128280e-01 8.209083327881583347e-01 7.447083956626193713e-01 7.831356801000700640e-01 8.571077086597302941e-01 7.508831025725909436e-01 7.574202147122401918e-01 7.264822924111494773e-01 9.425431517574626161e-01 6.055262591340312417e-01
8.491867843537204141e-01 8.125741362482863384e-01 4.911828597117294803e-01 7.585423842565178765e-01 5.243612162998153581e-01 7.088424363533833983e-01 4.537985963518608723e-01 7.739021778580117417e-01 9.250348233251131091e-01 9.029810888029479177e-01
7.430541113253859020e-01 4.946180052669939542e-01 4.136260068634340925e-01 4.130146593492216578e-01 5.506202525670060854e-01 5.798343258584750526e-01 8.816177523199068000e-01 7.114637086696476986e-01 7.195539858323343196e-01 6.438587187021155289e-01
4.576036108991369811e-01 4.218390245179466369e-01 6.445403755954335345e-01 8.017792408878001709e-01 8.518105978423233804e-01 5.913497644562627498e-01 8.662926515168595243e-01 8.214099479880815347e-01 4.541009160127079669e-01 5.054619600831763426e-01
