0.000000000000000000e+00 0.000000000000000000e+00 0.000000000000000000e+00 0.000000000000000000e+00 0.000000000000000000e+00 0.000000000000000000e+00 0.000000000000000000e+00 0.000000000000000000e+00 0.000000000000000000e+00 0.000000000000000000e+00
9.763071895424836333e-01 9.607843137254901134e-01 9.803921568627451677e-01 8.602941176470588758e-01 9.485294117647058432e-01 9.460784313725489891e-01 9.362745098039215730e-01 9.656862745098039325e-01 9.852941176470588758e-01 9.901960784313725839e-01
9.803921568627451677e-01 9.387254901960784270e-01 9.763071895424836333e-01 9.852941176470588758e-01 9.656862745098039325e-01 9.019607843137255054e-01 9.714052287581699252e-01 9.901960784313725839e-01 9.852941176470588758e-01 9.607843137254901134e-01
9.068627450980392135e-01 9.166666666666667407e-01 9.517973856209149819e-01 9.624183006535946827e-01 9.436274509803921351e-01 9.754901960784313486e-01 9.763071895424836333e-01 9.125816993464052063e-01 9.656862745098039325e-01 9.485294117647058432e-01
9.362745098039215730e-01 9.509803921568626972e-01 9.901960784313725839e-01 9.264705882352941568e-01 9.624183006535946827e-01 9.656862745098039325e-01 9.526143790849672666e-01 9.714052287581699252e-01 9.436274509803921351e-01 9.803921568627451677e-01
9.346405228758170036e-01 9.901960784313725839e-01 9.264705882352941568e-01 9.248366013071895875e-01 9.803921568627451677e-01 9.526143790849672666e-01 9.297385620915032955e-01 9.754901960784313486e-01 9.803921568627451677e-01 9.607843137254901134e-01
8.480392156862744946e-01 9.714052287581699252e-01 9.705882352941176405e-01 9.436274509803921351e-01 9.117647058823529216e-01 9.419934640522875657e-01 8.480392156862744946e-01 8.774509803921568540e-01 8.978758169934639710e-01 9.460784313725489891e-01
9.460784313725489891e-01 9.411764705882352811e-01 7.794117647058823595e-01 8.872549019607842702e-01 9.852941176470588758e-01 8.137254901960784270e-01 9.117647058823529216e-01 9.607843137254901134e-01 9.665032679738562171e-01 8.431372549019607865e-01
9.714052287581699252e-01 9.517973856209149819e-01 9.714052287581699252e-01 7.156862745098039325e-01 8.292483660130718359e-01 8.284313725490195512e-01 9.346405228758170036e-01 9.125816993464052063e-01 9.223856209150327334e-01 8.823529411764705621e-01
9.714052287581699252e-01 8.088235294117647189e-01 9.575163398692809746e-01 6.617647058823529216e-01 8.823529411764705621e-01 9.803921568627451677e-01 6.813725490196078649e-01 6.911764705882352811e-01 9.076797385620914982e-01 8.627450980392157298e-01
