0.000000000000000000e+00 0.000000000000000000e+00 0.000000000000000000e+00 0.000000000000000000e+00 0.000000000000000000e+00 0.000000000000000000e+00 0.000000000000000000e+00 0.000000000000000000e+00 0.000000000000000000e+00 0.000000000000000000e+00
9.098841956303432843e-01 8.134892168199606699e-01 8.935221613038462074e-01 8.935221613038462074e-01 9.248366013071895875e-01 8.872549019607842702e-01 9.637388493048533178e-01 8.830366707956721628e-01 8.662744863642258819e-01 8.776754013041389024e-01
8.071335307319704722e-01 9.442933254078124117e-01 9.637388493048533178e-01 9.267955267481673420e-01 9.637388493048533178e-01 7.759356446042894317e-01 8.872549019607842702e-01 9.267955267481673420e-01 9.267955267481673420e-01 8.006599918623558132e-01
8.872549019607842702e-01 9.053565001858749905e-01 9.137872693363306986e-01 8.981774262781437868e-01 9.442933254078124117e-01 9.098841956303432843e-01 8.571486927905922482e-01 8.732338690112576574e-01 7.082005278281704452e-01 8.474053665354959186e-01
9.637388493048533178e-01 8.830366707956721628e-01 8.401680504168058672e-01 6.027618097623294036e-01 8.540560664885429309e-01 6.977215890464483206e-01 8.830366707956721628e-01 9.137872693363306986e-01 9.465345222494289112e-01 6.388178420286315662e-01
9.248366013071895875e-01 9.442933254078124117e-01 8.266524014003262533e-01 7.881474929150223963e-01 9.465345222494289112e-01 8.981774262781437868e-01 9.137872693363306986e-01 7.881474929150223963e-01 8.872549019607842702e-01 8.662744863642258819e-01
6.577519069964717913e-01 8.732338690112576574e-01 9.267955267481673420e-01 8.830366707956721628e-01 8.830366707956721628e-01 8.981774262781437868e-01 9.248366013071895875e-01 7.409585736349484364e-01 8.935221613038462074e-01 9.442933254078124117e-01
4.763305116224668123e-01 8.683378922903030039e-01 8.683378922903030039e-01 9.442933254078124117e-01 8.981774262781437868e-01 9.465345222494289112e-01 9.298956298171000556e-01 5.287747631941085436e-01 8.540560664885429309e-01 8.401680504168058672e-01
8.683378922903030039e-01 8.571486927905922482e-01 9.465345222494289112e-01 8.401680504168058672e-01 8.732338690112576574e-01 5.275308594006535845e-01 4.619591894850214597e-01 9.465345222494289112e-01 8.188530386583700027e-01 7.071449879333535637e-01
7.881474929150223963e-01 6.027618097623294036e-01 4.064560346890779829e-01 6.874461820682976620e-01 9.465345222494289112e-01 7.523547938632787480e-01 3.996902825706726836e-01 8.188530386583700027e-01 3.197717712782541799e-01 7.298084138016051048e-01
