0.000000000000000000e+00 0.000000000000000000e+00 0.000000000000000000e+00 0.000000000000000000e+00 0.000000000000000000e+00
5.551889233954451219e-01 5.764147746526600002e-01 5.968782249742001778e-01 5.737905301080803433e-01 5.551889233954451219e-01
5.479349026259782152e-01 5.437371926229508379e-01 5.387527875375013320e-01 5.732689210950080438e-01 5.758914282056206702e-01
5.319325982941544018e-01 5.039682539682539542e-01 5.638255302120849244e-01 5.318127250900360758e-01 5.471232305743920499e-01
5.539374065679703030e-01 5.543958249698917040e-01 5.398159263705482047e-01 5.094570252187338166e-01 5.592948717948718063e-01
5.292811277941389392e-01 5.410628019323672211e-01 5.402298850574713818e-01 5.236265231941842346e-01 5.298259150311037669e-01
5.616883116883115701e-01 5.421245421245421969e-01 5.588523625906803849e-01 5.418349308292382815e-01 5.507600654028589338e-01
5.094887141184811785e-01 5.245969408846630211e-01 4.957381742468605634e-01 4.946432181119870819e-01 5.098359584340892425e-01
4.711957197959437682e-01 4.749896651508888068e-01 4.346449570330167544e-01 4.557329462989840319e-01 4.493091332762920720e-01
4.182744278935121018e-01 4.215950591789517921e-01 4.444444444444444753e-01 4.196950845852445156e-01 3.884713556437889848e-01
3.700190530822970447e-01 4.026226323457988698e-01 4.000314737587536418e-01 4.249649368863954724e-01 3.976611623670447404e-01
