0.000000000000000000e+00 0.000000000000000000e+00 0.000000000000000000e+00 0.000000000000000000e+00 0.000000000000000000e+00
1.226832262029791121e-01 1.627792533482529946e-01 2.031714728530622516e-01 1.536008763018812673e-01 1.226832262029791121e-01
9.602765994967198127e-02 8.810155151474870217e-02 8.043618151097335633e-02 1.539837707098904718e-01 1.520778838198804939e-01
6.401843996644798751e-02 8.001024196649952208e-03 1.281025230440697160e-01 6.405126152203485801e-02 9.637388493048533455e-02
1.130503693926854791e-01 1.128152149635532342e-01 8.006407690254356557e-02 2.425276994240230591e-02 1.203858530857692122e-01
6.475239082381760436e-02 8.914849883204185865e-02 1.097720860393947562e-01 4.807544148481569801e-02 6.460021108153456149e-02
1.400945593831559588e-01 8.872987707617001341e-02 1.420172111701476225e-01 9.869275424396534158e-02 1.147078669352808861e-01
5.111986324432477719e-02 8.574929257125442350e-02 8.275775473908258961e-03 4.474104994481180320e-02 4.176976799121989020e-02
6.193801042615004748e-02 -1.714985851425088192e-02 0.000000000000000000e+00 -9.534192529917124431e-03 4.456565178215864120e-02
-2.278619756748877581e-02 5.431254465935683728e-02 -2.896827297511605712e-02 0.000000000000000000e+00 -1.330903001142006437e-01
4.545454545454545581e-02 2.948839123097942924e-02 4.766711126753717803e-02 2.461829819586654894e-02 3.094922302950864693e-02
