0.000000000000000000e+00 0.000000000000000000e+00 0.000000000000000000e+00 0.000000000000000000e+00 0.000000000000000000e+00
6.622490993309315677e-01 6.656407612111056027e-01 6.855650154798761386e-01 6.495270629562190923e-01 6.668004817342432222e-01
6.646464646464645964e-01 6.678333009268260234e-01 6.727272727272727293e-01 6.656407612111056027e-01 6.753246753246753276e-01
6.813933729821579632e-01 6.391443260513469671e-01 6.828030450907671689e-01 6.559874374706577971e-01 6.888888888888888840e-01
6.478642557651992373e-01 6.798029556650246885e-01 6.511396106053557453e-01 6.789383561643835829e-01 6.496347957989151434e-01
6.724220862151896183e-01 6.522257551669317088e-01 6.630559576698447088e-01 6.833333333333333481e-01 6.617965367965368273e-01
6.484183059692640860e-01 6.164520521969971689e-01 6.404441768680180225e-01 6.314746098713972522e-01 6.607528773181887694e-01
6.439296439296439134e-01 6.610896610896610515e-01 6.725020840776467779e-01 5.973258975735638021e-01 6.020709800423290625e-01
5.549441657226089619e-01 5.978504887663289580e-01 5.396771483222795318e-01 5.851670153668566687e-01 6.351648351648351287e-01
5.496833856381496686e-01 5.619616739519357473e-01 5.740119826306822048e-01 5.711835334476844661e-01 5.831730152622804919e-01
3.845549142514326224e-01 4.141887524240465690e-01 3.508686749276983541e-01 3.762993762993763758e-01 3.927042160737813092e-01
