0.000000000000000000e+00 0.000000000000000000e+00 0.000000000000000000e+00 0.000000000000000000e+00 0.000000000000000000e+00
6.799999999999999378e-01 6.239999999999999991e-01 6.559999999999999165e-01 6.759999999999999343e-01 6.679999999999999272e-01
6.759999999999999343e-01 6.959999999999999520e-01 6.639999999999999236e-01 6.719999999999999307e-01 6.999999999999999556e-01
6.959999999999999520e-01 6.480000000000000204e-01 6.479999999999999094e-01 6.519999999999999130e-01 6.520000000000000240e-01
6.759999999999999343e-01 6.839999999999999414e-01 6.719999999999999307e-01 6.999999999999999556e-01 6.320000000000000062e-01
6.679999999999999272e-01 6.440000000000000169e-01 6.799999999999999378e-01 6.440000000000000169e-01 7.079999999999999627e-01
6.680000000000000382e-01 6.719999999999999307e-01 7.079999999999999627e-01 6.879999999999999449e-01 6.279999999999998916e-01
6.199999999999999956e-01 6.599999999999999201e-01 6.119999999999999885e-01 6.360000000000000098e-01 6.119999999999999885e-01
6.679999999999999272e-01 6.320000000000000062e-01 6.440000000000000169e-01 6.720000000000000417e-01 6.799999999999999378e-01
6.119999999999999885e-01 6.640000000000000346e-01 6.520000000000000240e-01 6.680000000000000382e-01 6.600000000000000311e-01
6.039999999999999813e-01 5.880000000000000782e-01 5.960000000000000853e-01 5.560000000000000497e-01 6.079999999999999849e-01
