0.000000000000000000e+00 0.000000000000000000e+00 0.000000000000000000e+00 0.000000000000000000e+00 0.000000000000000000e+00
6.639999999999999236e-01 6.679999999999999272e-01 6.879999999999999449e-01 6.519999999999999130e-01 6.679999999999999272e-01
6.679999999999999272e-01 6.720000000000000417e-01 6.759999999999999343e-01 6.679999999999999272e-01 6.800000000000000488e-01
6.879999999999999449e-01 6.440000000000000169e-01 6.879999999999999449e-01 6.600000000000000311e-01 6.919999999999999485e-01
6.560000000000000275e-01 6.879999999999999449e-01 6.639999999999999236e-01 6.879999999999999449e-01 6.599999999999999201e-01
6.839999999999999414e-01 6.639999999999999236e-01 6.759999999999999343e-01 6.959999999999999520e-01 6.800000000000000488e-01
6.680000000000000382e-01 6.440000000000000169e-01 6.560000000000000275e-01 6.520000000000000240e-01 6.760000000000000453e-01
6.680000000000000382e-01 6.839999999999999414e-01 6.920000000000000595e-01 6.280000000000000027e-01 6.360000000000000098e-01
6.040000000000000924e-01 6.360000000000000098e-01 5.880000000000000782e-01 6.320000000000000062e-01 6.679999999999999272e-01
6.119999999999999885e-01 6.199999999999999956e-01 6.280000000000000027e-01 6.280000000000000027e-01 6.360000000000000098e-01
5.240000000000000213e-01 5.360000000000000320e-01 5.080000000000000071e-01 5.200000000000000178e-01 5.280000000000000249e-01
