0.000000000000000000e+00 0.000000000000000000e+00 0.000000000000000000e+00 0.000000000000000000e+00 0.000000000000000000e+00
3.668248027456196270e-01 2.535453341528234872e-01 3.139754687606544081e-01 3.561381495309968725e-01 3.408444234096276171e-01
3.539191986482827512e-01 3.971160402518227883e-01 3.332012154790220948e-01 3.451061121792050601e-01 4.112198093498555806e-01
4.007652055963984439e-01 3.006937798225321479e-01 2.984550410743900817e-01 3.068510026372891497e-01 3.044777960704994069e-01
3.539191986482827512e-01 3.733057970676874060e-01 3.505214781791476386e-01 4.096709533402888570e-01 2.690048553467877523e-01
3.408444234096276171e-01 2.985932897257321250e-01 3.778845059136513584e-01 2.939387691339813702e-01 4.355163866123252236e-01
3.441236008058426443e-01 3.610896389841557474e-01 4.294149078927830820e-01 4.043768241204060976e-01 2.578633484881217020e-01
2.555993162216238512e-01 3.453412578549853174e-01 2.322392253422360942e-01 2.896792250511737166e-01 2.385593618068489463e-01
3.652311999283315846e-01 2.820512820512820484e-01 3.108071320694867912e-01 3.921262472252957654e-01 3.778845059136513584e-01
2.843555622958356399e-01 3.862256984932393999e-01 3.645765393153347356e-01 3.980014728789242895e-01 3.704974489022863082e-01
3.200378765462651431e-01 2.451110848018725197e-01 2.618614682831908458e-01 1.723280873710658356e-01 3.479601028621765457e-01
