0.000000000000000000e+00 0.000000000000000000e+00 0.000000000000000000e+00 0.000000000000000000e+00 0.000000000000000000e+00
3.314545225461648648e-01 3.408444234096276171e-01 3.819623689637570152e-01 3.083830497515678282e-01 3.384456448906597026e-01
3.429285639896449411e-01 3.529692507307940486e-01 3.592584956081994463e-01 3.408444234096276171e-01 3.708385395436480936e-01
3.926358191174669776e-01 2.960782627318960247e-01 3.889614472736881989e-01 3.277367626722311189e-01 3.919183588453084566e-01
3.274999051251644699e-01 3.968683110655040758e-01 3.552347496343744582e-01 3.992092320651161597e-01 3.407990882954984868e-01
3.971424465332331066e-01 3.527542508284393641e-01 3.826231618296807580e-01 4.277070648625450611e-01 4.063961336799686297e-01
3.811258545363295225e-01 3.411441196105065576e-01 3.430967022711772785e-01 3.448281541042981790e-01 3.886658893356653155e-01
3.933660408643114836e-01 4.308294733275792598e-01 4.399413450640598522e-01 3.070118225813345259e-01 3.350770243938134829e-01
2.781743201320933667e-01 3.452888970735146779e-01 2.310801987458622198e-01 3.564912449165930086e-01 4.199999999999999845e-01
3.352391998274030227e-01 3.500700210070024632e-01 3.645791610798204130e-01 3.734080224074692866e-01 3.873653586473091437e-01
1.568125120467950273e-01 1.755283281698720999e-01 8.980265101338745504e-02 1.428571428571428492e-01 1.697250257391051675e-01
