0.000000000000000000e+00 0.000000000000000000e+00 0.000000000000000000e+00 0.000000000000000000e+00 0.000000000000000000e+00 0.000000000000000000e+00 0.000000000000000000e+00 0.000000000000000000e+00 0.000000000000000000e+00 0.000000000000000000e+00
6.217592592592593448e-01 5.903321161537123940e-01 5.991421781719121764e-01 6.052327818391689540e-01 6.045023513992753283e-01 5.789149672951134917e-01 6.121249613362202968e-01 6.444016559160489210e-01 6.005006257822278481e-01 5.991421781719121764e-01
5.819743317572131369e-01 5.944942777605939366e-01 6.116144018583042907e-01 6.178255592162302801e-01 5.877192982456139747e-01 5.696456086286594278e-01 5.484271844660194573e-01 5.875923645320196842e-01 6.008080808080809021e-01 6.171764932934478143e-01
5.917204197554635225e-01 6.308688613059902917e-01 6.184137121751341892e-01 6.182374564560519925e-01 6.140053866871872934e-01 5.920346320346319136e-01 6.217592592592593448e-01 5.735688255596476104e-01 5.999460116075043814e-01 6.184137121751341892e-01
6.223420647149460194e-01 5.964912280701755165e-01 5.832611832611831471e-01 5.919090051771588312e-01 6.151562772830452275e-01 5.865740740740740256e-01 5.872110939907549954e-01 5.701423624470950413e-01 5.563262239176925972e-01 6.047765793528505629e-01
6.008080808080809021e-01 6.227779915352058548e-01 6.184137121751341892e-01 6.090399398878678650e-01 5.865740740740741366e-01 6.140350877192982670e-01 6.052631578947367252e-01 5.613697575990765909e-01 5.572815533980581826e-01 6.137676137676136845e-01
6.047765793528505629e-01 6.228070175438595868e-01 5.524633174618598375e-01 5.832611832611831471e-01 5.944942777605939366e-01 6.271284271284272016e-01 5.861589557426432062e-01 6.308688613059902917e-01 6.334192123665807195e-01 5.959938366718027236e-01
5.743567043245636494e-01 5.784283513097072671e-01 5.709213666259240760e-01 5.919701213818862051e-01 5.957135147637035999e-01 5.626027719050974429e-01 5.826830819027801756e-01 5.869246781281320935e-01 5.939605110336817484e-01 6.090399398878678650e-01
5.709213666259240760e-01 5.657142857142858361e-01 5.704866562009419662e-01 6.245859403754141503e-01 5.845223325062034458e-01 6.022022332506202780e-01 5.911536162582188281e-01 6.144981051404139194e-01 5.346938775510203801e-01 5.720636175046922567e-01
6.120300751879699241e-01 5.822873625945271803e-01 5.497331013041862890e-01 5.756823821339951408e-01 5.863037752414398396e-01 5.794348508634221684e-01 5.830999066293184319e-01 5.605581682214170192e-01 6.089498713650893791e-01 5.457200889834606938e-01
6.152276295133436435e-01 5.368991198375085983e-01 6.008403361344538673e-01 5.488721804511278446e-01 6.015533980582524753e-01 5.833775419982316635e-01 6.037692129450838996e-01 5.514283465806248952e-01 5.385794282346006989e-01 5.411931818181818787e-01
6.014866901054746195e-01 6.185807656395890808e-01 4.945196112964382884e-01 5.422141820567361048e-01 5.725000000000000089e-01 5.122994652406417382e-01 5.369175627240143633e-01 5.447633261400076643e-01 5.912449023818435734e-01 5.617383033113370061e-01
5.613875220217483530e-01 5.229845726687913920e-01 5.883830455259027037e-01 5.021415973796925503e-01 5.755719690145918443e-01 5.573169999399507635e-01 5.655763734518894914e-01 5.694093791622767409e-01 5.556805625313911978e-01 5.096774193548386789e-01
5.353260869565217295e-01 5.913978494623656212e-01 5.798554158313589113e-01 5.512792477585830575e-01 5.427929734499077341e-01 5.224402643619725506e-01 5.300299086573437846e-01 5.875395105659703132e-01 5.732776453436829733e-01 5.003246753246752832e-01
4.695471541337765120e-01 5.368421052631580093e-01 5.966243009659379926e-01 5.143668559973271215e-01 4.850713797318857434e-01 4.970208028369379472e-01 5.110194244163484001e-01 5.346267241201574372e-01 5.332459875532262750e-01 5.181286549707602163e-01
4.737310209008322448e-01 5.429335115268960621e-01 4.638447971781305412e-01 4.504831180110736577e-01 4.666724963382374858e-01 5.193452380952381375e-01 5.332459875532262750e-01 5.074366431242209874e-01 4.919087785067167151e-01 4.979642708766098824e-01
4.770978458900439478e-01 5.534296847617672377e-01 4.446153846153846345e-01 4.835897435897437147e-01 4.049429226335020116e-01 4.207795027684290701e-01 4.436601307189542709e-01 5.164473684210526550e-01 4.572368421052631082e-01 4.803059029035212646e-01
4.702855281728367531e-01 4.272898537723154311e-01 4.357931948740609851e-01 4.417735042735043693e-01 4.537070524412296635e-01 4.620726495726495964e-01 4.313433860375717188e-01 4.488967734782126628e-01 3.863819861846236603e-01 4.040081324426372245e-01
3.896505970809376329e-01 4.286728018627342096e-01 4.068600660210305864e-01 3.976082321312691126e-01 4.132352941176470895e-01 4.313433860375717188e-01 3.739010038075458731e-01 4.357931948740609851e-01 3.976082321312691126e-01 3.419913419913419572e-01
4.152917413703107741e-01 3.922558922558922467e-01 3.684210526315789824e-01 3.575592693354061602e-01 3.552628398791540798e-01 3.397314697364957059e-01 3.748917748917749426e-01 3.464827050136027875e-01 3.917682926829267887e-01 4.341911764705882470e-01
