0.000000000000000000e+00 0.000000000000000000e+00 0.000000000000000000e+00 0.000000000000000000e+00 0.000000000000000000e+00 0.000000000000000000e+00 0.000000000000000000e+00 0.000000000000000000e+00 0.000000000000000000e+00 0.000000000000000000e+00
2.175003087984733741e-01 1.907407407407407385e-01 2.191487255477335694e-01 2.175003087984733741e-01 2.386404344390467003e-01 2.274970903294685765e-01 1.869026657680145087e-01 1.507689566417233229e-01 1.942048332080829331e-01 1.103769785160357564e-01
1.877111579179761569e-01 1.608368938475615018e-01 1.907407407407407385e-01 1.364484378021970923e-01 2.526705714978009776e-01 1.280001935732179297e-01 1.497978630326280147e-01 1.639711481383128999e-01 1.945004297691441397e-01 2.459549291242072999e-01
1.739399129180556058e-01 1.488731848657599277e-01 1.731481481481481344e-01 1.572134364065433110e-01 2.108185106778919515e-01 1.405456737852613103e-01 2.381410212392234826e-01 2.076318223199279944e-01 1.984930538019466506e-01 2.710141367854290162e-01
2.108020024353798039e-01 1.387818454133422363e-01 2.878408341971285811e-01 1.203703703703703637e-01 1.984930538019466506e-01 2.235318314210424928e-01 1.999151774488095723e-01 1.424826946243646919e-01 2.210661388795820415e-01 1.710847146789478135e-01
1.724085667477973371e-01 1.959915774024445501e-01 1.563608791656989072e-01 1.027777777777777735e-01 1.880573054919633946e-01 2.182912501070349842e-01 1.822424134623574499e-01 1.479940678691762657e-01 2.343768388643681644e-01 2.045428435934579514e-01
2.513626989734931705e-01 1.655683634286409245e-01 1.753574179550947132e-01 1.583410190008042451e-01 1.664420700362533312e-01 1.710847146789478135e-01 1.658417083312344054e-01 1.555555555555555580e-01 2.369279793249191024e-01 2.526705714978009776e-01
2.041327361347038682e-01 1.234329650458030059e-01 1.371468855111317164e-01 1.236367460488384667e-01 6.794211436531119586e-02 1.446007334013784118e-01 1.945004297691441397e-01 1.555555555555555580e-01 1.435185185185185175e-01 1.959915774024445501e-01
2.274970903294685765e-01 1.900201945338626519e-01 1.420519939039167623e-01 1.411998312266382893e-01 1.093774778292477823e-01 1.479940678691762657e-01 1.507689566417233229e-01 1.025645188136741492e-01 7.859764418378629991e-02 2.127988296337914309e-01
2.167593845839486666e-01 1.405456737852613103e-01 1.269036722953360563e-01 1.177946023520574509e-01 9.903205549547511310e-02 1.025645188136741492e-01 1.497978630326280147e-01 1.673667482031214182e-01 1.917270624555356962e-01 9.120996175069173706e-02
1.272698972772688397e-01 1.379629629629629539e-01 1.974356167595743838e-01 1.453095484297740880e-01 1.303857500976205452e-01 2.964450135833905653e-02 9.804606996332926316e-02 2.744929756406246923e-01 1.209928064039788309e-01 1.625710366680441221e-01
1.999087698694227144e-01 1.093774778292477823e-01 1.153020274778672472e-01 1.894137205821083969e-01 1.829084000388375431e-01 1.039709100667931402e-01 2.068408925132434739e-01 8.908708063747479422e-02 1.639711481383128999e-01 1.753574179550947132e-01
2.316825129123248617e-01 8.584754042212278113e-02 9.619029485349026021e-02 2.402435097919135010e-01 1.815725708198267230e-01 2.009149264675313962e-01 1.551178567160386434e-01 1.278083884184961494e-01 1.095104982128498466e-01 1.959915774024445501e-01
1.086874484188786183e-01 1.259259259259259134e-01 1.453095484297740880e-01 1.821213006986502070e-01 1.447663907662878058e-01 1.081852933705326480e-01 8.562567837820039829e-02 8.161149837114549388e-02 1.115769878340964055e-01 3.063128195559526590e-02
8.198504323703198482e-02 1.269036722953360563e-01 1.960496302377024713e-01 1.435185185185185175e-01 4.438455200966755915e-02 1.260593853187076119e-01 1.481395035093610590e-01 9.619029485349026021e-02 9.422035955959440212e-02 1.991958200250975863e-01
8.863050391877011491e-02 1.139341356517069165e-01 1.343069407277692195e-01 1.249036608720080072e-01 1.374886481535458893e-01 1.000501920843943210e-01 1.968033078977989569e-01 7.613766429058133056e-02 1.344032748353346796e-01 1.447663907662878058e-01
1.304372986874877405e-01 1.168861189737656070e-01 2.422406975624772155e-02 1.652060626620680261e-01 6.315175469195782876e-02 1.682728039554540478e-01 5.962847939999438990e-02 8.309288437783803050e-02 1.220180508966353522e-01 1.553577346587681207e-01
7.757911135427189575e-02 8.309288437783803050e-02 -2.715527223810280597e-02 1.147597192824780649e-01 8.114408259335793849e-02 1.448035293911425769e-01 -3.726779962499649629e-02 1.654194151819503647e-02 1.554504730878961960e-01 1.344032748353346796e-01
8.114408259335793849e-02 7.453559924999299258e-02 -5.423569676254980793e-02 -8.226031010524133269e-02 7.044556841964354221e-02 1.187248172273325797e-01 -4.769307801229043589e-03 1.086874484188786183e-01 1.426967093583030866e-01 1.257970016313949280e-01
-3.220998705990005262e-02 6.267615451258409798e-02 1.278083884184961494e-01 -7.610662836503086226e-02 9.922868607911039529e-02 9.319007410332807995e-02 6.888883422671626677e-02 6.649803780108398676e-02 8.399210511316161989e-03 -3.149703941743560442e-02
