0.000000000000000000e+00 0.000000000000000000e+00 0.000000000000000000e+00 0.000000000000000000e+00 0.000000000000000000e+00
8.889556406594023574e-01 8.866512224908730255e-01 8.954981326240206707e-01 8.954595202673780729e-01 8.956121222220732037e-01
8.982652882524784221e-01 8.844702256506863369e-01 9.088934654643263666e-01 8.912114485779824014e-01 8.933121792443827758e-01
8.886127303168589453e-01 8.953588926404123516e-01 9.022735777361894360e-01 8.776937427903735989e-01 8.773003095448596023e-01
8.901384769455116253e-01 8.858677457577405212e-01 8.799433093697105468e-01 8.735691804084805279e-01 8.947301753788087231e-01
8.772444607542112527e-01 8.730526853856142022e-01 8.756508770899120719e-01 8.349556205822411536e-01 8.789790926477746291e-01
8.502290498875272329e-01 8.720964987311260463e-01 8.509784431641914670e-01 8.498113615054686543e-01 8.229369551215462986e-01
8.128234707382544499e-01 8.077301822868701020e-01 8.061580278387754372e-01 8.360186530674627026e-01 8.509558738907900821e-01
8.049149171977731942e-01 7.560756577063807438e-01 7.760216676840199224e-01 7.896256073425023114e-01 7.735527426871851020e-01
6.290250305090684391e-01 6.924498358443557100e-01 6.636402349315042581e-01 6.933775106358252005e-01 6.826536421279942868e-01
3.955591779271570019e-01 3.774590626764540158e-01 3.740349799414502963e-01 3.763179448968056451e-01 3.107140737366626548e-01
