0.000000000000000000e+00 0.000000000000000000e+00 0.000000000000000000e+00 0.000000000000000000e+00 0.000000000000000000e+00
7.700769021479072496e-01 7.676862351847182353e-01 7.683880894590846555e-01 7.690398916988849809e-01 7.686659533410133971e-01
7.659635004261644564e-01 7.670082500059096642e-01 7.680390759684492252e-01 7.673104097974563498e-01 7.687511750823804446e-01
7.630887630887630557e-01 7.656129962533535505e-01 7.676900110275521882e-01 7.641502162156762479e-01 7.690336336688439189e-01
7.641502162156762479e-01 7.666314710436477053e-01 7.672397832424715514e-01 7.683986980091400687e-01 7.658112660186657816e-01
7.680493577078202350e-01 7.654805271723785776e-01 7.650020490603595125e-01 7.648009719835402453e-01 7.566262454622691980e-01
7.488556410566495902e-01 7.029923426164430555e-01 6.890802656486545441e-01 7.555019640432341088e-01 7.546381533676602693e-01
7.237851025848565101e-01 7.451885470079715468e-01 7.486817562235454915e-01 7.094736842105262564e-01 7.589544308120503846e-01
6.551620972456388969e-01 7.382329327722007006e-01 7.108098398577344934e-01 7.230114895445183265e-01 6.890802656486545441e-01
6.458348255808700200e-01 3.333333333333333148e-01 7.627397171201286685e-01 6.394099543112028439e-01 6.698916296231733902e-01
6.363365095810874505e-01 6.536094928890966438e-01 6.580803863013787725e-01 6.245278267438932884e-01 6.574171642664794479e-01
