0.000000000000000000e+00 0.000000000000000000e+00
8.051881451881452989e-01 9.054545454545455119e-01
8.651348651348650387e-01 8.379953379953379855e-01
8.046753246753246547e-01 7.415584415584415279e-01
8.039393939393939537e-01 8.721212121212120749e-01
8.721212121212120749e-01 8.645288045288044287e-01
7.364102564102563697e-01 7.987878787878787135e-01
8.045454545454544526e-01 8.651348651348650387e-01
7.200000000000000844e-01 7.628571428571430113e-01
7.361038961038961492e-01 8.374825174825174523e-01
6.994871794871794224e-01 7.364102564102563697e-01
7.984848484848485750e-01 8.721212121212120749e-01
8.689976689976688373e-01 8.670929070929069837e-01
7.960372960372960049e-01 8.651348651348650387e-01
7.987878787878789355e-01 8.057942057942056868e-01
7.998268398268398860e-01 7.628571428571430113e-01
7.593006993006993222e-01 8.357575757575756992e-01
7.646753246753247302e-01 7.628571428571430113e-01
8.653679653679653416e-01 8.647619047619047317e-01
8.016317016317016098e-01 7.185314685314685423e-01
6.961038961038961137e-01 6.973737373737373124e-01
7.257770007770006915e-01 6.030769230769230660e-01
5.984415584415583300e-01 7.667132867132866458e-01
5.696969696969697017e-01 5.906229717994423423e-01
7.057792207792207284e-01 7.865800865800866015e-01
5.941176470588235281e-01 6.973737373737373124e-01
8.021578421578421381e-01 8.046620046620045485e-01
5.674242424242423866e-01 6.795351707116412676e-01
5.818713450292397615e-01 7.628571428571430113e-01
4.924060150375939027e-01 5.637878787878787268e-01
7.268181818181818077e-01 5.179975579975579780e-01
7.998268398268398860e-01 7.137616769195717081e-01
6.688095238095238537e-01 6.860683760683760068e-01
6.688095238095238537e-01 6.981868131868131933e-01
6.594372294372294885e-01 6.887878787878788378e-01
6.375974025974026071e-01 5.258636788048552946e-01
6.966058777823482817e-01 7.203174603174604673e-01
6.876767676767677751e-01 7.353896103896103709e-01
6.981868131868131933e-01 7.268181818181818077e-01
6.981868131868131933e-01 6.043137254901961297e-01
7.680086580086580295e-01 8.721212121212120749e-01
8.374825174825174523e-01 8.290043290043289659e-01
6.698951048951049536e-01 7.684491978609625518e-01
7.634632034632033992e-01 5.977522477522476674e-01
8.351515151515152002e-01 6.894372294372294041e-01
7.610256410256409643e-01 7.987878787878789355e-01
7.640626040626040671e-01 7.339860139860140409e-01
6.092063492063491958e-01 6.213922025686732242e-01
5.822624434389139791e-01 7.021245421245422280e-01
7.646753246753247302e-01 6.655555555555554559e-01
7.688245088245089232e-01 7.342424242424241410e-01
6.529292929292929148e-01 6.609803921568627727e-01
6.883916083916084006e-01 6.073626373626374031e-01
6.801515151515150626e-01 6.766080977845684297e-01
8.005128205128204666e-01 7.675757575757574669e-01
7.271356421356421906e-01 7.493772893772894239e-01
4.614209320091672839e-01 6.513131313131313993e-01
5.873376623376622696e-01 6.938888888888887774e-01
3.852661064425770832e-01 5.699999999999999512e-01
6.979645191409897809e-01 5.327985739750445981e-01
6.298163824479614537e-01 6.510101010101010388e-01
6.115873015873015683e-01 5.648701298701298557e-01
5.932467532467532445e-01 5.699999999999999512e-01
6.165359477124183751e-01 3.982485625829278453e-01
7.757575757575756459e-01 6.982284382284382751e-01
6.982284382284382751e-01 8.374825174825174523e-01
6.613053613053613278e-01 7.361904761904762839e-01
6.692640692640692279e-01 6.928071928071928287e-01
6.759090909090909038e-01 5.965452091767879939e-01
6.388888888888889506e-01 5.912971342383107620e-01
4.598692810457515878e-01 6.539037433155080459e-01
