0.000000000000000000e+00 0.000000000000000000e+00
7.163373538671946594e-01 7.542017135482397272e-01
7.563292261344161105e-01 7.983475164752169562e-01
7.256745128101675935e-01 6.685262704648755605e-01
8.344931576014062991e-01 7.994775206026799586e-01
8.403658068160179129e-01 8.006123366751000114e-01
5.958795715311240304e-01 7.573997563604336625e-01
7.573997563604336625e-01 7.531446678801506645e-01
7.288689868556624818e-01 5.598457820715131428e-01
5.890886993914483671e-01 7.994775206026799586e-01
5.941598577819134919e-01 8.391813582966890506e-01
7.983475164752169562e-01 8.403658068160179129e-01
7.542017135482397272e-01 7.133041545521856541e-01
8.368274087557230345e-01 8.017519989412361658e-01
5.924549479323409917e-01 7.949860383179369050e-01
7.628214415734115850e-01 6.849877452507416864e-01
7.584748452711473909e-01 7.563292261344161105e-01
7.628214415734115850e-01 7.214798273066092005e-01
7.972222903818545481e-01 7.194095796321283709e-01
8.380019039424886351e-01 6.722926454528143081e-01
7.153219921181873664e-01 5.924549479323409917e-01
6.800204009180459419e-01 6.347731584989367848e-01
6.469364618834571035e-01 6.780635036208103594e-01
5.439378156912200168e-01 5.100153006885344009e-01
6.547784022839795437e-01 6.890409625495546031e-01
6.384423980690614453e-01 6.890409625495546031e-01
7.552632224670201566e-01 8.006123366751000114e-01
3.440104580768907350e-01 7.310222234133928465e-01
6.065211190617090242e-01 7.595545253127500285e-01
4.556766353603057818e-01 5.967450470366643112e-01
6.890409625495546031e-01 5.070925528371099666e-01
7.133041545521856541e-01 6.800204009180459419e-01
6.910947404650881198e-01 5.958795715311240304e-01
6.498440561375453672e-01 6.498440561375453672e-01
6.890409625495546031e-01 6.056124726802348812e-01
5.709667997526239880e-01 5.924549479323409917e-01
6.421760111725703934e-01 7.256745128101675935e-01
6.083507495196234238e-01 6.921285402059826897e-01
6.910947404650881198e-01 6.393696932535688493e-01
6.910947404650881198e-01 5.846609949059380362e-01
8.040460007653198460e-01 8.786687791935091640e-01
7.153219921181873664e-01 7.983475164752169562e-01
6.770913690655325778e-01 7.235680511449362751e-01
6.849877452507416864e-01 6.459759023902074127e-01
7.153219921181873664e-01 6.384423980690614453e-01
7.584748452711473909e-01 7.563292261344161105e-01
6.741998624632420389e-01 6.800204009180459419e-01
5.598457820715131428e-01 6.356845346445096911e-01
5.933055656682090229e-01 6.311664636336947742e-01
7.194095796321283709e-01 5.976143046671968939e-01
7.256745128101675935e-01 7.153219921181873664e-01
5.590169943749474513e-01 6.139406135149204635e-01
5.509265966919083546e-01 5.615144766278841182e-01
5.976143046671968939e-01 7.606388292556649500e-01
7.994775206026799586e-01 7.573997563604336625e-01
7.256745128101675935e-01 6.459759023902074127e-01
5.286805326376809999e-01 5.541204008197596620e-01
4.688711083859504747e-01 5.107539184552492006e-01
3.870117653365021115e-01 5.278615073083401388e-01
6.403010407148537197e-01 3.519076715388934629e-01
4.440280208283673979e-01 4.907585445456716933e-01
6.074338676880454146e-01 4.737156617528187619e-01
5.167807219121659523e-01 5.666115355504554030e-01
4.618555837107289341e-01 3.205751961331988475e-01
7.235680511449362751e-01 6.320623710592894184e-01
6.338656910463874583e-01 7.617277901987241640e-01
6.384423980690614453e-01 7.204424725971110277e-01
6.849877452507416864e-01 7.183811165192390824e-01
6.790398374650439273e-01 5.122408325718830202e-01
4.772694674691784766e-01 5.598457820715131428e-01
3.014554211154301111e-01 4.801708283415850320e-01
