0.000000000000000000e+00 0.000000000000000000e+00 0.000000000000000000e+00 0.000000000000000000e+00 0.000000000000000000e+00
6.668004817342432222e-01 6.533152734778121529e-01 6.779388083735909953e-01 6.656407612111056027e-01 6.808080808080807511e-01
6.709403792716814863e-01 7.050505050505051496e-01 6.597316741201633139e-01 6.765010351966873614e-01 6.672077922077922496e-01
6.834415584415585165e-01 6.727272727272727293e-01 6.802706771786113382e-01 6.880131362889982949e-01 6.469622331691295969e-01
6.578786829565876904e-01 6.761180078387641901e-01 6.273847376788552754e-01 6.724318658280923344e-01 6.551724137931034253e-01
6.738338501160643368e-01 6.724318658280923344e-01 6.532593619972260068e-01 6.460089567966280644e-01 6.559479054779806528e-01
6.314746098713972522e-01 6.496347957989151434e-01 6.540294886470416902e-01 6.223818474758324726e-01 6.464167457029235120e-01
5.624966855809514499e-01 6.419803600654664377e-01 6.230027618224638353e-01 6.284020433616372969e-01 6.351648351648351287e-01
5.834515031196824131e-01 6.040655075793174289e-01 5.819172465879052236e-01 5.664920717209818157e-01 5.858440589102693608e-01
5.184665731650304199e-01 6.032032320900367894e-01 4.343008739076154590e-01 5.708232887720067206e-01 5.496323529411765163e-01
4.393736722008025897e-01 3.679349756576610342e-01 3.762993762993763758e-01 3.574876198834074925e-01 3.594590053763440651e-01
