0.000000000000000000e+00 0.000000000000000000e+00 0.000000000000000000e+00 0.000000000000000000e+00 0.000000000000000000e+00
3.365520762781989417e-01 3.777446765084191416e-01 3.223291856101521136e-01 3.657086511355120417e-01 4.144698046202470176e-01
3.558583453780551631e-01 3.755884272267539514e-01 3.831281273120916153e-01 3.189763881277457025e-01 3.332012154790220948e-01
3.815358702051021567e-01 3.476230358410997145e-01 3.889614472736881989e-01 4.210162461515463139e-01 3.350126050864040139e-01
3.478392380269824669e-01 4.093437263139549365e-01 3.556768534729038977e-01 3.379062252619659534e-01 3.368129969212370622e-01
3.883340832941922227e-01 3.826231618296807580e-01 3.282056357443150496e-01 3.333333333333333148e-01 3.775366692807252122e-01
3.297048645673994471e-01 3.798753836404838435e-01 3.800000000000000044e-01 3.104647905689466580e-01 3.606914049517505050e-01
2.451110848018725197e-01 3.744978507930856737e-01 3.445925663400528083e-01 3.818458167551936344e-01 3.991385251064892836e-01
3.423683940087303146e-01 3.304867113278890933e-01 3.435822761549333082e-01 3.132801849267029537e-01 3.804176756847951202e-01
2.717947096522388972e-01 3.717262890287447163e-01 1.515873457919734157e-01 3.417929635123316268e-01 2.790404591875125240e-01
1.632993161855452180e-01 1.428571428571428492e-01 1.568125120467950273e-01 1.045416746978633377e-01 1.102077537555967574e-01
