0.000000000000000000e+00 0.000000000000000000e+00 0.000000000000000000e+00 0.000000000000000000e+00 0.000000000000000000e+00
9.777667984189724049e-01 9.777667984189724049e-01 9.722145040288969753e-01 9.777667984189724049e-01 9.777667984189724049e-01
9.611003056404556766e-01 9.611099107997160829e-01 9.833328189141640197e-01 9.611099107997160829e-01 9.443826473859844306e-01
9.555335968379445877e-01 9.555335968379445877e-01 9.555335968379445877e-01 9.722213648569399957e-01 9.611003056404556766e-01
9.777667984189724049e-01 9.666295884315907472e-01 9.442724458204334592e-01 9.332013854527461127e-01 9.722213648569399957e-01
9.555335968379445877e-01 9.442724458204334592e-01 9.666625509322139820e-01 9.722007722007721675e-01 9.050603456299834981e-01
9.217488510744007435e-01 9.777667984189724049e-01 9.330357142857143016e-01 9.050603456299834981e-01 9.777667984189724049e-01
9.555061179087875889e-01 8.642533936651582982e-01 9.104031856645097287e-01 9.387963277796667061e-01 9.610522085870607523e-01
9.331269349845201511e-01 8.642533936651582982e-01 8.817234581807942284e-01 8.989898989898990056e-01 9.442724458204334592e-01
9.047055526143690241e-01 8.164201937786843555e-01 8.989898989898990056e-01 8.583792289535798758e-01 8.465473145780051389e-01
5.328776636572973846e-01 3.922542204568023605e-01 6.555494805904865663e-01 4.034090909090909394e-01 6.171414623940862931e-01
