0.000000000000000000e+00 0.000000000000000000e+00 0.000000000000000000e+00 0.000000000000000000e+00 0.000000000000000000e+00
5.177777777777777812e-01 5.200000000000000178e-01 5.266666666666666163e-01 5.177777777777777812e-01 5.066666666666667096e-01
5.177777777777777812e-01 5.288888888888888529e-01 4.888888888888888729e-01 5.066666666666667096e-01 5.044444444444444731e-01
5.000000000000000000e-01 5.000000000000000000e-01 4.866666666666666918e-01 4.955555555555555824e-01 4.911111111111111094e-01
4.955555555555555824e-01 4.933333333333333459e-01 4.777777777777778012e-01 4.777777777777778012e-01 5.133333333333333082e-01
4.688888888888889106e-01 4.955555555555555824e-01 4.711111111111110916e-01 5.133333333333333082e-01 4.711111111111110916e-01
4.555555555555555469e-01 4.711111111111110916e-01 4.444444444444444198e-01 4.777777777777778012e-01 4.311111111111111116e-01
4.688888888888889106e-01 4.577777777777777835e-01 4.311111111111111116e-01 4.733333333333333282e-01 4.488888888888888928e-01
4.422222222222222388e-01 4.333333333333333481e-01 4.044444444444444398e-01 4.488888888888888928e-01 4.400000000000000022e-01
3.777777777777777679e-01 3.355555555555555514e-01 4.199999999999999845e-01 3.466666666666666785e-01 3.266666666666666607e-01
2.577777777777777724e-01 2.355555555555555458e-01 2.844444444444444442e-01 2.688888888888888995e-01 2.755555555555555536e-01
