0.000000000000000000e+00 0.000000000000000000e+00 0.000000000000000000e+00 0.000000000000000000e+00 0.000000000000000000e+00
5.133333333333333082e-01 5.111111111111110716e-01 5.177777777777777812e-01 5.088888888888888351e-01 5.066666666666667096e-01
5.177777777777777812e-01 5.066666666666667096e-01 5.200000000000000178e-01 5.222222222222222543e-01 5.088888888888888351e-01
5.088888888888888351e-01 5.133333333333333082e-01 4.955555555555555824e-01 5.022222222222222365e-01 4.888888888888888729e-01
4.933333333333333459e-01 5.044444444444444731e-01 4.866666666666666918e-01 4.733333333333333282e-01 4.977777777777777635e-01
4.733333333333333282e-01 4.977777777777777635e-01 4.666666666666666741e-01 4.866666666666666918e-01 4.733333333333333282e-01
4.666666666666666741e-01 4.600000000000000200e-01 4.400000000000000022e-01 4.711111111111110916e-01 4.199999999999999845e-01
4.400000000000000022e-01 4.622222222222222010e-01 4.244444444444444575e-01 4.711111111111110916e-01 4.688888888888889106e-01
4.199999999999999845e-01 4.311111111111111116e-01 3.977777777777777857e-01 4.444444444444444198e-01 4.377777777777777657e-01
3.711111111111111138e-01 3.244444444444444242e-01 4.266666666666666941e-01 3.266666666666666607e-01 3.200000000000000067e-01
2.511111111111111183e-01 2.399999999999999911e-01 2.777777777777777901e-01 2.711111111111111360e-01 2.644444444444444264e-01
