0.000000000000000000e+00 0.000000000000000000e+00 0.000000000000000000e+00 0.000000000000000000e+00 0.000000000000000000e+00
5.540000000000000480e-01 5.480000000000000426e-01 5.500000000000000444e-01 5.460000000000000409e-01 5.540000000000000480e-01
5.440000000000000391e-01 5.620000000000000551e-01 5.480000000000000426e-01 5.520000000000000462e-01 5.540000000000000480e-01
5.540000000000000480e-01 5.679999999999999494e-01 5.400000000000000355e-01 5.420000000000000373e-01 5.460000000000000409e-01
5.540000000000000480e-01 5.460000000000000409e-01 5.480000000000000426e-01 5.360000000000000320e-01 5.460000000000000409e-01
5.200000000000000178e-01 5.560000000000000497e-01 5.500000000000000444e-01 5.699999999999999512e-01 5.600000000000000533e-01
5.340000000000000302e-01 5.620000000000000551e-01 5.520000000000000462e-01 5.779999999999999583e-01 5.560000000000000497e-01
5.560000000000000497e-01 5.440000000000000391e-01 5.340000000000000302e-01 5.500000000000000444e-01 5.300000000000000266e-01
5.340000000000000302e-01 5.320000000000000284e-01 5.300000000000000266e-01 5.120000000000000107e-01 4.719999999999999751e-01
5.120000000000000107e-01 4.819999999999999840e-01 4.480000000000000093e-01 5.060000000000000053e-01 4.680000000000000271e-01
4.159999999999999809e-01 4.339999999999999969e-01 4.299999999999999933e-01 4.359999999999999987e-01 4.259999999999999898e-01
