0.000000000000000000e+00 0.000000000000000000e+00 0.000000000000000000e+00 0.000000000000000000e+00 0.000000000000000000e+00
5.440000000000000391e-01 5.580000000000000515e-01 5.460000000000000409e-01 5.540000000000000480e-01 5.520000000000000462e-01
5.540000000000000480e-01 5.540000000000000480e-01 5.380000000000000338e-01 5.540000000000000480e-01 5.620000000000000551e-01
5.560000000000000497e-01 5.560000000000000497e-01 5.659999999999999476e-01 5.560000000000000497e-01 5.659999999999999476e-01
5.799999999999999600e-01 5.620000000000000551e-01 5.540000000000000480e-01 5.520000000000000462e-01 5.440000000000000391e-01
5.639999999999999458e-01 5.659999999999999476e-01 5.580000000000000515e-01 5.719999999999999529e-01 5.600000000000000533e-01
5.160000000000000142e-01 5.679999999999999494e-01 5.440000000000000391e-01 5.360000000000000320e-01 5.200000000000000178e-01
4.839999999999999858e-01 5.180000000000000160e-01 4.939999999999999947e-01 4.759999999999999787e-01 5.240000000000000213e-01
4.359999999999999987e-01 4.259999999999999898e-01 4.520000000000000129e-01 4.259999999999999898e-01 4.460000000000000075e-01
4.199999999999999845e-01 4.259999999999999898e-01 4.259999999999999898e-01 4.380000000000000004e-01 4.299999999999999933e-01
4.440000000000000058e-01 4.440000000000000058e-01 4.460000000000000075e-01 4.540000000000000147e-01 4.299999999999999933e-01
