0.000000000000000000e+00 0.000000000000000000e+00 0.000000000000000000e+00 0.000000000000000000e+00 0.000000000000000000e+00
4.929479230803529566e-01 5.063529440938702164e-01 4.936818899016592876e-01 5.037404258309324812e-01 5.020328965908500418e-01
5.061659036690624447e-01 5.051353462472398803e-01 4.897340562239193562e-01 5.078377460266054744e-01 5.143385045023386448e-01
5.120524483655248815e-01 5.193455839309898403e-01 5.216588617165068831e-01 5.124591117093788561e-01 5.217732913606731859e-01
5.436020374959324997e-01 5.242595905709626081e-01 5.177827976134158350e-01 5.131329227130054793e-01 5.053483903383593212e-01
5.403566047700462116e-01 5.327424206059581113e-01 5.278854129073514700e-01 5.457169096731409041e-01 5.280377010166233953e-01
5.006437222346313831e-01 5.528565820892050731e-01 5.298808942008370604e-01 5.198274613159739044e-01 5.061650878632641959e-01
4.713737959365150165e-01 5.075939862612921516e-01 4.831237963355908271e-01 4.649117173504857536e-01 5.164956569862197977e-01
3.865190330632253257e-01 3.850146907163066734e-01 4.255779130255601395e-01 3.867224471474703384e-01 4.187858339582318234e-01
3.585372292719181120e-01 3.605072463768115854e-01 3.646769252596503419e-01 3.670956348281929627e-01 3.653537626794222115e-01
3.749768978746044201e-01 3.797634649103871496e-01 3.848350752230218497e-01 3.905009732816443480e-01 3.582804481954214859e-01
