0.000000000000000000e+00 0.000000000000000000e+00 0.000000000000000000e+00 0.000000000000000000e+00 0.000000000000000000e+00
4.092470687204534663e-01 4.295442350992221270e-01 4.122558529775168790e-01 4.226120400413392320e-01 4.200589796519084707e-01
4.224749856692439076e-01 4.216854134357885253e-01 3.979277405859354966e-01 4.206997070077078127e-01 4.337612168809902857e-01
4.223825578610266862e-01 4.182222705489340719e-01 4.362600192907736818e-01 4.213328855523840732e-01 4.360036157663878531e-01
4.522688421970072481e-01 4.278242436244667490e-01 4.152954546941924341e-01 4.138896487172902816e-01 4.024780998839431190e-01
4.254493377296342249e-01 4.312440269597982434e-01 4.190737140809227546e-01 4.369165990576442948e-01 4.224086973092966435e-01
3.587157475993794087e-01 4.278572887679000791e-01 3.963978798889888355e-01 3.875568725709138129e-01 3.656902024663419293e-01
3.198330523067446918e-01 3.647838534605671867e-01 3.329878449730473977e-01 3.094500975491964456e-01 3.732272195456205477e-01
2.695315096626850759e-01 2.532148023334117592e-01 2.858288267685809569e-01 2.515978554905471953e-01 2.767348016590106541e-01
2.525474837119183191e-01 2.600694026862100383e-01 2.627439866905503241e-01 2.822540384755461984e-01 2.707003145707096436e-01
2.905504319728922091e-01 2.965314227641682732e-01 3.022677378528602632e-01 3.150631019862904503e-01 2.744528553727751952e-01
