0.000000000000000000e+00 0.000000000000000000e+00 0.000000000000000000e+00 0.000000000000000000e+00 0.000000000000000000e+00
7.061403508771929571e-01 6.842105263157894912e-01 7.368421052631578538e-01 7.324561403508771384e-01 7.236842105263158187e-01
7.061403508771929571e-01 6.842105263157894912e-01 6.885964912280702066e-01 7.017543859649122417e-01 6.754385964912280604e-01
6.929824561403509220e-01 6.929824561403509220e-01 6.754385964912280604e-01 6.710526315789473450e-01 6.929824561403509220e-01
6.491228070175438791e-01 6.491228070175438791e-01 6.754385964912280604e-01 6.315789473684210176e-01 6.491228070175438791e-01
6.184210526315789824e-01 6.885964912280702066e-01 6.184210526315789824e-01 6.052631578947368363e-01 6.008771929824561209e-01
5.745614035087719396e-01 5.964912280701754055e-01 6.140350877192982670e-01 6.271929824561403022e-01 6.315789473684210176e-01
5.789473684210526550e-01 5.614035087719297934e-01 6.052631578947368363e-01 5.614035087719297934e-01 5.701754385964912242e-01
5.438596491228070429e-01 5.570175438596490780e-01 5.657894736842105088e-01 5.745614035087719396e-01 5.833333333333333703e-01
5.570175438596490780e-01 5.307017543859648967e-01 5.394736842105263275e-01 5.350877192982456121e-01 5.350877192982456121e-01
5.263157894736841813e-01 5.307017543859648967e-01 5.307017543859648967e-01 5.263157894736841813e-01 5.263157894736841813e-01
