0.000000000000000000e+00 0.000000000000000000e+00 0.000000000000000000e+00 0.000000000000000000e+00 0.000000000000000000e+00
6.864188443135811335e-01 7.259615384615385469e-01 6.853950053444757273e-01 7.184799012210179026e-01 7.333749122943791221e-01
7.185185185185185563e-01 6.918204989572873664e-01 6.908930150309461338e-01 6.964998825463941667e-01 6.848069471757628479e-01
7.080320731298883619e-01 6.993286445012787400e-01 7.284852334074309876e-01 6.993286445012787400e-01 6.356214498892847065e-01
6.178373742886099640e-01 6.781901675844383970e-01 6.680569764696624446e-01 6.827138333703084427e-01 6.654438738077770310e-01
6.611791952137411332e-01 6.361630449772454066e-01 6.460949012673149472e-01 6.248672289909404931e-01 6.615353329944078098e-01
6.394643607758362380e-01 6.210526315789474117e-01 6.266061980347694682e-01 6.437500000000000444e-01 6.052364864864865357e-01
5.919570481103273440e-01 6.189777451699682853e-01 6.265967900425810644e-01 6.741822800889171186e-01 6.191112596057466444e-01
5.685903500473037386e-01 6.260145282576742298e-01 6.495631119065164993e-01 5.612512283000327118e-01 5.810256410256409154e-01
5.798525798525798747e-01 4.609929078014184389e-01 5.148159165274694971e-01 5.356840491499439416e-01 6.070702607158638964e-01
4.626455849712834412e-01 5.247499736814401627e-01 4.055666470933647072e-01 5.349958283118568803e-01 4.988786220507759328e-01
