0.000000000000000000e+00 0.000000000000000000e+00 0.000000000000000000e+00 0.000000000000000000e+00 0.000000000000000000e+00
1.445018109297470654e-01 1.127542172759560951e-01 1.249404258972683368e-01 1.167344691546022828e-01 1.331858384092528269e-01
1.256899072597775779e-01 1.290378529591773848e-01 1.050415742348555642e-01 1.406814229503844937e-01 9.684770544218357369e-02
9.283960046489614371e-02 1.005549861924901062e-01 1.171006093907434181e-01 1.649546608717295249e-01 1.048910227036082693e-01
1.172255521008942619e-01 1.620154796984309142e-01 1.283385759746920596e-01 1.124470787797312715e-01 1.125305948261820926e-01
1.260620971385330580e-01 1.429886186367305689e-01 1.208551346067916338e-01 1.049342969285022298e-01 1.044701989748516441e-01
1.456038755354060743e-01 1.332698024900239864e-01 8.532732246557453437e-02 1.255949685371966218e-01 1.175023542621928263e-01
1.493506616174416213e-01 7.713641404231866283e-02 4.467019655837901893e-02 1.000046299511564846e-01 9.446242419633450738e-02
1.106904485643200459e-01 8.206652053732658991e-02 1.134505489428068725e-01 6.141629422472873884e-02 1.120238731049227610e-01
1.066287963157468432e-01 6.392148634430280807e-02 4.090033714559534322e-02 7.612644106337938810e-02 1.069472963013181205e-01
5.143444998736396850e-02 7.451554778271946011e-02 4.121565838437216828e-02 9.151333141298445550e-02 2.729454154650876388e-02
