0.000000000000000000e+00 0.000000000000000000e+00 0.000000000000000000e+00 0.000000000000000000e+00 0.000000000000000000e+00
1.985895696976037461e-01 1.987500000000000100e-01 1.985937305314318113e-01 1.984836651487874581e-01 1.984625219576190147e-01
2.008833116784417006e-01 2.012922010012188068e-01 2.020562525521910346e-01 1.980075650550932598e-01 1.971336988642940768e-01
1.998333862556821161e-01 1.990463362079173959e-01 1.983720629638689170e-01 1.996320539916734416e-01 2.000791126269053921e-01
2.031694622061594457e-01 1.922071134312275387e-01 2.010042792346836971e-01 1.929457555913821343e-01 2.030830246514891968e-01
1.968182345952063650e-01 1.969191374289066265e-01 1.965878396292987662e-01 1.999079434173104686e-01 1.977915144415799686e-01
1.981878618656639779e-01 2.044605865545144618e-01 1.831229022481802304e-01 2.036197700482610951e-01 1.939200623074269492e-01
1.998931500246310389e-01 2.008096452616100758e-01 1.890820597778671286e-01 1.891350630547959655e-01 2.045812489632714559e-01
1.735811107136432940e-01 1.864486100515841127e-01 1.906685958812188719e-01 1.707702043097121258e-01 1.818242900348054081e-01
1.939333409457110746e-01 1.780381258720598325e-01 1.636201099377258550e-01 1.732888033342461498e-01 1.816409422919422201e-01
1.686777537625915591e-01 1.283216590395978018e-01 1.307860224969070728e-01 1.385691655247826282e-01 1.120646296327579561e-01
