0.000000000000000000e+00 0.000000000000000000e+00 0.000000000000000000e+00 0.000000000000000000e+00 0.000000000000000000e+00
5.438954147832303354e-01 5.413688872745122671e-01 5.426334125430937183e-01 5.426334125430937183e-01 5.413688872745121561e-01
5.514154122946689496e-01 5.464119200699759649e-01 5.476664575750778141e-01 5.464119200699759649e-01 5.413688872745122671e-01
5.501681870243002592e-01 5.451549115169196380e-01 5.438954147832303354e-01 5.438954147832303354e-01 5.413688872745121561e-01
5.476664575750778141e-01 5.350077881053072471e-01 5.451549115169196380e-01 5.401018212561989884e-01 5.476664575750778141e-01
5.375599950696849927e-01 5.337277453181995535e-01 5.362851984335916811e-01 5.438954147832303354e-01 5.272873721123194635e-01
5.388321965644051748e-01 5.388321965644050637e-01 5.259911279353166602e-01 5.451549115169196380e-01 5.285808664966069603e-01
5.062030191520389133e-01 5.426334125430937183e-01 5.168386810429558276e-01 5.401018212561989884e-01 5.401018212561989884e-01
4.967340044750450101e-01 5.062030191520389133e-01 5.324450510863105723e-01 4.898722587899552172e-01 5.128728387747146789e-01
5.350077881053072471e-01 4.884897360459298232e-01 4.716209323756477279e-01 4.939993665478325524e-01 4.884897360459298232e-01
4.787135538781690514e-01 4.221661557237254003e-01 4.407273415266642624e-01 4.600709794395305696e-01 4.268749491621899317e-01
