0.000000000000000000e+00 0.000000000000000000e+00 0.000000000000000000e+00 0.000000000000000000e+00 0.000000000000000000e+00
9.700646731340519802e-01 9.410042737906969545e-01 9.602561024455322780e-01 9.402507669779170962e-01 9.704529837799866776e-01
9.801960588196069191e-01 9.705825243243505485e-01 9.401880564188066502e-01 9.504436439082343258e-01 9.701940582194068519e-01
8.700580058006445183e-01 9.900660066007335169e-01 9.900660066007335169e-01 9.602561024455322780e-01 9.800653398673927486e-01
9.802614379131475708e-01 9.900660066007335169e-01 9.900660066007335169e-01 8.308867523896579232e-01 8.432103104027657281e-01
8.801760528176061360e-01 9.701940582194068519e-01 9.226487283224406033e-01 9.400626729340297860e-01 9.802614379131475708e-01
9.700646731340519802e-01 9.705825243243505485e-01 9.000600060006668235e-01 8.207115918698345558e-01 9.700646731340519802e-01
9.504436439082343258e-01 9.504436439082343258e-01 9.802614379131475708e-01 9.600640064007112118e-01 9.600640064007112118e-01
8.143031823333254371e-01 9.322400674763769990e-01 8.176119713458738225e-01 9.209829062632353125e-01 8.059865330850219944e-01
9.118865168875727178e-01 8.768664426401334699e-01 8.940021679099181551e-01 7.657540152548507617e-01 8.412354192161437538e-01
3.266810922998451550e-01 8.844332774281066234e-01 6.731650351591472736e-01 3.982664786164611948e-01 5.452199110627130585e-01
