0.000000000000000000e+00 0.000000000000000000e+00 0.000000000000000000e+00 0.000000000000000000e+00 0.000000000000000000e+00 0.000000000000000000e+00 0.000000000000000000e+00 0.000000000000000000e+00 0.000000000000000000e+00 0.000000000000000000e+00
9.071034356630658380e-01 9.074981431017159483e-01 9.387911825190164983e-01 9.279563882070444025e-01 9.381109482564372604e-01 9.387911825190164983e-01 9.279563882070444025e-01 9.177294689559963858e-01 9.383148632568364400e-01 9.389274070256493632e-01
9.177294689559963858e-01 8.976533419815885262e-01 9.389274070256493632e-01 9.174634218511289463e-01 9.383148632568364400e-01 9.279563882070444025e-01 9.195313610782427372e-01 9.174634218511289463e-01 8.971973000467315940e-01 9.279563882070444025e-01
8.550191765710660752e-01 9.381109482564372604e-01 8.870222543682012573e-01 7.918020666215749293e-01 9.273517030982059151e-01 8.663398533078121577e-01 9.094794382549175049e-01 9.281582129214054344e-01 9.071034356630658380e-01 9.284948802809199764e-01
9.389274070256493632e-01 9.279563882070444025e-01 9.591663046625438227e-01 9.076298267914610918e-01 9.177294689559963858e-01 9.279563882070444025e-01 7.938100709099865648e-01 8.971973000467315940e-01 7.774413232119370409e-01 9.177294689559963858e-01
8.762051036844153984e-01 9.589578582176914168e-01 9.396094201954249270e-01 8.790792761928674093e-01 9.483970240773551552e-01 6.822939832341399224e-01 9.078933662356883927e-01 9.385869568868144830e-01 8.724444961940585053e-01 9.589578582176914168e-01
8.168248327689277000e-01 8.149783394675862436e-01 9.387911825190164983e-01 9.387911825190164983e-01 8.519867360683190949e-01 8.429618923981849754e-01 9.387911825190164983e-01 9.177294689559963858e-01 8.175467475950422003e-01 9.287644781031754171e-01
8.074159643643019635e-01 9.488093407510229671e-01 9.381109482564372604e-01 8.710980809570669781e-01 8.355119862887137039e-01 7.569198876503738793e-01 8.995500942089036389e-01 8.901296254533186403e-01 8.302258273935466670e-01 8.587132857314367929e-01
9.074981431017159483e-01 8.619331167218409195e-01 9.177294689559963858e-01 9.086192850889761585e-01 9.185290010974394015e-01 7.635438618638596964e-01 9.076298267914610918e-01 7.856942769095210943e-01 8.581488172358943123e-01 8.877314854317582826e-01
8.669067266593752930e-01 8.418410147462298543e-01 8.184420127561113922e-01 8.685506326572265401e-01 8.796575122126912838e-01 7.942847667639889586e-01 9.074981431017159483e-01 8.234741492864379175e-01 8.978490015200727425e-01 9.078933662356883927e-01
7.729047924432984606e-01 9.271504039308768874e-01 7.631908867952101883e-01 8.099133170032168927e-01 8.454641941919612824e-01 8.580861672035249299e-01 8.999440290183310376e-01 8.033150442576695305e-01 9.076298267914610918e-01 8.506076086691755078e-01
8.777344810292316835e-01 8.580861672035249299e-01 7.635438618638596964e-01 7.193988436979746881e-01 8.504200642707612223e-01 8.254883809679678386e-01 8.558398644830377267e-01 7.971509367152559422e-01 9.177294689559963858e-01 8.456484781758824010e-01
7.551807410036803780e-01 8.344035965238959518e-01 8.598455724399060029e-01 8.367907853106080207e-01 8.587132857314367929e-01 8.388737292096644094e-01 9.387911825190164983e-01 8.440872592170958200e-01 8.971973000467315940e-01 7.574763968621588406e-01
7.621348915194795515e-01 8.719949976566320204e-01 7.682212795973758501e-01 8.184082950276627688e-01 7.477066863871241198e-01 7.743787287909584816e-01 7.952367188860232083e-01 7.768302240777041900e-01 7.141920313271783449e-01 7.874717339965768836e-01
8.133732561111610693e-01 7.968514106698039168e-01 8.577105549433732268e-01 8.024871656578951296e-01 7.790684233111079271e-01 9.279563882070444025e-01 7.101104440685985786e-01 6.699095708431036522e-01 8.374018045853873771e-01 9.062500000000000000e-01
7.635438618638596964e-01 7.726911394933922983e-01 7.969300427491811112e-01 8.573979212333541211e-01 8.719949976566320204e-01 8.707145344142392940e-01 7.696830560069846117e-01 8.187783643637933650e-01 7.671007624598850105e-01 7.055428013397359033e-01
8.195819065295267825e-01 7.975113938608376918e-01 7.865222575590524734e-01 7.933632757799681245e-01 8.028965419920907065e-01 8.544481273745569982e-01 8.017531833406089659e-01 7.372744860034142755e-01 8.678539934435169911e-01 8.120721059062727676e-01
7.454922902779164140e-01 8.983713864378799485e-01 8.429618923981849754e-01 7.289997877770302281e-01 7.473924880782185642e-01 6.961653502771943947e-01 7.141920313271783449e-01 7.992000163676165059e-01 7.262614830859432935e-01 9.094131858827112502e-01
7.758935784028491156e-01 8.229850777366684023e-01 8.777344810292316835e-01 8.760144930943601915e-01 7.849866565826154607e-01 7.276307125492602612e-01 7.322418368317117343e-01 8.274183677492433775e-01 7.696830560069846117e-01 8.245777559678734159e-01
8.614890338294437511e-01 8.445888710630132801e-01 8.086022946608211193e-01 8.497334612958238331e-01 7.594949126669483519e-01 7.180703308172535770e-01 6.891687876063168350e-01 8.173624840231300537e-01 7.210352201311924780e-01 8.331652408451597491e-01
7.715663634402855076e-01 7.675807311384074128e-01 8.069292573665352020e-01 7.961322896329189325e-01 7.872402731284091626e-01 8.348383273170881802e-01 8.401680504168058672e-01 6.784005252999681934e-01 9.080911715395139083e-01 7.687465591661677422e-01
7.992000163676165059e-01 6.587508853649124418e-01 7.970308929021040489e-01 7.510545157633388147e-01 6.942183831461817833e-01 7.822825629325116381e-01 6.969709469904513677e-01 8.474979703862346447e-01 8.982407047314008297e-01 7.434173274205837512e-01
8.549710543031195931e-01 8.424008942932640354e-01 7.194911844976272786e-01 6.538765181316443797e-01 7.525984948045155720e-01 6.695500802069602742e-01 7.462590441623404569e-01 7.475629505021658128e-01 7.805490290986725199e-01 7.569198876503738793e-01
7.562965263689006568e-01 6.799379287219451395e-01 8.263033316344055024e-01 7.954383890541627533e-01 7.454922902779164140e-01 8.102241050905411024e-01 7.617701094611180057e-01 6.882648895674228218e-01 7.033709399434331377e-01 7.099410003332609076e-01
6.861520222961886573e-01 6.980203115050395146e-01 7.665969806524668417e-01 7.698013015623884625e-01 7.631908867952101883e-01 8.327948079668957559e-01 7.363517391011569213e-01 8.350248486362618072e-01 6.793991398231477019e-01 7.155899422974315582e-01
7.818038830266336170e-01 7.524417193755593702e-01 7.276307125492602612e-01 8.493596508247851506e-01 8.332888283620963898e-01 7.428378468813957580e-01 7.098845460370933891e-01 7.838701574230162450e-01 7.085898029143299359e-01 6.924052485249464484e-01
6.799379287219451395e-01 7.114135560445877804e-01 7.384572983114489064e-01 7.170527389401024632e-01 7.078611180371772171e-01 6.964755286501650433e-01 7.143863675257383639e-01 7.729882526212071836e-01 7.562965263689006568e-01 7.245023112259355580e-01
6.835454214002534279e-01 7.686575995795965621e-01 7.033709399434331377e-01 6.282859513596069645e-01 6.781459716352452594e-01 7.075099371930997361e-01 7.223583799837351993e-01 7.874717339965768836e-01 7.063504592544292970e-01 6.722208548854660126e-01
6.835094887387564988e-01 7.602111922156450374e-01 6.885348702560593059e-01 7.014025472596191468e-01 7.524417193755593702e-01 7.432399553227200251e-01 7.023846749947247892e-01 6.600251804125165656e-01 7.314363987841945303e-01 6.910709188792305557e-01
7.412939476642220749e-01 7.025476957342404738e-01 7.114135560445877804e-01 7.491595779971220725e-01 7.559436389433421555e-01 7.405316311773545435e-01 8.381367975337123966e-01 7.257276613170906554e-01 7.412216121025273496e-01 6.537822555874559516e-01
6.559564653711033033e-01 6.227349723893530475e-01 7.400052491908003516e-01 7.276307125492602612e-01 7.564042550742499094e-01 7.114135560445877804e-01 8.250081362150329944e-01 7.739980924141142138e-01 7.525531483413706590e-01 7.004687321054402505e-01
6.616833988714766468e-01 7.210352201311924780e-01 6.944213146606182940e-01 7.174550267435653161e-01 6.964755286501650433e-01 6.238731478277820264e-01 6.864076176383006045e-01 6.703178432531277098e-01 6.307273091070700888e-01 6.494899001467474564e-01
6.773319446246005571e-01 5.956976104070079714e-01 6.964550944244575215e-01 6.663924874789788344e-01 7.457383734369721351e-01 5.532735337865553049e-01 6.215317527965708022e-01 6.634093530550079221e-01 7.143863675257383639e-01 7.178632847278468843e-01
6.279858256227592861e-01 6.688169431015648092e-01 6.939053985914487299e-01 6.368019510904713298e-01 6.276761621981149508e-01 6.168235074225629777e-01 6.352707905694394697e-01 6.666666666666666297e-01 7.196622543279419526e-01 6.112311148768364566e-01
7.154241337588450600e-01 6.974787082453700604e-01 5.815010969388016981e-01 7.310879574470170450e-01 7.238048918652963959e-01 5.359475897926260224e-01 6.653006094032407614e-01 6.086270034005167862e-01 6.683741645405523180e-01 6.311687442672025972e-01
6.644283330881770588e-01 7.130096782087298468e-01 6.370140063581174461e-01 6.898545358084844370e-01 6.526060571021188306e-01 7.324847196643986535e-01 7.525531483413706590e-01 6.027346319441504452e-01 5.942027625961723292e-01 6.387324829186885600e-01
7.062436575912925951e-01 6.100753783957443277e-01 6.196399371291309022e-01 6.685960388326570580e-01 6.273265457237119369e-01 7.525531483413706590e-01 6.056085345603345882e-01 7.428847722563800549e-01 7.400052491908003516e-01 6.335879510819886207e-01
9.177294689559963858e-01 9.190631849175850965e-01 9.177294689559963858e-01 9.071034356630658380e-01 8.760144930943601915e-01 9.284948802809199764e-01 9.177294689559963858e-01 9.284948802809199764e-01 8.966119804454214526e-01 9.279563882070444025e-01
8.960926569263563124e-01 8.801724588467040311e-01 9.387911825190164983e-01 8.449656673659705630e-01 8.327948079668957559e-01 8.662769360011235431e-01 8.138849790505336967e-01 9.279563882070444025e-01 9.383148632568364400e-01 9.179291562408161687e-01
9.100099790252862419e-01 8.015260544839512002e-01 8.512336539505611643e-01 7.986883666696623640e-01 8.187783643637933650e-01 9.190631849175850965e-01 9.488093407510229671e-01 8.270461876414642033e-01 8.681704397597558298e-01 8.754434068406355962e-01
9.177294689559963858e-01 9.068405833145559702e-01 8.866361168235156187e-01 8.696942152890051458e-01 7.969300427491811112e-01 9.279563882070444025e-01 7.155648625342954094e-01 8.867647733020022072e-01 8.879252075258116106e-01 7.511370279787676907e-01
7.273777436672886898e-01 9.488093407510229671e-01 7.897405934934518257e-01 8.821115941754412715e-01 8.640359397081396331e-01 8.361466080251859223e-01 7.173144773020971865e-01 7.874717339965768836e-01 8.970671299626157280e-01 8.686140467143809163e-01
8.294118496152712572e-01 7.412939476642220749e-01 8.058398751378368363e-01 8.445445780311302553e-01 8.881837010414844746e-01 9.076298267914610918e-01 8.385926784133412859e-01 7.778880159311467590e-01 8.050720685064924886e-01 8.553430774062150688e-01
9.168656608439086364e-01 9.062500000000000000e-01 8.138849790505336967e-01 9.076298267914610918e-01 8.696942152890051458e-01 7.644592964525069867e-01 8.497334612958238331e-01 8.995500942089036389e-01 8.960926569263563124e-01 7.062965290799468887e-01
8.669067266593752930e-01 7.340145130584563304e-01 8.302258273935466670e-01 7.557183813454078081e-01 7.726418023523869971e-01 9.185290010974394015e-01 7.459200152764421388e-01 7.855171924378133719e-01 7.933632757799681245e-01 8.560885828447205581e-01
8.482411724908094364e-01 8.233336802429787049e-01 8.976533419815885262e-01 7.981132439154494662e-01 9.383828644790336293e-01 8.161983676048971681e-01 8.587132857314367929e-01 9.589578582176914168e-01 8.193962637531948534e-01 7.675807311384074128e-01
8.467567183752680027e-01 8.148019551413329120e-01 8.989601607576226394e-01 8.463868209924734209e-01 7.681799259559347615e-01 7.981009661587326054e-01 8.313180020619019839e-01 8.657740905453151781e-01 7.059805848834799225e-01 7.846335626342095804e-01
8.544481273745569982e-01 7.489880212807020765e-01 7.918020666215749293e-01 7.726418023523869971e-01 7.450181923500173164e-01 8.154656938776954078e-01 6.874702790778556283e-01 7.557183813454078081e-01 8.062025121659294191e-01 8.879252075258116106e-01
7.923321138079842951e-01 7.113718453099717731e-01 8.388737292096644094e-01 8.790792761928674093e-01 7.511419256205195127e-01 8.474979703862346447e-01 7.672320157129118856e-01 7.151977000224665204e-01 7.848349090276143247e-01 8.173624840231300537e-01
8.204316717694924987e-01 7.976319777438203307e-01 8.251280892300077996e-01 6.328821124168206858e-01 7.865594439766971924e-01 7.297078281815555512e-01 8.291174505494974811e-01 6.754308969478107771e-01 6.867838382885228521e-01 7.428378468813957580e-01
7.509689445034274380e-01 7.400052491908003516e-01 8.013869466180323364e-01 7.728485873170601872e-01 7.867593046583343241e-01 7.601299839567119410e-01 8.971973000467315940e-01 7.180703308172535770e-01 7.819857203991946726e-01 7.509689445034274380e-01
7.423878851689262870e-01 7.130795820049634637e-01 7.042562915904440057e-01 8.474979703862346447e-01 7.514005972727262339e-01 7.963117671380280926e-01 7.684636279731985598e-01 8.983713864378799485e-01 7.961322896329189325e-01 7.130096782087298468e-01
7.130426698282147369e-01 7.749363798064184961e-01 7.277012863077977345e-01 7.164645783338523533e-01 5.970414183597154700e-01 7.838701574230162450e-01 7.404408215440425600e-01 7.836943032071358450e-01 7.179853659791545217e-01 7.415542719795946702e-01
7.319599961937862664e-01 6.659346317288935557e-01 5.933562965028916780e-01 6.410519353520963692e-01 7.265908316003493184e-01 7.972807784997854030e-01 7.372744860034142755e-01 9.094131858827112502e-01 6.868958894258491155e-01 6.559564653711033033e-01
7.135739907608608101e-01 8.251280892300077996e-01 6.340055587286638206e-01 6.945353537356280249e-01 6.609125863998912553e-01 7.289997877770302281e-01 6.488603883148451601e-01 6.664483800183526041e-01 7.549774528549263453e-01 6.428735429016079195e-01
8.277289019571172357e-01 7.867593046583343241e-01 6.943953487240670519e-01 8.504200642707612223e-01 7.548879331368307799e-01 7.317853388050535868e-01 8.276600875645410138e-01 6.193213612723642569e-01 7.815932423135227847e-01 5.432093407135513141e-01
7.059103927716704474e-01 7.514005972727262339e-01 7.358342140946685372e-01 7.297638539659816459e-01 6.940840804935861641e-01 7.052452760478805649e-01 6.989632453288303626e-01 7.460329735591032518e-01 7.104307708126180732e-01 7.455814480382076948e-01
7.332684214699357605e-01 6.545563750738353503e-01 6.723816849400536810e-01 7.046843459023204304e-01 7.307182710771040757e-01 8.676010853823566960e-01 7.582424212236252847e-01 6.598732560814439818e-01 7.587806539703885189e-01 6.609125863998912553e-01
5.970271994025014850e-01 7.551928518011777891e-01 7.352031629237373300e-01 6.747106683798473892e-01 7.316199752869830819e-01 7.909796590302149433e-01 6.471934002202317515e-01 6.456145186749896459e-01 7.025476957342404738e-01 7.445657809371342140e-01
7.114135560445877804e-01 6.050000864483495722e-01 6.563143631325968341e-01 6.778243888688225693e-01 5.917514505997657492e-01 6.820482925847124456e-01 7.012936760836028238e-01 5.804957346776334903e-01 7.024457242157307046e-01 6.494683151080763439e-01
7.055581819238777586e-01 5.614625202131217074e-01 5.326790528691901505e-01 5.021537541704678143e-01 6.937423122014980681e-01 7.249373571862736121e-01 6.009358585024575650e-01 6.759490641870049554e-01 5.606441573598239803e-01 5.947886892886080634e-01
7.155975348844998418e-01 6.094160875688944268e-01 6.059464194785275648e-01 6.415166858047032239e-01 6.611292714827037287e-01 7.239790578734796034e-01 6.953794874591479047e-01 6.112311148768364566e-01 6.817167436464063313e-01 5.870952657480980053e-01
6.913850410616151354e-01 6.001468307400885660e-01 5.813513584289183855e-01 6.680972419911297422e-01 5.355677536065178712e-01 5.717797039027865402e-01 5.812372616494047017e-01 5.147922275322285302e-01 6.178546811970093700e-01 6.528427303903445722e-01
6.486759748494604905e-01 5.312713207965779061e-01 5.424277115315527809e-01 7.051012881204684613e-01 6.969709469904513677e-01 6.914711098229948671e-01 7.497048057507567087e-01 5.979674002989887605e-01 6.383784578155847766e-01 7.245023112259355580e-01
5.870306020834841210e-01 6.129101405922602330e-01 5.016542642383301498e-01 6.643529622521945344e-01 6.559564653711033033e-01 5.876512272985767726e-01 6.340912498587332191e-01 5.217848145468721999e-01 6.205390900491107864e-01 7.178632847278468843e-01
6.855119622346120822e-01 5.257258079205735513e-01 7.033709399434331377e-01 5.348320827409462908e-01 6.633986731302697892e-01 5.905437580264615294e-01 5.288171490151496457e-01 5.657361789015526998e-01 6.247524262133008488e-01 6.622661785325218986e-01
6.678388004349078422e-01 5.619077399957798091e-01 4.046221076822981710e-01 5.993694165362390969e-01 5.310219714886149633e-01 5.932009969220298773e-01 5.029057944932505686e-01 4.342015995654556759e-01 5.708615233623739460e-01 5.401136413995124563e-01
