0.000000000000000000e+00 0.000000000000000000e+00 0.000000000000000000e+00
9.177294689559963858e-01 9.279563882070444025e-01 8.653975305751088198e-01
9.177294689559963858e-01 7.797397504683211134e-01 9.385869568868144830e-01
8.077796158714593000e-01 9.191300234460846319e-01 9.177294689559963858e-01
9.000097351498403953e-01 8.681704397597558298e-01 9.383148632568364400e-01
8.438110417797868301e-01 9.279563882070444025e-01 8.262415172837197508e-01
8.577105549433732268e-01 9.488093407510229671e-01 9.279563882070444025e-01
8.978490015200727425e-01 9.088175653499482864e-01 7.155899422974315582e-01
8.790150981109280393e-01 8.598455724399060029e-01 8.926129226775298964e-01
8.763322465572727094e-01 8.283878075945435571e-01 9.177294689559963858e-01
8.137031797900733388e-01 8.307049808133839530e-01 8.262415172837197508e-01
8.678539934435169911e-01 9.692409147164179339e-01 7.552393434746491607e-01
8.908463423194269426e-01 8.331652408451597491e-01 8.281642378235493096e-01
8.798505112669490202e-01 9.385869568868144830e-01 8.017531833406089659e-01
7.945224342638513848e-01 7.698013015623884625e-01 7.682974882459039367e-01
8.561647182219899177e-01 7.907017873297919053e-01 8.050720685064924886e-01
8.579609082922375896e-01 8.681704397597558298e-01 8.455947834291258625e-01
6.905045426053935120e-01 7.199724141494996399e-01 7.428847722563800549e-01
5.970588058172427992e-01 8.260297046028656220e-01 7.450744604813880345e-01
6.890090173972366339e-01 9.192637442620166244e-01 7.885440161493816325e-01
8.614890338294437511e-01 6.996868963958434717e-01 8.438993850612908076e-01
7.303925660809247322e-01 7.097731673664047225e-01 7.903409285048837996e-01
7.573215431718391955e-01 6.602927870265442589e-01 7.265908316003493184e-01
7.312814451653867343e-01 7.163420006612023494e-01 7.305662278783653374e-01
7.196052174937467294e-01 7.346880541869320602e-01 7.289501843144846616e-01
6.609789738588475183e-01 7.314363987841945303e-01 7.847512076701258499e-01
6.027346319441504452e-01 7.671007624598850105e-01 6.830631267384573713e-01
6.736870825907486093e-01 7.227047517993646641e-01 6.957751836592976913e-01
6.393085119097755564e-01 5.549165135415863315e-01 6.655719751782973592e-01
6.736870825907486093e-01 7.525531483413706590e-01 7.023220500898353924e-01
6.890838098874266793e-01 7.384908724380552236e-01 7.445657809371342140e-01
5.683775741973358109e-01 6.032390589827827387e-01 6.311687442672025972e-01
5.977406368332137676e-01 6.441329074437188718e-01 6.273265457237119369e-01
7.064172571013566104e-01 5.573853711596670202e-01 5.393259070521230214e-01
5.844464536233091589e-01 4.985193129421808811e-01 7.050442387827707824e-01
7.178632847278468843e-01 6.295108804536503344e-01 6.075987428192141104e-01
7.551928518011777891e-01 6.201300509671640038e-01 7.428847722563800549e-01
9.279563882070444025e-01 8.902598089458543251e-01 9.177294689559963858e-01
8.895445056713539023e-01 9.167329836619906303e-01 9.175299119350551758e-01
7.846335626342095804e-01 8.986329210537371548e-01 8.194651785206903405e-01
8.866361168235156187e-01 9.177294689559963858e-01 8.258491450820515389e-01
8.349657214468659827e-01 9.171311881187610426e-01 7.504787743864563820e-01
8.890902093925210359e-01 9.201343544943313413e-01 8.404771061750671013e-01
9.283601693799162780e-01 7.812664170541415709e-01 8.346021395783550512e-01
9.076298267914610918e-01 8.279630710968791663e-01 8.467567183752680027e-01
8.803657971156689799e-01 8.146133965403535848e-01 7.538418062239999884e-01
8.363029317286597708e-01 8.379528678732848235e-01 7.511698231280719007e-01
7.933632757799681245e-01 8.363029317286597708e-01 8.272969460095549454e-01
8.482411724908094364e-01 7.796820411280157570e-01 7.611327678552162190e-01
7.587806539703885189e-01 7.303925660809247322e-01 8.370350324802318109e-01
8.401062801670868829e-01 6.253987492037523799e-01 6.935250424460280838e-01
8.469418490231913621e-01 6.384942370086958974e-01 6.763247208644764807e-01
8.161983676048971681e-01 6.849065375735252648e-01 8.037128759602594208e-01
7.167705526604652988e-01 5.505931247351885105e-01 7.521953292475195285e-01
6.371524956808169993e-01 7.635438618638596964e-01 7.144389292489878862e-01
5.705215730428933041e-01 6.927449040191672180e-01 7.303052652371876396e-01
8.133732561111610693e-01 7.073579587853238149e-01 7.497048057507567087e-01
6.633416713496915751e-01 7.468031884055635894e-01 7.990414301364033856e-01
5.497341093789954725e-01 6.819417308634800889e-01 5.934984650545188645e-01
7.559436389433421555e-01 7.059103927716704474e-01 6.952142436374019185e-01
7.336610765182306482e-01 7.525531483413706590e-01 5.138325645406975895e-01
5.419665026125738416e-01 5.684368055799298158e-01 5.817027969438056667e-01
6.304243980061854380e-01 5.800530479719406829e-01 5.596235820019149765e-01
6.074227793851012525e-01 5.421508449657321815e-01 5.418744019232161202e-01
4.939560772828471280e-01 5.160578503138961715e-01 6.075987428192141104e-01
6.632002076043329586e-01 6.051448118849693802e-01 4.915664183856269798e-01
4.890499194890689516e-01 4.369445068793635922e-01 4.267059988035431517e-01
