0.000000000000000000e+00 0.000000000000000000e+00 0.000000000000000000e+00
5.821933161421639635e-01 5.814067452140008196e-01 5.814067452140008196e-01
5.354795526016659091e-01 5.366831494283084147e-01 5.808841323037015059e-01
5.374092149004590091e-01 5.405899027195887330e-01 4.932933822639625210e-01
5.152497301818547148e-01 6.032258296999977176e-01 5.824562167273140689e-01
4.517309045454120930e-01 4.702330630379016330e-01 4.917382990536683929e-01
5.595488184890732297e-01 5.362007375111090823e-01 5.840411345325923209e-01
5.166517728557548095e-01 5.595488184890732297e-01 6.275440486946229912e-01
6.024144966768741893e-01 5.814067452140008196e-01 5.801028486518047256e-01
5.600540545454942842e-01 5.133979731398592428e-01 4.698092386498169959e-01
5.159493228057419056e-01 5.582916863269087315e-01 5.793247090008689648e-01
4.941886522968089168e-01 5.154826114277260007e-01 4.470348173215167309e-01
6.261303409996931135e-01 5.832470605630126759e-01 6.037685431068469111e-01
6.264123181997559575e-01 5.837760829489250236e-01 5.605606616635937511e-01
5.827194737878641506e-01 5.837760829489250236e-01 5.154826114277260007e-01
5.159493228057419056e-01 6.065042550915382691e-01 5.821933161421639635e-01
5.138590401148128706e-01 4.924029602703844377e-01 6.065042550915382691e-01
3.602288179721994110e-01 4.287508293322842001e-01 4.944132324730441397e-01
5.362007375111090823e-01 5.587935216518958859e-01 5.145529756640853103e-01
4.478410124170492113e-01 5.147849130099473314e-01 4.480432436363954163e-01
4.706580365209672157e-01 4.258334616142084306e-01 5.173570998365296658e-01
4.721545682355858253e-01 6.040404496926218281e-01 4.946381191039470604e-01
5.383819020581654957e-01 6.048583789091338536e-01 6.482004851161992098e-01
4.989701327891659099e-01 5.816685811854876986e-01 5.638874603757987325e-01
5.816685811854876986e-01 5.378948988811054210e-01 5.819307712286361234e-01
5.631144819995715922e-01 5.171216699723083510e-01 6.250062281702634115e-01
5.587935216518958859e-01 5.603071863344848413e-01 5.821933161421639635e-01
4.019700141553743111e-01 4.959939136591360875e-01 5.840411345325923209e-01
6.040404496926218281e-01 6.261303409996931135e-01 5.827194737878641506e-01
4.267992906199713499e-01 5.398508867859439508e-01 5.603071863344848413e-01
5.816685811854876986e-01 5.646636306817650608e-01 5.814067452140008196e-01
5.840411345325923209e-01 6.048583789091338536e-01 4.926251136587541102e-01
5.620887717090308211e-01 5.610686460557063882e-01 5.582916863269087315e-01
4.470348173215167309e-01 5.608144813105890858e-01 4.912966839676797259e-01
4.928475680000349857e-01 4.241113691155358745e-01 5.590449473211546172e-01
4.712976626867933505e-01 5.396052208406695305e-01 5.378948988811054210e-01
4.494665749754946926e-01 4.267992906199713499e-01 4.919595536426160098e-01
4.515236409857309452e-01 5.034179958050433168e-01 6.065042550915382691e-01
5.374092149004590091e-01 5.164173041471259440e-01 4.712976626867933505e-01
5.829830881301375500e-01 5.585424349074052941e-01 5.811452625179717169e-01
4.955407441596230145e-01 5.183020450984932026e-01 5.187764635457348117e-01
4.935167435533183711e-01 6.034970033840475478e-01 4.080594177771574849e-01
4.928475680000349857e-01 6.258487442501233788e-01 4.293415310994237455e-01
4.494665749754946926e-01 4.762896722078401868e-01 4.267992906199713499e-01
4.521462893729912280e-01 5.400968885698602673e-01 5.608144813105890858e-01
5.136283514207561351e-01 4.258334616142084306e-01 4.953146247117742318e-01
5.140900399197442239e-01 5.366831494283084147e-01 5.811452625179717169e-01
4.517309045454120930e-01 5.453418831492118368e-01 4.966760050843040397e-01
5.415799949460432527e-01 5.206872488856545411e-01 5.393598899705935867e-01
6.037685431068469111e-01 5.667491913571631734e-01 3.620502577611363626e-01
4.506974305204288767e-01 5.202075737503160102e-01 5.608144813105890858e-01
5.410842694463302571e-01 5.199682327789398872e-01 4.725847774986277616e-01
6.070558734457531802e-01 6.032258296999977176e-01 4.915173427185167143e-01
5.438277426523709934e-01 5.811452625179717169e-01 4.980486728471478219e-01
5.580412751520208436e-01 5.357196241459400987e-01 5.369248441712194397e-01
5.587935216518958859e-01 5.381382351970500633e-01 5.140900399197442239e-01
4.941886522968089168e-01 4.484485293308750342e-01 5.129381450376219176e-01
4.681253291507377901e-01 5.386259002134781149e-01 5.393598899705935867e-01
5.150171642796065319e-01 4.901978306930430129e-01 5.383819020581654957e-01
3.815266793178803129e-01 4.490585253453269199e-01 5.418283691828771342e-01
5.152497301818547148e-01 5.168865612218188632e-01 4.262190057960477119e-01
4.681253291507377901e-01 5.793247090008689648e-01 4.252571020516956457e-01
6.272605410909536383e-01 4.511099683006389860e-01 5.150171642796065319e-01
5.840411345325923209e-01 6.026845771641825555e-01 6.258487442501233788e-01
4.480432436363954163e-01 5.410842694463302571e-01 5.819307712286361234e-01
6.266946767077620217e-01 5.187764635457348117e-01 4.745353764783104000e-01
5.143213515354622123e-01 5.843065474681430338e-01 5.374092149004590091e-01
4.525628222014204671e-01 4.494665749754946926e-01 5.136283514207561351e-01
5.369248441712194397e-01 5.168865612218188632e-01 4.500807404748835561e-01
5.415799949460432527e-01 5.845723225773920007e-01 4.732323020464503371e-01
4.496710173672245903e-01 4.710841643008948365e-01 5.140900399197442239e-01
4.693865581875925619e-01 4.506974305204288767e-01 4.681253291507377901e-01
4.281625589944074717e-01 4.740998230350174647e-01 4.723695259377009847e-01
5.856390612795544515e-01 6.693494407520824696e-01 5.154826114277260007e-01
4.721545682355858253e-01 4.494665749754946926e-01 5.147849130099473314e-01
5.147849130099473314e-01 5.600540545454942842e-01 4.944132324730441397e-01
4.715114516125932798e-01 4.269932462267199691e-01 4.542405399927534893e-01
4.267992906199713499e-01 4.758492748208246192e-01 3.820465887291704665e-01
4.500807404748835561e-01 5.835113918979346614e-01 4.527715207701343836e-01
5.603071863344848413e-01 4.073065399812784149e-01 5.605606616635937511e-01
5.590449473211546172e-01 5.143213515354622123e-01 4.303314829119352369e-01
6.067798762169178683e-01 5.615780139736464838e-01 4.953146247117742318e-01
5.366831494283084147e-01 4.966760050843040397e-01 4.693865581875925619e-01
4.959939136591360875e-01 4.482457490675878509e-01 4.710841643008948365e-01
5.192521871335905592e-01 5.371668657495103361e-01 5.366831494283084147e-01
4.525628222014204671e-01 4.074943686931209452e-01 5.159493228057419056e-01
3.811812499312437486e-01 4.762896722078401868e-01 4.474373701426828664e-01
5.197292218571971656e-01 4.953146247117742318e-01 4.047039156305021756e-01
5.154826114277260007e-01 5.595488184890732297e-01 4.056276874683860112e-01
4.725847774986277616e-01 5.178289258350367019e-01 4.506974305204288767e-01
4.498757389882866442e-01 4.955407441596230145e-01 5.211682533751887947e-01
4.047039156305021756e-01 4.285544698856070256e-01 4.928475680000349857e-01
4.504915855996572960e-01 3.600645923799068449e-01 4.747536038416407811e-01
5.197292218571971656e-01 5.180653234396058737e-01 5.603071863344848413e-01
4.478410124170492113e-01 4.962209651307029068e-01 4.319297483312998231e-01
4.941886522968089168e-01 5.400968885698602673e-01 4.506974305204288767e-01
5.362007375111090823e-01 5.354795526016659091e-01 5.821933161421639635e-01
5.816685811854876986e-01 5.359600188738324889e-01 4.496710173672245903e-01
5.585424349074052941e-01 5.364417807858200549e-01 5.603071863344848413e-01
6.051317612412435709e-01 5.795837408532944490e-01 5.145529756640853103e-01
4.685446085264576843e-01 4.926251136587541102e-01 4.930703239743466360e-01
5.369248441712194397e-01 5.845723225773920007e-01 4.693865581875925619e-01
5.171216699723083510e-01 5.133979731398592428e-01 4.734487357655389750e-01
5.801028486518047256e-01 5.166517728557548095e-01 4.693865581875925619e-01
5.350003761722718076e-01 4.723695259377009847e-01 4.975898531524762247e-01
4.944132324730441397e-01 5.398508867859439508e-01 4.919595536426160098e-01
4.745353764783104000e-01 5.610686460557063882e-01 3.592468202762615359e-01
5.816685811854876986e-01 4.267992906199713499e-01 5.567942539842174465e-01
5.133979731398592428e-01 4.241113691155358745e-01 4.941886522968089168e-01
4.691756453222205026e-01 6.073322476341869169e-01 4.708709557974187776e-01
5.166517728557548095e-01 4.937404085290216238e-01 4.944132324730441397e-01
4.926251136587541102e-01 4.054424270396915775e-01 4.706580365209672157e-01
4.712976626867933505e-01 5.391148934147006466e-01 4.476390547912585949e-01
5.657035277517755700e-01 4.710841643008948365e-01 4.932933822639625210e-01
4.048881650894579631e-01 4.032389192727559024e-01 4.935167435533183711e-01
5.580412751520208436e-01 5.626009255936044173e-01 4.252571020516956457e-01
5.811452625179717169e-01 4.476390547912585949e-01 4.996645939920288382e-01
4.048881650894579631e-01 4.252571020516956457e-01 5.398508867859439508e-01
4.950888145223719117e-01 4.548745117457792531e-01 4.500807404748835561e-01
5.202075737503160102e-01 5.582916863269087315e-01 3.820465887291704665e-01
4.496710173672245903e-01 4.525628222014204671e-01 5.136283514207561351e-01
4.086268239623966902e-01 5.610686460557063882e-01 4.747536038416407811e-01
4.932933822639625210e-01 5.408369166245147186e-01 4.500807404748835561e-01
4.036036763977874919e-01 5.693889317297137209e-01 4.271874664988634107e-01
3.829178477597087182e-01 5.821933161421639635e-01 5.145529756640853103e-01
4.047039156305021756e-01 3.568265356783457132e-01 4.502860224652492915e-01
4.241113691155358745e-01 4.032389192727559024e-01 4.271874664988634107e-01
4.054424270396915775e-01 4.036036763977874919e-01 4.944132324730441397e-01
4.504915855996572960e-01 5.856390612795544515e-01 4.250655016355486815e-01
4.904170114912491107e-01 4.728003235885117617e-01 5.221342750630624252e-01
3.803217646212804226e-01 4.289474589364443702e-01 4.966760050843040397e-01
4.946381191039470604e-01 4.262190057960477119e-01 5.391148934147006466e-01
5.233493902159548350e-01 4.248741599640774580e-01 5.628575280815616422e-01
5.008285009824736678e-01 5.626009255936044173e-01 4.076824574955175695e-01
5.150171642796065319e-01 5.159493228057419056e-01 4.496710173672245903e-01
3.843243459670425133e-01 4.262190057960477119e-01 3.864634590332682862e-01
5.159493228057419056e-01 4.962209651307029068e-01 5.577912006267353728e-01
4.032389192727559024e-01 5.806233537799850852e-01 4.723695259377009847e-01
4.580846751583605991e-01 4.043361700610254572e-01 4.944132324730441397e-01
4.285544698856070256e-01 4.285544698856070256e-01 4.267992906199713499e-01
4.266055990780605600e-01 4.721545682355858253e-01 4.071189707611169162e-01
6.051317612412435709e-01 5.378948988811054210e-01 5.364417807858200549e-01
4.704454058182152010e-01 4.702330630379016330e-01 5.587935216518958859e-01
4.930703239743466360e-01 5.829830881301375500e-01 5.374092149004590091e-01
3.787892328082604898e-01 5.827194737878641506e-01 5.391148934147006466e-01
5.192521871335905592e-01 5.171216699723083510e-01 5.827194737878641506e-01
4.254489617961967340e-01 4.063712768871578507e-01 5.620887717090308211e-01
5.398508867859439508e-01 5.173570998365296658e-01 5.381382351970500633e-01
5.410842694463302571e-01 5.366831494283084147e-01 5.143213515354622123e-01
5.811452625179717169e-01 4.730161648796401552e-01 4.944132324730441397e-01
5.410842694463302571e-01 5.613231566816586637e-01 5.600540545454942842e-01
4.740998230350174647e-01 4.264121710023368594e-01 5.396052208406695305e-01
4.056276874683860112e-01 4.299346810913494688e-01 4.728003235885117617e-01
4.689650165146033722e-01 4.946381191039470604e-01 4.700210075308214885e-01
3.818730495020796201e-01 5.364417807858200549e-01 5.161831543712498416e-01
4.919595536426160098e-01 5.369248441712194397e-01 5.161831543712498416e-01
4.478410124170492113e-01 3.612189127885847562e-01 4.502860224652492915e-01
3.862838338973583752e-01 5.381382351970500633e-01 4.719399037242694162e-01
4.329377537822867161e-01 3.794680671033742181e-01 3.678598353200519533e-01
3.822203647621409406e-01 4.910763221337783868e-01 5.352398035175185420e-01
5.024717205401898479e-01 3.848557926546142260e-01 5.364417807858200549e-01
4.732323020464503371e-01 5.371668657495103361e-01 4.496710173672245903e-01
3.820465887291704665e-01 4.266055990780605600e-01 4.691756453222205026e-01
4.307293854314440118e-01 3.369468083841878903e-01 4.297366913589567572e-01
4.273819520388723037e-01 5.147849130099473314e-01 4.740998230350174647e-01
5.633717881505361236e-01 4.944132324730441397e-01 2.974742702484346468e-01
4.498757389882866442e-01 5.101950815027826991e-01 5.453418831492118368e-01
5.824562167273140689e-01 4.989701327891659099e-01 4.570070809225681430e-01
4.054424270396915775e-01 5.005950689022177214e-01 4.293415310994237455e-01
4.279670063196744367e-01 4.955407441596230145e-01 4.975898531524762247e-01
4.580846751583605991e-01 4.971322991677537551e-01 4.498757389882866442e-01
4.266055990780605600e-01 5.161831543712498416e-01 4.950888145223719117e-01
4.498757389882866442e-01 5.391148934147006466e-01 4.037864265436241218e-01
4.309287510451887404e-01 4.056276874683860112e-01 4.043361700610254572e-01
4.941886522968089168e-01 3.904797200030636350e-01 4.063712768871578507e-01
4.523544119567965427e-01 5.164173041471259440e-01 4.749721325546363837e-01
4.299346810913494688e-01 4.056276874683860112e-01 4.103433502660633891e-01
4.345653450627707248e-01 4.309287510451887404e-01 4.751909633114915210e-01
4.128614119223852352e-01 4.521462893729912280e-01 4.309287510451887404e-01
4.323321049610062139e-01 5.445832342080845212e-01 4.305302962664603328e-01
4.706580365209672157e-01 5.590449473211546172e-01 4.474373701426828664e-01
5.821933161421639635e-01 4.243016816084506648e-01 4.715114516125932798e-01
5.795837408532944490e-01 5.345224838248487931e-01 4.460331695979320998e-01
3.801505641783851086e-01 4.496710173672245903e-01 5.145529756640853103e-01
4.480432436363954163e-01 5.161831543712498416e-01 5.143213515354622123e-01
5.567942539842174465e-01 5.592967126783535692e-01 5.133979731398592428e-01
3.808367570909361177e-01 4.944132324730441397e-01 4.283583799783448054e-01
4.712976626867933505e-01 5.359600188738324889e-01 4.256410814545756871e-01
3.584345949091163330e-01 5.386259002134781149e-01 4.248741599640774580e-01
5.374092149004590091e-01 5.374092149004590091e-01 4.917382990536683929e-01
4.734487357655389750e-01 4.256410814545756871e-01 5.357196241459400987e-01
3.590839334756520951e-01 4.082482904638630172e-01 3.811812499312437486e-01
4.032389192727559024e-01 5.381382351970500633e-01 5.150171642796065319e-01
4.708709557974187776e-01 5.171216699723083510e-01 5.235934328453133446e-01
4.987392883943035926e-01 4.488549168445650772e-01 3.391097170297434071e-01
3.597368138937797055e-01 4.527715207701343836e-01 5.354795526016659091e-01
4.921811071569511253e-01 4.071189707611169162e-01 5.366831494283084147e-01
3.607228462975535233e-01 3.403645213800528535e-01 4.080594177771574849e-01
4.725847774986277616e-01 3.857464575640598969e-01 5.843065474681430338e-01
4.747536038416407811e-01 3.813538472912005872e-01 3.414739779425956523e-01
4.939643778798595841e-01 5.159493228057419056e-01 4.474373701426828664e-01
4.710841643008948365e-01 3.841476857205370354e-01 5.161831543712498416e-01
3.637303143842525177e-01 4.313283141825298705e-01 4.088164859934781403e-01
4.061849962095324118e-01 4.277717213419868214e-01 4.523544119567965427e-01
3.153441099197600850e-01 4.498757389882866442e-01 4.944132324730441397e-01
5.605606616635937511e-01 5.821933161421639635e-01 6.051317612412435709e-01
5.154826114277260007e-01 5.190141618232914089e-01 5.613231566816586637e-01
5.216505933704915776e-01 4.484485293308750342e-01 4.919595536426160098e-01
4.273819520388723037e-01 5.814067452140008196e-01 4.047039156305021756e-01
3.815266793178803129e-01 4.248741599640774580e-01 4.028751493121326965e-01
5.631144819995715922e-01 4.034211741608290658e-01 3.808367570909361177e-01
4.054424270396915775e-01 4.932933822639625210e-01 5.816685811854876986e-01
4.930703239743466360e-01 4.474373701426828664e-01 4.264121710023368594e-01
5.366831494283084147e-01 4.500807404748835561e-01 4.941886522968089168e-01
4.712976626867933505e-01 4.266055990780605600e-01 6.073322476341869169e-01
4.052574202187243513e-01 4.710841643008948365e-01 4.103433502660633891e-01
5.631144819995715922e-01 4.266055990780605600e-01 5.175928515461161172e-01
5.572920585127830728e-01 4.708709557974187776e-01 5.138590401148128706e-01
4.921811071569511253e-01 5.173570998365296658e-01 5.152497301818547148e-01
4.715114516125932798e-01 3.791281941582422821e-01 5.608144813105890858e-01
4.281625589944074717e-01 4.758492748208246192e-01 4.500807404748835561e-01
