0.000000000000000000e+00 0.000000000000000000e+00 0.000000000000000000e+00 0.000000000000000000e+00 0.000000000000000000e+00
9.044444444444444953e-01 8.911111111111110761e-01 8.977777777777777857e-01 9.000000000000000222e-01 8.955555555555555491e-01
9.044444444444444953e-01 9.044444444444444953e-01 8.977777777777777857e-01 8.977777777777777857e-01 8.977777777777777857e-01
8.844444444444444775e-01 9.066666666666666208e-01 9.044444444444444953e-01 9.088888888888888573e-01 9.111111111111110938e-01
9.044444444444444953e-01 8.933333333333333126e-01 9.066666666666666208e-01 9.022222222222222587e-01 8.933333333333333126e-01
9.044444444444444953e-01 8.955555555555555491e-01 9.022222222222222587e-01 9.022222222222222587e-01 8.844444444444444775e-01
8.844444444444444775e-01 8.777777777777777679e-01 9.000000000000000222e-01 8.911111111111110761e-01 8.777777777777777679e-01
8.822222222222222410e-01 9.155555555555555669e-01 8.866666666666667140e-01 9.022222222222222587e-01 8.955555555555555491e-01
8.911111111111110761e-01 8.933333333333333126e-01 8.844444444444444775e-01 8.733333333333332948e-01 8.955555555555555491e-01
8.666666666666666963e-01 8.711111111111110583e-01 8.955555555555555491e-01 8.599999999999999867e-01 8.577777777777777501e-01
7.955555555555555713e-01 7.822222222222222632e-01 7.644444444444444819e-01 7.733333333333333171e-01 7.888888888888888618e-01
