0.000000000000000000e+00 0.000000000000000000e+00 0.000000000000000000e+00 0.000000000000000000e+00 0.000000000000000000e+00
9.000000000000000222e-01 8.977777777777777857e-01 8.822222222222222410e-01 8.977777777777777857e-01 9.022222222222222587e-01
9.022222222222222587e-01 9.000000000000000222e-01 8.977777777777777857e-01 8.977777777777777857e-01 9.022222222222222587e-01
8.933333333333333126e-01 9.022222222222222587e-01 8.955555555555555491e-01 8.977777777777777857e-01 9.000000000000000222e-01
9.133333333333333304e-01 9.066666666666666208e-01 8.955555555555555491e-01 8.977777777777777857e-01 9.022222222222222587e-01
8.822222222222222410e-01 8.911111111111110761e-01 9.000000000000000222e-01 9.022222222222222587e-01 9.111111111111110938e-01
8.866666666666667140e-01 8.844444444444444775e-01 9.066666666666666208e-01 8.955555555555555491e-01 8.911111111111110761e-01
8.911111111111110761e-01 8.977777777777777857e-01 8.955555555555555491e-01 8.933333333333333126e-01 8.822222222222222410e-01
8.777777777777777679e-01 8.688888888888889328e-01 8.911111111111110761e-01 8.866666666666667140e-01 8.755555555555555314e-01
8.644444444444444597e-01 8.488888888888889150e-01 8.111111111111111160e-01 8.244444444444444242e-01 8.222222222222221877e-01
7.822222222222222632e-01 7.688888888888888440e-01 7.622222222222222454e-01 7.577777777777777724e-01 7.733333333333333171e-01
