0.000000000000000000e+00 0.000000000000000000e+00 0.000000000000000000e+00 0.000000000000000000e+00 0.000000000000000000e+00
9.046342732613721349e-01 8.910558766390789254e-01 8.979801837506755646e-01 8.999435091816725407e-01 8.956363827522834109e-01
9.043720257196250500e-01 9.045334802686382236e-01 8.979665342495616320e-01 8.976669238030851039e-01 8.979241447028284417e-01
8.841755758054100633e-01 9.065567472312856534e-01 9.043600431930162165e-01 9.086319948448260408e-01 9.113066158351742496e-01
9.043260867046214457e-01 8.933032025167637613e-01 9.063026860779668237e-01 9.018240514100419603e-01 8.929128669764050397e-01
9.042587616102629733e-01 8.951016792536738986e-01 9.016932394018045693e-01 9.017715236321460770e-01 8.838735876676577785e-01
8.835768452110281945e-01 8.751015925274023832e-01 8.996498994475873312e-01 8.905562370716400000e-01 8.767131399021730331e-01
8.810794430794430809e-01 9.153650757142534067e-01 8.852766935553821881e-01 9.013976434580859287e-01 8.941149739590770196e-01
8.885623201354724277e-01 8.919435943181543980e-01 8.833737885866712602e-01 8.707941607190751165e-01 8.938431546114802284e-01
8.615213551006609682e-01 8.680506593028634033e-01 8.928921472297171036e-01 8.498200505817117278e-01 8.510211656993277307e-01
7.565579999306741854e-01 7.332372027649503021e-01 6.960629322703482114e-01 7.110723167261749911e-01 7.430854388251326714e-01
