0.000000000000000000e+00 0.000000000000000000e+00 0.000000000000000000e+00 0.000000000000000000e+00 0.000000000000000000e+00
9.045844905342110831e-01 8.955702539520686845e-01 8.956903964738973656e-01 8.932666950601984013e-01 9.044210894565800629e-01
8.976760554465471609e-01 9.045228837600733929e-01 8.910656710831688088e-01 9.088245573916328146e-01 8.958315720207021826e-01
9.041804908239010619e-01 9.067926764931437678e-01 9.001900045495551117e-01 8.884889247601112094e-01 8.930221260221259394e-01
8.815540529942152981e-01 8.957042241020142237e-01 9.154023170672280774e-01 8.881865726765966196e-01 8.969387571089726396e-01
8.998655238310411253e-01 9.017152778280793646e-01 8.815197504328116107e-01 8.405652126102269861e-01 8.769542392431324274e-01
8.789585331558875669e-01 8.816838298284614961e-01 9.012032305440600410e-01 8.789172491400523146e-01 8.555516588286762314e-01
8.946344914379572577e-01 8.417579951136252570e-01 8.603419516576188419e-01 8.622767070832558778e-01 8.687425768822905070e-01
7.919175161294760290e-01 8.415250296227695381e-01 8.574925496355139121e-01 8.357413712403987116e-01 8.028986055816205170e-01
7.676570089600083246e-01 7.673588735129239780e-01 7.628648805209372608e-01 7.977445969069254517e-01 8.033054817886962073e-01
5.741483335360382245e-01 5.527888722619915818e-01 5.744295907172060067e-01 5.098566465041944884e-01 5.800868772628611225e-01
