0.000000000000000000e+00 0.000000000000000000e+00 0.000000000000000000e+00 0.000000000000000000e+00 0.000000000000000000e+00
8.887541267976051262e-01 8.952789878875598850e-01 9.108565867092520696e-01 8.868249262046218329e-01 8.889462606732750904e-01
8.838329510494176144e-01 9.042633961611569182e-01 8.891044579234271827e-01 8.910123872688352487e-01 8.953943689465482247e-01
8.837560374874915414e-01 8.952282224072977135e-01 9.193923491103077605e-01 8.929823383816535287e-01 8.881389399076965452e-01
8.876681733070217462e-01 9.014491022526185393e-01 8.967858064631393233e-01 8.770164518355262340e-01 8.786669925511112478e-01
8.603142086544235401e-01 8.807096284524635887e-01 8.920660438050216356e-01 8.468893522906704163e-01 8.634820481213081322e-01
8.466266435399540935e-01 8.790658360092378221e-01 8.715052939346712435e-01 8.561836208059094844e-01 8.493923560847959076e-01
8.695158801834195206e-01 8.292935014504507762e-01 8.135191557623301373e-01 8.342008103936603414e-01 8.050225384457512234e-01
7.783348835987501380e-01 8.013712675934995255e-01 7.868244716370366154e-01 7.816858276316012155e-01 7.792999185314526400e-01
7.050493217034063953e-01 6.536575336897986199e-01 6.503167038181789650e-01 7.038510606734905695e-01 7.210587601695515048e-01
4.888415811056221472e-01 4.518421079383151406e-01 5.014744320590713844e-01 4.982885001661826463e-01 4.804390568182538845e-01
