0.000000000000000000e+00 0.000000000000000000e+00 0.000000000000000000e+00 0.000000000000000000e+00 0.000000000000000000e+00
8.806697238459599841e-01 8.696216076329772449e-01 8.696430893188563660e-01 8.668807377250548063e-01 8.806969133181770104e-01
8.724592186435176089e-01 8.809199620222073479e-01 8.641022738220898169e-01 8.863737792986237096e-01 8.696968004990818235e-01
8.809090776655725819e-01 8.835242388244809453e-01 8.751566778746353581e-01 8.613982917464456657e-01 8.669931885512024428e-01
8.534259955431479083e-01 8.696108673869843431e-01 8.947261618467844402e-01 8.613663685974086714e-01 8.727018012805404235e-01
8.752755931109847953e-01 8.780759406024887248e-01 8.533626897055455185e-01 8.033482584197924048e-01 8.481074382523233757e-01
8.514993280927631858e-01 8.539276645244909814e-01 8.789124156859466908e-01 8.512251746996897239e-01 8.231933501687536126e-01
8.699977671308489757e-01 8.080383517592878428e-01 8.296182944897917411e-01 8.318196496024810038e-01 8.420551474401666292e-01
7.601475190145977612e-01 8.072665814177160115e-01 8.314090085795102780e-01 8.024905949976940400e-01 7.690329799327362270e-01
7.378192055366142865e-01 7.324990241740113595e-01 7.295433112097960970e-01 7.686834037415072318e-01 7.717950228182987038e-01
5.818045494798866901e-01 5.785682817721838900e-01 5.728465536738467367e-01 5.530421568084513684e-01 6.032878239504040341e-01
