0.000000000000000000e+00 0.000000000000000000e+00 0.000000000000000000e+00 0.000000000000000000e+00 0.000000000000000000e+00
8.613291294089294725e-01 8.696484599890719203e-01 8.890206054027464111e-01 8.585082324555589617e-01 8.613610484176209559e-01
8.558303106230310542e-01 8.808383391801974938e-01 8.612440293971711514e-01 8.640649200442680478e-01 8.696968004990818235e-01
8.558990407602408146e-01 8.697881323497325123e-01 9.002612247977715976e-01 8.670146127181660445e-01 8.613929709751253494e-01
8.618136159353509962e-01 8.782278493472419623e-01 8.729607792550910794e-01 8.474890663455566520e-01 8.506881805290977816e-01
8.293817763255283415e-01 8.540492543045844487e-01 8.675507336033815298e-01 8.162858388029520240e-01 8.358083074971116577e-01
8.163973691912804753e-01 8.545573208807673016e-01 8.433968844240068430e-01 8.280159953858027277e-01 8.197745442542524463e-01
8.444128678752224060e-01 7.995442305565284569e-01 7.848885195084545074e-01 8.035193846972314979e-01 7.747187202418850394e-01
7.519629248940696842e-01 7.712169409710675216e-01 7.597662022386105773e-01 7.570481720722810337e-01 7.477340022951040055e-01
6.935715242742174214e-01 6.478817584857162748e-01 6.421762762594799279e-01 6.878463434143415878e-01 7.022443130279470980e-01
5.404260236261124728e-01 5.246684989481993355e-01 5.465568972607978138e-01 5.467620612684969128e-01 5.265432438182257036e-01
