0.000000000000000000e+00 0.000000000000000000e+00 0.000000000000000000e+00 0.000000000000000000e+00 0.000000000000000000e+00
9.346092503987241118e-01 9.018774018774018408e-01 9.346092503987241118e-01 9.183920762868131860e-01 9.346092503987241118e-01
9.346092503987241118e-01 9.180554247873710105e-01 9.346092503987241118e-01 9.164495505958919486e-01 9.346092503987241118e-01
9.346092503987241118e-01 9.009636814514863090e-01 9.183920762868131860e-01 9.346092503987241118e-01 9.164652836623461418e-01
9.183920762868131860e-01 9.332497911445279959e-01 9.499358151476252621e-01 9.183920762868131860e-01 9.183920762868131860e-01
9.346092503987241118e-01 9.002849002849003801e-01 9.180554247873710105e-01 9.180554247873710105e-01 9.018774018774018408e-01
9.346092503987241118e-01 8.843163721212500272e-01 9.346092503987241118e-01 9.002849002849003801e-01 9.346092503987241118e-01
9.170289170289169789e-01 9.346092503987241118e-01 8.505953505953506300e-01 9.346092503987241118e-01 8.668261562998403891e-01
7.962962962962962798e-01 9.340434419381787867e-01 7.970177970177970694e-01 8.649038054072378801e-01 6.907308377896613782e-01
9.665831244778613218e-01 9.170289170289169789e-01 7.801236115127950788e-01 8.649038054072378801e-01 7.455322455322455077e-01
8.495232074179441817e-01 7.455322455322455077e-01 8.307349903094584098e-01 8.126555126555126130e-01 8.307349903094584098e-01
