0.000000000000000000e+00 0.000000000000000000e+00 0.000000000000000000e+00 0.000000000000000000e+00 0.000000000000000000e+00
8.135327635327636031e-01 8.726546336591280983e-01 8.721804511278196115e-01 8.561268757556361741e-01 8.292192881745120703e-01
8.469125214408232960e-01 8.556752514803451781e-01 8.392006258445344757e-01 7.779850746268657247e-01 8.380952380952380043e-01
7.941176470588235947e-01 8.031643293779215931e-01 8.556752514803451781e-01 8.469125214408232960e-01 8.309659090909090606e-01
7.426470588235294379e-01 7.796296296296296724e-01 8.373966199208917605e-01 8.047371049439966395e-01 7.930434782608695166e-01
8.447826086956521374e-01 8.275362318840580045e-01 8.529903350047235433e-01 8.050923168552710507e-01 8.438775510204081787e-01
8.050923168552710507e-01 6.577535950252623165e-01 6.688311688311687764e-01 8.034534534534535366e-01 6.464978111319574783e-01
6.207539836766420294e-01 6.632364291227168529e-01 7.502526233968129787e-01 7.381161971830985102e-01 8.016666666666667496e-01
5.543071161048689355e-01 6.154761904761903990e-01 6.296131614050689551e-01 6.085856456101880196e-01 6.982413087934560281e-01
5.597251585623679304e-01 4.395604395604395531e-01 5.154814884954077581e-01 5.407769488037046379e-01 4.926984126984127466e-01
4.443119721808246325e-01 4.910535044077856681e-01 4.478742543319760849e-01 4.983504398826979487e-01 4.704099990531200315e-01
