0.000000000000000000e+00 0.000000000000000000e+00 0.000000000000000000e+00 0.000000000000000000e+00 0.000000000000000000e+00
8.153953584354433071e-01 7.312325238447859865e-01 6.694326282484863722e-01 8.171833775953696311e-01 8.043557762292645741e-01
8.070019806893632408e-01 7.781287162049419504e-01 8.294829957728782066e-01 8.313180020619019839e-01 6.786020001160731896e-01
7.159878357425242257e-01 8.445445780311302553e-01 7.559289460184543952e-01 6.723816849400536810e-01 7.695445693871315607e-01
4.087412629465606018e-01 6.303578296313002705e-01 5.943091475033879245e-01 7.278632196153633771e-01 7.570982103615651049e-01
5.538605042569543224e-01 6.078716218179619490e-01 6.475688801551959806e-01 6.999132392733554697e-01 6.253167191718825846e-01
5.257626460844202487e-01 5.522031820991721851e-01 6.489863985536752367e-01 7.164645783338523533e-01 6.194093018446517052e-01
3.236432447339797069e-01 7.395099728874519052e-01 6.379129497229737433e-01 7.275883635298249219e-01 7.341221477115840166e-01
3.666598532378891884e-01 3.570871140767771235e-01 4.994842701051497857e-01 3.980873394943878485e-01 5.102718476366946421e-01
4.826527052489864023e-01 4.442199351212383629e-01 5.474490065844148656e-01 4.004116401579957407e-01 3.951839081550017618e-01
2.759045994861650253e-01 2.180470404229643555e-01 3.803419662639969112e-01 1.623670787770190860e-01 2.762360674645086278e-01
