0.000000000000000000e+00 0.000000000000000000e+00 0.000000000000000000e+00 0.000000000000000000e+00 0.000000000000000000e+00
8.348444746994835297e-01 8.858653521601669301e-01 8.893497220102463130e-01 7.875996376566439805e-01 8.037128759602594208e-01
7.816458989648531475e-01 6.914628579653127050e-01 8.049415717888350752e-01 7.730172394930594493e-01 7.641291466841659830e-01
8.033045593441666687e-01 8.565866707896064858e-01 8.028386729431732372e-01 6.966822920208686210e-01 7.833494518006403062e-01
6.471454325913778005e-01 7.103401660206491997e-01 8.125587809731280586e-01 8.179018859794228158e-01 7.844913612286950055e-01
7.088194489377103169e-01 7.855808136312044665e-01 7.382881924052634437e-01 6.989792918968723567e-01 8.267531288004348333e-01
5.521094918823661324e-01 6.509866549103601185e-01 7.034855786934536281e-01 7.317274774221443900e-01 6.517947165826663003e-01
5.809138963141047274e-01 7.534455389609656661e-01 5.876837608532237134e-01 6.550939516580811528e-01 7.531628732076446342e-01
5.164315495745857021e-01 4.189783142763092161e-01 5.240121009808137442e-01 4.653069295010404116e-01 6.830631267384573713e-01
4.952058627264376289e-01 4.850712500726659382e-01 4.762418321845667823e-01 4.178145108983666867e-01 3.963948061978624371e-01
3.063191977533406551e-01 1.365047265579870106e-01 3.411501960075255524e-01 2.131863608550483846e-01 3.114177760795759919e-01
