0.000000000000000000e+00 0.000000000000000000e+00 0.000000000000000000e+00 0.000000000000000000e+00 0.000000000000000000e+00
9.133333333333333304e-01 8.933333333333333126e-01 9.000000000000000222e-01 8.933333333333333126e-01 8.955555555555555491e-01
8.977777777777777857e-01 9.066666666666666208e-01 9.133333333333333304e-01 8.955555555555555491e-01 9.066666666666666208e-01
8.911111111111110761e-01 8.977777777777777857e-01 8.977777777777777857e-01 9.000000000000000222e-01 9.000000000000000222e-01
8.933333333333333126e-01 8.977777777777777857e-01 9.022222222222222587e-01 9.022222222222222587e-01 8.888888888888888395e-01
8.866666666666667140e-01 8.888888888888888395e-01 8.977777777777777857e-01 8.955555555555555491e-01 9.044444444444444953e-01
8.888888888888888395e-01 9.000000000000000222e-01 8.933333333333333126e-01 9.000000000000000222e-01 9.111111111111110938e-01
8.800000000000000044e-01 8.955555555555555491e-01 8.866666666666667140e-01 8.955555555555555491e-01 8.977777777777777857e-01
8.733333333333332948e-01 8.822222222222222410e-01 8.955555555555555491e-01 9.088888888888888573e-01 8.911111111111110761e-01
8.444444444444444420e-01 8.800000000000000044e-01 8.555555555555555136e-01 8.711111111111110583e-01 8.666666666666666963e-01
7.822222222222222632e-01 7.911111111111110983e-01 7.622222222222222454e-01 7.911111111111110983e-01 7.622222222222222454e-01
