0.000000000000000000e+00 0.000000000000000000e+00 0.000000000000000000e+00 0.000000000000000000e+00 0.000000000000000000e+00
9.131232251968688374e-01 8.932452326143911492e-01 9.002862943927721906e-01 8.936079223181481179e-01 8.957617386899133782e-01
8.977976927218535019e-01 9.067685052876266472e-01 9.130733340503919271e-01 8.956364708533595120e-01 9.066510617359947455e-01
8.910531012225927361e-01 8.978155979258020114e-01 8.976619481005660983e-01 8.999253692807162031e-01 8.996483679752044216e-01
8.932503184477755820e-01 8.978373170893927391e-01 9.022027535601049308e-01 9.018468870028766293e-01 8.890395986927916994e-01
8.862621671407797663e-01 8.889010763840357043e-01 8.968230648723103382e-01 8.947372456262361329e-01 9.042168105289085656e-01
8.884620075436213682e-01 8.998347351915704229e-01 8.923648664652972240e-01 8.996099784382760589e-01 9.104119849706160394e-01
8.777833149980732719e-01 8.938253717290839395e-01 8.846437605860641984e-01 8.951336655572441625e-01 8.968312708607821815e-01
8.709619138808676331e-01 8.810008215379442342e-01 8.941539161713020212e-01 9.070551608294398216e-01 8.899767448564934735e-01
8.320362516940947861e-01 8.741546417211445430e-01 8.494203836568564592e-01 8.662104728477564297e-01 8.624994725563984721e-01
7.350713504394029707e-01 7.512416115006955719e-01 6.953373162651497186e-01 7.674315537541830379e-01 6.980328517224656526e-01
