0.000000000000000000e+00 0.000000000000000000e+00 0.000000000000000000e+00 0.000000000000000000e+00 0.000000000000000000e+00
8.957215382452219377e-01 8.956916463407509355e-01 8.955247990823135273e-01 8.937152740148720520e-01 9.022121635684909879e-01
8.932762418701249985e-01 8.800673622160335441e-01 9.083144408524841396e-01 8.951824289066164786e-01 8.955544394264377539e-01
9.109159497408049200e-01 9.020655709638759623e-01 8.865503885976240284e-01 8.995970442581127102e-01 8.930163013017121676e-01
8.954002225364335876e-01 9.018980363936031086e-01 8.930807946685058729e-01 8.974949325384107279e-01 8.902671152311704139e-01
9.102335554362083192e-01 8.903788416786602156e-01 8.855653044858678991e-01 9.011736874739447734e-01 8.970110680444938200e-01
9.009577356187816743e-01 9.080421255413073656e-01 8.944275446098639559e-01 9.013310933953651016e-01 9.009730812922303045e-01
9.027046315685416378e-01 8.976919894762576124e-01 8.786769086100656434e-01 9.098360476178253275e-01 8.961916602308874769e-01
8.724177474087315698e-01 8.735669578084644948e-01 8.583412662217009270e-01 8.440071507619737456e-01 8.930779569892474123e-01
7.968888429769386272e-01 7.794736600402336624e-01 7.492806685928121713e-01 8.495982458671118565e-01 8.498375360166192660e-01
6.903740349485031347e-01 7.359494790754436133e-01 6.965053700571017803e-01 7.036582048211306173e-01 6.702646622616322825e-01
