0.000000000000000000e+00 0.000000000000000000e+00 0.000000000000000000e+00 0.000000000000000000e+00 0.000000000000000000e+00
9.339012822232720668e-01 9.339012822232720668e-01 9.339012822232720668e-01 9.324757965283126948e-01 9.381726393551285126e-01
9.324757965283126948e-01 9.239047569960878725e-01 9.424364274332176494e-01 9.339012822232720668e-01 9.339012822232720668e-01
9.438560258486801136e-01 9.381726393551285126e-01 9.281941846642028926e-01 9.367496997597597463e-01 9.324757965283126948e-01
9.339012822232720668e-01 9.381726393551285126e-01 9.324757965283126948e-01 9.353259153371271672e-01 9.310494543362093367e-01
9.438560258486801136e-01 9.310494543362093367e-01 9.281941846642028926e-01 9.381726393551285126e-01 9.353259153371271672e-01
9.381726393551285126e-01 9.424364274332176494e-01 9.339012822232720668e-01 9.381726393551285126e-01 9.381726393551285126e-01
9.395947379614991712e-01 9.367496997597597463e-01 9.253354413467289596e-01 9.438560258486801136e-01 9.353259153371271672e-01
9.224731920893186610e-01 9.224731920893186610e-01 9.138650790549167624e-01 9.066666666666666208e-01 9.339012822232720668e-01
8.849293757131130311e-01 8.747091227275018976e-01 8.659085002840644085e-01 9.109884741312592737e-01 9.109884741312592737e-01
8.452218643646175478e-01 8.585452812752510932e-01 8.467067648714117212e-01 8.526349862356612519e-01 8.392707004548504157e-01
