0.000000000000000000e+00 0.000000000000000000e+00 0.000000000000000000e+00 0.000000000000000000e+00 0.000000000000000000e+00
8.918043014080385689e-01 8.668539701674152775e-01 8.751512737881613768e-01 8.667683306428803913e-01 8.695732796595613268e-01
8.723891768674538749e-01 8.834642266189792759e-01 8.918483579878137002e-01 8.696753148327783789e-01 8.834587715702978405e-01
8.640329063757423711e-01 8.724053388569794620e-01 8.723029947576754761e-01 8.751945092832741357e-01 8.752864059908532779e-01
8.668432638386226463e-01 8.723622422142195409e-01 8.778699047623544915e-01 8.782604114797795125e-01 8.612972139483934253e-01
8.586726290609180134e-01 8.613770092527304190e-01 8.726101351710071619e-01 8.699977671308489757e-01 8.808220173342627968e-01
8.614568267392034295e-01 8.751999141707340613e-01 8.675078073291327962e-01 8.754216008102163604e-01 8.893556485964521086e-01
8.513991259523383537e-01 8.706922558844834015e-01 8.595385935416326451e-01 8.697935057076473520e-01 8.726101351710071619e-01
8.427546264330437742e-01 8.537321724953642610e-01 8.705575351132714967e-01 8.879326935025022571e-01 8.646898986936916165e-01
8.136468736861581785e-01 8.536383513142907775e-01 8.227266625204734396e-01 8.422070668349329603e-01 8.352587098508511554e-01
7.461850160516184660e-01 7.557843010489740943e-01 7.251457031152998001e-01 7.500609563253353151e-01 7.242086837018703038e-01
