0.000000000000000000e+00 0.000000000000000000e+00 0.000000000000000000e+00 0.000000000000000000e+00 0.000000000000000000e+00
9.162456945817023524e-01 8.951601691290009821e-01 9.582326839255745909e-01 9.004376722145792655e-01 9.109803640943268110e-01
8.314794192830980979e-01 8.740073734751262480e-01 8.421409554753223059e-01 8.898784639238975780e-01 9.320184396853853359e-01
8.793021442044077762e-01 8.793021442044077762e-01 8.845924813295054090e-01 8.474641048154295531e-01 8.154475263374563188e-01
8.527823018338195338e-01 8.793021442044077762e-01 8.634042048702649241e-01 9.162456945817023524e-01 9.634650244793849794e-01
9.004376722145791545e-01 8.154475263374563188e-01 8.100925873009825473e-01 8.951601691290009821e-01 7.832305143316664608e-01
8.421409554753223059e-01 8.740073734751262480e-01 8.314794192830980979e-01 8.740073734751262480e-01 7.507872668484251166e-01
7.507872668484251166e-01 9.004376722145792655e-01 8.687080880732898081e-01 7.993655856403707460e-01 8.154475263374562077e-01
7.724426394062148260e-01 8.207969065051323732e-01 6.850932902590892715e-01 8.100925873009825473e-01 7.290178419551122113e-01
7.399174388795176638e-01 7.670389595268931604e-01 7.453559924999298980e-01 7.832305143316664608e-01 7.507872668484253387e-01
7.235564598683947857e-01 7.126096406869611988e-01 7.724426394062147150e-01 6.850932902590892715e-01 7.180871205183400052e-01
