0.000000000000000000e+00 0.000000000000000000e+00 0.000000000000000000e+00 0.000000000000000000e+00 0.000000000000000000e+00
6.239999999999999991e-01 6.079999999999999849e-01 6.586666666666666226e-01 6.320000000000000062e-01 6.133333333333332860e-01
6.293333333333333002e-01 6.239999999999999991e-01 6.106666666666666909e-01 6.346666666666667123e-01 6.266666666666667052e-01
6.453333333333333144e-01 6.400000000000000133e-01 5.919999999999999707e-01 6.079999999999999849e-01 5.946666666666666767e-01
6.159999999999999920e-01 6.106666666666666909e-01 6.266666666666667052e-01 6.239999999999999991e-01 6.159999999999999920e-01
6.079999999999999849e-01 6.213333333333332931e-01 6.186666666666666980e-01 6.159999999999999920e-01 6.266666666666667052e-01
5.813333333333333686e-01 5.600000000000000533e-01 6.186666666666666980e-01 5.999999999999999778e-01 6.586666666666666226e-01
6.213333333333332931e-01 5.973333333333333828e-01 5.573333333333333472e-01 6.053333333333332789e-01 6.533333333333333215e-01
5.866666666666666696e-01 6.640000000000000346e-01 6.079999999999999849e-01 6.453333333333333144e-01 6.079999999999999849e-01
6.026666666666666838e-01 6.453333333333333144e-01 6.426666666666667194e-01 6.159999999999999920e-01 6.186666666666666980e-01
5.200000000000000178e-01 5.493333333333333401e-01 5.306666666666666199e-01 5.440000000000000391e-01 5.999999999999999778e-01
