0.000000000000000000e+00 0.000000000000000000e+00 0.000000000000000000e+00 0.000000000000000000e+00 0.000000000000000000e+00
6.533333333333333215e-01 6.453333333333333144e-01 6.346666666666667123e-01 6.560000000000000275e-01 6.480000000000000204e-01
6.133333333333332860e-01 6.586666666666666226e-01 6.213333333333332931e-01 5.973333333333333828e-01 6.186666666666666980e-01
6.133333333333332860e-01 6.666666666666666297e-01 6.373333333333333073e-01 6.426666666666667194e-01 6.186666666666666980e-01
5.813333333333333686e-01 6.373333333333333073e-01 6.079999999999999849e-01 6.400000000000000133e-01 6.186666666666666980e-01
6.106666666666666909e-01 6.293333333333333002e-01 6.213333333333332931e-01 6.159999999999999920e-01 6.106666666666666909e-01
5.573333333333333472e-01 5.813333333333333686e-01 6.186666666666666980e-01 5.893333333333333757e-01 5.973333333333333828e-01
5.706666666666666554e-01 6.213333333333332931e-01 5.520000000000000462e-01 6.186666666666666980e-01 6.373333333333333073e-01
5.759999999999999565e-01 5.839999999999999636e-01 5.520000000000000462e-01 6.400000000000000133e-01 5.573333333333333472e-01
5.759999999999999565e-01 5.866666666666666696e-01 5.733333333333333615e-01 5.573333333333333472e-01 5.653333333333333544e-01
5.226666666666666128e-01 5.306666666666666199e-01 5.253333333333333188e-01 4.986666666666666470e-01 5.146666666666667167e-01
