0.000000000000000000e+00 0.000000000000000000e+00 0.000000000000000000e+00 0.000000000000000000e+00 0.000000000000000000e+00
6.210404931172687215e-01 6.061509552483538288e-01 6.562784021126017997e-01 6.284217460121274135e-01 6.105646197179378509e-01
6.257744931719434467e-01 6.184364581509292913e-01 6.091105272805661386e-01 6.293589402172078406e-01 6.215931384470710919e-01
6.398305524476448625e-01 6.381364886161794425e-01 5.892812738099593162e-01 6.070982429689416593e-01 5.864762346057573739e-01
6.128547259757494148e-01 6.074890621824290404e-01 6.247426381834983999e-01 6.221334360258015117e-01 6.125780467409630559e-01
6.021045589838420753e-01 6.195314846930043418e-01 6.187782155462530076e-01 6.174666641854241744e-01 6.218248371475721958e-01
5.783846017309053344e-01 5.569249105579215930e-01 6.166353620959430515e-01 5.976511959318835387e-01 6.584223812981983004e-01
6.186398864060033143e-01 5.965603670152581639e-01 5.518556547281550095e-01 6.026892631305279524e-01 6.508166116489250141e-01
5.811681604868953466e-01 6.597725595971719592e-01 5.982846550033191768e-01 6.420244181431938868e-01 6.033794162826420227e-01
5.784590665678120969e-01 6.432403279750138481e-01 6.316307934048812633e-01 6.111544032973275087e-01 6.122633536445369895e-01
4.539476027701462857e-01 4.874664257489360053e-01 4.593432341711718436e-01 5.073608961805508022e-01 5.624948844968097328e-01
