0.000000000000000000e+00 0.000000000000000000e+00 0.000000000000000000e+00 0.000000000000000000e+00 0.000000000000000000e+00
7.349074015744356814e-01 7.286248844379542566e-01 7.202320613678776517e-01 7.369993215736361236e-01 7.307201926866397912e-01
7.033886234191989439e-01 7.390901313251464488e-01 7.097141834726301557e-01 6.907027017626484744e-01 7.076069216419208496e-01
7.033886234191988329e-01 7.453559924999298980e-01 7.223320258409948735e-01 7.265284272177899849e-01 7.076069216419208496e-01
6.779682063997461983e-01 7.223320258409948735e-01 6.991652165261083018e-01 7.244308110509932730e-01 7.076069216419208496e-01
7.012775643225884759e-01 7.160285531240279111e-01 7.097141834726301557e-01 7.054984053844488567e-01 7.012775643225884759e-01
6.587692227851031923e-01 6.779682063997461983e-01 7.076069216419208496e-01 6.843416950292854350e-01 6.907027017626485854e-01
6.694501890025542634e-01 7.097141834726301557e-01 6.544860579110909349e-01 7.076069216419208496e-01 7.223320258409947625e-01
6.737121046856735518e-01 6.800941111346281431e-01 6.544860579110909349e-01 7.244308110509932730e-01 6.587692227851031923e-01
6.737121046856735518e-01 6.822186029581883693e-01 6.715818805046948059e-01 6.587692227851031923e-01 6.651823475976760269e-01
6.308118226187232613e-01 6.372887013660990529e-01 6.329725288053362764e-01 6.112835312320752390e-01 6.243190067763613182e-01
