0.000000000000000000e+00 0.000000000000000000e+00 0.000000000000000000e+00 0.000000000000000000e+00 0.000000000000000000e+00
4.380985531335819805e-01 4.132050100458906639e-01 4.894482993664328596e-01 4.500060986571397526e-01 4.214093017234620819e-01
4.461370586956660556e-01 4.377027660183376856e-01 4.165914241819928532e-01 4.560655507132257425e-01 4.415427966208306798e-01
4.707852442123982017e-01 4.608314756535465961e-01 3.887512750606868517e-01 4.141302431090166936e-01 3.955129909317055548e-01
4.249939481534745211e-01 4.167787144133066057e-01 4.403147908293258972e-01 4.368161526062540045e-01 4.251215329161674439e-01
4.135956973525664049e-01 4.325170226893573777e-01 4.285672269600340756e-01 4.247664036458777548e-01 4.422178298747952430e-01
3.727681970079660956e-01 3.404833755333595002e-01 4.283702719415976579e-01 4.003246615084445348e-01 4.882031347648853603e-01
4.333937237770474349e-01 3.960295713120281502e-01 3.374864136472889853e-01 4.086062766930548262e-01 4.819160519131340248e-01
3.837681704621847545e-01 4.986613095120555061e-01 4.153676064560117287e-01 4.719635162295430786e-01 4.158277077651291731e-01
4.224696604567464986e-01 4.700956566329049235e-01 4.739684260754001843e-01 4.287786391476387515e-01 4.299350496272740796e-01
3.088048307234287360e-01 3.609363814878193688e-01 3.351746288724971046e-01 3.380186337659692453e-01 4.304271440185768460e-01
