0.000000000000000000e+00 0.000000000000000000e+00 0.000000000000000000e+00 0.000000000000000000e+00 0.000000000000000000e+00
5.791472144413319922e-01 5.705570685651858431e-01 5.838199348180337367e-01 5.757761210637587501e-01 5.682737338533508931e-01
5.837936632084015365e-01 5.701603417023409781e-01 5.840032425859623677e-01 5.862916768705278558e-01 5.791971061814157329e-01
5.742437337942956077e-01 5.647272338722153506e-01 5.645616214713454761e-01 5.757885223210181813e-01 5.693746524543846776e-01
5.742437337942956077e-01 5.753999732510693965e-01 5.583062400238447687e-01 5.852641509772092965e-01 5.774262940030790991e-01
5.885248017702379153e-01 5.773515710687507907e-01 5.904615577574312546e-01 5.800211595429539679e-01 5.760674718622351698e-01
5.774669044405887908e-01 5.659285500692652349e-01 5.756588376937336049e-01 5.530153545334322018e-01 5.580254865300940947e-01
5.504320200732510937e-01 5.746543079303524371e-01 5.277311083109431644e-01 5.493836415125771255e-01 5.371944257219447572e-01
5.171218757362855412e-01 4.801044519300013413e-01 5.167616124669791589e-01 5.378067674909543516e-01 5.429923124506746968e-01
4.755324766766415023e-01 4.909231309231310014e-01 4.975591002454393674e-01 5.103689820730489268e-01 4.977556768174617452e-01
3.756581238604470019e-01 4.084367245657568035e-01 3.916979311666040631e-01 4.396771821180914253e-01 3.815244917290765980e-01
