0.000000000000000000e+00 0.000000000000000000e+00 0.000000000000000000e+00 0.000000000000000000e+00 0.000000000000000000e+00
6.737121046856735518e-01 6.822186029581883693e-01 6.758408754203084623e-01 6.737121046856735518e-01 6.758408754203084623e-01
6.715818805046948059e-01 6.758408754203084623e-01 6.737121046856735518e-01 6.758408754203084623e-01 6.843416950292854350e-01
6.673170161175271398e-01 6.673170161175271398e-01 6.694501890025541524e-01 6.843416950292854350e-01 6.737121046856735518e-01
6.779682063997461983e-01 6.630461689974704864e-01 6.673170161175271398e-01 6.822186029581883693e-01 6.822186029581883693e-01
6.779682063997461983e-01 6.779682063997461983e-01 6.864634003353711211e-01 6.651823475976760269e-01 6.822186029581883693e-01
6.779682063997461983e-01 6.800941111346281431e-01 6.779682063997461983e-01 6.630461689974705974e-01 6.673170161175271398e-01
6.630461689974704864e-01 6.758408754203085733e-01 6.609084656743321462e-01 6.737121046856735518e-01 6.566284252824339251e-01
6.609084656743322572e-01 6.351314824506810730e-01 6.415980049844295374e-01 6.587692227851031923e-01 6.523421052041805668e-01
6.178097513708317168e-01 6.329725288053362764e-01 6.243190067763613182e-01 6.415980049844294264e-01 6.372887013660989419e-01
5.849976258261414541e-01 5.871997577958930625e-01 5.915974607413012620e-01 6.091042603692736757e-01 5.893996946046036189e-01
