0.000000000000000000e+00 0.000000000000000000e+00 0.000000000000000000e+00 0.000000000000000000e+00 0.000000000000000000e+00
3.660004129827060249e-01 3.816687415531188621e-01 3.703340405091961052e-01 3.663680401393010766e-01 3.696478667540791241e-01
3.621268606857982464e-01 3.702140838974861681e-01 3.663205421217973212e-01 3.702140838974861681e-01 3.864480444361818035e-01
3.558468585255182837e-01 3.565822851005784888e-01 3.597533394592171141e-01 3.873992329771807630e-01 3.693494930786129227e-01
3.763773813270947510e-01 3.497360794199971812e-01 3.583676655197509109e-01 3.860640471995517853e-01 3.864898000442498760e-01
3.796751287673714725e-01 3.776994284048167949e-01 3.953950334627886476e-01 3.550024983308605608e-01 3.868100406657624113e-01
3.845909595000250869e-01 3.894819579615088623e-01 3.817679091652684820e-01 3.561878269679393805e-01 3.633882492763924055e-01
3.620739716903297878e-01 3.800225577740674043e-01 3.588745460084641903e-01 3.778308769311252702e-01 3.476121550545700489e-01
3.559883515619091110e-01 3.164396280210358126e-01 3.275050870659499402e-01 3.492006633393595072e-01 3.441277416598375605e-01
2.853879928838819469e-01 3.142497242359857945e-01 2.985367274416649286e-01 3.265604404008526918e-01 3.217877976760887826e-01
2.309803530923841552e-01 2.349656655422200646e-01 2.422744809212276085e-01 2.741672258587293798e-01 2.395558866652211238e-01
