0.000000000000000000e+00 0.000000000000000000e+00 0.000000000000000000e+00 0.000000000000000000e+00 0.000000000000000000e+00
5.520000000000000462e-01 5.866666666666666696e-01 5.786666666666666625e-01 5.786666666666666625e-01 5.706666666666666554e-01
5.653333333333333544e-01 5.733333333333333615e-01 5.626666666666666483e-01 5.546666666666666412e-01 5.626666666666666483e-01
6.079999999999999849e-01 5.839999999999999636e-01 5.946666666666666767e-01 5.679999999999999494e-01 5.999999999999999778e-01
5.893333333333333757e-01 5.999999999999999778e-01 5.973333333333333828e-01 5.759999999999999565e-01 5.733333333333333615e-01
5.626666666666666483e-01 5.706666666666666554e-01 5.706666666666666554e-01 5.946666666666666767e-01 5.813333333333333686e-01
5.653333333333333544e-01 5.706666666666666554e-01 5.573333333333333472e-01 5.866666666666666696e-01 5.573333333333333472e-01
5.600000000000000533e-01 5.440000000000000391e-01 5.360000000000000320e-01 5.520000000000000462e-01 5.520000000000000462e-01
5.360000000000000320e-01 5.386666666666666270e-01 5.520000000000000462e-01 5.333333333333333259e-01 5.493333333333333401e-01
5.306666666666666199e-01 5.440000000000000391e-01 5.413333333333333330e-01 5.466666666666666341e-01 5.413333333333333330e-01
5.386666666666666270e-01 5.466666666666666341e-01 5.360000000000000320e-01 5.520000000000000462e-01 5.386666666666666270e-01
