0.000000000000000000e+00 0.000000000000000000e+00 0.000000000000000000e+00 0.000000000000000000e+00 0.000000000000000000e+00
5.599157094264725076e-01 5.653076469107372048e-01 5.472755589691072897e-01 5.595975974223560412e-01 5.682195304990901308e-01
5.806111762633502371e-01 5.494689103711659639e-01 5.755450965916082406e-01 5.461819747534032432e-01 5.595199187196389090e-01
5.822470609740593162e-01 5.571477907283276521e-01 5.836504054319832102e-01 5.548071889180427041e-01 5.797929328669391147e-01
5.444026937488507523e-01 5.559033346236796902e-01 5.435531613302839737e-01 5.367220000042126626e-01 5.214057588477652994e-01
4.781679745183395336e-01 5.090203533188210061e-01 5.068209116375342882e-01 4.940689008730517195e-01 5.195216581196061556e-01
4.601348893179974531e-01 4.592870771061292601e-01 4.465586314051890326e-01 5.409038651887100313e-01 4.667185972144302641e-01
4.492990755377290202e-01 4.371702648782023748e-01 4.401850417327726750e-01 4.537816919226559942e-01 4.230003199075363374e-01
4.260355029585798370e-01 4.453071083505865668e-01 4.523839163450765199e-01 4.383638169328809009e-01 4.269906033630069264e-01
4.372179489837524358e-01 4.245066984793012810e-01 4.449610480854668815e-01 4.288900325956424564e-01 4.331524048412078720e-01
4.342965256277950270e-01 4.322002395605303859e-01 4.333580155497963049e-01 4.324523519241763592e-01 4.357943494904095161e-01
