0.000000000000000000e+00 0.000000000000000000e+00 0.000000000000000000e+00 0.000000000000000000e+00 0.000000000000000000e+00
4.799999999999999822e-01 4.666666666666666741e-01 4.533333333333333104e-01 4.666666666666666741e-01 4.586666666666666670e-01
4.666666666666666741e-01 4.773333333333333317e-01 4.746666666666666812e-01 4.613333333333333175e-01 4.586666666666666670e-01
4.533333333333333104e-01 4.533333333333333104e-01 4.640000000000000235e-01 4.426666666666666528e-01 4.239999999999999880e-01
4.426666666666666528e-01 4.480000000000000093e-01 4.293333333333333446e-01 4.373333333333333517e-01 3.973333333333333162e-01
4.239999999999999880e-01 4.346666666666666456e-01 4.186666666666666869e-01 4.106666666666666798e-01 4.293333333333333446e-01
4.106666666666666798e-01 4.053333333333333233e-01 3.840000000000000080e-01 3.866666666666666585e-01 3.306666666666666643e-01
3.493333333333333290e-01 3.653333333333333433e-01 3.306666666666666643e-01 3.840000000000000080e-01 4.053333333333333233e-01
3.333333333333333148e-01 3.466666666666666785e-01 3.360000000000000209e-01 3.706666666666666443e-01 3.626666666666666927e-01
3.386666666666666714e-01 3.626666666666666927e-01 3.840000000000000080e-01 3.439999999999999725e-01 3.333333333333333148e-01
3.466666666666666785e-01 3.333333333333333148e-01 3.333333333333333148e-01 3.333333333333333148e-01 3.493333333333333290e-01
