0.000000000000000000e+00 0.000000000000000000e+00 0.000000000000000000e+00 0.000000000000000000e+00 0.000000000000000000e+00
4.813011082425657783e-01 4.675173773212988881e-01 4.533333333333333104e-01 4.670109007458405626e-01 4.598987459277719680e-01
4.653017507201418490e-01 4.769582394619127363e-01 4.752969979198442552e-01 4.616233040161932810e-01 4.554106161292968413e-01
4.493139105378440301e-01 4.501105610272226332e-01 4.607642423483946370e-01 4.392484313398856699e-01 4.174796594451927745e-01
4.350245299203042149e-01 4.321591331390459145e-01 4.162431771127423352e-01 4.309328427758916114e-01 3.754674880169306395e-01
4.161408853073502168e-01 4.198785238000924402e-01 4.133420300873131281e-01 3.980991397967457157e-01 4.160465602276763875e-01
3.886696849364730255e-01 3.710587678602206840e-01 3.532945904530604420e-01 3.513492520400983143e-01 2.820963073280635114e-01
3.025374289227726332e-01 3.209706227731961570e-01 2.513400139757731577e-01 3.303322408585566694e-01 3.687356416711375373e-01
2.535731742899951513e-01 2.772486772486772444e-01 2.162288972104922935e-01 2.845559557915045001e-01 2.846777528230760024e-01
2.099567099567099804e-01 2.409286790044574411e-01 2.900851697530184015e-01 2.102324690559984610e-01 2.029721220977187823e-01
2.066651418955617048e-01 1.666666666666666574e-01 1.666666666666666574e-01 1.666666666666666574e-01 2.033752155703375253e-01
