0.000000000000000000e+00 0.000000000000000000e+00 0.000000000000000000e+00 0.000000000000000000e+00 0.000000000000000000e+00
2.201573954146629486e-01 2.000832519528218667e-01 1.799999999999999933e-01 2.000064003072163643e-01 1.880983384373877965e-01
2.006064808644904274e-01 2.160484002630956579e-01 2.121426077647375341e-01 1.920758208889198904e-01 1.887321913222004544e-01
1.810302175529369118e-01 1.826032443561440566e-01 1.970771454522263211e-01 1.659298132732353326e-01 1.383638929543965501e-01
1.693232135938680938e-01 1.766056486234948708e-01 1.488875000956395300e-01 1.593620960627606109e-01 9.936035658508755863e-02
1.420188630612892744e-01 1.605048056013822777e-01 1.331132006803675549e-01 1.210099350213370839e-01 1.529180642403488721e-01
1.271603713789035417e-01 1.213118698538682150e-01 8.580523731220575379e-02 9.074923305878490609e-02 -4.634665438358270308e-03
2.938964510917038350e-02 5.984857517200718041e-02 -5.571859326918628640e-03 9.524796749338237944e-02 1.325335292549738309e-01
0.000000000000000000e+00 2.739983121755954973e-02 7.652862016805127461e-03 8.956221510397981145e-02 6.190073284080469668e-02
1.646736725216458100e-02 1.098974768434460569e-01 1.452004291181792917e-01 3.753153387147749320e-02 0.000000000000000000e+00
6.076510990789817102e-02 0.000000000000000000e+00 0.000000000000000000e+00 0.000000000000000000e+00 9.578262852211515133e-02
