0.000000000000000000e+00 0.000000000000000000e+00 0.000000000000000000e+00 0.000000000000000000e+00 0.000000000000000000e+00 0.000000000000000000e+00 0.000000000000000000e+00 0.000000000000000000e+00 0.000000000000000000e+00 0.000000000000000000e+00
5.606481481481481177e-01 5.611111111111111160e-01 6.101851851851851638e-01 5.467592592592591672e-01 5.699074074074073071e-01 6.050925925925925153e-01 6.282407407407406552e-01 6.129629629629629317e-01 5.986111111111112049e-01 6.018518518518518601e-01
6.305555555555555358e-01 6.032407407407407440e-01 5.759259259259259522e-01 5.888888888888889062e-01 6.208333333333333481e-01 5.916666666666666741e-01 6.037037037037036313e-01 5.884259259259259078e-01 6.185185185185184675e-01 6.217592592592593448e-01
5.944444444444444420e-01 5.981481481481480955e-01 6.305555555555555358e-01 5.490740740740740478e-01 6.074074074074073959e-01 5.847222222222222543e-01 6.351851851851851860e-01 6.180555555555555802e-01 5.879629629629630205e-01 5.486111111111111605e-01
6.041666666666667407e-01 5.916666666666666741e-01 6.189814814814814659e-01 5.810185185185184897e-01 6.250000000000000000e-01 5.879629629629630205e-01 5.870370370370370239e-01 6.032407407407407440e-01 5.953703703703703276e-01 5.912037037037036757e-01
6.624999999999999778e-01 5.990740740740740922e-01 6.009259259259258634e-01 6.046296296296296280e-01 6.092592592592592782e-01 5.851851851851852526e-01 6.125000000000000444e-01 5.902777777777776791e-01 5.986111111111110938e-01 6.226851851851851194e-01
5.805555555555556024e-01 5.962962962962963243e-01 6.060185185185185119e-01 5.611111111111111160e-01 5.907407407407407884e-01 5.930555555555555580e-01 6.041666666666666297e-01 5.851851851851852526e-01 6.009259259259259744e-01 5.995370370370369795e-01
6.171296296296295836e-01 6.226851851851851194e-01 6.171296296296295836e-01 6.032407407407407440e-01 5.939814814814814437e-01 5.819444444444443754e-01 6.106481481481480511e-01 5.689814814814815325e-01 5.884259259259259078e-01 6.050925925925926263e-01
5.925925925925925597e-01 5.703703703703704164e-01 5.537037037037036979e-01 5.972222222222222099e-01 6.111111111111111605e-01 6.129629629629629317e-01 6.037037037037036313e-01 5.296296296296296724e-01 5.958333333333333259e-01 5.986111111111110938e-01
5.874999999999999112e-01 5.564814814814814659e-01 6.175925925925926929e-01 5.527777777777778123e-01 5.861111111111111382e-01 5.967592592592592116e-01 5.800925925925926041e-01 5.625000000000000000e-01 6.342592592592593004e-01 5.759259259259259522e-01
5.861111111111111382e-01 5.949074074074074403e-01 5.625000000000000000e-01 5.615740740740741144e-01 5.953703703703703276e-01 5.495370370370370461e-01 6.083333333333333925e-01 5.805555555555556024e-01 6.041666666666666297e-01 5.875000000000000222e-01
5.708333333333333037e-01 6.092592592592592782e-01 5.810185185185186008e-01 5.537037037037036979e-01 5.851851851851852526e-01 5.611111111111111160e-01 5.550925925925925819e-01 5.439814814814813992e-01 5.601851851851852304e-01 6.055555555555556246e-01
5.736111111111110716e-01 5.439814814814815103e-01 5.689814814814815325e-01 5.250000000000000222e-01 5.763888888888888395e-01 5.648148148148147696e-01 5.671296296296296502e-01 5.236111111111111382e-01 5.625000000000000000e-01 5.546296296296295836e-01
5.606481481481481177e-01 5.726851851851851860e-01 5.319444444444444420e-01 5.449074074074073959e-01 5.430555555555556246e-01 5.796296296296297168e-01 5.541666666666666963e-01 5.861111111111110272e-01 5.587962962962963465e-01 5.962962962962963243e-01
5.504629629629629317e-01 5.685185185185185341e-01 5.685185185185185341e-01 5.166666666666666075e-01 5.300925925925925597e-01 5.513888888888889284e-01 5.606481481481481177e-01 5.240740740740741366e-01 5.634259259259259967e-01 5.342592592592592116e-01
5.250000000000000222e-01 5.189814814814814881e-01 5.902777777777777901e-01 5.606481481481481177e-01 5.064814814814815325e-01 5.453703703703703942e-01 5.939814814814814437e-01 5.777777777777777235e-01 5.800925925925926041e-01 5.444444444444443976e-01
5.402777777777777457e-01 5.129629629629629539e-01 5.578703703703703498e-01 5.101851851851851860e-01 5.240740740740740256e-01 5.499999999999999334e-01 5.328703703703703276e-01 5.240740740740740256e-01 5.819444444444443754e-01 5.662037037037037646e-01
5.805555555555554914e-01 5.462962962962962798e-01 5.527777777777778123e-01 5.611111111111111160e-01 5.245370370370370239e-01 5.226851851851851416e-01 5.870370370370370239e-01 5.504629629629629317e-01 5.194444444444443754e-01 5.425925925925926263e-01
5.129629629629629539e-01 5.106481481481480733e-01 4.972222222222222321e-01 4.939814814814814659e-01 5.240740740740740256e-01 5.643518518518518823e-01 4.870370370370370461e-01 5.254629629629630205e-01 5.546296296296295836e-01 5.425925925925926263e-01
4.796296296296296280e-01 4.930555555555555247e-01 5.712962962962963021e-01 5.129629629629629539e-01 4.967592592592592893e-01 5.194444444444444864e-01 5.189814814814814881e-01 4.874999999999999889e-01 5.111111111111110716e-01 4.921296296296296391e-01
