0.000000000000000000e+00 0.000000000000000000e+00 0.000000000000000000e+00 0.000000000000000000e+00 0.000000000000000000e+00 0.000000000000000000e+00 0.000000000000000000e+00 0.000000000000000000e+00 0.000000000000000000e+00 0.000000000000000000e+00
6.000000000000000888e-01 5.944444444444444420e-01 5.907407407407407884e-01 5.912037037037036757e-01 6.078703703703703942e-01 5.810185185185186008e-01 5.898148148148147918e-01 6.430555555555556024e-01 5.976851851851852082e-01 6.226851851851851194e-01
5.708333333333333037e-01 6.004629629629629761e-01 6.212962962962962354e-01 5.898148148148147918e-01 6.175925925925925819e-01 5.648148148148148806e-01 6.023148148148147474e-01 6.009259259259258634e-01 6.305555555555555358e-01 6.050925925925925153e-01
6.013888888888889728e-01 5.990740740740740922e-01 6.212962962962962354e-01 5.944444444444444420e-01 6.041666666666667407e-01 5.666666666666666519e-01 6.185185185185184675e-01 6.032407407407407440e-01 6.083333333333333925e-01 5.916666666666666741e-01
5.879629629629630205e-01 6.180555555555555802e-01 5.935185185185185563e-01 6.250000000000000000e-01 6.273148148148148806e-01 5.990740740740740922e-01 6.134259259259259300e-01 5.962962962962963243e-01 5.787037037037037202e-01 5.949074074074074403e-01
5.986111111111110938e-01 5.810185185185184897e-01 6.379629629629630649e-01 5.629629629629628873e-01 5.976851851851852082e-01 5.967592592592592116e-01 5.916666666666666741e-01 5.814814814814814881e-01 6.106481481481480511e-01 5.842592592592592560e-01
5.703703703703704164e-01 6.291666666666666519e-01 6.162037037037036979e-01 5.578703703703703498e-01 6.152777777777778123e-01 6.143518518518518157e-01 5.749999999999999556e-01 5.944444444444444420e-01 6.083333333333333925e-01 5.694444444444444198e-01
6.421296296296297168e-01 6.212962962962962354e-01 5.712962962962963021e-01 5.476851851851851638e-01 5.555555555555555802e-01 5.787037037037037202e-01 5.837962962962962576e-01 5.745370370370370683e-01 5.999999999999999778e-01 6.046296296296296280e-01
6.166666666666666963e-01 6.291666666666666519e-01 5.796296296296296058e-01 5.763888888888888395e-01 6.495370370370370239e-01 5.629629629629629983e-01 6.050925925925925153e-01 5.777777777777777235e-01 6.037037037037036313e-01 6.236111111111111160e-01
5.699074074074074181e-01 5.648148148148147696e-01 6.111111111111111605e-01 5.328703703703703276e-01 5.500000000000000444e-01 5.689814814814814214e-01 5.870370370370370239e-01 6.041666666666666297e-01 5.800925925925926041e-01 6.023148148148147474e-01
5.916666666666666741e-01 5.953703703703703276e-01 5.861111111111111382e-01 6.009259259259258634e-01 5.398148148148147474e-01 5.939814814814814437e-01 6.129629629629629317e-01 5.837962962962963687e-01 6.148148148148148140e-01 5.611111111111111160e-01
5.976851851851852082e-01 6.263888888888888840e-01 5.689814814814815325e-01 5.166666666666666075e-01 5.939814814814814437e-01 5.666666666666666519e-01 5.810185185185184897e-01 5.486111111111111605e-01 5.652777777777777679e-01 5.916666666666666741e-01
5.384259259259259744e-01 5.898148148148147918e-01 5.949074074074074403e-01 5.879629629629629095e-01 5.810185185185186008e-01 5.986111111111110938e-01 5.657407407407406552e-01 5.731481481481481843e-01 5.643518518518518823e-01 5.837962962962962576e-01
5.625000000000000000e-01 5.504629629629629317e-01 5.810185185185184897e-01 5.796296296296296058e-01 5.537037037037036979e-01 5.490740740740740478e-01 5.722222222222221877e-01 5.486111111111110494e-01 5.736111111111110716e-01 5.736111111111110716e-01
5.583333333333333481e-01 5.532407407407406996e-01 5.685185185185185341e-01 5.518518518518518157e-01 5.328703703703703276e-01 5.476851851851851638e-01 5.722222222222221877e-01 5.291666666666666741e-01 5.861111111111110272e-01 5.958333333333333259e-01
5.523148148148148140e-01 5.125000000000000666e-01 5.578703703703703498e-01 5.620370370370371127e-01 5.402777777777777457e-01 5.476851851851851638e-01 5.157407407407407218e-01 5.268518518518517935e-01 5.726851851851851860e-01 5.439814814814815103e-01
5.583333333333333481e-01 5.574074074074073515e-01 5.546296296296295836e-01 5.194444444444443754e-01 5.453703703703703942e-01 5.374999999999999778e-01 5.384259259259259744e-01 5.393518518518518601e-01 5.509259259259259300e-01 5.546296296296295836e-01
5.611111111111111160e-01 5.310185185185185563e-01 5.365740740740740922e-01 5.578703703703703498e-01 5.273148148148147918e-01 5.175925925925926041e-01 5.240740740740740256e-01 5.601851851851852304e-01 5.171296296296296058e-01 5.597222222222222321e-01
5.481481481481481621e-01 5.069444444444444198e-01 5.162037037037037202e-01 5.412037037037037424e-01 5.310185185185185563e-01 5.472222222222221655e-01 5.152777777777777235e-01 5.148148148148148362e-01 5.347222222222222099e-01 5.657407407407407662e-01
5.185185185185184897e-01 4.939814814814814659e-01 5.611111111111111160e-01 4.851851851851852193e-01 4.925925925925926374e-01 5.199074074074073737e-01 5.277777777777777901e-01 4.810185185185185119e-01 5.374999999999999778e-01 5.069444444444444198e-01
