0.000000000000000000e+00 0.000000000000000000e+00 0.000000000000000000e+00 0.000000000000000000e+00 0.000000000000000000e+00 0.000000000000000000e+00 0.000000000000000000e+00 0.000000000000000000e+00 0.000000000000000000e+00 0.000000000000000000e+00
1.999151774488095723e-01 1.893570157254980124e-01 1.815725708198267230e-01 1.823300460991457705e-01 2.162754150198090142e-01 1.625710366680441221e-01 1.802216063634317911e-01 2.866091290878575726e-01 1.968107190878988499e-01 2.450680038101998859e-01
1.414920927658889771e-01 2.007169545475702976e-01 2.428550778920586239e-01 1.802216063634317911e-01 2.350854401481371758e-01 1.295746520501543653e-01 2.045428435934579514e-01 2.047476439066691634e-01 2.611111111111111271e-01 2.099261768487372670e-01
2.025045185441082252e-01 1.986392223787087075e-01 2.433920663258717920e-01 1.892176774560613006e-01 2.083333333333333426e-01 1.331946610822586363e-01 2.367176107182269729e-01 2.068408925132434739e-01 2.167754161828543691e-01 1.831426589881056111e-01
1.756820922315766309e-01 2.381410212392234826e-01 1.869577122437941497e-01 2.569646169807119906e-01 2.542864958887203763e-01 1.984930538019466506e-01 2.285242946755223770e-01 1.923552633680059576e-01 1.572134364065433110e-01 1.904403572397088407e-01
2.027165311736728037e-01 1.622123611874437266e-01 2.830020982081009051e-01 1.259259259259259134e-01 1.991958200250975863e-01 1.932503014547342912e-01 1.831426589881056111e-01 1.633668370965080940e-01 2.252232796971338491e-01 1.683432522011879817e-01
1.425393290199596652e-01 2.649583402686582212e-01 2.388819217116989468e-01 1.177946023520574509e-01 2.303778633861481018e-01 2.316264096574344733e-01 1.521519188664238742e-01 1.945877582901449632e-01 2.175751262764879790e-01 1.387818454133422363e-01
2.909475586110006340e-01 2.433920663258717920e-01 1.453846269377489508e-01 9.619029485349026021e-02 1.115769878340964055e-01 1.589666974074735728e-01 1.699968970050785289e-01 1.573876986450814530e-01 2.012461179749810702e-01 2.108020024353798039e-01
2.409360602089455627e-01 2.649583402686582212e-01 1.618075692150575118e-01 1.566957926320021732e-01 3.167762968124702150e-01 1.288888207527559837e-01 2.212135226474395977e-01 1.618470071560149937e-01 2.146870629065102121e-01 2.511780289559323309e-01
1.471508454615126915e-01 1.352401376555965595e-01 2.270017415356662960e-01 6.772417077745242209e-02 1.000501920843943210e-01 1.435428813467037878e-01 1.821213006986502070e-01 2.167593845839486666e-01 1.633216913001984960e-01 2.206439473058593725e-01
2.078804601550749975e-01 1.984552587746374330e-01 1.904764152002090261e-01 2.131088093455140164e-01 8.462542239605355676e-02 1.927833085108875133e-01 2.350635103932598724e-01 1.781069936475080662e-01 2.448805014011119219e-01 1.286351761650309511e-01
2.309427013282633612e-01 2.637182684284132828e-01 1.540468303881912804e-01 3.759742424692075896e-02 2.042921484169663016e-01 1.426967093583030866e-01 1.665511406356466606e-01 1.033217366463444614e-01 1.480360852619473366e-01 1.923699604462715262e-01
9.809271287845360010e-02 1.960496302377024713e-01 2.099336834195852097e-01 2.028602064833948393e-01 1.768488932556594451e-01 2.152503672197454976e-01 1.507400420873074298e-01 1.625638294485782787e-01 1.430150145148884888e-01 1.944012634645636284e-01
1.477595482432016716e-01 1.236085101682251886e-01 1.969664413529439440e-01 1.858672168304218164e-01 1.269637599719362631e-01 1.152691542010343961e-01 1.484684453666335890e-01 1.316589837979782185e-01 1.652060626620680261e-01 1.652060626620680261e-01
1.388325449038355919e-01 1.458057734099400538e-01 1.705005761331931935e-01 1.169697643237534723e-01 8.051563506370632006e-02 1.239947331699633587e-01 1.755815134346243311e-01 7.317917228850434608e-02 2.142777510863103640e-01 2.468698046761277909e-01
1.373562003271840415e-01 3.250347374358263097e-02 1.603157095776835128e-01 1.698954229298431928e-01 1.115797338660677179e-01 1.239947331699633587e-01 3.916905127384168184e-02 7.353682485023063653e-02 1.794279855422282743e-01 1.178511301977579195e-01
1.655674708769431513e-01 1.554829903899933030e-01 1.613866215062362552e-01 5.744269579035528317e-02 1.304372986874877405e-01 1.140958243883497258e-01 1.250363055482532071e-01 1.043600949096345348e-01 1.573952130027558016e-01 1.613866215062362552e-01
2.110366364586165333e-01 1.148702716384462086e-01 1.051484346562401168e-01 1.603157095776835128e-01 1.100260003100103495e-01 6.356417261637281602e-02 7.215335864790603515e-02 1.923552633680059576e-01 5.915420870430918021e-02 1.845816588850499873e-01
1.699673171197595145e-01 3.768891807222044671e-02 5.178795552215544745e-02 1.200479620809489223e-01 1.148702716384462086e-01 1.536590742882147920e-01 7.450140076264560873e-02 6.625386599999377735e-02 1.199071798060321187e-01 2.320707599135177768e-01
7.459389851526125603e-02 -3.483990328456272600e-02 2.110366364586165333e-01 -8.575976193123131808e-02 -3.190125890957755395e-02 1.020948625352199740e-01 1.196297209109158377e-01 -1.184160280072860533e-01 1.923182294268097059e-01 3.768891807222044671e-02
