0.000000000000000000e+00 0.000000000000000000e+00 0.000000000000000000e+00 0.000000000000000000e+00 0.000000000000000000e+00
7.079953279252468867e-01 7.079579459442160161e-01 6.959999999999999520e-01 6.919950719211507284e-01 6.879999999999999449e-01
6.956883849061439307e-01 7.038294057377049162e-01 6.947496947496947239e-01 7.039242045963766126e-01 6.917583385374133087e-01
6.792610173840527565e-01 6.716637837145236212e-01 6.917583385374133087e-01 6.828582898434363280e-01 6.741177038574808211e-01
6.465655925510651603e-01 6.539707869925582839e-01 6.509740259740259827e-01 6.694401444788441458e-01 6.584032793285184981e-01
6.048472075869335551e-01 6.131383217690810072e-01 6.695226438188492946e-01 6.761180078387641901e-01 6.391443260513469671e-01
6.341603775136059884e-01 6.367479030447129595e-01 6.423814926256596891e-01 6.506026077377136119e-01 5.540276069900760270e-01
6.285413779862769612e-01 6.209824135839903114e-01 6.356234608232397276e-01 6.179148116153896364e-01 6.368887627506302218e-01
5.626872651067735820e-01 4.886405142815399283e-01 5.008912655971480277e-01 5.218005327231447499e-01 5.973258975735638021e-01
3.894627271999359652e-01 4.245474406991260885e-01 3.365929083349004647e-01 3.431804547053103893e-01 3.976611623670447404e-01
3.333333333333333148e-01 3.508686749276983541e-01 3.659043659043659247e-01 3.315508021390374260e-01 3.333333333333333148e-01
