0.000000000000000000e+00 0.000000000000000000e+00 0.000000000000000000e+00 0.000000000000000000e+00 0.000000000000000000e+00
4.160133126390100911e-01 4.161198597819119049e-01 3.920000000000000151e-01 3.840122885898554217e-01 3.760000000000000009e-01
3.928052906991701398e-01 4.084708297501985497e-01 3.952512706120300812e-01 4.082090565691528505e-01 3.846035318785255841e-01
3.616704349548693909e-01 3.447066836747819663e-01 3.846035318785255841e-01 3.706785634516749361e-01 3.561381495309968725e-01
3.138032019216491775e-01 3.317703219174801266e-01 3.213934009378283663e-01 3.494549333072670683e-01 3.393067944302386452e-01
2.463205899976248781e-01 2.782713904215859957e-01 3.666666666666666408e-01 3.873349464594226244e-01 2.960782627318960247e-01
3.048658744053461822e-01 3.162393162393162260e-01 3.218028674278654022e-01 3.387398604503846222e-01 2.110706280246674726e-01
3.154498367547517446e-01 3.131873496136826085e-01 3.356659953353473003e-01 2.859206521447404392e-01 3.329748276855712397e-01
2.302588669360008944e-01 1.464376290113236778e-01 1.353505936367919160e-01 1.890656171557054399e-01 3.070118225813345259e-01
5.404747453311749966e-02 1.056611296654027671e-01 -6.375767130633383517e-02 -5.227083734893166883e-02 3.094922302950864693e-02
0.000000000000000000e+00 8.980265101338745504e-02 8.571428571428571508e-02 -6.337242505244779223e-02 0.000000000000000000e+00
