0.000000000000000000e+00 0.000000000000000000e+00 0.000000000000000000e+00 0.000000000000000000e+00 0.000000000000000000e+00 0.000000000000000000e+00 0.000000000000000000e+00 0.000000000000000000e+00 0.000000000000000000e+00 0.000000000000000000e+00
1.215661347709661722e-01 1.548815833814838339e-01 1.385782588150118733e-01 7.293968086257969496e-02 1.450481335245684400e-01 7.245587740630486662e-02 1.042136485528410567e-01 9.669875568304563129e-02 1.139454773437770935e-01 1.205568116516231303e-01
1.133166839416808180e-01 1.136148078032092057e-01 1.529624078577547230e-01 1.524887472419743373e-01 9.602765994967198127e-02 9.624980365728481868e-02 1.374323630069464175e-01 1.450481335245684400e-01 1.126106541153626961e-01 1.680860821167100005e-01
1.385782588150118733e-01 7.259717215323001349e-02 1.766854557058897823e-01 9.797958971132711414e-02 1.368611017674647434e-01 1.706640371965722769e-01 1.063254627092485721e-01 1.056491658835923692e-01 1.697693895968161448e-01 8.996769921551801830e-02
1.310947050688924531e-01 1.453504749334527668e-01 -1.608723630219466988e-02 8.031157077540444778e-02 9.652341781316803315e-02 1.126106541153626961e-01 6.446583712203042549e-02 1.796292478040997231e-01 1.212638497120115399e-01 8.075026385191820533e-02
1.701925886793526355e-01 1.618809770595440178e-01 1.219028837118373565e-01 1.536008763018812673e-01 9.029445948927289356e-02 1.133166839416808180e-01 1.632993161855451902e-01 8.892682312214179874e-02 8.966828511559590820e-02 5.635457131601489394e-02
1.604163394288080358e-01 1.368611017674647434e-01 8.075026385191820533e-02 1.212638497120115399e-01 1.480391313659480124e-01 1.618809770595440178e-01 8.058229640253802839e-02 1.737912849520734382e-01 1.298454946322391002e-01 6.554735253444622656e-02
2.434603024354483058e-01 1.529624078577547230e-01 7.259717215323001349e-02 7.360993572178746447e-02 1.151415466179595698e-01 8.828295892956408708e-02 1.219028837118373565e-01 1.136148078032092057e-01 3.303191599175254317e-02 8.031157077540444778e-02
1.139454773437770935e-01 8.043618151097335633e-02 1.772810520855836458e-01 1.048625819991100133e-01 1.151415466179595698e-01 6.554735253444622656e-02 8.872987707617001341e-02 1.128152149635532342e-01 1.133166839416808180e-01 1.395459828470581032e-01
1.723803317522482337e-01 1.215661347709661722e-01 1.124361990855662213e-01 1.450481335245684400e-01 8.855718349659483235e-02 4.883377600447589423e-02 1.298454946322391002e-01 1.785375551193287558e-01 1.687795363122723824e-01 1.465013280134276896e-01
1.056491658835923692e-01 1.286978904175573590e-01 1.151415466179595698e-01 1.063254627092485721e-01 1.128152149635532342e-01 1.075850811608073665e-01 7.336496054912393372e-02 1.201384793382936911e-01 8.257978997938136834e-02 1.443747054859272072e-01
8.257978997938136834e-02 1.212638497120115399e-01 8.996769921551801830e-02 1.381566015400823300e-01 1.295047816476352087e-01 1.790571786830782997e-01 1.236128465145493738e-01 1.310947050688924531e-01 1.048625819991100133e-01 8.872987707617001341e-02
1.075850811608073665e-01 1.292004221630691230e-01 1.374323630069464175e-01 9.869275424396534158e-02 1.618809770595440178e-01 1.241366321086238844e-01 1.151415466179595698e-01 -1.638683813361155664e-02 8.966828511559590820e-02 7.448197926517433065e-02
1.632993161855451902e-01 7.314173022710240835e-02 2.000000000000000111e-01 7.293968086257969496e-02 1.231288083944630241e-01 1.139454773437770935e-01 7.360993572178746447e-02 1.048625819991100133e-01 1.212638497120115399e-01 9.189348958068375983e-02
1.608723630219467127e-01 9.797958971132711414e-02 1.056491658835923692e-01 8.892682312214179874e-02 8.966828511559590820e-02 1.295047816476352087e-01 1.723803317522482337e-01 8.939544805534739569e-02 9.766755200895178846e-02 1.298454946322391002e-01
1.075850811608073665e-01 1.053573168015040085e-01 1.406881830564404023e-01 8.939544805534739569e-02 1.460761814612689669e-01 1.381566015400823300e-01 6.492274731611955008e-02 1.147078669352808861e-01 1.046584895868848120e-01 6.434894520877867952e-02
9.797958971132711414e-02 8.138962667412649732e-02 4.869206048708966256e-02 8.872987707617001341e-02 1.618809770595440109e-02 1.406881830564404023e-01 1.881142801779013274e-01 1.548815833814838339e-01 1.529624078577547230e-01 9.797958971132711414e-02
1.209952869220500271e-01 1.209952869220500271e-01 8.138962667412649732e-02 1.236128465145493738e-01 1.143095213298816332e-01 9.869275424396534158e-02 7.448197926517433065e-02 8.193419066805777973e-02 9.064942077733620374e-02 1.000000000000000056e-01
1.632993161855451902e-01 8.892682312214179874e-02 1.151415466179595698e-01 8.193419066805777973e-02 1.143095213298816332e-01 4.075831141617995701e-02 1.874882325144278106e-01 1.156117059711339184e-01 1.315903389919537980e-01 6.511170133930119230e-02
1.644879237399422267e-01 1.469693845669906851e-01 1.697693895968161448e-01 4.834937784152281565e-02 1.136148078032092057e-01 1.231288083944630241e-01 1.091666350417214992e-01 9.953109657524404630e-02 6.434894520877867952e-02 6.606383198350508634e-02
3.265986323710903805e-02 1.286978904175573590e-01 8.208587226297536094e-03 1.178845489224329690e-01 9.029445948927289356e-02 8.939544805534739569e-02 9.189348958068375983e-02 1.465013280134276896e-01 4.120428217151645561e-02 7.314173022710240835e-02
1.385782588150118733e-01 1.413284718479225210e-01 4.934637712198267079e-02 1.080747137660584001e-01 1.717565166841707736e-01 1.136148078032092057e-01 2.122891110412087612e-01 1.333333333333333315e-01 6.635406438349603087e-02 6.606383198350508634e-02
1.772810520855836458e-01 1.151415466179595698e-01 1.474815432025040063e-01 1.684064984606185311e-01 5.725217222805692452e-02 1.703995441477492434e-01 9.029445948927289356e-02 1.443948286192973385e-01 7.518558238419580098e-02 7.448197926517433065e-02
2.044794529772991087e-01 1.126106541153626961e-01 8.257978997938136834e-02 9.103353021299084857e-02 1.010438990763711103e-01 1.684064984606185311e-01 1.572397340042569203e-01 1.266600992762247080e-01 4.246906724096980584e-02 1.143095213298816332e-01
1.333333333333333315e-01 1.139454773437770935e-01 1.553987531904402197e-01 4.883377600447589423e-02 1.156117059711339184e-01 8.075026385191820533e-02 1.000000000000000056e-01 6.579516949597689901e-02 1.486436219628864686e-01 8.939544805534739569e-02
1.156117059711339184e-01 6.606383198350508634e-02 5.052194953818555517e-02 5.025189076296060486e-02 6.606383198350508634e-02 1.166666666666666685e-01 1.395459828470581032e-01 8.892682312214179874e-02 9.530688404824680382e-02 1.134733029227160406e-01
1.327081287669920617e-01 4.898979485566355707e-02 4.198716732373903443e-02 5.847767518770784906e-02 9.064942077733620374e-02 4.976554828762202315e-02 1.005037815259212097e-01 1.282051282051281937e-01 8.224396186997111335e-02 4.435211293842095115e-02
3.387398604503846083e-02 9.464138436860568271e-02 1.524329372026730911e-01 1.315903389919537980e-01 1.000000000000000056e-01 5.819407664326221863e-02 9.144783472512633959e-02 1.236128465145493738e-01 8.058229640253802839e-02 5.081097906755769472e-02
5.793042831735781273e-02 -8.178881746865275179e-03 1.559631572996531823e-01 6.666666666666666574e-02 4.176976799121989020e-02 9.144783472512633959e-02 2.462576167889260481e-02 1.435481125130546876e-01 5.725217222805692452e-02 6.700252101728081111e-02
4.176976799121989020e-02 0.000000000000000000e+00 9.029445948927289356e-02 7.448197926517433065e-02 2.078359880116507630e-01 1.247015928069904606e-01 1.554035660347433956e-01 1.406881830564404023e-01 1.895396979889757139e-01 5.025189076296060486e-02
1.340050420345616222e-01 1.745822299297866420e-01 1.533595897329743107e-01 1.010438990763711103e-01 9.832102880166933290e-02 4.246906724096980584e-02 8.996769921551801830e-02 6.022633550729451779e-02 1.623931623931623991e-01 4.954787398762881823e-02
1.391356952107929978e-01 2.472256930290987406e-02 1.299639327930638411e-01 9.909574797525763645e-02 1.091666350417214992e-01 6.554735253444622656e-02 1.730579851203691288e-01 1.166666666666666685e-01 5.945669413735772679e-02 1.354959441801538433e-01
7.743385993795010025e-02 9.103353021299084857e-02 1.226832262029791121e-01 7.855844048495726206e-02 1.395459828470581032e-01 1.028991510855053054e-01 -1.632993161855451902e-02 9.144783472512633959e-02 8.397433464747807233e-03 1.172544117802414021e-01
1.302234026786023846e-01 3.407990882954985146e-02 7.314173022710240835e-02 1.016219581351153894e-01 2.044794529772991087e-01 1.427563689007127212e-01 1.259615019712171102e-01 1.666666666666666574e-01 7.518558238419580098e-02 1.274072017229094245e-01
1.492966448628660625e-01 7.557690118273026336e-02 3.533326266687866757e-02 1.391356952107929978e-01 5.111986324432477719e-02 1.623931623931623991e-01 7.009996372327816083e-02 9.237176811222588824e-02 5.025189076296060486e-02 1.161196126711180471e-01
1.036023773564955924e-01 1.390409896967096659e-01 8.375315127160100348e-02 9.464138436860568271e-02 1.693699302251923111e-01 6.956784760539649892e-02 1.000000000000000056e-01 9.909574797525763645e-02 8.333333333333332871e-02 9.797958971132711414e-02
5.793042831735781273e-02 6.736259938424740690e-02 1.097720860393947562e-01 5.768599504012304063e-02 1.282051282051281937e-01 9.953109657524404630e-02 1.443948286192973385e-01 1.086013967771717187e-01 8.519977207387462170e-02 1.623931623931623991e-01
1.340050420345616222e-01 1.443948286192973385e-01 8.224396186997111335e-02 1.543487266282579651e-01 1.022397264886495544e-01 8.420324923030926556e-02 8.468496511259615556e-02 8.519977207387462170e-02 1.579553508888545954e-01 1.071311336459427888e-01
5.144957554275265271e-02 8.333333333333332871e-02 1.495549727848721477e-01 8.468496511259615556e-02 1.259615019712171102e-01 2.639205402085979119e-02 7.332355751067665128e-02 1.658851609587400633e-01 5.982905982905983161e-02 4.301881107663894227e-02
1.766663133343933378e-02 1.863069232477115589e-01 1.104195748265214966e-01 1.247015928069904606e-01 9.144783472512633959e-02 1.651595799587627367e-01 9.029445948927289356e-02 0.000000000000000000e+00 8.574929257125442350e-02 6.635406438349603087e-02
1.290564332299168337e-01 1.354959441801538433e-01 1.763461027597039710e-01 6.906825157099706625e-02 1.406881830564404023e-01 9.237176811222588824e-02 3.368129969212370345e-02 4.301881107663894227e-02 1.587251183666355814e-01 9.288407280256479048e-02
1.010438990763711103e-01 1.208694402492448555e-01 1.806790065218835672e-01 6.859943405700352770e-02 1.282051282051281937e-01 5.257497279245862409e-02 1.290564332299168337e-01 8.855718349659483235e-02 1.395459828470581032e-01 8.224396186997111335e-02
2.016588115367500267e-01 1.401999274465563217e-01 1.010438990763711103e-01 8.633531446374632934e-02 9.074425108007845575e-02 1.222749342485398849e-01 1.086013967771717187e-01 1.406881830564404023e-01 1.178845489224329690e-01 6.606383198350508634e-02
1.010438990763711103e-01 1.480391313659480124e-01 7.743385993795010025e-02 -9.213166547046368338e-03 1.016219581351153894e-01 1.472924571654723458e-01 1.638683813361155664e-02 5.217588570404737419e-02 1.623931623931623991e-01 9.677086474315256537e-02
1.258455564269084226e-01 6.635406438349603087e-02 4.515512596444095500e-02 8.333333333333332871e-02 7.009996372327816083e-02 9.119215051751063464e-03 1.587251183666355814e-01 1.703995441477492434e-01 7.743385993795010025e-02 4.246906724096980584e-02
-4.435211293842095115e-02 1.690637139480446749e-01 1.178845489224329690e-01 1.666666666666666574e-01 9.601587170383664438e-02 -2.548144034458188489e-02 7.644432103374565468e-02 6.666666666666666574e-02 6.906825157099706625e-02 1.099853362660149630e-01
1.200490095997561873e-01 1.887975062048433128e-01 2.044720436716318535e-01 8.420324923030926556e-02 7.599605956573482479e-02 1.852487244511431819e-02 1.395459828470581032e-01 5.111986324432477719e-02 9.288407280256479048e-02 1.754330255631235402e-01
8.690481892534816788e-02 4.893267483009853397e-02 7.009996372327816083e-02 8.574929257125442350e-02 9.288407280256479048e-02 -2.639205402085979119e-02 4.198716732373903443e-02 -5.557461733534294762e-02 0.000000000000000000e+00 9.343194793013356869e-02
1.462639576605724023e-01 4.198716732373903443e-02 3.138032019216491775e-01 1.253093039736596637e-01 5.111986324432477719e-02 1.381566015400823300e-01 7.066652533375733514e-02 5.557461733534294762e-02 -2.639205402085979119e-02 1.785375551193287558e-01
-2.139802462554564466e-02 2.494031856139809419e-02 7.332355751067665128e-02 9.189348958068375983e-02 -1.080276499747251547e-02 -5.118857696700025023e-02 -6.302187238523514201e-02 -1.343176723793338412e-01 8.164965809277259512e-02 3.478392380269824946e-02
3.123475237772121299e-02 -1.003113655692617068e-01 -8.313439520466030241e-03 1.524887472419743373e-01 1.377749527404283358e-01 2.414022747926337920e-01 8.094048852977200892e-02 4.018560388387437676e-02 -6.068300796911037243e-02 3.533326266687866757e-02
1.299639327930638411e-01 5.557461733534294762e-02 1.247219128924647036e-01 9.934127712177009961e-02 -4.364357804719847661e-02 1.143655674237257641e-01 1.671496754654453465e-01 1.342231498344353957e-01 7.191174652966195180e-02 4.222003309207490729e-02
1.036023773564955924e-01 9.677086474315256537e-02 1.143655674237257641e-01 1.003113655692617068e-01 6.158145938200618175e-02 1.646209815378808505e-01 6.209295811378932883e-02 0.000000000000000000e+00 9.601587170383664438e-02 4.364357804719847661e-02
6.449216582932458530e-02 1.797793663241548795e-02 8.762495465409769757e-02 1.247219128924647036e-01 3.666177875533832564e-02 9.365858115816939888e-02 6.519318822649647349e-02 1.658455965793542153e-01 1.296741071158002134e-01 6.956784760539649892e-02
1.210730638492077404e-01 5.619514869490164349e-02 5.299989400031799441e-02 2.599278655861276405e-02 3.563483225498991630e-02 1.915035160867723518e-01 8.127922673599372039e-02 3.629770043203138508e-02 6.906825157099706625e-02 7.855844048495726206e-02
1.283162256436841397e-01 1.174033275075464927e-01 6.022633550729451779e-02 6.956784760539649892e-02 0.000000000000000000e+00 5.444655064804707761e-02 -2.763949964113910501e-02 -8.728715609439694628e-03 8.807881469417735976e-02 1.126354084206553224e-01
2.709307557866457578e-02 6.449216582932458530e-02 1.766663133343933378e-01 4.474104994481180320e-02 -8.870422587684190577e-03 8.381981343406688656e-02 2.007604590171129799e-01 0.000000000000000000e+00 6.383450536225744598e-02 0.000000000000000000e+00
1.354653778933228858e-01 6.110100926607786587e-02 6.449216582932458530e-02 1.342231498344353957e-01 3.629770043203138508e-02 2.581128664598336675e-02 3.504998186163908042e-02 1.862788743413680004e-01 3.666177875533832564e-02 7.492686492653552466e-02
6.158145938200618175e-02 1.069044967649697420e-01 1.013448320175100587e-01 -2.935960489805911761e-02 7.492686492653552466e-02 1.210730638492077404e-01 1.048761178290883722e-01 7.797835967583829908e-02 1.048761178290883722e-01 6.321717635021734116e-02
1.319602701042989490e-01 3.071314618020015014e-02 1.000000000000000056e-01 1.013448320175100587e-01 1.319602701042989490e-01 -3.837647782266681573e-02 2.000000000000000042e-02 1.247219128924647036e-01 1.852487244511431819e-02 1.069044967649697420e-01
-1.000000000000000056e-01 1.367882257762659537e-01 0.000000000000000000e+00 8.207293546575956944e-02 1.633396519441412398e-01 8.291849892341732198e-02 -1.797793663241548795e-02 1.062170009087588657e-01 1.062170009087588657e-01 2.661126776305257000e-02
1.174033275075464927e-01 0.000000000000000000e+00 1.099853362660149630e-01 1.620812730085911257e-01 1.210730638492077404e-01 1.766663133343933378e-02 1.895245108947258561e-01 -2.735764515525319213e-02 1.381974982056955181e-01 1.123902973898032870e-01
1.003113655692617068e-01 1.185497956727638302e-01 1.088931012960941552e-01 1.693699302251923042e-02 1.715894786648756443e-01 7.332355751067665128e-02 7.492686492653552466e-02 1.833088937766916282e-02 3.746343246326776233e-02 8.478125088875985982e-02
1.108400253492083098e-01 3.666177875533832564e-02 1.811496580684253677e-01 8.127922673599372039e-02 6.759263694193745620e-02 1.330563388152628534e-01 4.710069493819992598e-02 -3.595587326483097590e-02 1.224618068393198006e-01 6.321717635021734116e-02
1.099853362660149630e-01 7.409948978045727275e-02 -2.977896699944848277e-02 3.942082639927217691e-02 1.123902973898032870e-01 1.076518846262167761e-01 9.720197391996737712e-02 2.763949964113910501e-02 1.566238312997882687e-01 1.576833055970887076e-01
2.896827297511605712e-02 9.476225544736292805e-02 1.050364539753919080e-01 8.478125088875985982e-02 2.793993781135563001e-02 4.656656301892605349e-02 1.511454891125567912e-01 1.163267298565106855e-01 1.270419515121098408e-01 4.515512596444095500e-02
1.895245108947258422e-02 2.896827297511605712e-02 1.283162256436841397e-01 -2.793993781135563001e-02 4.710069493819992598e-02 8.127922673599372039e-02 3.790490217894516844e-02 1.535059112906672629e-01 1.944039478399347751e-02 1.151294334680004472e-01
-2.684462996688708261e-02 8.402916318031353193e-02 1.024464386416373135e-01 8.807881469417735976e-02 5.499266813300748152e-02 1.076518846262167761e-01 8.207293546575956944e-02 9.594119455666703933e-02 9.213943854060045735e-02 9.476225544736292805e-02
-9.786534966019706447e-03 9.934127712177009961e-02 1.111492346706858952e-01 2.735764515525319213e-02 3.837647782266681573e-02 4.062222318511937713e-02 6.759263694193745620e-02 -1.511454891125567912e-01 -3.022909782251135408e-02 0.000000000000000000e+00
1.381974982056955181e-01 -4.767096264958562563e-02 7.385489458759963988e-02 2.793993781135563001e-02 7.776157913597391003e-02 1.978229187404396683e-01 9.926322333149493679e-03 4.963161166574747013e-02 -5.999999999999999778e-02 1.290421903309434126e-01
8.381981343406688656e-02 1.123902973898032870e-01 -6.449216582932458530e-02 5.832118435198042905e-02 5.913123959890826536e-02 0.000000000000000000e+00 1.705720598052532788e-01 3.179815003744466961e-02 8.258401390153340127e-02 0.000000000000000000e+00
2.826041696291995559e-02 1.199999999999999956e-01 7.675295564533363146e-02 1.680583263606270639e-01 5.499266813300748152e-02 1.099853362660149630e-01 3.888078956798695501e-02 -1.918823891133340787e-02 1.488948349972424035e-01 9.926322333149493679e-03
1.343176723793338412e-01 -8.258401390153340127e-02 -8.124444637023875426e-02 -2.000000000000000042e-02 -7.716573707447924035e-02 1.111492346706858952e-01 3.942082639927217691e-02 5.999999999999999778e-02 -9.656090991705352372e-03 6.948425633204645402e-02
8.933690099834544485e-02 4.963161166574747013e-02 1.238760208523000950e-01 3.123475237772121299e-02 3.179815003744466961e-02 2.139802462554564466e-02 1.550266558797680772e-01 -3.022909782251135408e-02 9.370425713316363203e-02 8.933690099834544485e-02
5.299691672907444473e-02 -2.182178902359923831e-02 -1.023771539340005005e-02 1.238760208523000950e-01 0.000000000000000000e+00 5.832118435198042905e-02 1.445220243276834349e-01 8.258401390153340127e-02 7.675295564533363146e-02 5.832118435198042905e-02
8.000000000000000167e-02 -5.511838362462802982e-02 7.884165279854435382e-02 -1.971041319963608845e-02 -1.023771539340005005e-02 3.179815003744466961e-02 1.108400253492083098e-01 1.165932168039637840e-01 -1.213660159382207344e-02 1.583263142643485666e-01
0.000000000000000000e+00 7.885103100609736071e-02 8.580773276925411641e-02 1.445220243276834349e-01 -5.756471673400022360e-02 -3.179815003744466961e-02 5.763904177042349780e-02 -1.023771539340005005e-02 -4.557239513497755162e-02 1.032300173769167412e-01
2.860257758975137329e-02 -7.716573707447924035e-02 7.716573707447924035e-02 -3.179815003744466961e-02 9.213943854060045735e-02 1.651680278030668025e-01 1.108400253492083098e-01 1.260437447704702840e-01 1.091895456646444357e-01 9.476225544736292805e-02
5.205792062953535498e-02 -7.419568342070423372e-02 -5.763904177042349780e-02 1.773937187967248030e-01 9.720197391996737712e-02 3.942082639927217691e-02 1.561737618886060719e-01 1.013798970078394618e-01 7.053456158585982849e-02 -7.776157913597391003e-02
1.260437447704702840e-01 1.336969553464759097e-01 -2.139802462554564466e-02 -9.722488497725263745e-02 5.118857696700025023e-02 9.926322333149493679e-03 1.166423687039608581e-01 -3.240829499241754813e-02 0.000000000000000000e+00 7.166400775380035726e-02
1.126148693274005574e-01 4.963161166574747013e-02 -7.419568342070423372e-02 5.999999999999999778e-02 -5.763904177042349780e-02 8.913130356431728241e-02 0.000000000000000000e+00 5.557461733534294762e-02 -9.578262852211515133e-02 2.977896699944848277e-02
7.561935498230760999e-02 -9.926322333149493679e-03 1.182624791978165307e-01 6.948425633204645402e-02 8.069465847859290386e-02 1.091089451179961811e-01 0.000000000000000000e+00 -1.007636594083711860e-02 7.561935498230760999e-02 8.495621115675451585e-02
0.000000000000000000e+00 6.193801042615004748e-02 3.123475237772121299e-02 1.268365723579602533e-01 -4.456565178215864120e-02 1.151294334680004472e-01 9.855206599818043534e-02 3.545148386768333382e-02 1.059938334581488929e-02 4.062222318511937713e-02
1.102367672492560527e-02 3.179815003744466961e-02 1.535657309010007576e-01 3.545148386768333382e-02 0.000000000000000000e+00 2.333800140046683042e-02 8.728715609439695322e-02 8.743854137455331355e-02 -1.080276499747251547e-02 -1.653551508738840825e-01
-4.129200695076670063e-02 -4.789131426105757566e-02 4.279604925109128932e-02 3.545148386768333382e-02 1.059938334581488929e-02 -1.152780835408469956e-02 5.038182970418559475e-02 -1.080276499747251547e-02 5.632216500435525963e-02 2.050757781073989650e-01
1.769969301404202000e-01 -2.182178902359923831e-02 -5.401382498736257559e-02 5.632216500435525963e-02 3.458342506225409868e-02 -7.716573707447924035e-02 1.032300173769167412e-01 -9.335200560186732166e-02 6.419407387663693398e-02 -1.357813616483921071e-01
5.632216500435525963e-02 4.963161166574747013e-02 -5.511838362462802982e-02 7.885103100609736071e-02 1.360827634879543391e-01 1.464376290113236778e-01 1.775712013011443435e-01 -5.431254465935683728e-02 8.258401390153340127e-02 8.124444637023875426e-02
4.279604925109128932e-02 1.212604439741816614e-01 -1.442024408200108868e-02 1.288741121711764991e-02 -1.633660098032678198e-01 5.763904177042349780e-02 -4.923659639173309788e-02 -3.747366058909427228e-02 4.456565178215864120e-02 5.632216500435525963e-02
-1.249122019636475858e-02 2.333800140046683042e-02 1.213660159382207344e-02 1.357813616483921071e-01 2.278619756748877581e-02 0.000000000000000000e+00 -1.873683029454713822e-01 -1.442024408200108868e-02 -8.495621115675451585e-02 -2.333800140046683042e-02
2.278619756748877581e-02 5.763904177042349780e-02 8.258401390153340127e-02 8.743854137455331355e-02 9.578262852211515133e-02 8.559209850218257865e-02 4.557239513497755162e-02 1.145274253849777740e-01 -9.333333333333333759e-02 1.268058918949316882e-01
-3.866223365135294798e-02 7.385489458759963988e-02 -6.546536707079771145e-02 -1.249122019636475858e-02 6.419407387663693398e-02 1.536230967599611086e-01 1.124209817672828238e-01 2.005454330197138646e-01 1.213660159382207344e-02 4.667600280093366083e-02
1.114141294553965961e-01 6.835859270246631703e-02 -7.862136275414387254e-02 3.640980478146622207e-02 5.299691672907444473e-02 -2.064600347538335032e-02 -7.862136275414387254e-02 1.464376290113236778e-01 -3.866223365135294798e-02 9.021187851982355455e-02
-1.288741121711764991e-02 6.684847767323795487e-02 -1.114141294553965961e-01 7.610194341477614921e-02 5.073462894318409716e-02 -5.763904177042349780e-02 1.124209817672828238e-01 8.743854137455331355e-02 1.092294143443986731e-01 5.073462894318409716e-02
1.213660159382207344e-02 1.124209817672828238e-01 1.245562896728604624e-01 1.834498464263357165e-01 -1.288741121711764991e-02 -7.885103100609736071e-02 1.867040112037346433e-01 1.139309878374438756e-01 1.333333333333333419e-02 7.610194341477614921e-02
1.333333333333333419e-02 -7.183697139158636003e-02 -3.094922302950864693e-02 -2.182178902359923831e-02 0.000000000000000000e+00 1.309307341415954229e-01 -7.183697139158636003e-02 6.443705608558825126e-02 8.728715609439695322e-02 -6.245610098182378944e-02
-1.288741121711764991e-02 0.000000000000000000e+00 5.763904177042349780e-02 1.820490239073311034e-01 -9.847319278346619575e-02 0.000000000000000000e+00 4.667600280093366083e-02 6.068300796911037243e-02 1.442024408200108868e-02 2.620712091804795751e-02
0.000000000000000000e+00 6.666666666666666574e-02 9.333333333333333759e-02 -2.715627232967841864e-02 1.374034221600123340e-01 -1.442024408200108868e-02 -6.245610098182378944e-02 -1.383958774142893949e-02 6.245610098182378944e-02 -6.443705608558825126e-02
4.528334128517261942e-02 -2.461829819586654894e-02 2.715627232967841864e-02 5.647824947249049932e-02 -2.715627232967841864e-02 -4.667600280093366083e-02 1.466666666666666674e-01 1.159867009540588578e-01 1.179535649239177170e-01 8.146881698903525593e-02
-1.086250893187136746e-01 3.094922302950864693e-02 1.509444709505753865e-02 -6.068300796911037243e-02 6.443705608558825126e-02 2.715627232967841864e-02 -4.151876322428681848e-02 1.684303842133038145e-02 -1.588903708917905819e-02 6.189844605901729385e-02
5.897678246195885848e-02 -9.021187851982355455e-02 2.620712091804795751e-02 -5.241424183609591503e-02 -7.944518544589529441e-02 5.073462894318409716e-02 -1.411956236812262622e-01 1.588903708917905819e-02 -6.666666666666666574e-02 1.181716128922777678e-02
-1.466666666666666674e-01 1.466666666666666674e-01 -2.823912473624524966e-02 8.471737420873574897e-02 5.647824947249049932e-02 5.073462894318409716e-02 -1.086250893187136746e-01 1.307440900921226778e-01 2.620712091804795751e-02 -1.442024408200108868e-02
2.948839123097942924e-02 1.474419561548971358e-01 1.873683029454713822e-01 -1.442024408200108868e-02 1.261107739106074876e-01 -3.747366058909427228e-02 -9.687711419000258339e-02 -5.404747453311749966e-02 -1.588903708917905819e-02 -1.213660159382207344e-02
1.056611296654027671e-01 2.155109141747590662e-01 -9.805806756909200839e-02 -1.199999999999999956e-01 1.442024408200108868e-02 -7.944518544589529441e-02 0.000000000000000000e+00 -6.537204504606133892e-02 0.000000000000000000e+00 -1.009417085740076242e-01
-6.958890006392209893e-02 -5.850944272329069301e-02 6.919793870714470441e-02 -4.789131426105757566e-02 8.146881698903525593e-02 -3.479445003196104946e-02 1.509444709505753865e-02 0.000000000000000000e+00 4.528334128517261942e-02 1.509444709505753865e-02
0.000000000000000000e+00 4.766711126753717803e-02 -2.948839123097942924e-02 1.237968921180345877e-01 -2.715627232967841864e-02 1.684303842133038145e-02 4.528334128517261942e-02 -9.805806756909200839e-02 -7.547223547528769672e-02 -1.333333333333333419e-02
-4.326073224600326256e-02 -6.189844605901729385e-02 7.484811885651197760e-02 7.547223547528769672e-02 1.417615233882941472e-01 -9.805806756909200839e-02 -1.509444709505753865e-02 -1.043833500958831623e-01 -5.897678246195885848e-02 -6.537204504606133892e-02
3.479445003196104946e-02 -6.537204504606133892e-02 -3.268602252303066946e-02 6.919793870714470441e-02 -1.122721782847679595e-01 -9.805806756909200839e-02 -1.261107739106074876e-01 3.094922302950864693e-02 -5.647824947249049932e-02 1.801582484437249873e-02
-1.363636363636363535e-01 1.474419561548971358e-01 5.647824947249049932e-02 1.212321612422179867e-01 1.684303842133038145e-02 0.000000000000000000e+00 1.112232596242534177e-01 1.261107739106074876e-01 1.572427255082877451e-01 0.000000000000000000e+00
-2.857142857142857054e-02 5.897678246195885848e-02 -2.424643224844359735e-02 -3.742405942825598880e-02 -1.237968921180345877e-01 3.742405942825598880e-02 -4.766711126753717803e-02 1.950314757443023100e-02 -8.846517369293828426e-02 1.383958774142893949e-02
-6.537204504606133892e-02 -5.052911526399114089e-02 -4.528334128517261942e-02 -9.007912422186249712e-02 1.043833500958831623e-01 1.515873457919734157e-01 3.742405942825598880e-02 2.147188754669436192e-02 4.545454545454545581e-02 -6.958890006392209893e-02
-2.948839123097942924e-02 -1.122721782847679595e-01 -5.052911526399114089e-02 -1.442024408200108868e-02 0.000000000000000000e+00 -6.958890006392209893e-02 5.850944272329069301e-02 9.090909090909091161e-02 -5.052911526399114089e-02 6.443705608558825126e-02
-1.045416746978633377e-01 1.212321612422179867e-01 -1.261107739106074876e-01 -2.857142857142857054e-02 -7.944518544589529441e-02 -1.122721782847679595e-01 0.000000000000000000e+00 -6.958890006392209893e-02 -1.801582484437249873e-02 1.224744871391589135e-01
-6.441566264008309617e-02 -1.588903708917905819e-02 3.268602252303066946e-02 1.112232596242534177e-01 -5.404747453311749966e-02 -1.363636363636363535e-01 1.474419561548971358e-01 -5.404747453311749966e-02 3.479445003196104946e-02 -2.948839123097942924e-02
7.484811885651197760e-02 0.000000000000000000e+00 -9.751573787215116196e-02 6.441566264008309617e-02 -4.545454545454545581e-02 1.043833500958831623e-01 -9.090909090909091161e-02 6.189844605901729385e-02 -6.441566264008309617e-02 -2.424643224844359735e-02
2.857142857142857054e-02 -5.227083734893166883e-02 1.852734226346341717e-01 0.000000000000000000e+00 0.000000000000000000e+00 0.000000000000000000e+00 -1.588903708917905819e-02 -6.958890006392209893e-02 -1.122721782847679595e-01 5.404747453311749966e-02
-5.052911526399114089e-02 -3.479445003196104946e-02 5.227083734893166883e-02 -8.571428571428571508e-02 3.673591791853225708e-02 1.509444709505753865e-02 5.404747453311749966e-02 -4.082482904638630450e-02 2.147188754669436192e-02 2.424643224844359735e-02
-6.375767130633383517e-02 -9.090909090909091161e-02 -2.147188754669436192e-02 -7.484811885651197760e-02 1.503032128268605438e-01 6.958890006392209893e-02 -5.052911526399114089e-02 -1.212321612422179867e-01 -2.424643224844359735e-02 -1.428571428571428492e-01
-8.571428571428571508e-02 0.000000000000000000e+00 -8.164965809277260900e-02 5.227083734893166883e-02 -8.571428571428571508e-02 7.484811885651197760e-02 0.000000000000000000e+00 6.375767130633383517e-02 -3.673591791853225708e-02 0.000000000000000000e+00
3.673591791853225708e-02 6.537204504606133892e-02 0.000000000000000000e+00 -1.073594377334718131e-01 -5.227083734893166883e-02 0.000000000000000000e+00 -9.090909090909091161e-02 0.000000000000000000e+00 -3.479445003196104946e-02 -1.045416746978633377e-01
-6.337242505244779223e-02 -1.801582484437249873e-02 -8.980265101338745504e-02 0.000000000000000000e+00 -6.441566264008309617e-02 -2.857142857142857054e-02 2.424643224844359735e-02 -6.337242505244779223e-02 0.000000000000000000e+00 -1.045416746978633377e-01
1.950314757443023100e-02 6.337242505244779223e-02 -3.673591791853225708e-02 -6.337242505244779223e-02 0.000000000000000000e+00 -1.212321612422179867e-01 0.000000000000000000e+00 -7.273929674533079204e-02 8.980265101338745504e-02 0.000000000000000000e+00
0.000000000000000000e+00 -8.980265101338745504e-02 0.000000000000000000e+00 6.337242505244779223e-02 -1.102077537555967574e-01 -8.571428571428571508e-02 6.337242505244779223e-02 0.000000000000000000e+00 -1.045416746978633377e-01 3.673591791853225708e-02
-8.980265101338745504e-02 -5.850944272329069301e-02 6.337242505244779223e-02 -1.102077537555967574e-01 -2.857142857142857054e-02 -4.545454545454545581e-02 -8.571428571428571508e-02 -7.273929674533079204e-02 -6.375767130633383517e-02 -1.212321612422179867e-01
0.000000000000000000e+00 -6.375767130633383517e-02 -1.102077537555967574e-01 -3.673591791853225708e-02 6.337242505244779223e-02 -9.090909090909091161e-02 -6.337242505244779223e-02 -2.424643224844359735e-02 -1.568125120467950273e-01 -6.337242505244779223e-02
0.000000000000000000e+00 -8.980265101338745504e-02 -6.337242505244779223e-02 0.000000000000000000e+00 -6.337242505244779223e-02 -8.571428571428571508e-02 0.000000000000000000e+00 0.000000000000000000e+00 1.102077537555967574e-01 -1.428571428571428492e-01
