0.000000000000000000e+00 0.000000000000000000e+00 0.000000000000000000e+00 0.000000000000000000e+00 0.000000000000000000e+00 0.000000000000000000e+00 0.000000000000000000e+00 0.000000000000000000e+00 0.000000000000000000e+00 0.000000000000000000e+00
6.804691916336913504e-01 7.055496641922941459e-01 7.438289322617680499e-01 6.470338983050847315e-01 7.132936507936507020e-01 6.801075268817203812e-01 6.072043628013776839e-01 6.645949266459492133e-01 6.632710809281268105e-01 7.626780626780627070e-01
6.053921568627451677e-01 6.468343697003957615e-01 7.126420454545454586e-01 6.440170940170940606e-01 6.974576271186441190e-01 6.638418079096044533e-01 6.632710809281268105e-01 6.964285714285713969e-01 7.142655367231638408e-01 6.208849557522124751e-01
7.141040135669870503e-01 6.550724637681160090e-01 6.286062266879806071e-01 6.033333333333332771e-01 6.257861635220125507e-01 5.943181818181817455e-01 4.542557326078507929e-01 6.721763085399450333e-01 6.413605051664752477e-01 7.224489795918367374e-01
6.040353982300885605e-01 5.416757503088438508e-01 6.972866026003390338e-01 6.804691916336913504e-01 6.335839598997493605e-01 6.257861635220125507e-01 6.801075268817204922e-01 5.175675675675674992e-01 6.882831858407079118e-01 6.609686609686609149e-01
6.886446886446886406e-01 6.165413533834587234e-01 6.270655270655270952e-01 5.084149326805386115e-01 6.427958833619211720e-01 6.718981972428420546e-01 7.141040135669870503e-01 6.450284090909090828e-01 7.051327433628318264e-01 7.004674577490112020e-01
6.632710809281268105e-01 7.226107226107226778e-01 7.388318584070796557e-01 7.306168647425013152e-01 6.972866026003390338e-01 6.440170940170940606e-01 6.718981972428420546e-01 7.045470667517912400e-01 7.223753976670201915e-01 6.974576271186441190e-01
6.349432831561674373e-01 6.876640419947506189e-01 6.530118768224166814e-01 6.289682539682539542e-01 5.977705861201006998e-01 6.550724637681160090e-01 5.707765918292233565e-01 7.226107226107225667e-01 6.214209968186638067e-01 5.570279928528886204e-01
6.545840707964603045e-01 6.721763085399449222e-01 6.887239307175679892e-01 7.045470667517912400e-01 6.889877798968708777e-01 6.553648371830189667e-01 5.316326530612245360e-01 6.598056032018296824e-01 6.638418079096044533e-01 6.788352272727273817e-01
6.718981972428420546e-01 7.055496641922940348e-01 6.801075268817204922e-01 6.721763085399449222e-01 5.252659574468085957e-01 6.427958833619211720e-01 5.809859154929577496e-01 4.885001131136414987e-01 6.632710809281268105e-01 6.370149677236291996e-01
5.901262916188290131e-01 6.033333333333332771e-01 7.057992512537967222e-01 6.887239307175681002e-01 6.050420168067227600e-01 4.291892741998898919e-01 6.289682539682539542e-01 6.101139601139600188e-01 6.053921568627451677e-01 6.112215909090908950e-01
4.885001131136414987e-01 5.107273678702251019e-01 6.225490196078431460e-01 5.688405797101450112e-01 5.663265306122449161e-01 6.386554621848740121e-01 6.382467302933898523e-01 5.730482204362801202e-01 6.072043628013776839e-01 5.312121212121212466e-01
5.840051366198188987e-01 6.889877798968708777e-01 5.084149326805386115e-01 7.310734463276835626e-01 5.809859154929577496e-01 5.459299039005087728e-01 6.129941461299415195e-01 6.440170940170940606e-01 6.626984126984127865e-01 5.252659574468085957e-01
4.936913145539906234e-01 5.577472841623785094e-01 6.779202279202278802e-01 6.335839598997493605e-01 6.538979924806695987e-01 6.972866026003390338e-01 6.053921568627451677e-01 6.072043628013776839e-01 4.542557326078507929e-01 6.450284090909090828e-01
4.291892741998898919e-01 6.281249999999999334e-01 5.215902322811197811e-01 4.144551101072839749e-01 6.619318181818182323e-01 7.055496641922940348e-01 5.533033033033033510e-01 5.357379462642620771e-01 5.901262916188290131e-01 7.310734463276835626e-01
5.111502347417840042e-01 6.385533658260931222e-01 5.688405797101450112e-01 6.470338983050847315e-01 5.393091125670042008e-01 5.131818181818181834e-01 4.351265822784810555e-01 6.072043628013776839e-01 3.578248235782482412e-01 7.057992512537967222e-01
6.148867313915857835e-01 6.519226653349503575e-01 4.604440275171982622e-01 5.957938859579389179e-01 4.232332707942463856e-01 5.901262916188290131e-01 4.784313725490195734e-01 6.302259887005650096e-01 5.285190999476713225e-01 5.935615144248238551e-01
4.720012239902081075e-01 4.480519480519480346e-01 3.528345418589321492e-01 4.088141025641025550e-01 6.270655270655269842e-01 5.064474775657944461e-01 6.619318181818182323e-01 5.460680751173708769e-01 6.242824339839265768e-01 3.074976806949481500e-01
6.072043628013776839e-01 5.243948420179473935e-01 4.031526152376402883e-01 6.632710809281268105e-01 7.057992512537967222e-01 6.721763085399449222e-01 6.289682539682539542e-01 4.088141025641025550e-01 2.958579881656804855e-01 3.760587238848108749e-01
3.620857699805067331e-01 2.958579881656804855e-01 3.229585006693440064e-01 4.784313725490195734e-01 6.148867313915857835e-01 4.784313725490195734e-01 5.747570040022870197e-01 2.958579881656804855e-01 3.952569169960474804e-01 4.951515151515151758e-01
