0.000000000000000000e+00 0.000000000000000000e+00 0.000000000000000000e+00 0.000000000000000000e+00 0.000000000000000000e+00 0.000000000000000000e+00 0.000000000000000000e+00 0.000000000000000000e+00 0.000000000000000000e+00 0.000000000000000000e+00
6.943478260869565544e-01 7.188405797101449224e-01 7.468115942028985543e-01 6.653623188405797251e-01 7.233333333333333837e-01 6.915942028985506695e-01 6.501449275362318758e-01 6.650724637681160178e-01 6.881159420289855166e-01 7.695652173913043459e-01
6.060869565217391619e-01 6.681159420289854989e-01 7.205797101449276099e-01 6.791304347826087051e-01 7.171014492753622349e-01 6.826086956521739690e-01 6.881159420289855166e-01 7.060869565217391397e-01 7.315942028985507051e-01 6.463768115942029047e-01
7.288405797101449313e-01 6.781159420289855078e-01 6.285507246376811352e-01 6.556521739130435344e-01 6.646376811594203460e-01 6.246376811594203105e-01 5.669565217391303591e-01 6.871014492753623193e-01 6.433333333333333126e-01 7.213043478260869890e-01
6.291304347826087717e-01 5.966666666666666785e-01 7.115942028985506873e-01 7.026086956521738758e-01 6.746376811594203549e-01 6.646376811594203460e-01 7.053623188405797606e-01 6.004347826086956497e-01 6.988405797101449046e-01 6.963768115942029491e-01
6.857971014492754147e-01 6.573913043478261109e-01 6.315942028985507273e-01 6.059420289855071973e-01 6.818840579710144789e-01 6.953623188405797517e-01 7.288405797101449313e-01 6.763768115942029313e-01 7.326086956521739024e-01 7.023188405797101685e-01
6.881159420289855166e-01 7.388405797101449402e-01 7.505797101449275255e-01 7.433333333333332904e-01 7.115942028985506873e-01 6.791304347826087051e-01 6.953623188405797517e-01 7.133333333333333748e-01 7.360869565217391663e-01 7.171014492753622349e-01
6.718840579710144700e-01 6.960869565217391308e-01 6.863768115942029402e-01 6.563768115942029135e-01 6.428985507246376407e-01 6.781159420289855078e-01 6.366666666666666030e-01 7.443478260869564878e-01 6.326086956521739246e-01 6.321739130434782528e-01
6.808695652173912816e-01 6.926086956521738669e-01 7.015942028985506784e-01 7.133333333333333748e-01 7.098550724637681109e-01 6.753623188405797340e-01 5.894202898550724434e-01 6.991304347826087229e-01 6.826086956521739690e-01 6.860869565217391219e-01
6.953623188405797517e-01 7.298550724637681286e-01 7.053623188405797606e-01 6.926086956521738669e-01 5.949275362318841021e-01 6.818840579710144789e-01 6.439130434782608381e-01 5.759420289855072816e-01 6.881159420289855166e-01 6.663768115942029224e-01
6.328985507246376319e-01 6.556521739130435344e-01 7.215942028985506962e-01 7.126086956521738847e-01 6.208695652173912283e-01 5.524637681159420000e-01 6.563768115942029135e-01 6.446376811594203282e-01 6.528985507246376496e-01 6.418840579710144434e-01
5.759420289855072816e-01 5.904347826086956408e-01 6.701449275362318936e-01 6.211594202898550465e-01 6.239130434782609314e-01 6.553623188405797162e-01 6.608695652173912638e-01 6.156521739130434989e-01 6.501449275362318758e-01 6.204347826086956674e-01
6.201449275362318492e-01 7.043478260869565633e-01 6.059420289855071973e-01 7.488405797101449490e-01 6.439130434782608381e-01 5.646376811594202572e-01 6.628985507246376585e-01 6.791304347826087051e-01 6.908695652173912904e-01 5.949275362318841021e-01
5.576811594202898403e-01 5.956521739130434812e-01 6.833333333333333481e-01 6.746376811594203549e-01 6.836231884057970554e-01 7.115942028985506873e-01 6.528985507246376496e-01 6.501449275362318758e-01 5.669565217391303591e-01 6.763768115942029313e-01
5.524637681159420000e-01 6.591304347826086873e-01 5.976811594202898759e-01 5.579710144927536586e-01 6.936231884057970642e-01 7.298550724637681286e-01 6.349275362318840266e-01 6.021739130434782261e-01 6.328985507246376319e-01 7.488405797101449490e-01
5.749275362318840843e-01 6.581159420289854900e-01 6.211594202898550465e-01 6.626086956521739513e-01 6.149275362318840088e-01 6.031884057971014235e-01 5.624637681159420088e-01 6.501449275362318758e-01 5.289855072463768293e-01 7.215942028985506962e-01
6.601449275362318847e-01 6.891304347826087140e-01 5.769565217391303680e-01 6.456521739130435256e-01 5.424637681159419911e-01 6.328985507246376319e-01 5.814492753623188293e-01 6.481159420289854811e-01 6.076811594202897737e-01 6.484057971014492994e-01
5.714492753623188204e-01 5.569565217391303502e-01 5.189855072463768204e-01 5.479710144927536497e-01 6.618840579710144612e-01 5.931884057971014146e-01 6.688405797101448780e-01 6.094202898550724612e-01 6.673913043478261198e-01 4.972463768115941707e-01
6.501449275362318758e-01 6.104347826086956585e-01 5.379710144927536408e-01 6.743478260869565366e-01 7.271014492753622438e-01 6.926086956521738669e-01 6.563768115942029135e-01 5.479710144927536497e-01 5.000000000000000000e-01 5.234782608695651707e-01
5.162318840579710466e-01 5.000000000000000000e-01 5.044927536231883503e-01 5.814492753623188293e-01 6.601449275362318847e-01 5.814492753623188293e-01 6.128985507246376141e-01 5.000000000000000000e-01 5.407246376811594146e-01 5.859420289855071795e-01
