0.000000000000000000e+00 0.000000000000000000e+00 0.000000000000000000e+00 0.000000000000000000e+00 0.000000000000000000e+00
9.341229341229341232e-01 9.173789173789174134e-01 9.341229341229341232e-01 9.341229341229341232e-01 9.341229341229341232e-01
9.341229341229341232e-01 9.341229341229341232e-01 9.341229341229341232e-01 9.341229341229341232e-01 9.341229341229341232e-01
9.173789173789174134e-01 9.341229341229341232e-01 9.173789173789174134e-01 9.341229341229341232e-01 9.341229341229341232e-01
9.335593007563631751e-01 9.173789173789174134e-01 9.003556829643786230e-01 9.183920762868131860e-01 9.173789173789174134e-01
9.326599326599326334e-01 9.326599326599326334e-01 9.003556829643786230e-01 9.008417508417508879e-01 9.173789173789174134e-01
9.341229341229341232e-01 9.341229341229341232e-01 9.173789173789174134e-01 9.506533178503802084e-01 9.341229341229341232e-01
9.341229341229341232e-01 9.506533178503802084e-01 8.997171590194845692e-01 9.175466163838258415e-01 9.173789173789174134e-01
9.341229341229341232e-01 9.833229101521784310e-01 9.506533178503802084e-01 9.340434419381787867e-01 9.497171590194845026e-01
9.326599326599326334e-01 8.827965799037835737e-01 8.677248677248677877e-01 8.490028490028489472e-01 9.175466163838258415e-01
9.170653907496012502e-01 8.659932659932660926e-01 9.666562434855118235e-01 6.583823628863190169e-01 9.666562434855118235e-01
