0.000000000000000000e+00 0.000000000000000000e+00 0.000000000000000000e+00 0.000000000000000000e+00 0.000000000000000000e+00
9.162886597938144639e-01 9.150515463917525683e-01 9.158762886597938691e-01 9.138144329896906726e-01 9.195876288659793341e-01
9.158762886597938691e-01 9.125773195876288879e-01 9.179381443298969545e-01 9.162886597938144639e-01 9.200000000000000400e-01
9.146391752577319734e-01 9.121649484536082930e-01 9.167010309278350588e-01 9.171134020618556537e-01 9.220618556701031254e-01
9.179381443298969545e-01 9.158762886597938691e-01 9.138144329896906726e-01 9.212371134020618246e-01 9.175257731958762486e-01
9.167010309278350588e-01 9.191752577319587392e-01 9.158762886597938691e-01 9.232989690721649101e-01 9.187628865979381443e-01
9.171134020618556537e-01 9.154639175257731631e-01 9.150515463917525683e-01 9.171134020618556537e-01 9.150515463917525683e-01
9.191752577319587392e-01 9.162886597938144639e-01 9.220618556701031254e-01 9.191752577319587392e-01 9.183505154639175494e-01
9.175257731958762486e-01 9.129896907216494828e-01 9.129896907216494828e-01 9.154639175257731631e-01 9.167010309278350588e-01
9.076288659793814162e-01 9.125773195876288879e-01 9.105154639175258025e-01 9.113402061855669922e-01 9.125773195876288879e-01
8.589690721649484439e-01 8.622680412371134251e-01 8.589690721649484439e-01 8.659793814432990011e-01 8.738144329896907481e-01
