0.000000000000000000e+00 0.000000000000000000e+00 0.000000000000000000e+00 0.000000000000000000e+00 0.000000000000000000e+00
9.477701505663668202e-01 9.471186800481624646e-01 9.476011089502001106e-01 9.461285987990464275e-01 9.499168366723194090e-01
9.480836675614058295e-01 9.461308403378965171e-01 9.485150298029553229e-01 9.481727225079027432e-01 9.501700167316426970e-01
9.466273671185175820e-01 9.453609763375675490e-01 9.480533188430282365e-01 9.487215307246108509e-01 9.511584211590070614e-01
9.486764936910967450e-01 9.470545611466864022e-01 9.461394041971848967e-01 9.508130325955317375e-01 9.489916599823382537e-01
9.483609651327572498e-01 9.493779052993522871e-01 9.477117498942534413e-01 9.523463544158625727e-01 9.497529198939861361e-01
9.482595658215846601e-01 9.471932259844835222e-01 9.458815189016712699e-01 9.483902395797384477e-01 9.470313328814818910e-01
9.493606593936125826e-01 9.476980949872472193e-01 9.512251952250576625e-01 9.486074812754026198e-01 9.495478559435197585e-01
9.478214545273100367e-01 9.457117125360022802e-01 9.430003856004351981e-01 9.464120631135168882e-01 9.459289962425321274e-01
9.383361208402482001e-01 9.442154827720836696e-01 9.403945417677180840e-01 9.413475739276374599e-01 9.450007827078299449e-01
8.914101448061360067e-01 8.949858776644477043e-01 8.906868348424573645e-01 8.988791344828023222e-01 9.048045576261362077e-01
