0.000000000000000000e+00 0.000000000000000000e+00 0.000000000000000000e+00 0.000000000000000000e+00 0.000000000000000000e+00
7.652631578947368673e-01 7.652631578947368673e-01 7.652631578947368673e-01 7.652631578947368673e-01 7.652631578947368673e-01
7.245614035087719618e-01 7.224561403508772406e-01 7.214035087719298245e-01 7.308771929824561253e-01 7.417543859649122773e-01
6.859649122807017774e-01 6.754385964912280604e-01 6.905263157894736548e-01 6.964912280701753833e-01 6.842105263157894912e-01
6.498245614035087492e-01 6.435087719298245856e-01 6.449122807017544368e-01 6.649122807017543435e-01 6.421052631578947345e-01
6.238596491228070029e-01 6.094736842105262786e-01 6.287719298245614263e-01 6.143859649122807021e-01 6.182456140350877094e-01
6.154385964912281182e-01 5.596491228070175072e-01 5.708771929824560942e-01 5.842105263157895134e-01 5.799999999999999600e-01
5.842105263157895134e-01 5.403508771929824706e-01 5.663157894736842168e-01 5.249122807017544412e-01 5.410526315789473406e-01
5.540350877192982137e-01 5.326315789473684559e-01 5.164912280701754455e-01 5.112280701754385870e-01 5.459649122807017640e-01
5.238596491228070251e-01 5.000000000000000000e-01 5.021052631578947212e-01 5.003508771929824350e-01 5.000000000000000000e-01
5.000000000000000000e-01 5.000000000000000000e-01 5.000000000000000000e-01 5.000000000000000000e-01 5.000000000000000000e-01
