0.000000000000000000e+00 0.000000000000000000e+00 0.000000000000000000e+00 0.000000000000000000e+00 0.000000000000000000e+00
6.008589839759757023e-01 6.008589839759757023e-01 6.008589839759757023e-01 6.008589839759757023e-01 6.008589839759757023e-01
5.381382351970499522e-01 5.348841772126849969e-01 5.332563411454092073e-01 5.478891144673571079e-01 5.646537640066243702e-01
4.779626301941072852e-01 4.612656040144425540e-01 4.851500913978631924e-01 4.945113595420808639e-01 4.751909633114915210e-01
4.197949699032701432e-01 4.093339480575289291e-01 4.116681438347375432e-01 4.443860839367482773e-01 4.069940684815211429e-01
3.759915472085599286e-01 3.506158040938517351e-01 3.844542554149260605e-01 3.593884575100348422e-01 3.662003087602361817e-01
3.612530530610011392e-01 2.518587616520329142e-01 2.761955609987384319e-01 3.032392174315613476e-01 2.948839123097942716e-01
3.032392174315613476e-01 2.050549487154294248e-01 2.665069044161250678e-01 1.598397902471085374e-01 2.069060143943033669e-01
2.390013843496900103e-01 1.836635993785113163e-01 1.294903426535276569e-01 1.065625230894163694e-01 2.194982408794486917e-01
1.563420828592014533e-01 0.000000000000000000e+00 4.593152121746253008e-02 1.873500336269921795e-02 0.000000000000000000e+00
0.000000000000000000e+00 0.000000000000000000e+00 0.000000000000000000e+00 0.000000000000000000e+00 0.000000000000000000e+00
