0.000000000000000000e+00 0.000000000000000000e+00 0.000000000000000000e+00 0.000000000000000000e+00 0.000000000000000000e+00
5.695190953778458409e-01 5.761666425609869302e-01 5.893996946046036189e-01 5.827932738115634281e-01 5.739531533341568625e-01
5.628498911788115677e-01 5.805866764651845813e-01 5.805866764651845813e-01 5.672984713143123248e-01 5.739531533341568625e-01
5.827932738115634281e-01 5.606218769267650170e-01 5.516842897487252984e-01 5.561582508603103436e-01 5.583913402703242213e-01
5.628498911788115677e-01 5.695190953778459519e-01 5.672984713143122137e-01 5.561582508603104547e-01 5.783778080881810668e-01
5.404524853202998802e-01 5.359402951822153094e-01 5.539225778231305908e-01 5.539225778231305908e-01 5.561582508603103436e-01
5.291502622129181654e-01 5.177730090386026829e-01 5.154881181947843505e-01 5.200546979779039347e-01 5.606218769267650170e-01
4.807993344421350734e-01 5.131999826794835240e-01 4.994005295240373510e-01 5.131999826794835240e-01 4.807993344421350734e-01
4.970884115415374338e-01 4.807993344421350734e-01 4.690453662019864467e-01 4.784567784961237802e-01 5.040141091499544812e-01
4.807993344421350734e-01 4.784567784961237802e-01 4.831378915198250579e-01 4.878032390216367475e-01 4.947726750741193169e-01
4.714045207910316782e-01 4.737594326237737907e-01 4.737594326237737907e-01 4.761101646561317624e-01 4.761101646561317624e-01
