0.000000000000000000e+00 0.000000000000000000e+00 0.000000000000000000e+00 0.000000000000000000e+00 0.000000000000000000e+00
1.720385409502428464e-01 1.840255199749441239e-01 2.081866188532274786e-01 1.960585649050505253e-01 1.800403335525797288e-01
1.607493381201491045e-01 1.925326402804609371e-01 1.923017659392628198e-01 1.682010643791945481e-01 1.801172344332231945e-01
1.981960219169497384e-01 1.568657784602845717e-01 1.414791146045275561e-01 1.502889996122845351e-01 1.539046064338068787e-01
1.637584836768251617e-01 1.761289526432192332e-01 1.736149968681258982e-01 1.531665491366727139e-01 1.928779747535026290e-01
1.273566770271233328e-01 1.202451573989000572e-01 1.521078482702823975e-01 1.538367891429290035e-01 1.586789781224785256e-01
1.118750218156313869e-01 8.740822402065649699e-02 8.604893611199140868e-02 9.376245863737908692e-02 1.707332543042304751e-01
1.978291948127629610e-02 8.647984738334707489e-02 6.093438220111686149e-02 8.870260308361356538e-02 2.175884847097668551e-02
6.525155055165175744e-02 2.538433563275385371e-02 -6.540186465990367737e-03 1.561737618886060823e-02 8.588687676333665866e-02
3.181155510108023970e-02 3.226988168257620415e-02 3.777199335441823458e-02 7.152296499137972274e-02 6.859835801276832623e-02
0.000000000000000000e+00 2.592379236826063138e-02 4.478110755198990572e-02 2.737244507256794690e-02 4.020422005641730717e-02
