0.000000000000000000e+00 0.000000000000000000e+00 0.000000000000000000e+00 0.000000000000000000e+00 0.000000000000000000e+00
8.126516385254807240e-01 7.866073809284679363e-01 7.858098066996166420e-01 7.774077495247510017e-01 7.639000753555377221e-01
6.987086756581738500e-01 7.976632360290587531e-01 8.149503007995683168e-01 7.986463769328658868e-01 7.726304979714686549e-01
7.894687933753440356e-01 8.045205828448546148e-01 7.097861927710988894e-01 8.017691466085060670e-01 8.232849015536778392e-01
8.017364668298694319e-01 8.404896479360388639e-01 7.846348501034533518e-01 6.755162331566079148e-01 7.674347279351994011e-01
7.176524187209700756e-01 7.957805165194279384e-01 7.510882131105350856e-01 8.099059177993451764e-01 7.794552466952956449e-01
7.770998207352347587e-01 7.215363475503172586e-01 7.505648116791263647e-01 7.976138044559211160e-01 7.019183301093924188e-01
7.927406231146448823e-01 7.299765451001309913e-01 7.935882415403741064e-01 6.872541628270610881e-01 7.906119848984068943e-01
7.779479428265849705e-01 7.116592822497355142e-01 6.868641187434180173e-01 7.456358736471213611e-01 7.287853340148884307e-01
8.023390234653462461e-01 7.225233960386634458e-01 7.019884836874576983e-01 7.075679346335610465e-01 7.397864521303980645e-01
6.739402745329121647e-01 7.423377953474827873e-01 7.403391871423351533e-01 6.539754975660209135e-01 7.031258209099574552e-01
