0.000000000000000000e+00 0.000000000000000000e+00 0.000000000000000000e+00 0.000000000000000000e+00 0.000000000000000000e+00
7.728911764689562203e-01 7.970948973491149836e-01 7.762307291421851607e-01 8.331628456640481906e-01 7.681806703776854484e-01
6.850534856019756536e-01 8.105037460182601405e-01 7.889032712444794537e-01 7.943830221517256263e-01 7.807411815879494732e-01
7.626541043246795049e-01 8.051188147044480159e-01 7.289573224446861399e-01 8.199731127606716408e-01 8.110759673610715703e-01
7.769187063444922270e-01 8.603126697867354844e-01 8.126113472215136246e-01 6.823137173725080107e-01 7.466349721261418271e-01
7.068529033794783700e-01 8.138035596581699727e-01 7.782776519813746630e-01 7.881054924827197716e-01 8.110336510899851525e-01
7.391441936064345741e-01 7.461864293758229127e-01 7.276806376441627977e-01 7.769127368154041813e-01 7.584825914460394669e-01
7.869111235305348284e-01 7.267645408187396461e-01 7.827913289414641929e-01 7.282405155978373124e-01 7.584792088913763219e-01
7.939310636906964369e-01 6.867383267422871862e-01 7.171487112438806877e-01 7.437152594676500472e-01 7.171910044927923833e-01
7.864987786882936538e-01 7.015880254093240787e-01 7.217023871961223414e-01 6.844992246449841389e-01 7.130644585480949704e-01
7.045229328316630069e-01 7.300745042261849171e-01 6.785692055167527048e-01 6.543700512084457133e-01 6.900526953632524219e-01
