0.000000000000000000e+00 0.000000000000000000e+00 0.000000000000000000e+00 0.000000000000000000e+00 0.000000000000000000e+00 0.000000000000000000e+00 0.000000000000000000e+00 0.000000000000000000e+00 0.000000000000000000e+00 0.000000000000000000e+00
-6.726727939963124403e-02 -3.333539113704139800e-02 2.236067977499789708e-02 -2.242242646654375032e-02 1.112829768149314544e-02 3.469889591797441220e-02 3.335186729825350554e-02 5.555898522840233694e-02 3.447820373544150524e-02 0.000000000000000000e+00
-1.116708683621346794e-02 0.000000000000000000e+00 1.183535554371126057e-02 -5.971453032500155522e-02 2.222222222222222307e-02 -5.572436022463081451e-02 -6.666666666666666574e-02 -1.235175617963779754e-01 0.000000000000000000e+00 -5.614434627108089854e-02
2.672612419124243896e-02 -6.774581282657173020e-02 8.442317648177381784e-02 -1.324648559403914135e-02 -1.111179704568046600e-02 7.782102369592483471e-02 4.444444444444444614e-02 -6.673260799501935792e-02 4.714045207910316782e-02 -7.888106377466154451e-02
2.291486218791003449e-01 0.000000000000000000e+00 -1.324648559403914135e-02 -1.114487204492616360e-02 -3.410192001109250276e-02 3.582871819500093452e-02 0.000000000000000000e+00 1.156629863932480580e-02 -1.264809883323753797e-02 1.111111111111111049e-01
3.849001794597504966e-02 4.961389383568338279e-02 5.025189076296060486e-02 1.111728909941783403e-02 5.254069374927337888e-02 4.536092116265144636e-02 -9.439656264065239555e-02 -1.624834209049203781e-01 -3.849001794597504966e-02 -8.853669183266275888e-02
-2.777777777777777624e-02 -5.713259751592174307e-02 -1.302883213545188469e-02 -1.248148652372911213e-02 1.324648559403914135e-02 1.173712153986672911e-02 -1.018963604225335412e-01 -1.237296056286259632e-01 -3.521136461960018560e-02 2.627034687463668944e-02
0.000000000000000000e+00 -2.585438449975095698e-02 6.742611617189457618e-02 0.000000000000000000e+00 -1.988854199402068090e-01 7.642227031690014549e-02 -3.160697706205069929e-02 5.191741316511650634e-02 1.089065540234660234e-01 7.756315349925287095e-02
1.964517399729199809e-01 1.302883213545188469e-02 -8.297398136450223616e-02 -1.403724812687192833e-02 -5.424147816551094792e-02 3.698633607276545499e-02 -3.703703703703703498e-02 4.533501691682768897e-02 7.178841537565799902e-02 -1.060660171779821276e-01
-1.407052941362896825e-01 -5.555555555555555247e-02 1.606438657804997588e-02 1.014185105674220017e-01 0.000000000000000000e+00 4.414151895443913648e-02 -1.017680297329137534e-01 -5.191741316511650634e-02 -1.784344596771036129e-01 4.148699068225111808e-02
