0.000000000000000000e+00 0.000000000000000000e+00 0.000000000000000000e+00 0.000000000000000000e+00 0.000000000000000000e+00 0.000000000000000000e+00 0.000000000000000000e+00 0.000000000000000000e+00 0.000000000000000000e+00 0.000000000000000000e+00
1.134023029066286159e-01 -1.126872339638022164e-02 1.561737618886060719e-01 1.235175617963779754e-01 5.634361698190110818e-02 6.673260799501935792e-02 -1.111728909941783403e-02 -1.007553873309016829e-01 5.713259751592174307e-02 -7.816960785349427732e-02
0.000000000000000000e+00 0.000000000000000000e+00 4.462107482531602054e-02 -2.236067977499789708e-02 6.875238727711584230e-02 -7.888106377466154451e-02 -7.801410431448313476e-02 0.000000000000000000e+00 7.354355067681901670e-02 1.455355594779691175e-01
5.917677771855630459e-02 6.668313367115805135e-02 -9.072184232530289272e-02 7.642227031690014549e-02 -4.462107482531602054e-02 -6.726727939963124403e-02 3.521136461960018560e-02 4.462107482531602054e-02 -7.354355067681901670e-02 -1.218877905569375718e-02
2.400076803686596733e-02 2.242242646654375032e-02 -2.400076803686596733e-02 1.348522323437891315e-02 -1.065181998934013469e-01 -1.164760929691020276e-02 -5.683653335182083793e-02 -8.153326507837142800e-02 0.000000000000000000e+00 1.156629863932480580e-02
-6.873866979368109531e-02 -1.162476387438192704e-01 -7.018624063435964511e-02 0.000000000000000000e+00 -1.324648559403914135e-02 -1.136730667036416759e-02 -2.627034687463668944e-02 3.849001794597504966e-02 0.000000000000000000e+00 3.908649640635565581e-02
1.606438657804997588e-02 2.981423969999719495e-02 9.040246360918491320e-02 -1.060660171779821276e-01 -5.191741316511650634e-02 -2.585438449975095698e-02 0.000000000000000000e+00 -7.779333800155610601e-02 3.160697706205069929e-02 -6.321395412410139858e-02
-1.730580438837216878e-02 -5.424147816551094792e-02 2.146199494651634260e-02 4.533501691682768897e-02 -3.065696697424829045e-02 -1.899685628040686733e-02 6.030226891555271612e-02 -4.819315973414992765e-02 1.073099747325817199e-01 5.555555555555555247e-02
3.904344047215151797e-02 0.000000000000000000e+00 -8.620832027071172188e-02 2.010075630518423986e-02 -7.537783614444089342e-02 0.000000000000000000e+00 0.000000000000000000e+00 0.000000000000000000e+00 0.000000000000000000e+00 -2.010075630518423986e-02
-1.014185105674220017e-01 9.272539915827399115e-02 4.339630366027461689e-02 -1.555866760031122085e-02 -4.339630366027461689e-02 7.537783614444089342e-02 7.474350927519357590e-02 0.000000000000000000e+00 -5.391638660171920588e-02 -1.059997880006360027e-01
