0.000000000000000000e+00 0.000000000000000000e+00 0.000000000000000000e+00 0.000000000000000000e+00 0.000000000000000000e+00
9.791666666666666297e-01 9.791666666666666297e-01 9.791666666666666297e-01 9.791666666666666297e-01 9.791666666666666297e-01
9.791666666666666297e-01 9.791666666666666297e-01 9.791666666666666297e-01 9.722222222222222099e-01 9.791666666666666297e-01
9.791666666666666297e-01 9.722222222222222099e-01 9.722222222222222099e-01 9.722222222222222099e-01 9.791666666666666297e-01
9.861111111111111605e-01 9.722222222222222099e-01 9.791666666666666297e-01 9.791666666666666297e-01 9.722222222222222099e-01
9.930555555555555802e-01 9.652777777777777901e-01 9.722222222222222099e-01 9.791666666666666297e-01 9.583333333333333703e-01
9.722222222222222099e-01 9.861111111111111605e-01 9.861111111111111605e-01 9.791666666666666297e-01 9.791666666666666297e-01
9.791666666666666297e-01 9.305555555555555802e-01 9.305555555555555802e-01 9.791666666666666297e-01 9.444444444444444198e-01
9.027777777777777901e-01 8.680555555555555802e-01 9.444444444444444198e-01 9.861111111111111605e-01 9.583333333333333703e-01
9.097222222222222099e-01 8.194444444444444198e-01 9.791666666666666297e-01 9.375000000000000000e-01 9.305555555555555802e-01
8.611111111111111605e-01 8.194444444444444198e-01 9.097222222222222099e-01 8.541666666666666297e-01 7.708333333333333703e-01
