0.000000000000000000e+00 0.000000000000000000e+00 0.000000000000000000e+00 0.000000000000000000e+00 0.000000000000000000e+00
9.692409147164179339e-01 9.692409147164179339e-01 9.692409147164179339e-01 9.692409147164179339e-01 9.692409147164179339e-01
9.692409147164179339e-01 9.692409147164179339e-01 9.692409147164179339e-01 9.592358170230121939e-01 9.692409147164179339e-01
9.692409147164179339e-01 9.592358170230121939e-01 9.585413727004499229e-01 9.592358170230121939e-01 9.692409147164179339e-01
9.793792286287205107e-01 9.585413727004499229e-01 9.692409147164179339e-01 9.688200850064219161e-01 9.585413727004499229e-01
9.896549255441944304e-01 9.485344032370642831e-01 9.592358170230121939e-01 9.692409147164179339e-01 9.377035167721792241e-01
9.588189693968866001e-01 9.793792286287205107e-01 9.793792286287205107e-01 9.688200850064219161e-01 9.692409147164179339e-01
9.692409147164179339e-01 9.002069399292914609e-01 8.986329210537371548e-01 9.688200850064219161e-01 9.171311881187610426e-01
8.628870401148855951e-01 8.086617485261756721e-01 9.171311881187610426e-01 9.792375052753081732e-01 9.377035167721792241e-01
8.724444961940585053e-01 7.617701094611180057e-01 9.688200850064219161e-01 9.064467328797732870e-01 8.983713864378799485e-01
8.080230696491000897e-01 7.543033377319207089e-01 8.737326181065134811e-01 7.961322896329189325e-01 6.871137441377732635e-01
