0.000000000000000000e+00 0.000000000000000000e+00 0.000000000000000000e+00 0.000000000000000000e+00 0.000000000000000000e+00
8.133333333333333526e-01 8.053333333333333455e-01 8.080000000000000515e-01 8.186666666666666536e-01 8.319999999999999618e-01
8.319999999999999618e-01 8.159999999999999476e-01 8.053333333333333455e-01 8.026666666666666394e-01 8.000000000000000444e-01
8.053333333333333455e-01 8.000000000000000444e-01 7.840000000000000302e-01 8.426666666666666750e-01 8.080000000000000515e-01
7.760000000000000231e-01 7.813333333333333242e-01 8.133333333333333526e-01 8.106666666666666465e-01 8.293333333333333668e-01
8.293333333333333668e-01 7.866666666666666252e-01 8.000000000000000444e-01 8.080000000000000515e-01 7.760000000000000231e-01
7.733333333333333171e-01 7.786666666666666181e-01 8.000000000000000444e-01 7.786666666666666181e-01 8.106666666666666465e-01
7.386666666666666936e-01 7.413333333333332886e-01 7.520000000000000018e-01 7.813333333333333242e-01 7.493333333333332957e-01
7.306666666666666865e-01 7.733333333333333171e-01 7.439999999999999947e-01 7.173333333333333783e-01 7.626666666666667149e-01
6.426666666666667194e-01 6.879999999999999449e-01 6.560000000000000275e-01 6.560000000000000275e-01 6.106666666666666909e-01
4.239999999999999880e-01 4.853333333333333388e-01 3.840000000000000080e-01 4.719999999999999751e-01 4.693333333333333246e-01
