0.000000000000000000e+00 0.000000000000000000e+00 0.000000000000000000e+00 0.000000000000000000e+00 0.000000000000000000e+00
8.628098799207672975e-01 8.668840752949611428e-01 8.566933847973589033e-01 8.628098799207672975e-01 8.729902634050392685e-01
8.831539440487649051e-01 8.709555416641859837e-01 8.648473211433848062e-01 8.526121952890162170e-01 8.444411695842931609e-01
8.505705274827140006e-01 8.464850198845156326e-01 8.321623773172048821e-01 8.668840752949611428e-01 8.546531460188980800e-01
8.301132452864489197e-01 8.526121952890163280e-01 8.485281374238571317e-01 8.526121952890163280e-01 8.362583332918125389e-01
8.444411695842931609e-01 8.198558138816578467e-01 8.485281374238571317e-01 8.423965811896435563e-01 8.239611641333589587e-01
8.362583332918125389e-01 8.157472375408669762e-01 8.321623773172051042e-01 8.485281374238571317e-01 8.607717467482306484e-01
8.095782166590754780e-01 7.972173828734265832e-01 8.054613584772395418e-01 8.260126445090830716e-01 8.136917243171534198e-01
8.034016568455795149e-01 8.239611641333589587e-01 8.239611641333589587e-01 7.765450548565886457e-01 7.930901588091987531e-01
7.307201926866397912e-01 7.599391788528576663e-01 7.369993215736361236e-01 7.328143618194780107e-01 7.223320258409947625e-01
5.471997400909064391e-01 6.069230227595222571e-01 5.291502622129180544e-01 6.178097513708317168e-01 6.025545618448175933e-01
