0.000000000000000000e+00 0.000000000000000000e+00 0.000000000000000000e+00 0.000000000000000000e+00 0.000000000000000000e+00
8.587329166989130513e-01 8.526121952890162170e-01 8.546531460188980800e-01 8.628098799207672975e-01 8.729902634050392685e-01
8.729902634050393795e-01 8.607717467482306484e-01 8.526121952890162170e-01 8.505705274827138895e-01 8.485281374238571317e-01
8.526121952890163280e-01 8.485281374238571317e-01 8.362583332918124279e-01 8.811225163896838630e-01 8.546531460188980800e-01
8.301132452864489197e-01 8.342107380965290142e-01 8.587329166989129403e-01 8.566933847973587923e-01 8.709555416641859837e-01
8.709555416641859837e-01 8.383051685129679909e-01 8.485281374238571317e-01 8.546531460188980800e-01 8.301132452864489197e-01
8.280633362786260498e-01 8.321623773172051042e-01 8.485281374238571317e-01 8.321623773172051042e-01 8.566933847973590144e-01
8.013410981320973070e-01 8.034016568455795149e-01 8.116353861186684782e-01 8.342107380965289032e-01 8.095782166590754780e-01
7.951542128557341771e-01 8.280633362786260498e-01 8.054613584772395418e-01 7.848249627924829275e-01 8.198558138816578467e-01
7.265284272177899849e-01 7.620183724819238336e-01 7.369993215736361236e-01 7.369993215736361236e-01 7.012775643225884759e-01
5.494433546781688493e-01 6.003672949860684449e-01 5.154881181947844615e-01 5.893996946046036189e-01 5.871997577958930625e-01
