0.000000000000000000e+00 0.000000000000000000e+00 0.000000000000000000e+00 0.000000000000000000e+00 0.000000000000000000e+00
9.971929824561402977e-01 9.971929824561402977e-01 9.964912280701754277e-01 9.968421052631579737e-01 9.971929824561402977e-01
9.936842105263157254e-01 9.971929824561402977e-01 9.968421052631579737e-01 9.971929824561402977e-01 9.943859649122805955e-01
9.947368421052631415e-01 9.975438596491228438e-01 9.968421052631579737e-01 9.950877192982456876e-01 9.964912280701754277e-01
9.971929824561402977e-01 9.943859649122807065e-01 9.954385964912280116e-01 9.964912280701754277e-01 9.954385964912280116e-01
9.950877192982456876e-01 9.961403508771929927e-01 9.936842105263157254e-01 9.950877192982456876e-01 9.957894736842105576e-01
9.936842105263157254e-01 9.964912280701754277e-01 9.968421052631579737e-01 9.954385964912280116e-01 9.926315789473684204e-01
9.926315789473684204e-01 9.929824561403508554e-01 9.919298245614034393e-01 9.926315789473684204e-01 9.919298245614034393e-01
9.940350877192982715e-01 9.898245614035088291e-01 9.929824561403508554e-01 9.884210526315788670e-01 9.915789473684211153e-01
9.807017543859648523e-01 9.505263157894736636e-01 9.922807017543859853e-01 9.729824561403508376e-01 9.877192982456139969e-01
7.936842105263157698e-01 7.831578947368420529e-01 9.645614035087719529e-01 8.242105263157895045e-01 7.322807017543859764e-01
