0.000000000000000000e+00 0.000000000000000000e+00 0.000000000000000000e+00 0.000000000000000000e+00 0.000000000000000000e+00
9.113402061855669922e-01 9.134020618556700777e-01 9.175257731958762486e-01 9.121649484536082930e-01 9.154639175257731631e-01
9.183505154639175494e-01 9.195876288659793341e-01 9.167010309278350588e-01 9.179381443298969545e-01 9.134020618556700777e-01
9.167010309278350588e-01 9.150515463917525683e-01 9.191752577319587392e-01 9.183505154639175494e-01 9.175257731958762486e-01
9.208247422680412297e-01 9.204123711340206349e-01 9.171134020618556537e-01 9.187628865979381443e-01 9.183505154639175494e-01
9.195876288659793341e-01 9.179381443298969545e-01 9.200000000000000400e-01 9.208247422680412297e-01 9.162886597938144639e-01
9.096907216494845017e-01 9.154639175257731631e-01 9.175257731958762486e-01 9.162886597938144639e-01 9.183505154639175494e-01
9.162886597938144639e-01 9.175257731958762486e-01 9.105154639175258025e-01 9.167010309278350588e-01 9.121649484536082930e-01
9.109278350515463973e-01 9.113402061855669922e-01 9.204123711340206349e-01 9.109278350515463973e-01 9.191752577319587392e-01
9.080412371134020111e-01 9.171134020618556537e-01 9.059793814432989256e-01 9.096907216494845017e-01 9.175257731958762486e-01
8.148453608247422375e-01 8.610309278350515294e-01 8.511340206185566970e-01 8.680412371134020866e-01 8.585567010309278491e-01
