0.000000000000000000e+00 0.000000000000000000e+00 0.000000000000000000e+00 0.000000000000000000e+00 0.000000000000000000e+00
9.108073772473310736e-01 9.123685881289775867e-01 9.169388964626724592e-01 9.113766666292860696e-01 9.148715047727671301e-01
9.180795090378497392e-01 9.188205932716438928e-01 9.162717936729094514e-01 9.175001567742835373e-01 9.132133123968539934e-01
9.164710873021653104e-01 9.140608535564453963e-01 9.187765079794754097e-01 9.181807348921887657e-01 9.174572326574038650e-01
9.212317345439439142e-01 9.204774818799490443e-01 9.173814524662468051e-01 9.185816668062802837e-01 9.184799060324861930e-01
9.199110924567822645e-01 9.185746414839968121e-01 9.202745334900358509e-01 9.207234680640645763e-01 9.160900019394950800e-01
9.087747587689947171e-01 9.157195933740220894e-01 9.179346199214745150e-01 9.163828583972820629e-01 9.188506254805792750e-01
9.161583688708130335e-01 9.176624944041238408e-01 9.093289325327592598e-01 9.176926049652172068e-01 9.122210200726665885e-01
9.105369865573761379e-01 9.106000542791194974e-01 9.204232311831977986e-01 9.102347032062324539e-01 9.198684951993338910e-01
9.075411459889851651e-01 9.183942976730911090e-01 9.049901351723587117e-01 9.091748187450956475e-01 9.188167499987989206e-01
7.510977460104326653e-01 8.399395736755529418e-01 8.175014803424979215e-01 8.508365972955591605e-01 8.379241693402843527e-01
