0.000000000000000000e+00 0.000000000000000000e+00 0.000000000000000000e+00 0.000000000000000000e+00 0.000000000000000000e+00
8.913574314862096060e-01 8.913424054261679386e-01 8.960080425800929227e-01 8.897064753099380718e-01 8.976239402039846160e-01
8.944101772152828200e-01 8.955022702306261184e-01 8.892130979991749173e-01 8.970467602116369843e-01 9.007373896353632059e-01
8.923624473500514354e-01 9.007347192953499837e-01 8.960786429252534102e-01 8.975887897989388575e-01 8.907659793285067629e-01
8.944227700118481117e-01 8.829898028991047809e-01 9.028347605896930306e-01 8.954833021300363516e-01 8.965522940604769841e-01
8.986043901300907466e-01 8.985734757483886392e-01 8.965630253604424116e-01 8.939091592066689129e-01 8.924200077896269345e-01
8.858668626833143822e-01 8.990966995521872951e-01 8.928257226689428894e-01 8.934089521276981083e-01 8.960073556914965875e-01
8.871052810103631225e-01 8.917381803001644958e-01 8.938033227341075637e-01 8.938561868119639930e-01 8.970330112222942853e-01
8.885661521939760554e-01 8.874865818952748509e-01 8.965215331367994978e-01 8.843493483897404417e-01 8.933670143793278617e-01
8.901779800304177037e-01 8.954596846447858693e-01 8.892186091842584350e-01 8.895950294129818525e-01 8.964480395819823810e-01
8.473497296200320772e-01 8.692424015492804523e-01 8.827512057182862470e-01 8.675624404107542542e-01 8.587037328725872776e-01
