0.000000000000000000e+00 0.000000000000000000e+00 0.000000000000000000e+00 0.000000000000000000e+00 0.000000000000000000e+00
9.183920762868131860e-01 9.346092503987241118e-01 9.346092503987241118e-01 9.346092503987241118e-01 9.346092503987241118e-01
9.346092503987241118e-01 9.346092503987241118e-01 9.346092503987241118e-01 9.346092503987241118e-01 9.346092503987241118e-01
9.346092503987241118e-01 9.346092503987241118e-01 9.499358151476252621e-01 9.346092503987241118e-01 9.346092503987241118e-01
9.183920762868131860e-01 9.346092503987241118e-01 9.183920762868131860e-01 9.346092503987241118e-01 9.180554247873710105e-01
9.164495505958919486e-01 9.180554247873710105e-01 9.183920762868131860e-01 9.183920762868131860e-01 9.183920762868131860e-01
9.018774018774018408e-01 9.346092503987241118e-01 8.994708994708995320e-01 9.332497911445279959e-01 9.346092503987241118e-01
9.163838256861511766e-01 8.658900548762876737e-01 9.170289170289169789e-01 8.675466163838257971e-01 8.828408828408829123e-01
9.002849002849003801e-01 9.499358151476252621e-01 9.506533178503802084e-01 9.164495505958919486e-01 7.836335618258143398e-01
8.994708994708995320e-01 8.317654038477838574e-01 8.298220298220299052e-01 9.833229101521784310e-01 9.665831244778613218e-01
8.636570907432741251e-01 8.994708994708995320e-01 9.164652836623461418e-01 8.283298826777087953e-01 6.714174714174715453e-01
