0.000000000000000000e+00 0.000000000000000000e+00 0.000000000000000000e+00 0.000000000000000000e+00 0.000000000000000000e+00
9.180554247873710105e-01 9.346092503987241118e-01 9.346092503987241118e-01 9.183920762868131860e-01 9.346092503987241118e-01
9.183920762868131860e-01 9.346092503987241118e-01 9.180554247873710105e-01 9.183920762868131860e-01 9.346092503987241118e-01
9.346092503987241118e-01 9.346092503987241118e-01 9.330968599261281193e-01 9.346092503987241118e-01 9.346092503987241118e-01
9.018774018774018408e-01 9.183920762868131860e-01 9.183920762868131860e-01 9.346092503987241118e-01 9.015037593984963626e-01
9.008799497171590120e-01 9.183920762868131860e-01 9.346092503987241118e-01 9.183920762868131860e-01 9.346092503987241118e-01
8.854700854700855439e-01 9.183920762868131860e-01 8.093386061814339394e-01 8.995215311004783887e-01 9.183920762868131860e-01
8.990567425054094564e-01 8.825361630239679789e-01 8.993265993265993075e-01 8.334018228755070146e-01 8.668261562998403891e-01
8.990567425054094564e-01 8.995215311004783887e-01 9.665831244778613218e-01 8.467532467532468132e-01 8.317654038477838574e-01
7.896825396825395416e-01 8.470964645656695602e-01 8.253660637381567966e-01 9.665831244778613218e-01 8.283298826777087953e-01
7.779503105590062084e-01 7.955022292158405728e-01 8.307349903094584098e-01 7.896825396825395416e-01 6.907308377896613782e-01
