0.000000000000000000e+00 0.000000000000000000e+00 0.000000000000000000e+00 0.000000000000000000e+00 0.000000000000000000e+00
6.704084195307047356e-01 7.110936179300032522e-01 6.857135777532743504e-01 7.100447521607209378e-01 7.212815462477057959e-01
6.973737823411132464e-01 6.682829134963104156e-01 7.461503291030953111e-01 6.775326655485001126e-01 7.130733311574751765e-01
6.117376668161865760e-01 6.785679144728995471e-01 6.757959056909020878e-01 7.179064022303278669e-01 7.560409899220930097e-01
7.058327205244127045e-01 7.644217522177474411e-01 7.513736265035600992e-01 7.750855673508173505e-01 7.725331613388400909e-01
6.041456480105620308e-01 7.230591735304573442e-01 6.893969692026866714e-01 5.681636520517692190e-01 6.342861269361104171e-01
6.313997853169066587e-01 7.195850836143206086e-01 6.309167576015513035e-01 6.415049969057231571e-01 7.670731644963100226e-01
8.275224247931450838e-01 5.759616711306065895e-01 5.493766952723257990e-01 6.561021264888364790e-01 5.726577041630817044e-01
7.766232235514296534e-01 5.801669393616862846e-01 6.775942942945436531e-01 5.618405898758667139e-01 5.623386988546922316e-01
6.976678406141521016e-01 6.366122610593251130e-01 6.275257017151890659e-01 6.086775457409395740e-01 5.748517400639604480e-01
6.537491276750633240e-01 4.853695958722654136e-01 6.017948544557301105e-01 4.656168494430273364e-01 5.287542095757825633e-01
