0.000000000000000000e+00 0.000000000000000000e+00
8.057942057942059089e-01 8.398268398268398105e-01
8.721212121212120749e-01 8.689976689976690594e-01
6.275324675324676083e-01 8.298901098901098061e-01
8.357575757575756992e-01 8.051881451881450769e-01
8.057942057942056868e-01 8.011188811188810766e-01
8.357575757575756992e-01 7.684848484848484373e-01
8.357575757575756992e-01 8.398268398268398105e-01
4.891575091575092182e-01 7.688245088245089232e-01
8.034632034632034348e-01 8.342857142857142971e-01
7.694305694305694221e-01 8.651348651348650387e-01
8.351515151515152002e-01 7.647552447552448118e-01
8.351515151515152002e-01 8.057942057942059089e-01
8.689976689976688373e-01 9.017316017316016064e-01
7.660606060606061085e-01 6.907359307359307588e-01
7.316450216450216537e-01 7.980952380952380798e-01
7.593006993006993222e-01 6.700000000000001510e-01
8.024242424242424843e-01 7.206060606060606943e-01
6.976223776223775541e-01 6.904473304473305317e-01
8.351515151515152002e-01 7.977622377622377581e-01
7.681818181818180769e-01 6.894372294372294041e-01
7.040206851971557711e-01 5.766666666666667718e-01
6.685897435897435459e-01 7.618181818181818388e-01
6.401154401154400819e-01 7.998268398268398860e-01
6.981868131868131933e-01 7.628571428571430113e-01
7.284848484848485128e-01 6.160062160062159675e-01
7.660606060606061085e-01 7.493772893772894239e-01
5.833943833943833202e-01 7.148562548562548136e-01
8.403030303030302184e-01 6.739610389610388719e-01
6.533333333333335435e-01 4.924060150375939027e-01
6.692640692640692279e-01 5.928571428571428603e-01
7.354911754911754862e-01 6.876767676767677751e-01
6.154248366013072014e-01 6.688095238095238537e-01
6.904545454545454319e-01 6.688095238095238537e-01
5.801476301476300446e-01 6.213922025686731132e-01
6.938888888888887774e-01 6.049999999999999822e-01
6.768181818181818743e-01 6.981868131868131933e-01
4.960317460317460458e-01 7.809523809523810645e-01
6.135200746965453478e-01 6.154545454545454763e-01
6.739610389610388719e-01 6.412834224598931154e-01
8.016317016317016098e-01 8.024242424242424843e-01
8.721212121212120749e-01 8.721212121212120749e-01
5.876984126984126089e-01 7.265800865800866593e-01
6.032323232323232309e-01 7.270995670995670235e-01
7.998268398268398860e-01 7.051948051948051521e-01
7.569696969696970701e-01 7.987878787878787135e-01
6.345920745920745620e-01 6.961038961038961137e-01
7.209235209235209663e-01 5.902810914575620238e-01
7.240404040404040398e-01 6.927985739750446292e-01
5.813564213564214045e-01 7.886779886779886617e-01
6.291086691086691385e-01 7.684848484848485484e-01
7.032467532467533422e-01 8.046753246753246547e-01
5.500000000000000444e-01 7.336829836829836804e-01
6.404545454545453875e-01 5.252813852813853490e-01
6.485250697015402244e-01 5.671428571428570597e-01
8.046753246753246547e-01 7.569696969696970701e-01
5.637878787878787268e-01 6.837662337662337997e-01
5.637878787878787268e-01 5.648701298701298557e-01
6.139804639804639086e-01 6.644444444444443931e-01
3.820791768617855522e-01 5.316161616161616532e-01
5.587037798802504396e-01 5.441176470588235947e-01
5.633193277310925007e-01 5.665359477124183307e-01
6.135200746965453478e-01 5.015151515151515804e-01
5.220915032679738221e-01 4.870813397129186706e-01
9.017316017316016064e-01 8.016317016317016098e-01
7.644522144522143403e-01 7.718548118548118619e-01
6.072005772005771851e-01 7.283116883116882434e-01
6.199999999999998845e-01 6.894133644133643157e-01
5.137085137085136699e-01 6.124023035787741209e-01
6.035777947542653177e-01 6.344372294372294663e-01
5.699547511312218484e-01 5.719930069930069250e-01
