0.000000000000000000e+00 0.000000000000000000e+00 0.000000000000000000e+00 0.000000000000000000e+00 0.000000000000000000e+00
9.171134020618556537e-01 9.200000000000000400e-01 9.191752577319587392e-01 9.179381443298969545e-01 9.121649484536082930e-01
9.175257731958762486e-01 9.101030927835052076e-01 9.125773195876288879e-01 9.179381443298969545e-01 9.158762886597938691e-01
9.154639175257731631e-01 9.154639175257731631e-01 9.204123711340206349e-01 9.092783505154639068e-01 9.105154639175258025e-01
9.167010309278350588e-01 9.121649484536082930e-01 9.039175257731958402e-01 9.096907216494845017e-01 9.142268041237113785e-01
9.026804123711340555e-01 9.068041237113402264e-01 9.035051546391752453e-01 9.043298969072165461e-01 9.158762886597938691e-01
8.985567010309278846e-01 9.063917525773196315e-01 9.047422680412371410e-01 9.010309278350515649e-01 8.870103092783505616e-01
8.783505154639175139e-01 8.845360824742267702e-01 9.010309278350515649e-01 8.898969072164948368e-01 8.969072164948453940e-01
8.626804123711340200e-01 8.626804123711340200e-01 8.705154639175257669e-01 8.800000000000000044e-01 8.775257731958763241e-01
8.028865979381443196e-01 8.486597938144330167e-01 8.395876288659793740e-01 8.511340206185566970e-01 8.651546391752577003e-01
6.049484536082474495e-01 6.288659793814432852e-01 6.754639175257731720e-01 6.086597938144330255e-01 6.581443298969071876e-01
