0.000000000000000000e+00 0.000000000000000000e+00 0.000000000000000000e+00 0.000000000000000000e+00 0.000000000000000000e+00
9.154639175257731631e-01 9.129896907216494828e-01 9.208247422680412297e-01 9.162886597938144639e-01 9.191752577319587392e-01
9.167010309278350588e-01 9.076288659793814162e-01 9.129896907216494828e-01 9.162886597938144639e-01 9.162886597938144639e-01
9.134020618556700777e-01 9.088659793814433119e-01 9.129896907216494828e-01 9.010309278350515649e-01 9.026804123711340555e-01
9.010309278350515649e-01 9.142268041237113785e-01 9.080412371134020111e-01 9.084536082474227170e-01 9.080412371134020111e-01
9.022680412371133496e-01 8.973195876288659889e-01 9.047422680412371410e-01 8.923711340206185172e-01 8.981443298969071787e-01
8.791752577319588147e-01 8.791752577319588147e-01 8.964948453608246881e-01 8.783505154639175139e-01 8.936082474226804129e-01
8.416494845360824595e-01 8.762886597938144284e-01 8.701030927835051720e-01 8.626804123711340200e-01 8.507216494845361021e-01
8.437113402061855449e-01 8.391752577319587791e-01 8.416494845360824595e-01 8.371134020618556937e-01 8.424742268041237603e-01
7.670103092783505661e-01 7.929896907216494872e-01 7.839175257731958446e-01 7.789690721649484839e-01 8.263917525773195605e-01
5.472164948453608346e-01 5.356701030927835117e-01 5.369072164948454073e-01 5.315463917525773407e-01 5.393814432989690877e-01
