0.000000000000000000e+00 0.000000000000000000e+00 0.000000000000000000e+00 0.000000000000000000e+00 0.000000000000000000e+00
9.158248228608598662e-01 9.122960963397067635e-01 9.201446575721556886e-01 9.158432530700679752e-01 9.184542421308308224e-01
9.160995161574639889e-01 9.069737473147835294e-01 9.116969130275691668e-01 9.162213290760824469e-01 9.153629558211007211e-01
9.128257363753053966e-01 9.084780101202897251e-01 9.126804616553091387e-01 8.995510552418638506e-01 9.009450570400771019e-01
9.004961813052794195e-01 9.128948287171715359e-01 9.066600178917039177e-01 9.078318830048501820e-01 9.073644989515139425e-01
9.022181983797677995e-01 8.967180586732521608e-01 9.035295699667994507e-01 8.909702225657873953e-01 8.981345998708247791e-01
8.777381082573155746e-01 8.774047771266942908e-01 8.950930843247369983e-01 8.759809976599060022e-01 8.925222209992886846e-01
8.392199746328685706e-01 8.736875516952608001e-01 8.676677654405381412e-01 8.611354493495479989e-01 8.474031846947458479e-01
8.396094476190020250e-01 8.354995257801830499e-01 8.365304642774387123e-01 8.325470908943273241e-01 8.391451280570564331e-01
7.523072158673700383e-01 7.815642321135329862e-01 7.721987762493494056e-01 7.640624895126524319e-01 8.220890118434882599e-01
4.503979639607008645e-01 4.291447226707066354e-01 4.243479550430443448e-01 4.170750216464798044e-01 4.309247261028998355e-01
