0.000000000000000000e+00 0.000000000000000000e+00 0.000000000000000000e+00 0.000000000000000000e+00 0.000000000000000000e+00
9.488120562694239979e-01 9.500098719499342481e-01 9.496374562144693776e-01 9.485793309342578361e-01 9.458779044232932254e-01
9.486365734871881061e-01 9.438687572361890155e-01 9.452764172402821075e-01 9.497814616855698722e-01 9.475715977287189062e-01
9.484285218146840668e-01 9.481979558754638493e-01 9.502524975384667449e-01 9.447830980022593472e-01 9.454790062627190794e-01
9.489607024581543371e-01 9.445458790760535850e-01 9.400929091379046643e-01 9.447740667231354639e-01 9.471721020020904547e-01
9.392078202866690484e-01 9.435383189773657309e-01 9.422469531394236375e-01 9.422573398751279417e-01 9.482078904438066003e-01
9.380927822972192631e-01 9.428134589350529726e-01 9.409138942955302953e-01 9.396413360576630902e-01 9.317858453771319382e-01
9.229708946667293246e-01 9.301332905998098699e-01 9.370091541753997610e-01 9.343140886591909666e-01 9.364895822301717576e-01
9.134614268981721130e-01 9.150362176298928452e-01 9.172179603295237404e-01 9.242937643904617362e-01 9.260956469998793406e-01
8.747578711057455436e-01 9.079576266603381907e-01 9.001382488132166904e-01 9.078189969823133865e-01 9.162001678673642457e-01
7.340932885464954705e-01 7.497313693782746702e-01 7.912536946977615226e-01 7.364252036292958659e-01 7.848802826532800259e-01
