0.000000000000000000e+00 0.000000000000000000e+00 0.000000000000000000e+00 0.000000000000000000e+00 0.000000000000000000e+00
8.928129870735926898e-01 8.897279906565537244e-01 8.996399205923178988e-01 8.939992647866678022e-01 8.976544203372525121e-01
8.944848955303527083e-01 8.829996119630798557e-01 8.898771934632853098e-01 8.939395637342393286e-01 8.939863574253535949e-01
8.903515942743579492e-01 8.845958485710455621e-01 8.898938339520724439e-01 8.747923316617836065e-01 8.769143447464516905e-01
8.750806565156962202e-01 8.915155243892262105e-01 8.837699957197180378e-01 8.846468252235246688e-01 8.836587068423272795e-01
8.764592636065687836e-01 8.712351978794066198e-01 8.805188854467669302e-01 8.642851397707301819e-01 8.715618496086015021e-01
8.483481901617543341e-01 8.477359779878702595e-01 8.698557642503900178e-01 8.468500631689398483e-01 8.665038133062620274e-01
8.021888845556512937e-01 8.461523674481702395e-01 8.372264712965724609e-01 8.298501040221427649e-01 8.168095475117597148e-01
8.070036852941947503e-01 8.029480562556564616e-01 8.030974174969506274e-01 7.986039158699670404e-01 8.053800026746800178e-01
7.208031156797689576e-01 7.514106044820524355e-01 7.414385391007730641e-01 7.375630319726543815e-01 7.881545262997340373e-01
4.788099670346654402e-01 4.649474605591295551e-01 4.707744255464193506e-01 4.636163416314137975e-01 4.718569068947104928e-01
