0.000000000000000000e+00 0.000000000000000000e+00 0.000000000000000000e+00 0.000000000000000000e+00 0.000000000000000000e+00
5.920000000000000817e-01 5.919999999999999707e-01 6.039999999999999813e-01 4.639999999999999680e-01 6.039999999999999813e-01
5.480000000000000426e-01 5.600000000000000533e-01 5.760000000000000675e-01 5.400000000000000355e-01 5.520000000000000462e-01
5.000000000000000000e-01 4.120000000000000329e-01 5.320000000000000284e-01 3.719999999999999973e-01 4.959999999999999964e-01
5.000000000000000000e-01 5.040000000000000036e-01 5.200000000000000178e-01 5.000000000000000000e-01 5.520000000000000462e-01
5.000000000000000000e-01 5.000000000000000000e-01 5.000000000000000000e-01 5.440000000000000391e-01 5.080000000000000071e-01
5.000000000000000000e-01 5.000000000000000000e-01 5.000000000000000000e-01 5.000000000000000000e-01 5.000000000000000000e-01
5.000000000000000000e-01 5.000000000000000000e-01 5.000000000000000000e-01 5.000000000000000000e-01 5.000000000000000000e-01
5.000000000000000000e-01 5.000000000000000000e-01 5.000000000000000000e-01 5.000000000000000000e-01 5.000000000000000000e-01
5.000000000000000000e-01 5.000000000000000000e-01 5.000000000000000000e-01 5.000000000000000000e-01 5.000000000000000000e-01
5.000000000000000000e-01 5.000000000000000000e-01 5.000000000000000000e-01 5.000000000000000000e-01 5.000000000000000000e-01
