0.000000000000000000e+00 0.000000000000000000e+00 0.000000000000000000e+00 0.000000000000000000e+00 0.000000000000000000e+00
5.600000000000000533e-01 5.706666666666666554e-01 5.786666666666666625e-01 5.626666666666666483e-01 5.786666666666666625e-01
5.733333333333333615e-01 5.653333333333333544e-01 5.893333333333333757e-01 5.759999999999999565e-01 5.893333333333333757e-01
5.786666666666666625e-01 5.839999999999999636e-01 5.946666666666666767e-01 5.786666666666666625e-01 5.706666666666666554e-01
5.759999999999999565e-01 5.626666666666666483e-01 5.626666666666666483e-01 5.733333333333333615e-01 5.866666666666666696e-01
5.653333333333333544e-01 5.786666666666666625e-01 5.653333333333333544e-01 5.733333333333333615e-01 5.839999999999999636e-01
5.786666666666666625e-01 5.706666666666666554e-01 5.786666666666666625e-01 5.706666666666666554e-01 5.999999999999999778e-01
5.600000000000000533e-01 5.706666666666666554e-01 5.546666666666666412e-01 5.600000000000000533e-01 5.653333333333333544e-01
5.520000000000000462e-01 5.626666666666666483e-01 5.573333333333333472e-01 5.493333333333333401e-01 5.546666666666666412e-01
5.146666666666667167e-01 5.360000000000000320e-01 5.386666666666666270e-01 5.333333333333333259e-01 5.253333333333333188e-01
4.853333333333333388e-01 4.666666666666666741e-01 4.879999999999999893e-01 4.773333333333333317e-01 4.693333333333333246e-01
