0.000000000000000000e+00 0.000000000000000000e+00 0.000000000000000000e+00 0.000000000000000000e+00 0.000000000000000000e+00
8.977379457546282859e-01 8.956489334705534100e-01 8.953555612979160472e-01 8.934058351939903053e-01 8.976680654086364175e-01
8.799340053285844565e-01 8.889152151096165744e-01 8.847838639703802244e-01 9.045900077154840346e-01 8.935895639172271032e-01
8.938089443747145868e-01 9.004430846441764391e-01 8.932280942452954786e-01 8.962633175178951195e-01 8.937219485637075689e-01
8.956165108996483326e-01 8.930029344651904122e-01 9.065872056733075279e-01 9.027033684585420437e-01 8.988250046857375608e-01
8.795040401596432300e-01 8.946943306803726292e-01 8.886564707111836992e-01 9.001979911069171170e-01 8.946886755755432130e-01
8.813268235535810513e-01 9.108036766613301083e-01 8.992666186317983534e-01 8.992138781249489066e-01 9.171083890356379609e-01
8.867955989122749960e-01 8.923999351436087135e-01 8.969659534252409916e-01 8.949061094945930384e-01 9.057275914662981098e-01
8.925158461464194337e-01 8.892100338052838504e-01 8.984175575815545045e-01 8.626498009476734063e-01 9.022566943245406978e-01
8.482052400748845145e-01 8.671024641568267910e-01 8.432019024024803855e-01 8.443308728338683178e-01 8.417046929352629547e-01
7.692791839212729244e-01 7.590187294482679814e-01 7.432842660558739434e-01 6.759327524607839921e-01 7.152486950236314200e-01
