0.000000000000000000e+00 0.000000000000000000e+00 0.000000000000000000e+00 0.000000000000000000e+00 0.000000000000000000e+00
8.159999999999999476e-01 8.133333333333333526e-01 8.186666666666666536e-01 8.293333333333333668e-01 8.239999999999999547e-01
8.186666666666666536e-01 8.106666666666666465e-01 8.053333333333333455e-01 8.159999999999999476e-01 8.133333333333333526e-01
8.186666666666666536e-01 8.106666666666666465e-01 8.106666666666666465e-01 8.159999999999999476e-01 8.106666666666666465e-01
8.000000000000000444e-01 8.080000000000000515e-01 8.080000000000000515e-01 7.813333333333333242e-01 8.000000000000000444e-01
7.920000000000000373e-01 8.000000000000000444e-01 7.973333333333333384e-01 8.053333333333333455e-01 7.893333333333333313e-01
7.706666666666667220e-01 8.106666666666666465e-01 7.813333333333333242e-01 7.600000000000000089e-01 7.866666666666666252e-01
7.546666666666667078e-01 7.840000000000000302e-01 7.653333333333333099e-01 7.946666666666666323e-01 7.706666666666667220e-01
7.173333333333333783e-01 7.253333333333333854e-01 7.439999999999999947e-01 7.359999999999999876e-01 7.520000000000000018e-01
5.973333333333333828e-01 6.693333333333333357e-01 6.480000000000000204e-01 5.919999999999999707e-01 6.640000000000000346e-01
3.519999999999999796e-01 4.346666666666666456e-01 3.599999999999999867e-01 4.666666666666666741e-01 3.333333333333333148e-01
