0.000000000000000000e+00 0.000000000000000000e+00 0.000000000000000000e+00 0.000000000000000000e+00 0.000000000000000000e+00
8.499914412989874046e-01 8.588261913394702463e-01 8.471143945438583955e-01 8.557549151878118820e-01 8.432723632433947181e-01
8.626613077759809345e-01 8.741563004938319725e-01 8.359566454623935661e-01 8.549893101003572804e-01 8.718716672493076469e-01
8.251076489146790260e-01 8.249449864941473809e-01 8.395931462966392811e-01 8.419277822799545730e-01 8.588261913394702463e-01
8.342129034349300420e-01 7.985171452188503105e-01 8.071323789282439654e-01 8.447972348093500949e-01 8.285741714599788033e-01
8.657316714167967442e-01 7.361988583976635248e-01 8.198171406807752692e-01 8.563339759786985361e-01 8.245192013154083455e-01
8.254928532535503738e-01 8.705237484191628017e-01 8.362931459578767379e-01 8.516854344359834350e-01 8.090488991933223462e-01
8.277934182392771012e-01 8.478463154486796105e-01 8.565285806469919994e-01 8.898577958082216632e-01 8.382081321136267693e-01
7.531379217335951726e-01 8.153066466166040138e-01 8.707146690042180115e-01 8.163495168947046965e-01 8.484362624266722497e-01
7.275615603629151940e-01 7.740119860145907582e-01 7.019678734542065257e-01 8.774510690757181264e-01 8.906154804985265683e-01
7.978142393196170357e-01 7.263815585967341448e-01 8.568709805888726772e-01 7.165490646515336737e-01 8.298186787745076565e-01
