0.000000000000000000e+00 0.000000000000000000e+00 0.000000000000000000e+00 0.000000000000000000e+00 0.000000000000000000e+00
8.511506401921103970e-01 8.501873595777904580e-01 8.509545902896612501e-01 8.471143945438583955e-01 8.626613077759809345e-01
8.557549151878118820e-01 8.503832327193313612e-01 8.390335469172117699e-01 8.378864658021841771e-01 8.492236945542726012e-01
8.021520267250805691e-01 7.905296172595224213e-01 8.519147695245878893e-01 8.511506401921103970e-01 8.580610046934252777e-01
8.324911517181439180e-01 8.438416695985259119e-01 8.178101590286693812e-01 8.409617598917694670e-01 8.301334749732948159e-01
8.718716672493076469e-01 7.644612283137590669e-01 8.434218417569403492e-01 8.747616738132294456e-01 8.320486209731010607e-01
8.816432095557075188e-01 8.969023369266246881e-01 8.518959442305163998e-01 8.918028333253370521e-01 8.133211428049319514e-01
8.571026780867870842e-01 8.476514082471505729e-01 8.555654235141264552e-01 9.108650325537138714e-01 8.532522422726234179e-01
7.852281852375561089e-01 8.014214747124287497e-01 8.530646568758637471e-01 8.310023084777047320e-01 8.463055227998466101e-01
7.286568029307193273e-01 8.866242169087426017e-01 7.767961191846224356e-01 8.691711658886013270e-01 8.726317654407029778e-01
8.398797240871344050e-01 7.479334459045793304e-01 7.631370061942523986e-01 7.335706257878932268e-01 7.932613774692134356e-01
