0.000000000000000000e+00 0.000000000000000000e+00 0.000000000000000000e+00 0.000000000000000000e+00 0.000000000000000000e+00
7.046176368001764168e-01 7.017400271193160455e-01 7.029286659864683040e-01 6.962199163673710167e-01 7.249539946773095878e-01
7.152529657495858562e-01 7.049246138886564594e-01 6.814139613639287330e-01 6.783669797380069699e-01 6.975444318076802208e-01
6.140015779361325254e-01 5.914538514111918888e-01 7.051905319776651249e-01 7.054036020604710355e-01 7.159589154628157592e-01
6.671304469984391528e-01 6.877715437692399902e-01 6.460974922725213343e-01 6.838576432822960349e-01 6.630240960650456428e-01
7.413377550497549651e-01 5.420386406301370696e-01 6.903012381185392732e-01 7.490785828530633905e-01 6.674578460523290513e-01
7.601775476472975024e-01 7.877790824835070316e-01 7.039078928666594459e-01 7.874854671347799595e-01 6.297175302718948098e-01
7.134529144112871091e-01 6.963225533426100622e-01 7.097952901834971851e-01 8.168510763577270239e-01 7.153214527837404857e-01
5.992739170493611711e-01 6.238429328178917155e-01 7.061693810952395234e-01 6.757413170236711286e-01 6.950136879622589303e-01
5.046938220082097803e-01 7.708070874096408787e-01 5.813889794789631749e-01 7.514489245292811370e-01 7.491722453653567593e-01
7.014197596593824136e-01 5.348304849854247367e-01 5.682412526837143929e-01 5.149169031902354199e-01 6.056397586898482066e-01
