0.000000000000000000e+00 0.000000000000000000e+00 0.000000000000000000e+00 0.000000000000000000e+00 0.000000000000000000e+00
4.066422723721354049e-01 4.037535652055407875e-01 4.195832077666348248e-01 3.957523564571984731e-01 4.047676030760848920e-01
3.827739158033343636e-01 4.032106183926171261e-01 4.135307707312315117e-01 4.063988229331355062e-01 3.957738622398002115e-01
3.981850072447190025e-01 4.101715096580307862e-01 4.188321064579735853e-01 3.813458424528985424e-01 4.053532829139139260e-01
3.713124479631817465e-01 3.786737459211326762e-01 3.889875746014393454e-01 4.021134421134420767e-01 3.913621735172851390e-01
3.743799560655718395e-01 3.711023006700459592e-01 3.803647908371956543e-01 3.996499348812516117e-01 3.757090901608294842e-01
3.638671451927631417e-01 3.896977437207322370e-01 3.499802225829622970e-01 3.765955207444794950e-01 4.101517420273111392e-01
3.432522666381502829e-01 3.700168942131257244e-01 3.923456790123456273e-01 3.531534052812323465e-01 3.754085279376646045e-01
3.624500955825564197e-01 3.489826119126895887e-01 3.551878940716494681e-01 3.181973975066936244e-01 3.482899513702187311e-01
2.949908862924856545e-01 2.899604697753264126e-01 3.272178510470005741e-01 3.260309853157506432e-01 3.215287196577308326e-01
2.922351045379436574e-01 2.887507066139061718e-01 2.987783427368582712e-01 2.916128061500160573e-01 2.934872558755379224e-01
