0.000000000000000000e+00 0.000000000000000000e+00 0.000000000000000000e+00 0.000000000000000000e+00 0.000000000000000000e+00
4.223180818897434574e-01 4.228037614260524713e-01 3.835433184546568897e-01 3.950990462215700494e-01 4.157930786691372838e-01
4.069200840433837008e-01 4.237754258294956777e-01 4.121206071850755936e-01 4.112047527797932922e-01 4.005148070738908661e-01
4.390654176277675735e-01 4.329514457174031272e-01 4.156353167170790397e-01 4.054325983657518506e-01 3.871985137449744374e-01
3.873453453453453155e-01 3.731481481481481732e-01 3.911206036401554953e-01 3.921992541374563768e-01 3.775586707792910057e-01
3.984496124031007280e-01 4.038839312970821660e-01 3.893315156129200094e-01 4.037915209790209903e-01 4.146995443382568425e-01
4.010096148960478613e-01 3.936354614907935923e-01 3.668578335245001321e-01 3.776597809765727121e-01 4.189740542681719138e-01
3.672282687033653903e-01 3.737938224980510982e-01 3.950161123817992892e-01 3.623021167098066653e-01 3.618813430903809469e-01
3.547701577333930434e-01 3.367836852194011077e-01 3.443075923960580709e-01 3.456077044786722285e-01 3.820784478199821255e-01
3.080246913580247381e-01 3.256993366340164564e-01 3.443921617834661553e-01 3.586561795012498943e-01 3.297593445980542826e-01
2.687447518790832546e-01 2.794778310324580461e-01 2.756688695994211069e-01 2.838695084461717033e-01 2.670940170940170888e-01
