0.000000000000000000e+00 0.000000000000000000e+00 0.000000000000000000e+00 0.000000000000000000e+00 0.000000000000000000e+00 0.000000000000000000e+00 0.000000000000000000e+00 0.000000000000000000e+00 0.000000000000000000e+00 0.000000000000000000e+00
5.720000000000000639e-01 5.320000000000000284e-01 5.560000000000000497e-01 5.280000000000000249e-01 5.480000000000000426e-01 5.440000000000000391e-01 5.400000000000000355e-01 5.360000000000000320e-01 5.480000000000000426e-01 5.640000000000000568e-01
5.480000000000000426e-01 5.640000000000000568e-01 5.560000000000000497e-01 5.760000000000000675e-01 5.800000000000000711e-01 5.640000000000000568e-01 5.520000000000000462e-01 5.840000000000000746e-01 5.480000000000000426e-01 5.360000000000000320e-01
5.440000000000000391e-01 5.720000000000000639e-01 5.520000000000000462e-01 5.600000000000000533e-01 5.920000000000000817e-01 5.600000000000000533e-01 5.800000000000000711e-01 5.480000000000000426e-01 5.360000000000000320e-01 5.760000000000000675e-01
5.440000000000000391e-01 5.080000000000000071e-01 5.520000000000000462e-01 5.640000000000000568e-01 5.880000000000000782e-01 5.320000000000000284e-01 5.520000000000000462e-01 5.120000000000000107e-01 5.440000000000000391e-01 5.440000000000000391e-01
5.480000000000000426e-01 5.680000000000000604e-01 5.640000000000000568e-01 5.520000000000000462e-01 5.480000000000000426e-01 5.800000000000000711e-01 5.840000000000000746e-01 5.520000000000000462e-01 5.440000000000000391e-01 5.440000000000000391e-01
5.400000000000000355e-01 5.240000000000000213e-01 5.560000000000000497e-01 5.320000000000000284e-01 5.120000000000000107e-01 5.440000000000000391e-01 5.360000000000000320e-01 5.680000000000000604e-01 5.520000000000000462e-01 5.400000000000000355e-01
5.200000000000000178e-01 5.840000000000000746e-01 5.360000000000000320e-01 5.480000000000000426e-01 6.000000000000000888e-01 5.680000000000000604e-01 5.240000000000000213e-01 5.480000000000000426e-01 5.320000000000000284e-01 5.840000000000000746e-01
5.520000000000000462e-01 5.999999999999999778e-01 5.480000000000000426e-01 5.440000000000000391e-01 5.480000000000000426e-01 5.720000000000000639e-01 5.360000000000000320e-01 5.480000000000000426e-01 5.240000000000000213e-01 5.680000000000000604e-01
5.280000000000000249e-01 5.479999999999999316e-01 5.400000000000000355e-01 5.480000000000000426e-01 5.760000000000000675e-01 5.400000000000000355e-01 5.280000000000000249e-01 5.720000000000000639e-01 5.560000000000000497e-01 5.560000000000000497e-01
5.560000000000000497e-01 5.400000000000000355e-01 5.840000000000000746e-01 5.880000000000000782e-01 5.240000000000000213e-01 5.640000000000000568e-01 5.600000000000000533e-01 5.839999999999999636e-01 5.720000000000000639e-01 5.880000000000000782e-01
5.760000000000000675e-01 5.680000000000000604e-01 5.480000000000000426e-01 5.560000000000000497e-01 5.799999999999999600e-01 5.880000000000000782e-01 5.560000000000000497e-01 5.440000000000000391e-01 5.640000000000000568e-01 4.959999999999999964e-01
5.360000000000000320e-01 5.440000000000000391e-01 5.280000000000000249e-01 5.360000000000000320e-01 5.520000000000000462e-01 5.480000000000000426e-01 5.560000000000000497e-01 5.080000000000000071e-01 5.600000000000000533e-01 5.760000000000000675e-01
5.480000000000000426e-01 5.400000000000000355e-01 5.760000000000000675e-01 5.719999999999999529e-01 5.440000000000000391e-01 5.720000000000000639e-01 5.440000000000000391e-01 5.440000000000000391e-01 5.480000000000000426e-01 5.240000000000000213e-01
5.800000000000000711e-01 5.200000000000000178e-01 5.320000000000000284e-01 5.800000000000000711e-01 5.400000000000000355e-01 5.679999999999999494e-01 5.360000000000000320e-01 5.440000000000000391e-01 5.760000000000000675e-01 5.280000000000000249e-01
5.600000000000000533e-01 5.560000000000000497e-01 5.520000000000000462e-01 5.440000000000000391e-01 5.760000000000000675e-01 5.560000000000000497e-01 5.400000000000000355e-01 5.759999999999999565e-01 5.800000000000000711e-01 5.800000000000000711e-01
5.480000000000000426e-01 5.600000000000000533e-01 5.360000000000000320e-01 5.680000000000000604e-01 5.560000000000000497e-01 5.440000000000000391e-01 5.720000000000000639e-01 5.280000000000000249e-01 5.400000000000000355e-01 5.400000000000000355e-01
5.720000000000000639e-01 5.440000000000000391e-01 5.400000000000000355e-01 5.520000000000000462e-01 5.720000000000000639e-01 5.680000000000000604e-01 5.560000000000000497e-01 5.600000000000000533e-01 5.400000000000000355e-01 5.240000000000000213e-01
5.360000000000000320e-01 5.080000000000000071e-01 5.679999999999999494e-01 5.400000000000000355e-01 5.799999999999999600e-01 6.159999999999999920e-01 5.240000000000000213e-01 5.520000000000000462e-01 5.679999999999999494e-01 5.520000000000000462e-01
5.320000000000000284e-01 5.640000000000000568e-01 5.800000000000000711e-01 5.480000000000000426e-01 5.200000000000000178e-01 5.120000000000000107e-01 5.560000000000000497e-01 5.040000000000000036e-01 5.440000000000000391e-01 5.519999999999999352e-01
5.560000000000000497e-01 5.400000000000000355e-01 5.759999999999999565e-01 5.799999999999999600e-01 5.480000000000000426e-01 5.839999999999999636e-01 5.600000000000000533e-01 5.680000000000000604e-01 5.080000000000000071e-01 6.119999999999999885e-01
5.879999999999999671e-01 5.560000000000000497e-01 5.120000000000000107e-01 5.680000000000000604e-01 5.600000000000000533e-01 5.719999999999999529e-01 5.599999999999999423e-01 5.799999999999999600e-01 5.160000000000000142e-01 5.760000000000000675e-01
5.360000000000000320e-01 5.520000000000000462e-01 5.639999999999999458e-01 5.400000000000000355e-01 5.759999999999999565e-01 5.200000000000000178e-01 5.480000000000000426e-01 5.240000000000000213e-01 5.480000000000000426e-01 5.400000000000000355e-01
5.519999999999999352e-01 5.799999999999999600e-01 5.600000000000000533e-01 5.400000000000000355e-01 5.559999999999999387e-01 5.879999999999999671e-01 5.280000000000000249e-01 5.080000000000000071e-01 5.799999999999999600e-01 5.400000000000000355e-01
5.400000000000000355e-01 5.600000000000000533e-01 5.719999999999999529e-01 5.480000000000000426e-01 5.839999999999999636e-01 5.480000000000000426e-01 5.440000000000000391e-01 5.400000000000000355e-01 6.119999999999999885e-01 5.160000000000000142e-01
5.759999999999999565e-01 5.320000000000000284e-01 5.520000000000000462e-01 5.360000000000000320e-01 5.520000000000000462e-01 5.080000000000000071e-01 5.440000000000000391e-01 5.280000000000000249e-01 5.520000000000000462e-01 5.280000000000000249e-01
5.999999999999999778e-01 6.000000000000000888e-01 5.320000000000000284e-01 5.360000000000000320e-01 5.640000000000000568e-01 5.560000000000000497e-01 5.600000000000000533e-01 5.480000000000000426e-01 5.640000000000000568e-01 5.639999999999999458e-01
5.560000000000000497e-01 5.320000000000000284e-01 5.679999999999999494e-01 5.400000000000000355e-01 5.520000000000000462e-01 5.560000000000000497e-01 5.440000000000000391e-01 5.080000000000000071e-01 5.280000000000000249e-01 5.560000000000000497e-01
5.200000000000000178e-01 5.320000000000000284e-01 5.560000000000000497e-01 5.040000000000000036e-01 5.240000000000000213e-01 5.000000000000000000e-01 5.600000000000000533e-01 5.240000000000000213e-01 5.560000000000000497e-01 5.759999999999999565e-01
5.440000000000000391e-01 5.240000000000000213e-01 5.600000000000000533e-01 5.760000000000000675e-01 5.160000000000000142e-01 5.799999999999999600e-01 5.479999999999999316e-01 5.440000000000000391e-01 5.680000000000000604e-01 5.160000000000000142e-01
5.440000000000000391e-01 5.160000000000000142e-01 5.400000000000000355e-01 5.639999999999999458e-01 5.520000000000000462e-01 5.320000000000000284e-01 5.320000000000000284e-01 5.320000000000000284e-01 5.480000000000000426e-01 5.719999999999999529e-01
5.839999999999999636e-01 5.560000000000000497e-01 5.560000000000000497e-01 5.440000000000000391e-01 5.320000000000000284e-01 5.480000000000000426e-01 5.400000000000000355e-01 5.560000000000000497e-01 5.360000000000000320e-01 5.280000000000000249e-01
5.639999999999999458e-01 5.599999999999999423e-01 5.520000000000000462e-01 5.560000000000000497e-01 5.320000000000000284e-01 5.480000000000000426e-01 5.559999999999999387e-01 5.480000000000000426e-01 6.079999999999999849e-01 5.719999999999999529e-01
5.440000000000000391e-01 5.360000000000000320e-01 5.280000000000000249e-01 5.680000000000000604e-01 5.320000000000000284e-01 5.640000000000000568e-01 5.000000000000000000e-01 4.919999999999999929e-01 5.719999999999999529e-01 5.320000000000000284e-01
5.320000000000000284e-01 5.600000000000000533e-01 5.759999999999999565e-01 5.160000000000000142e-01 5.520000000000000462e-01 5.600000000000000533e-01 5.599999999999999423e-01 5.120000000000000107e-01 5.200000000000000178e-01 5.639999999999999458e-01
5.440000000000000391e-01 5.080000000000000071e-01 5.480000000000000426e-01 5.440000000000000391e-01 5.120000000000000107e-01 5.360000000000000320e-01 5.480000000000000426e-01 5.440000000000000391e-01 5.480000000000000426e-01 5.400000000000000355e-01
5.560000000000000497e-01 5.320000000000000284e-01 5.400000000000000355e-01 5.599999999999999423e-01 5.200000000000000178e-01 5.280000000000000249e-01 5.360000000000000320e-01 5.520000000000000462e-01 5.320000000000000284e-01 5.440000000000000391e-01
5.040000000000000036e-01 5.560000000000000497e-01 5.519999999999999352e-01 5.479999999999999316e-01 5.720000000000000639e-01 5.879999999999999671e-01 5.560000000000000497e-01 5.680000000000000604e-01 5.559999999999999387e-01 5.000000000000000000e-01
5.080000000000000071e-01 5.440000000000000391e-01 5.240000000000000213e-01 5.280000000000000249e-01 4.919999999999999929e-01 5.480000000000000426e-01 5.759999999999999565e-01 5.760000000000000675e-01 5.200000000000000178e-01 5.000000000000000000e-01
5.720000000000000639e-01 5.440000000000000391e-01 5.400000000000000355e-01 5.559999999999999387e-01 5.240000000000000213e-01 5.480000000000000426e-01 5.440000000000000391e-01 5.320000000000000284e-01 5.320000000000000284e-01 5.520000000000000462e-01
5.719999999999999529e-01 5.040000000000000036e-01 5.320000000000000284e-01 5.360000000000000320e-01 5.680000000000000604e-01 4.719999999999999751e-01 5.640000000000000568e-01 4.959999999999999964e-01 5.320000000000000284e-01 5.360000000000000320e-01
5.520000000000000462e-01 5.640000000000000568e-01 5.360000000000000320e-01 5.520000000000000462e-01 5.280000000000000249e-01 5.680000000000000604e-01 5.600000000000000533e-01 5.120000000000000107e-01 5.360000000000000320e-01 5.280000000000000249e-01
5.080000000000000071e-01 5.160000000000000142e-01 5.480000000000000426e-01 5.560000000000000497e-01 5.480000000000000426e-01 5.360000000000000320e-01 5.120000000000000107e-01 5.480000000000000426e-01 5.519999999999999352e-01 5.559999999999999387e-01
5.680000000000000604e-01 5.560000000000000497e-01 5.360000000000000320e-01 5.320000000000000284e-01 5.480000000000000426e-01 5.999999999999999778e-01 5.360000000000000320e-01 5.440000000000000391e-01 5.600000000000000533e-01 5.280000000000000249e-01
5.400000000000000355e-01 5.800000000000000711e-01 5.360000000000000320e-01 5.360000000000000320e-01 5.440000000000000391e-01 5.719999999999999529e-01 5.240000000000000213e-01 5.360000000000000320e-01 5.640000000000000568e-01 5.400000000000000355e-01
5.040000000000000036e-01 5.320000000000000284e-01 5.440000000000000391e-01 5.200000000000000178e-01 5.080000000000000071e-01 5.799999999999999600e-01 5.360000000000000320e-01 5.240000000000000213e-01 5.440000000000000391e-01 5.320000000000000284e-01
5.040000000000000036e-01 5.280000000000000249e-01 5.640000000000000568e-01 5.320000000000000284e-01 5.519999999999999352e-01 5.280000000000000249e-01 5.320000000000000284e-01 5.320000000000000284e-01 5.040000000000000036e-01 5.400000000000000355e-01
4.719999999999999751e-01 5.280000000000000249e-01 4.839999999999999858e-01 6.120000000000000995e-01 4.759999999999999787e-01 5.160000000000000142e-01 5.640000000000000568e-01 5.160000000000000142e-01 5.400000000000000355e-01 5.680000000000000604e-01
5.520000000000000462e-01 5.200000000000000178e-01 5.360000000000000320e-01 5.280000000000000249e-01 5.760000000000000675e-01 5.799999999999999600e-01 5.559999999999999387e-01 5.240000000000000213e-01 5.280000000000000249e-01 5.679999999999999494e-01
5.400000000000000355e-01 5.720000000000000639e-01 4.919999999999999929e-01 5.680000000000000604e-01 5.240000000000000213e-01 5.280000000000000249e-01 5.959999999999999742e-01 5.999999999999999778e-01 5.959999999999999742e-01 5.600000000000000533e-01
5.720000000000000639e-01 5.200000000000000178e-01 4.640000000000000235e-01 5.599999999999999423e-01 5.360000000000000320e-01 4.759999999999999787e-01 6.199999999999999956e-01 5.200000000000000178e-01 5.240000000000000213e-01 4.880000000000000449e-01
5.200000000000000178e-01 5.400000000000000355e-01 5.600000000000000533e-01 5.280000000000000249e-01 5.240000000000000213e-01 5.879999999999999671e-01 5.080000000000000071e-01 5.560000000000000497e-01 5.200000000000000178e-01 5.560000000000000497e-01
5.280000000000000249e-01 5.160000000000000142e-01 5.160000000000000142e-01 4.760000000000000342e-01 5.720000000000000639e-01 5.280000000000000249e-01 5.080000000000000071e-01 5.799999999999999600e-01 5.200000000000000178e-01 5.560000000000000497e-01
5.360000000000000320e-01 5.360000000000000320e-01 5.680000000000000604e-01 5.360000000000000320e-01 5.400000000000000355e-01 5.560000000000000497e-01 5.360000000000000320e-01 4.799999999999999822e-01 5.520000000000000462e-01 5.160000000000000142e-01
5.560000000000000497e-01 5.720000000000000639e-01 5.639999999999999458e-01 5.320000000000000284e-01 4.839999999999999858e-01 5.120000000000000107e-01 5.600000000000000533e-01 5.680000000000000604e-01 5.400000000000000355e-01 5.320000000000000284e-01
5.360000000000000320e-01 5.280000000000000249e-01 5.799999999999999600e-01 5.360000000000000320e-01 5.560000000000000497e-01 5.839999999999999636e-01 5.520000000000000462e-01 5.560000000000000497e-01 5.240000000000000213e-01 5.680000000000000604e-01
5.759999999999999565e-01 5.200000000000000178e-01 5.560000000000000497e-01 5.080000000000000071e-01 5.280000000000000249e-01 5.640000000000000568e-01 5.440000000000000391e-01 5.320000000000000284e-01 5.640000000000000568e-01 5.480000000000000426e-01
5.320000000000000284e-01 5.160000000000000142e-01 5.400000000000000355e-01 5.160000000000000142e-01 5.360000000000000320e-01 5.879999999999999671e-01 5.000000000000000000e-01 5.280000000000000249e-01 5.360000000000000320e-01 5.320000000000000284e-01
5.440000000000000391e-01 5.400000000000000355e-01 5.360000000000000320e-01 5.440000000000000391e-01 5.440000000000000391e-01 5.480000000000000426e-01 5.040000000000000036e-01 4.839999999999999858e-01 5.640000000000000568e-01 5.360000000000000320e-01
5.640000000000000568e-01 5.440000000000000391e-01 5.320000000000000284e-01 5.280000000000000249e-01 5.360000000000000320e-01 5.560000000000000497e-01 5.440000000000000391e-01 5.400000000000000355e-01 5.080000000000000071e-01 5.600000000000000533e-01
5.000000000000000000e-01 5.920000000000000817e-01 5.280000000000000249e-01 5.559999999999999387e-01 4.959999999999999964e-01 5.280000000000000249e-01 5.280000000000000249e-01 5.000000000000000000e-01 5.000000000000000000e-01 5.120000000000000107e-01
5.799999999999999600e-01 5.560000000000000497e-01 5.440000000000000391e-01 5.320000000000000284e-01 5.480000000000000426e-01 5.520000000000000462e-01 5.120000000000000107e-01 5.240000000000000213e-01 5.240000000000000213e-01 5.400000000000000355e-01
5.040000000000000036e-01 5.679999999999999494e-01 4.959999999999999964e-01 5.680000000000000604e-01 5.200000000000000178e-01 5.240000000000000213e-01 5.000000000000000000e-01 5.280000000000000249e-01 5.160000000000000142e-01 5.759999999999999565e-01
5.280000000000000249e-01 5.560000000000000497e-01 5.240000000000000213e-01 5.520000000000000462e-01 5.600000000000000533e-01 5.160000000000000142e-01 5.760000000000000675e-01 5.599999999999999423e-01 5.160000000000000142e-01 5.200000000000000178e-01
5.720000000000000639e-01 5.160000000000000142e-01 4.959999999999999964e-01 5.360000000000000320e-01 5.320000000000000284e-01 5.400000000000000355e-01 5.360000000000000320e-01 5.160000000000000142e-01 5.080000000000000071e-01 5.400000000000000355e-01
5.400000000000000355e-01 5.440000000000000391e-01 5.240000000000000213e-01 5.200000000000000178e-01 5.040000000000000036e-01 5.160000000000000142e-01 5.640000000000000568e-01 5.120000000000000107e-01 5.160000000000000142e-01 4.919999999999999929e-01
5.160000000000000142e-01 5.520000000000000462e-01 4.640000000000000235e-01 5.000000000000000000e-01 5.879999999999999671e-01 5.280000000000000249e-01 5.240000000000000213e-01 5.520000000000000462e-01 4.919999999999999929e-01 5.240000000000000213e-01
5.360000000000000320e-01 5.839999999999999636e-01 4.959999999999999964e-01 5.080000000000000071e-01 5.440000000000000391e-01 5.160000000000000142e-01 4.919999999999999929e-01 5.000000000000000000e-01 5.080000000000000071e-01 5.240000000000000213e-01
5.720000000000000639e-01 5.000000000000000000e-01 5.480000000000000426e-01 4.680000000000000271e-01 5.240000000000000213e-01 4.959999999999999964e-01 5.600000000000000533e-01 5.320000000000000284e-01 5.320000000000000284e-01 5.000000000000000000e-01
5.320000000000000284e-01 5.679999999999999494e-01 5.400000000000000355e-01 5.520000000000000462e-01 4.679999999999999716e-01 5.280000000000000249e-01 5.360000000000000320e-01 5.719999999999999529e-01 5.000000000000000000e-01 5.360000000000000320e-01
4.879999999999999893e-01 4.919999999999999929e-01 4.919999999999999929e-01 5.719999999999999529e-01 4.919999999999999929e-01 5.440000000000000391e-01 5.600000000000000533e-01 4.799999999999999822e-01 5.200000000000000178e-01 5.000000000000000000e-01
5.240000000000000213e-01 5.400000000000000355e-01 5.160000000000000142e-01 5.440000000000000391e-01 5.120000000000000107e-01 5.200000000000000178e-01 5.400000000000000355e-01 4.959999999999999964e-01 5.200000000000000178e-01 5.240000000000000213e-01
5.320000000000000284e-01 5.840000000000000746e-01 5.639999999999999458e-01 5.280000000000000249e-01 5.160000000000000142e-01 5.720000000000000639e-01 5.599999999999999423e-01 5.240000000000000213e-01 4.879999999999999893e-01 5.120000000000000107e-01
5.280000000000000249e-01 5.280000000000000249e-01 5.440000000000000391e-01 5.240000000000000213e-01 5.160000000000000142e-01 5.120000000000000107e-01 5.560000000000000497e-01 4.959999999999999964e-01 5.320000000000000284e-01 5.080000000000000071e-01
4.959999999999999964e-01 5.400000000000000355e-01 5.320000000000000284e-01 5.480000000000000426e-01 5.400000000000000355e-01 5.200000000000000178e-01 4.680000000000000271e-01 5.360000000000000320e-01 5.400000000000000355e-01 5.240000000000000213e-01
5.520000000000000462e-01 5.680000000000000604e-01 4.799999999999999822e-01 5.480000000000000426e-01 4.919999999999999929e-01 5.360000000000000320e-01 5.440000000000000391e-01 5.360000000000000320e-01 5.480000000000000426e-01 5.000000000000000000e-01
5.120000000000000107e-01 5.400000000000000355e-01 5.400000000000000355e-01 5.320000000000000284e-01 5.040000000000000036e-01 5.080000000000000071e-01 5.040000000000000036e-01 4.760000000000000342e-01 4.959999999999999964e-01 5.680000000000000604e-01
4.640000000000000235e-01 5.240000000000000213e-01 5.879999999999999671e-01 5.400000000000000355e-01 5.000000000000000000e-01 5.120000000000000107e-01 5.520000000000000462e-01 4.919999999999999929e-01 5.320000000000000284e-01 5.360000000000000320e-01
4.919999999999999929e-01 5.320000000000000284e-01 5.800000000000000711e-01 5.680000000000000604e-01 5.560000000000000497e-01 5.200000000000000178e-01 4.719999999999999751e-01 5.400000000000000355e-01 5.280000000000000249e-01 5.240000000000000213e-01
5.000000000000000000e-01 5.320000000000000284e-01 5.080000000000000071e-01 5.320000000000000284e-01 5.400000000000000355e-01 5.040000000000000036e-01 5.120000000000000107e-01 5.560000000000000497e-01 5.480000000000000426e-01 5.320000000000000284e-01
5.480000000000000426e-01 5.440000000000000391e-01 5.440000000000000391e-01 4.919999999999999929e-01 4.919999999999999929e-01 5.400000000000000355e-01 5.160000000000000142e-01 5.200000000000000178e-01 5.280000000000000249e-01 5.120000000000000107e-01
4.799999999999999822e-01 5.160000000000000142e-01 5.320000000000000284e-01 5.400000000000000355e-01 5.120000000000000107e-01 5.560000000000000497e-01 5.520000000000000462e-01 5.000000000000000000e-01 4.799999999999999822e-01 5.400000000000000355e-01
5.200000000000000178e-01 5.320000000000000284e-01 5.080000000000000071e-01 5.000000000000000000e-01 4.919999999999999929e-01 5.360000000000000320e-01 5.400000000000000355e-01 5.400000000000000355e-01 5.080000000000000071e-01 4.919999999999999929e-01
5.360000000000000320e-01 5.320000000000000284e-01 5.680000000000000604e-01 4.919999999999999929e-01 4.839999999999999858e-01 5.320000000000000284e-01 5.040000000000000036e-01 5.720000000000000639e-01 5.360000000000000320e-01 5.640000000000000568e-01
5.240000000000000213e-01 5.280000000000000249e-01 5.160000000000000142e-01 5.400000000000000355e-01 5.480000000000000426e-01 4.839999999999999858e-01 5.120000000000000107e-01 5.160000000000000142e-01 5.480000000000000426e-01 4.799999999999999822e-01
4.879999999999999893e-01 5.640000000000000568e-01 5.240000000000000213e-01 5.280000000000000249e-01 5.280000000000000249e-01 5.200000000000000178e-01 5.360000000000000320e-01 5.240000000000000213e-01 4.879999999999999893e-01 4.719999999999999751e-01
4.799999999999999822e-01 5.000000000000000000e-01 5.400000000000000355e-01 5.040000000000000036e-01 4.919999999999999929e-01 5.080000000000000071e-01 4.560000000000000164e-01 5.480000000000000426e-01 5.440000000000000391e-01 5.120000000000000107e-01
5.000000000000000000e-01 5.280000000000000249e-01 5.080000000000000071e-01 5.480000000000000426e-01 4.879999999999999893e-01 5.120000000000000107e-01 5.560000000000000497e-01 4.919999999999999929e-01 4.879999999999999893e-01 5.120000000000000107e-01
4.919999999999999929e-01 5.000000000000000000e-01 5.080000000000000071e-01 5.480000000000000426e-01 5.120000000000000107e-01 5.080000000000000071e-01 5.240000000000000213e-01 4.919999999999999929e-01 5.040000000000000036e-01 4.919999999999999929e-01
5.160000000000000142e-01 5.520000000000000462e-01 5.120000000000000107e-01 5.320000000000000284e-01 5.320000000000000284e-01 5.200000000000000178e-01 5.120000000000000107e-01 5.000000000000000000e-01 5.640000000000000568e-01 4.919999999999999929e-01
4.639999999999999680e-01 5.280000000000000249e-01 5.120000000000000107e-01 5.040000000000000036e-01 5.160000000000000142e-01 5.520000000000000462e-01 5.200000000000000178e-01 5.440000000000000391e-01 5.799999999999999600e-01 4.799999999999999822e-01
5.000000000000000000e-01 5.240000000000000213e-01 5.240000000000000213e-01 4.959999999999999964e-01 4.839999999999999858e-01 4.799999999999999822e-01 5.360000000000000320e-01 5.120000000000000107e-01 4.799999999999999822e-01 5.080000000000000071e-01
4.559999999999999609e-01 5.360000000000000320e-01 4.919999999999999929e-01 5.040000000000000036e-01 4.959999999999999964e-01 5.559999999999999387e-01 5.040000000000000036e-01 5.000000000000000000e-01 5.080000000000000071e-01 5.080000000000000071e-01
5.280000000000000249e-01 5.200000000000000178e-01 5.200000000000000178e-01 4.680000000000000271e-01 5.120000000000000107e-01 4.879999999999999893e-01 5.080000000000000071e-01 4.799999999999999822e-01 5.280000000000000249e-01 5.320000000000000284e-01
5.160000000000000142e-01 4.959999999999999964e-01 5.280000000000000249e-01 5.520000000000000462e-01 5.000000000000000000e-01 5.120000000000000107e-01 5.120000000000000107e-01 5.360000000000000320e-01 5.080000000000000071e-01 5.160000000000000142e-01
5.360000000000000320e-01 4.959999999999999964e-01 4.919999999999999929e-01 4.879999999999999893e-01 5.240000000000000213e-01 5.080000000000000071e-01 4.799999999999999822e-01 5.040000000000000036e-01 4.919999999999999929e-01 4.959999999999999964e-01
5.080000000000000071e-01 5.200000000000000178e-01 5.040000000000000036e-01 5.000000000000000000e-01 5.040000000000000036e-01 5.559999999999999387e-01 5.120000000000000107e-01 4.799999999999999822e-01 4.760000000000000342e-01 5.240000000000000213e-01
5.040000000000000036e-01 5.000000000000000000e-01 4.959999999999999964e-01 4.839999999999999858e-01 5.040000000000000036e-01 5.280000000000000249e-01 5.000000000000000000e-01 5.120000000000000107e-01 5.240000000000000213e-01 5.200000000000000178e-01
5.160000000000000142e-01 4.959999999999999964e-01 5.160000000000000142e-01 5.040000000000000036e-01 5.000000000000000000e-01 5.040000000000000036e-01 5.080000000000000071e-01 4.799999999999999822e-01 5.160000000000000142e-01 5.320000000000000284e-01
5.120000000000000107e-01 4.840000000000000413e-01 5.080000000000000071e-01 5.200000000000000178e-01 5.400000000000000355e-01 4.719999999999999751e-01 5.360000000000000320e-01 5.559999999999999387e-01 5.120000000000000107e-01 4.919999999999999929e-01
4.800000000000000377e-01 4.840000000000000413e-01 5.160000000000000142e-01 4.919999999999999929e-01 5.320000000000000284e-01 4.840000000000000413e-01 5.280000000000000249e-01 5.280000000000000249e-01 5.080000000000000071e-01 5.160000000000000142e-01
4.919999999999999929e-01 4.760000000000000342e-01 5.040000000000000036e-01 5.040000000000000036e-01 4.959999999999999964e-01 5.080000000000000071e-01 4.680000000000000271e-01 4.600000000000000200e-01 4.959999999999999964e-01 5.160000000000000142e-01
5.080000000000000071e-01 4.799999999999999822e-01 4.639999999999999680e-01 5.000000000000000000e-01 5.200000000000000178e-01 4.799999999999999822e-01 5.080000000000000071e-01 4.919999999999999929e-01 5.160000000000000142e-01 5.320000000000000284e-01
5.360000000000000320e-01 5.120000000000000107e-01 4.720000000000000306e-01 4.959999999999999964e-01 5.040000000000000036e-01 5.000000000000000000e-01 5.000000000000000000e-01 4.839999999999999858e-01 5.559999999999999387e-01 5.040000000000000036e-01
5.040000000000000036e-01 5.160000000000000142e-01 5.080000000000000071e-01 5.080000000000000071e-01 5.080000000000000071e-01 4.920000000000000484e-01 4.879999999999999893e-01 4.959999999999999964e-01 5.160000000000000142e-01 4.640000000000000235e-01
4.840000000000000413e-01 5.280000000000000249e-01 5.040000000000000036e-01 5.320000000000000284e-01 5.040000000000000036e-01 4.719999999999999751e-01 5.160000000000000142e-01 4.840000000000000413e-01 5.160000000000000142e-01 4.879999999999999893e-01
5.480000000000000426e-01 5.120000000000000107e-01 5.040000000000000036e-01 4.799999999999999822e-01 5.040000000000000036e-01 5.000000000000000000e-01 5.200000000000000178e-01 4.919999999999999929e-01 4.880000000000000449e-01 5.200000000000000178e-01
4.680000000000000271e-01 4.680000000000000271e-01 5.400000000000000355e-01 4.919999999999999929e-01 4.759999999999999787e-01 4.880000000000000449e-01 5.280000000000000249e-01 4.919999999999999929e-01 5.080000000000000071e-01 5.000000000000000000e-01
4.880000000000000449e-01 5.080000000000000071e-01 4.920000000000000484e-01 5.000000000000000000e-01 4.800000000000000377e-01 4.800000000000000377e-01 4.800000000000000377e-01 4.839999999999999858e-01 5.080000000000000071e-01 4.880000000000000449e-01
4.839999999999999858e-01 4.720000000000000306e-01 5.120000000000000107e-01 5.240000000000000213e-01 4.959999999999999964e-01 5.080000000000000071e-01 4.840000000000000413e-01 5.000000000000000000e-01 5.080000000000000071e-01 4.799999999999999822e-01
4.959999999999999964e-01 5.080000000000000071e-01 4.960000000000000520e-01 5.000000000000000000e-01 4.760000000000000342e-01 5.160000000000000142e-01 4.919999999999999929e-01 4.879999999999999893e-01 4.879999999999999893e-01 4.720000000000000306e-01
5.240000000000000213e-01 4.919999999999999929e-01 4.919999999999999929e-01 5.040000000000000036e-01 5.080000000000000071e-01 4.839999999999999858e-01 4.959999999999999964e-01 5.040000000000000036e-01 5.160000000000000142e-01 5.000000000000000000e-01
5.040000000000000036e-01 4.920000000000000484e-01 4.959999999999999964e-01 4.800000000000000377e-01 4.959999999999999964e-01 5.080000000000000071e-01 5.120000000000000107e-01 4.799999999999999822e-01 5.000000000000000000e-01 4.840000000000000413e-01
5.040000000000000036e-01 5.080000000000000071e-01 5.120000000000000107e-01 5.240000000000000213e-01 5.120000000000000107e-01 5.000000000000000000e-01 5.120000000000000107e-01 4.680000000000000271e-01 4.959999999999999964e-01 4.879999999999999893e-01
4.959999999999999964e-01 4.839999999999999858e-01 4.919999999999999929e-01 5.320000000000000284e-01 5.040000000000000036e-01 5.400000000000000355e-01 5.360000000000000320e-01 5.000000000000000000e-01 5.040000000000000036e-01 5.080000000000000071e-01
5.040000000000000036e-01 4.959999999999999964e-01 5.080000000000000071e-01 4.880000000000000449e-01 5.080000000000000071e-01 5.040000000000000036e-01 4.959999999999999964e-01 4.839999999999999858e-01 5.000000000000000000e-01 5.160000000000000142e-01
4.919999999999999929e-01 5.040000000000000036e-01 4.919999999999999929e-01 4.839999999999999858e-01 5.040000000000000036e-01 4.959999999999999964e-01 5.280000000000000249e-01 4.919999999999999929e-01 4.879999999999999893e-01 4.879999999999999893e-01
5.360000000000000320e-01 4.919999999999999929e-01 4.919999999999999929e-01 4.799999999999999822e-01 5.120000000000000107e-01 4.879999999999999893e-01 4.879999999999999893e-01 5.160000000000000142e-01 5.120000000000000107e-01 4.959999999999999964e-01
5.080000000000000071e-01 4.879999999999999893e-01 4.959999999999999964e-01 4.720000000000000306e-01 5.000000000000000000e-01 4.959999999999999964e-01 5.080000000000000071e-01 5.160000000000000142e-01 5.200000000000000178e-01 5.040000000000000036e-01
4.799999999999999822e-01 5.000000000000000000e-01 4.919999999999999929e-01 4.879999999999999893e-01 5.000000000000000000e-01 4.919999999999999929e-01 4.919999999999999929e-01 4.919999999999999929e-01 5.040000000000000036e-01 4.799999999999999822e-01
4.799999999999999822e-01 4.959999999999999964e-01 4.799999999999999822e-01 5.000000000000000000e-01 4.959999999999999964e-01 4.879999999999999893e-01 4.839999999999999858e-01 4.879999999999999893e-01 4.919999999999999929e-01 5.080000000000000071e-01
5.040000000000000036e-01 4.919999999999999929e-01 5.080000000000000071e-01 4.839999999999999858e-01 5.040000000000000036e-01 5.040000000000000036e-01 5.160000000000000142e-01 4.719999999999999751e-01 4.959999999999999964e-01 4.839999999999999858e-01
5.040000000000000036e-01 4.959999999999999964e-01 4.799999999999999822e-01 4.919999999999999929e-01 4.799999999999999822e-01 4.799999999999999822e-01 4.959999999999999964e-01 4.879999999999999893e-01 5.000000000000000000e-01 4.919999999999999929e-01
4.959999999999999964e-01 5.000000000000000000e-01 4.919999999999999929e-01 5.040000000000000036e-01 5.000000000000000000e-01 4.959999999999999964e-01 4.959999999999999964e-01 4.919999999999999929e-01 5.120000000000000107e-01 4.879999999999999893e-01
4.839999999999999858e-01 5.000000000000000000e-01 4.959999999999999964e-01 5.000000000000000000e-01 5.000000000000000000e-01 5.000000000000000000e-01 4.959999999999999964e-01 5.080000000000000071e-01 5.040000000000000036e-01 4.839999999999999858e-01
