0.000000000000000000e+00 0.000000000000000000e+00 0.000000000000000000e+00 0.000000000000000000e+00 0.000000000000000000e+00 0.000000000000000000e+00 0.000000000000000000e+00 0.000000000000000000e+00 0.000000000000000000e+00 0.000000000000000000e+00
4.883377600447589423e-02 8.872987707617001341e-02 1.601281538050871311e-01 8.031157077540444778e-02 9.652341781316803315e-02 8.115343414514943066e-02 1.769595993241413756e-01 8.828295892956408708e-02 1.532606967679300269e-01 3.237619541190880218e-02
1.298454946322391002e-01 1.043344060076666496e-01 1.219028837118373565e-01 8.872987707617001341e-02 1.043344060076666496e-01 4.089440873432637069e-02 1.219028837118373565e-01 1.295047816476352087e-01 1.532606967679300269e-01 1.608723630219467127e-01
3.317703219174801543e-02 1.611645928050760568e-01 7.245587740630486662e-02 1.302234026786023846e-01 1.440414899245079650e-01 1.548815833814838339e-01 1.207597956771747777e-01 4.856429311786320674e-02 1.212638497120115399e-01 1.764579733716888366e-01
6.475239082381760436e-02 7.259717215323001349e-02 1.207597956771747777e-01 8.115343414514943066e-02 1.453504749334527668e-01 1.559631572996531823e-01 1.124361990855662213e-01 1.456928793535896272e-01 1.207597956771747777e-01 1.717565166841707736e-01
1.701925886793526355e-01 1.544103193683273034e-01 8.115343414514943066e-02 1.772810520855836458e-01 1.717565166841707736e-01 5.658979653227205059e-02 1.219028837118373565e-01 1.209952869220500271e-01 1.390409896967096659e-01 2.016588115367500267e-01
6.446583712203042549e-02 1.687795363122723824e-01 7.293968086257969496e-02 4.818694246524266728e-02 0.000000000000000000e+00 1.215661347709661722e-01 1.063254627092485721e-01 1.706640371965722769e-01 1.215661347709661722e-01 1.536008763018812673e-01
8.075026385191820533e-02 1.717565166841707736e-01 1.604163394288080358e-01 1.529624078577547230e-01 1.207597956771747777e-01 1.053573168015040085e-01 1.130503693926854791e-01 9.738412097417932511e-02 9.690031662230184917e-02 1.147078669352808861e-01
1.395459828470581032e-01 8.840832854452362888e-02 8.115343414514943066e-02 4.845015831115092458e-02 9.669875568304563129e-02 5.658979653227205059e-02 4.818694246524266728e-02 4.025326522572492821e-02 0.000000000000000000e+00 1.056491658835923692e-01
3.237619541190880218e-02 6.446583712203042549e-02 4.052204492365538840e-02 8.996769921551801830e-02 1.302234026786023846e-01 9.797958971132711414e-02 7.360993572178746447e-02 1.874882325144278106e-01 1.874882325144278106e-01 1.942571724714528270e-01
1.253093039736596637e-01 1.523122555772292441e-01 8.115343414514943066e-02 1.302234026786023846e-01 1.156117059711339184e-01 7.387728503667781443e-02 8.193419066805777973e-02 6.475239082381760436e-02 8.828295892956408708e-02 1.374323630069464175e-01
9.669875568304563129e-02 2.099506860149873144e-01 2.194251906813072250e-01 1.143095213298816332e-01 8.058229640253802839e-02 1.450481335245684400e-01 4.075831141617995701e-02 1.486436219628864686e-01 1.769595993241413756e-01 1.059716096820678966e-01
8.016434504064697333e-03 1.044825700980733796e-01 1.406881830564404023e-01 5.658979653227205059e-02 6.475239082381760436e-02 1.136148078032092057e-01 1.201384793382936911e-01 1.395459828470581032e-01 1.460761814612689669e-01 1.717565166841707736e-01
6.492274731611955008e-02 4.845015831115092458e-02 8.996769921551801830e-02 1.406881830564404023e-01 1.536008763018812673e-01 1.219028837118373565e-01 1.147078669352808861e-01 7.275830982720692119e-02 9.766755200895178846e-02 1.215661347709661722e-01
1.295047816476352087e-01 1.059716096820678966e-01 7.293968086257969496e-02 2.060214108575822711e-01 1.295047816476352087e-01 1.219028837118373565e-01 1.053573168015040085e-01 8.966828511559590820e-02 5.611504152845288307e-02 1.632993161855451902e-01
6.511170133930119230e-02 1.385782588150118733e-01 7.387728503667781443e-02 9.029445948927289356e-02 1.400945593831559588e-01 4.120428217151645561e-02 2.438057674236747061e-02 6.434894520877867952e-02 8.138962667412649732e-02 1.053573168015040085e-01
1.711849079479558222e-01 1.460761814612689669e-01 2.200948816473717873e-01 4.104293613148767700e-02 7.416770790872961872e-02 1.572397340042569203e-01 1.236128465145493738e-01 7.416770790872961872e-02 1.855261066138100268e-01 9.738412097417932511e-02
1.465013280134276896e-01 1.390409896967096659e-01 1.644879237399422267e-01 1.460761814612689669e-01 1.124361990855662213e-01 7.293968086257969496e-02 5.725217222805692452e-02 7.275830982720692119e-02 6.492274731611955008e-02 1.161196126711180471e-01
1.022397264886495544e-01 6.446583712203042549e-02 1.565762722517625438e-01 1.136148078032092057e-01 9.690031662230184917e-02 1.859379028917510224e-01 5.768599504012304063e-02 1.456928793535896272e-01 6.434894520877867952e-02 1.241366321086238844e-01
4.883377600447589423e-02 1.544103193683273034e-01 2.445498684970797559e-02 2.519230039424342343e-02 1.381566015400823300e-01 6.492274731611955008e-02 2.020877981527422207e-01 -3.303191599175254317e-02 1.067116339418679588e-01 1.321276639670101727e-01
8.043618151097335633e-02 9.909574797525763645e-02 1.005037815259212097e-01 1.315903389919537980e-01 2.267307035481908040e-01 7.275830982720692119e-02 7.360993572178746447e-02 5.819407664326221863e-02 9.832102880166933290e-02 8.939544805534739569e-02
1.071311336459427888e-01 1.075850811608073665e-01 5.673086289311754515e-02 1.794871794871794879e-01 9.401709401709401615e-02 1.796292478040997231e-01 1.302234026786023846e-01 8.333333333333332871e-02 1.887975062048433128e-01 6.736259938424740690e-02
5.658979653227205059e-02 1.507556722888818146e-01 1.824736770546140918e-01 1.385782588150118733e-01 1.147078669352808861e-01 9.690031662230184917e-02 1.469693845669906851e-01 1.000000000000000056e-01 1.486436219628864686e-01 7.448197926517433065e-02
1.632993161855451902e-01 1.559631572996531823e-01 9.869275424396534158e-02 8.872987707617001341e-02 5.819407664326221863e-02 1.310947050688924531e-01 1.544103193683273034e-01 6.511170133930119230e-02 1.644879237399422267e-01 6.511170133930119230e-02
1.147078669352808861e-01 8.193419066805777973e-02 1.156117059711339184e-01 1.005037815259212097e-01 1.406881830564404023e-01 1.241366321086238844e-01 1.151415466179595698e-01 1.266600992762247080e-01 1.143095213298816332e-01 6.579516949597689901e-02
5.910804632890486604e-02 1.413284718479225210e-01 9.953109657524404630e-02 8.892682312214179874e-02 5.982905982905983161e-02 9.189348958068375983e-02 1.413284718479225210e-01 9.797958971132711414e-02 7.448197926517433065e-02 4.883377600447589423e-02
1.942121522235445708e-01 1.618809770595440178e-01 1.565762722517625438e-01 3.350126050864040556e-02 9.601587170383664438e-02 1.321276639670101727e-01 9.909574797525763645e-02 6.635406438349603087e-02 1.638683813361155595e-01 1.711849079479558222e-01
1.595512358302083322e-01 1.063254627092485721e-01 1.091666350417214992e-01 6.635406438349603087e-02 8.066352461470001692e-03 1.236128465145493738e-01 7.482095568419427911e-02 3.303191599175254317e-02 6.736259938424740690e-02 1.236128465145493738e-01
1.524329372026730911e-01 1.321276639670101727e-01 5.910804632890486604e-02 1.340050420345616222e-01 9.189348958068375983e-02 1.347251987684948138e-01 1.395459828470581032e-01 1.147078669352808861e-01 9.189348958068375983e-02 1.395459828470581032e-01
1.333333333333333315e-01 4.976554828762202315e-02 6.774797209007692167e-02 1.241366321086238844e-01 1.347251987684948138e-01 1.067116339418679588e-01 8.224396186997111335e-02 1.067116339418679588e-01 1.161196126711180471e-01 9.953109657524404630e-02
8.257978997938136834e-02 1.315903389919537980e-01 1.427563689007127212e-01 1.200490095997561873e-01 1.420172111701476225e-01 9.738412097417932511e-02 7.557690118273026336e-02 2.533201985524494160e-02 2.494031856139809419e-02 1.565762722517625438e-01
1.134733029227160406e-01 1.063254627092485721e-01 3.368129969212370345e-02 1.452991452991453103e-01 5.819407664326221863e-02 1.990621931504880926e-01 9.343194793013356869e-02 1.675063025432020070e-01 1.406881830564404023e-01 1.381566015400823300e-01
1.773241389867145912e-01 1.711849079479558222e-01 1.080747137660584001e-01 9.343194793013356869e-02 6.554735253444622656e-02 1.595512358302083322e-01 4.063429457061244754e-02 8.872987707617001341e-02 1.435481125130546876e-01 9.288407280256479048e-02
4.104293613148767700e-02 6.700252101728081111e-02 1.226832262029791121e-01 1.080747137660584001e-01 6.666666666666666574e-02 -2.506186079473193482e-02 8.633531446374632934e-02 -1.666666666666666644e-02 1.274072017229094245e-01 5.000000000000000278e-02
5.081097906755769472e-02 9.103353021299084857e-02 1.990621931504880926e-01 5.746011058408274919e-02 8.939544805534739569e-02 6.815981765909970291e-02 1.005037815259212097e-01 7.644432103374565468e-02 3.255585066965059615e-02 1.347251987684948138e-01
1.533595897329743107e-01 1.236128465145493738e-01 8.224396186997111335e-02 7.314173022710240835e-02 5.746011058408274919e-02 1.036023773564955924e-01 1.480391313659480124e-01 9.797958971132711414e-02 1.290564332299168337e-01 8.275775473908258961e-03
4.301881107663894227e-02 1.097720860393947562e-01 1.565762722517625438e-01 1.381566015400823300e-01 4.273504273504273587e-02 1.452991452991453103e-01 1.363196353181994058e-01 6.022633550729451779e-02 9.343194793013356869e-02 9.869275424396534158e-02
1.147078669352808861e-01 1.222749342485398849e-01 7.482095568419427911e-02 1.178845489224329690e-01 1.088931012960941552e-01 1.075850811608073665e-01 6.606383198350508634e-02 1.427563689007127212e-01 1.465013280134276896e-01 1.533595897329743107e-01
1.499999999999999944e-01 1.091666350417214992e-01 3.317703219174801543e-02 1.266600992762247080e-01 1.703995441477492573e-02 7.518558238419580098e-02 0.000000000000000000e+00 6.906825157099706625e-02 7.855844048495726206e-02 1.178845489224329690e-01
1.543487266282579651e-01 8.633531446374632934e-02 9.237176811222588824e-02 1.086013967771717187e-01 1.745822299297866420e-01 4.474104994481180320e-02 6.064983530342978740e-02 7.797835967583829908e-02 1.097720860393947562e-01 1.080747137660584001e-01
1.539837707098904718e-01 4.120428217151645561e-02 1.091666350417214992e-01 1.363196353181994058e-01 1.178845489224329690e-01 0.000000000000000000e+00 1.543487266282579651e-01 2.453664524059582380e-02 5.257497279245862409e-02 7.983380328915770652e-02
4.246906724096980584e-02 9.464138436860568271e-02 9.757464846452608420e-02 1.565762722517625438e-01 1.886484436567597289e-01 1.028991510855053054e-01 7.644432103374565468e-02 9.189348958068375983e-02 1.166666666666666685e-01 1.333333333333333315e-01
6.956784760539649892e-02 1.200490095997561873e-01 8.468496511259615556e-02 9.288407280256479048e-02 8.294258047937003164e-02 1.413284718479225210e-01 1.178845489224329690e-01 1.507971839906312450e-01 -6.158145938200618175e-02 1.354959441801538433e-01
2.111001654603745226e-01 1.739196190134912334e-01 8.633531446374632934e-02 1.565276571121421156e-01 3.303191599175254317e-02 1.080747137660584001e-01 0.000000000000000000e+00 6.815981765909970291e-02 1.658455965793542153e-01 1.036023773564955924e-01
8.695980950674561671e-02 1.658455965793542153e-01 1.043517714080947484e-01 7.797835967583829908e-02 1.274072017229094245e-01 7.448197926517433065e-02 9.601587170383664438e-02 4.954787398762881823e-02 1.452991452991453103e-01 1.080747137660584001e-01
7.743385993795010025e-02 1.051499455849172482e-01 1.051499455849172482e-01 1.274072017229094245e-01 4.273504273504273587e-02 9.832102880166933290e-02 9.934127712177009961e-02 6.774797209007692167e-02 1.381365031419941325e-01 1.290564332299168337e-01
8.633531446374632934e-02 1.010438990763711103e-01 1.613824555156852525e-01 2.506186079473193482e-02 1.200490095997561873e-01 1.104195748265214966e-01 7.644432103374565468e-02 1.259615019712171102e-01 7.126966450997983260e-02 1.572397340042569203e-01
1.104195748265214966e-01 1.381365031419941325e-01 1.022397264886495544e-01 1.781741612749495884e-01 5.910804632890486604e-02 1.726706289274926587e-01 5.910804632890486604e-02 1.178845489224329690e-01 1.623931623931623991e-01 9.237176811222588824e-02
4.963161166574747013e-02 1.319602701042989490e-01 1.166666666666666685e-01 0.000000000000000000e+00 1.443948286192973385e-01 1.543487266282579651e-01 2.564102564102564014e-02 1.000000000000000056e-01 1.051499455849172482e-01 1.565276571121421156e-01
9.343194793013356869e-02 1.059997880006359888e-01 9.677086474315256537e-02 6.209295811378932883e-02 6.815981765909970291e-02 7.066652533375733514e-02 1.965811965811965767e-01 1.703995441477492434e-01 1.185589511576346233e-01 0.000000000000000000e+00
5.345224838248487098e-02 8.908708063747479422e-02 1.715894786648756443e-01 9.401709401709401615e-02 6.666666666666666574e-02 1.185589511576346233e-01 6.321717635021734116e-02 2.323015798138503007e-01 3.429971702850176385e-02 6.022633550729451779e-02
1.819495059102893553e-01 5.144957554275265271e-02 1.134733029227160406e-01 8.762495465409769757e-02 9.343194793013356869e-02 1.443948286192973385e-01 6.064983530342978740e-02 1.163267298565106855e-01 9.288407280256479048e-02 1.521195698123601336e-01
7.191174652966195180e-02 6.158145938200618175e-02 9.031025192888191347e-03 8.797351340286597640e-03 6.158145938200618175e-02 5.393380989724646385e-02 4.364357804719847661e-02 1.028991510855053054e-01 7.917616206257938050e-02 1.217437333094438662e-01
1.797793663241548656e-01 8.207293546575956944e-02 1.483881653604748330e-01 9.213166547046368338e-03 4.198716732373903443e-02 1.413330506675146703e-01 7.797835967583829908e-02 6.158145938200618175e-02 1.646209815378808505e-01 1.208694402492448555e-01
1.391356952107929978e-01 1.783700824120731943e-01 9.934127712177009961e-02 1.099853362660149630e-01 -3.746343246326776233e-02 1.391356952107929978e-01 1.589996820009539902e-01 1.794871794871794879e-01 1.862788743413680004e-01 6.110100926607786587e-02
3.504998186163908042e-02 -8.353953598243977693e-03 1.330563388152628534e-01 9.464138436860568271e-02 6.110100926607786587e-02 5.444655064804707761e-02 9.757464846452608420e-02 1.515658486145566863e-01 8.797351340286597640e-03 2.044794529772991087e-01
1.507971839906312450e-01 3.563483225498991630e-02 1.550266558797680772e-01 -5.345224838248487098e-02 9.420138987639985195e-03 9.601587170383664438e-02 1.143655674237257641e-01 7.580980435789033689e-02 1.185497956727638302e-01 1.566238312997882687e-01
6.383450536225744598e-02 7.855844048495726206e-02 8.988968316207743281e-02 0.000000000000000000e+00 1.483881653604748330e-01 1.965811965811965767e-01 1.069044967649697420e-01 1.134733029227160406e-01 1.583263142643485666e-01 1.118489087992612513e-01
1.507971839906312450e-01 6.064983530342978740e-02 1.013448320175100587e-01 5.257497279245862409e-02 1.013448320175100587e-01 1.833030277982335976e-01 5.217588570404737419e-02 -7.580980435789033689e-02 1.134733029227160406e-01 1.438234930593239036e-01
2.150940553831947322e-01 8.908708063747479422e-02 1.481989795609145455e-01 6.022633550729451779e-02 1.466471150213533026e-01 5.257497279245862409e-02 5.619514869490164349e-02 1.781741612749495884e-01 2.763949964113910501e-02 1.507971839906312450e-01
3.666177875533832564e-02 1.197711651116027953e-01 1.111111111111111049e-01 2.037735968962574862e-01 1.895245108947258422e-02 -1.833088937766916282e-02 3.746343246326776233e-02 0.000000000000000000e+00 -8.291849892341732198e-02 1.236664193340753226e-01
1.174033275075464927e-01 1.342231498344353957e-01 1.270419515121098408e-01 1.852487244511431819e-02 1.069044967649697420e-01 9.530688404824680382e-02 2.661126776305257000e-02 9.934127712177009961e-02 6.263746992273652725e-02 6.956784760539649892e-02
8.207293546575956944e-02 1.715894786648756443e-01 1.752499093081953951e-01 7.797835967583829908e-02 3.478392380269824946e-02 8.870422587684190577e-03 7.797835967583829908e-02 5.217588570404737419e-02 5.557461733534294762e-02 1.401999274465563217e-01
1.462639576605724023e-01 1.153154936398944758e-01 5.444655064804707761e-02 1.247219128924647036e-01 1.163267298565106855e-01 4.332131093102127573e-02 1.028991510855053054e-01 1.915035160867723518e-01 8.381981343406688656e-02 8.381981343406688656e-02
4.515512596444095500e-02 3.504998186163908042e-02 1.051499455849172482e-01 7.983380328915770652e-02 8.207293546575956944e-02 7.259540086406277015e-02 8.908708063747479422e-02 1.451908017281255403e-01 5.619514869490164349e-02 1.024464386416373135e-01
8.988968316207743281e-02 1.603567451474546268e-01 9.262436222557157706e-02 4.606583273523184169e-02 7.332355751067665128e-02 1.852487244511431819e-02 9.594119455666703933e-02 9.720197391996737712e-02 8.580773276925411641e-02 1.111492346706858952e-01
1.401999274465563217e-01 2.661126776305257000e-02 -6.383450536225744598e-02 8.695980950674561671e-02 1.589996820009539902e-01 5.444655064804707761e-02 1.413330506675146703e-01 1.197711651116027953e-01 -9.313312603785210003e-03 3.704974489022863637e-02
1.769529394719190074e-01 1.732650859832702284e-01 -9.786534966019706447e-03 -5.345224838248487098e-02 1.111492346706858952e-01 3.595587326483097590e-02 7.259540086406277015e-02 3.666177875533832564e-02 0.000000000000000000e+00 9.855206599818043534e-02
7.191174652966195180e-02 4.656656301892605349e-02 6.449216582932458530e-02 -5.299691672907444473e-02 9.420138987639985195e-03 6.449216582932458530e-02 1.111492346706858952e-01 8.580773276925411641e-02 8.988968316207743281e-02 1.111492346706858952e-01
4.767096264958562563e-02 7.492686492653552466e-02 8.381981343406688656e-02 5.393380989724646385e-02 -4.515512596444095500e-02 5.444655064804707761e-02 1.015555579627984290e-01 1.834657288424016985e-01 -2.935960489805911761e-02 5.619514869490164349e-02
9.594119455666703933e-02 9.786534966019706447e-03 8.478125088875985982e-02 2.027779108258123963e-01 3.837647782266681573e-02 1.367882257762659537e-01 1.462639576605724023e-01 2.684462996688708261e-02 9.165444688834581410e-02 2.031111159255968857e-02
6.850574476213794339e-02 1.833088937766916282e-02 2.661126776305257000e-02 1.481989795609145455e-01 1.050364539753919080e-01 8.580773276925411641e-02 1.224618068393198006e-01 1.088931012960941552e-01 -5.345224838248487098e-02 7.409948978045727275e-02
7.492686492653552466e-02 1.944039478399347542e-01 8.908708063747479422e-02 9.119215051751063464e-03 7.675295564533363146e-02 1.343176723793338412e-01 2.383015619096990889e-01 9.720197391996737712e-02 5.205792062953535498e-02 8.381981343406688656e-02
-9.534192529917124431e-03 4.474104994481180320e-02 1.896515290506520235e-01 1.535059112906672629e-01 0.000000000000000000e+00 7.580980435789033689e-02 1.396996890567781535e-01 7.492686492653552466e-02 2.031111159255968857e-02 7.580980435789033689e-02
0.000000000000000000e+00 1.342231498344353957e-01 1.126148693274005574e-01 1.834657288424016985e-01 1.413330506675146703e-01 1.078676197944929277e-01 -9.722488497725263745e-02 9.068729346753406917e-02 1.258455564269084226e-01 8.207293546575956944e-02
1.197711651116027953e-01 1.255291828921695774e-01 -3.545148386768333382e-02 1.224618068393198006e-01 8.127922673599372039e-02 1.413020848145997710e-01 1.342231498344353957e-01 1.438234930593239036e-01 1.151294334680004472e-01 8.381981343406688656e-02
3.888078956798695501e-02 8.402916318031353193e-02 3.704974489022863637e-02 8.559209850218257865e-02 6.859943405700352770e-02 1.197282856526439287e-01 4.201458159015676597e-02 -1.535657309010007576e-01 1.126443300087105227e-02 1.618014296917393846e-01
7.166400775380035726e-02 6.759263694193745620e-02 1.944039478399347542e-01 1.651680278030668025e-01 4.828045495852675839e-02 1.687474796635413943e-01 1.859441643543744138e-01 1.971041319963608845e-02 1.088931012960941552e-01 7.166400775380035726e-02
4.000000000000000083e-02 1.799999999999999933e-01 1.852487244511431541e-01 2.002180431282596096e-01 1.108400253492083098e-01 7.166400775380035726e-02 -6.546536707079771145e-02 1.488948349972424035e-01 6.449216582932458530e-02 7.885103100609736071e-02
-3.307103017477681928e-02 5.999999999999999778e-02 1.145274253849777740e-01 6.449216582932458530e-02 5.038182970418559475e-02 1.048761178290883722e-01 7.884165279854435382e-02 1.583263142643485666e-01 1.498537298530710493e-01 1.360827634879543391e-01
9.720197391996737712e-02 1.589907501872233342e-01 5.557461733534294762e-02 -4.656656301892605349e-02 5.913123959890826536e-02 9.370425713316363203e-02 1.182624791978165307e-01 -1.895245108947258422e-02 2.860257758975137329e-02 9.476225544736292805e-02
0.000000000000000000e+00 7.053456158585982849e-02 6.948425633204645402e-02 5.205792062953535498e-02 1.330903001142006437e-01 1.091089451179961811e-01 8.933690099834544485e-02 7.884165279854435382e-02 -6.419407387663693398e-02 9.921309052433045783e-02
1.600000000000000033e-01 1.886001243298403851e-01 5.401382498736257559e-02 7.884165279854435382e-02 -4.201458159015676597e-02 1.309927572308825505e-01 4.201458159015676597e-02 8.690481892534816788e-02 1.971041319963608845e-02 4.456565178215864120e-02
5.999999999999999778e-02 9.068729346753406917e-02 1.470510355655486878e-01 1.944039478399347751e-02 -1.007636594083711860e-02 7.580980435789033689e-02 -6.068300796911037243e-02 1.032300173769167412e-01 5.832118435198042905e-02 1.624888927404775085e-01
9.722488497725263745e-02 5.557461733534294762e-02 6.193801042615004748e-02 1.330903001142006437e-01 1.239087630095815629e-01 -3.123475237772121299e-02 4.062222318511937713e-02 2.228282589107932060e-02 1.099853362660149630e-01 -4.667600280093366083e-02
-3.747366058909427228e-02 5.557461733534294762e-02 1.050364539753919080e-01 5.685735326841775961e-02 8.124444637023875426e-02 7.288108888134949004e-02 1.511454891125567912e-01 8.933690099834544485e-02 -1.050364539753919080e-01 -2.064600347538335032e-02
9.656090991705352372e-03 -2.139802462554564466e-02 1.166900070023341451e-01 9.213943854060045735e-02 1.050364539753919080e-01 3.888078956798695501e-02 -5.205792062953535498e-02 1.145274253849777740e-01 1.379728923974526122e-01 7.288108888134949004e-02
-1.023771539340005005e-02 1.527525231651946647e-01 2.333800140046683042e-02 8.913130356431728241e-02 6.302187238523514201e-02 1.535657309010007576e-01 1.511454891125567912e-01 4.000000000000000083e-02 1.007636594083711860e-02 0.000000000000000000e+00
-2.000000000000000042e-02 3.640980478146622207e-02 0.000000000000000000e+00 1.260437447704702840e-01 0.000000000000000000e+00 -1.059938334581488929e-02 0.000000000000000000e+00 -3.022909782251135408e-02 7.884165279854435382e-02 -4.000000000000000083e-02
4.062222318511937713e-02 1.379728923974526122e-01 1.353505936367919160e-01 6.193801042615004748e-02 1.421777811479178200e-01 0.000000000000000000e+00 3.888078956798695501e-02 9.114479026995510325e-02 1.448413648755802752e-01 5.118857696700025023e-02
-1.102367672492560527e-02 4.201458159015676597e-02 1.255291828921695774e-01 5.999999999999999778e-02 5.632216500435525963e-02 1.091895456646444357e-01 1.963961012123931205e-01 1.828000043330371693e-01 2.673939106929518195e-01 -3.022909782251135408e-02
2.182178902359923831e-02 1.511454891125567912e-01 1.152780835408469956e-02 4.279604925109128932e-02 -2.394565713052878783e-02 6.193801042615004748e-02 8.807881469417735976e-02 9.722488497725263745e-02 -4.923659639173309788e-02 6.419407387663693398e-02
-1.059938334581488929e-02 7.001400420140048431e-02 3.123475237772121299e-02 1.822895805399102065e-01 3.123475237772121299e-02 1.527525231651946647e-01 0.000000000000000000e+00 3.747366058909427228e-02 1.367171854049326341e-01 0.000000000000000000e+00
8.913130356431728241e-02 1.577758207196869600e-01 1.152780835408469956e-02 5.632216500435525963e-02 1.102367672492560527e-02 -6.068300796911037243e-02 1.091089451179961811e-01 -1.048284836721918301e-01 1.729171253112704865e-01 1.212604439741816614e-01
2.333800140046683042e-02 4.557239513497755162e-02 1.197282856526439287e-01 2.314972112234377211e-01 9.921309052433045783e-02 2.182178902359923831e-02 6.546536707079771145e-02 1.336969553464759097e-01 9.068729346753406917e-02 1.498615086031011012e-01
9.370425713316363203e-02 -8.728715609439695322e-02 -4.789131426105757566e-02 3.379329900261315162e-02 8.495621115675451585e-02 1.239087630095815629e-01 -6.666666666666666574e-02 -7.001400420140048431e-02 5.763904177042349780e-02 -7.288108888134949004e-02
6.068300796911037243e-02 -3.640980478146622207e-02 1.404359449671427063e-01 -9.578262852211515133e-02 6.245610098182378944e-02 2.008917419168722018e-01 -1.152780835408469956e-02 -2.461829819586654894e-02 1.436739427831727201e-01 4.279604925109128932e-02
-6.245610098182378944e-02 -2.333800140046683042e-02 -2.394565713052878783e-02 0.000000000000000000e+00 8.495621115675451585e-02 9.114479026995510325e-02 -2.461829819586654894e-02 1.239087630095815629e-01 1.633660098032678198e-01 1.114141294553965961e-01
3.307103017477681928e-02 2.461829819586654894e-02 6.302187238523514201e-02 8.743854137455331355e-02 1.307440900921226778e-01 -4.364357804719847661e-02 1.333333333333333419e-02 -1.102367672492560527e-02 2.461829819586654894e-02 1.577758207196869600e-01
8.743854137455331355e-02 -1.466666666666666674e-01 -4.000000000000000083e-02 3.942082639927217691e-02 1.464376290113236778e-01 2.182178902359923831e-02 1.477097891751992798e-01 1.890656171557054399e-01 1.288741121711764991e-02 3.379329900261315162e-02
-5.897678246195885848e-02 -5.897678246195885848e-02 1.820490239073311034e-01 0.000000000000000000e+00 6.093333477767905876e-02 -2.620712091804795751e-02 4.151876322428681848e-02 9.847319278346619575e-02 1.711841970043651573e-01 1.333333333333333419e-02
-8.846517369293828426e-02 -2.461829819586654894e-02 0.000000000000000000e+00 -1.509444709505753865e-02 -1.684303842133038145e-02 3.640980478146622207e-02 -1.086250893187136746e-01 -1.092294143443986731e-01 2.715627232967841864e-02 8.146881698903525593e-02
1.436739427831727201e-01 -3.747366058909427228e-02 -1.092294143443986731e-01 -2.182178902359923831e-02 1.230914909793327378e-01 -3.747366058909427228e-02 8.069465847859290386e-02 0.000000000000000000e+00 2.715627232967841864e-02 8.913130356431728241e-02
1.139309878374438756e-01 1.197282856526439287e-01 -4.326073224600326256e-02 -6.443705608558825126e-02 0.000000000000000000e+00 0.000000000000000000e+00 8.495621115675451585e-02 5.241424183609591503e-02 1.166900070023341451e-01 1.268365723579602533e-01
9.114479026995510325e-02 1.268058918949316882e-01 2.715627232967841864e-02 2.394565713052878783e-02 5.897678246195885848e-02 6.919793870714470441e-02 5.647824947249049932e-02 8.743854137455331355e-02 1.014692578863681943e-01 -9.687711419000258339e-02
6.443705608558825126e-02 1.572427255082877451e-01 1.048284836721918301e-01 1.014692578863681943e-01 4.789131426105757566e-02 9.578262852211515133e-02 1.852734226346341717e-01 0.000000000000000000e+00 0.000000000000000000e+00 0.000000000000000000e+00
2.373331837309304027e-01 2.536731447159204858e-02 2.536731447159204858e-02 -7.001400420140048431e-02 7.385489458759963988e-02 -2.823912473624524966e-02 2.333800140046683042e-02 -5.431254465935683728e-02 8.846517369293828426e-02 1.310356045902398014e-01
-8.146881698903525593e-02 -1.357813616483921071e-01 1.623858625527418720e-01 -1.181716128922777678e-02 -8.495621115675451585e-02 9.687711419000258339e-02 1.572427255082877451e-01 5.073462894318409716e-02 1.179535649239177170e-01 1.411956236812262622e-01
-4.151876322428681848e-02 2.715627232967841864e-02 1.733333333333333393e-01 9.751573787215116196e-02 -1.801582484437249873e-02 0.000000000000000000e+00 1.509444709505753865e-02 -8.146881698903525593e-02 1.009417085740076242e-01 6.443705608558825126e-02
1.112232596242534177e-01 -9.751573787215116196e-02 9.021187851982355455e-02 1.477097891751992798e-01 5.897678246195885848e-02 4.000000000000000083e-02 1.037502751867623030e-01 2.823912473624524966e-02 2.715627232967841864e-02 -1.197282856526439287e-01
0.000000000000000000e+00 3.866223365135294798e-02 -3.866223365135294798e-02 2.333800140046683042e-02 -4.528334128517261942e-02 2.948839123097942924e-02 -1.009417085740076242e-01 8.164965809277260900e-02 0.000000000000000000e+00 -1.572427255082877451e-01
1.769303473858765685e-01 4.082482904638630450e-02 -1.063544516030499876e-01 9.007912422186249712e-02 8.272012902459444095e-02 -9.284766908852593037e-02 0.000000000000000000e+00 7.944518544589529441e-02 7.385489458759963988e-02 -4.326073224600326256e-02
-3.094922302950864693e-02 1.442024408200108868e-02 -8.164965809277260900e-02 2.536731447159204858e-02 -6.958890006392209893e-02 0.000000000000000000e+00 3.479445003196104946e-02 -1.961161351381840168e-01 6.919793870714470441e-02 2.948839123097942924e-02
-1.333333333333333419e-02 4.000000000000000083e-02 4.545454545454545581e-02 9.021187851982355455e-02 1.799146406385762342e-01 7.862136275414387254e-02 -1.684303842133038145e-02 -1.179535649239177170e-01 -2.948839123097942924e-02 -1.801582484437249873e-02
1.179535649239177170e-01 -1.801582484437249873e-02 -1.801582484437249873e-02 4.151876322428681848e-02 6.958890006392209893e-02 1.747794079809696643e-01 1.969463855669323915e-01 -4.326073224600326256e-02 1.747794079809696643e-01 8.846517369293828426e-02
1.801582484437249873e-02 1.950314757443023100e-02 -7.944518544589529441e-02 -1.509444709505753865e-02 8.164965809277260900e-02 -4.151876322428681848e-02 3.479445003196104946e-02 -8.571428571428571508e-02 1.056611296654027671e-01 1.224744871391589135e-01
-4.326073224600326256e-02 -4.545454545454545581e-02 0.000000000000000000e+00 -9.751573787215116196e-02 6.189844605901729385e-02 -3.479445003196104946e-02 1.522354651557183414e-01 -3.479445003196104946e-02 3.479445003196104946e-02 1.684303842133038145e-02
1.694347484174714979e-01 0.000000000000000000e+00 3.479445003196104946e-02 1.365220330210116240e-01 2.147188754669436192e-02 -1.212321612422179867e-01 -7.547223547528769672e-02 5.052911526399114089e-02 6.441566264008309617e-02 -3.479445003196104946e-02
6.375767130633383517e-02 9.751573787215116196e-02 -9.007912422186249712e-02 -9.284766908852593037e-02 -2.424643224844359735e-02 -3.268602252303066946e-02 6.375767130633383517e-02 1.224744871391589135e-01 1.391778001278441979e-01 3.742405942825598880e-02
-1.568125120467950273e-01 -8.164965809277260900e-02 -6.441566264008309617e-02 -3.673591791853225708e-02 -1.428571428571428492e-01 2.424643224844359735e-02 -1.509444709505753865e-02 -3.268602252303066946e-02 4.766711126753717803e-02 -8.421519210665190380e-02
-1.261107739106074876e-01 -2.857142857142857054e-02 -6.441566264008309617e-02 -7.484811885651197760e-02 -2.424643224844359735e-02 -1.632993161855452180e-01 -4.082482904638630450e-02 -9.090909090909091161e-02 -5.227083734893166883e-02 8.571428571428571508e-02
8.980265101338745504e-02 -6.441566264008309617e-02 1.568125120467950273e-01 -9.751573787215116196e-02 3.479445003196104946e-02 -7.484811885651197760e-02 1.632993161855452180e-01 -6.441566264008309617e-02 -1.102077537555967574e-01 -4.082482904638630450e-02
9.090909090909091161e-02 0.000000000000000000e+00 -1.496962377130239552e-01 -2.948839123097942924e-02 -1.568125120467950273e-01 -8.571428571428571508e-02 0.000000000000000000e+00 -9.805806756909200839e-02 4.082482904638630450e-02 -1.275153426126676703e-01
-8.571428571428571508e-02 -6.375767130633383517e-02 -1.045416746978633377e-01 0.000000000000000000e+00 8.980265101338745504e-02 6.375767130633383517e-02 -1.428571428571428492e-01 -4.545454545454545581e-02 2.147188754669436192e-02 -3.673591791853225708e-02
0.000000000000000000e+00 6.337242505244779223e-02 6.337242505244779223e-02 3.673591791853225708e-02 0.000000000000000000e+00 8.980265101338745504e-02 -2.857142857142857054e-02 3.673591791853225708e-02 0.000000000000000000e+00 -1.102077537555967574e-01
