0.000000000000000000e+00 0.000000000000000000e+00 0.000000000000000000e+00 0.000000000000000000e+00 0.000000000000000000e+00 0.000000000000000000e+00 0.000000000000000000e+00 0.000000000000000000e+00 0.000000000000000000e+00 0.000000000000000000e+00
9.737609329446064166e-01 9.679300291545189783e-01 8.279883381924197927e-01 9.241982507288629689e-01 9.096209912536442621e-01 9.533527696793002715e-01 9.008746355685131046e-01 9.037900874635568238e-01 8.979591836734693855e-01 9.300291545189504072e-01
8.571428571428570953e-01 8.950437317784256663e-01 9.533527696793002715e-01 8.367346938775510612e-01 9.533527696793002715e-01 9.504373177842565523e-01 9.591836734693877098e-01 8.688046647230320829e-01 9.504373177842565523e-01 9.591836734693877098e-01
9.125364431486880923e-01 9.008746355685131046e-01 9.591836734693877098e-01 9.679300291545189783e-01 9.096209912536442621e-01 9.766763848396501357e-01 9.387755102040816757e-01 9.271137026239066881e-01 9.475218658892128332e-01 9.591836734693877098e-01
9.300291545189504072e-01 9.241982507288629689e-01 9.504373177842565523e-01 9.008746355685131046e-01 9.008746355685131046e-01 9.533527696793002715e-01 9.708454810495626974e-01 9.416909620991253949e-01 9.620991253644315400e-01 9.037900874635568238e-01
9.300291545189504072e-01 8.921282798833819472e-01 9.212827988338192498e-01 9.591836734693877098e-01 9.183673469387755306e-01 8.279883381924197927e-01 9.212827988338192498e-01 7.696793002915451876e-01 9.067055393586005430e-01 9.446064139941691140e-01
8.862973760932945089e-01 9.504373177842565523e-01 9.708454810495626974e-01 5.597667638483965202e-01 9.096209912536442621e-01 8.862973760932945089e-01 9.358600583090378455e-01 9.067055393586005430e-01 8.571428571428570953e-01 8.134110787172011969e-01
8.658892128279883638e-01 8.600583090379009255e-01 9.212827988338192498e-01 9.154518950437318114e-01 8.658892128279883638e-01 9.679300291545189783e-01 9.037900874635568238e-01 9.562682215743439906e-01 9.241982507288629689e-01 9.562682215743439906e-01
9.446064139941691140e-01 8.134110787172011969e-01 9.154518950437318114e-01 9.096209912536442621e-01 8.279883381924197927e-01 8.250728862973760735e-01 9.533527696793002715e-01 9.562682215743439906e-01 8.921282798833819472e-01 7.900874635568513327e-01
8.717201166180758021e-01 9.183673469387755306e-01 7.172011661807580207e-01 8.338192419825073420e-01 9.212827988338192498e-01 8.892128279883382280e-01 7.638483965014577493e-01 8.862973760932945089e-01 8.717201166180758021e-01 8.804664723032069595e-01
