0.000000000000000000e+00 0.000000000000000000e+00 0.000000000000000000e+00 0.000000000000000000e+00 0.000000000000000000e+00 0.000000000000000000e+00 0.000000000000000000e+00 0.000000000000000000e+00 0.000000000000000000e+00 0.000000000000000000e+00
9.503022023513826300e-01 9.152972341954023205e-01 9.441868033520461889e-01 9.271232876712328652e-01 8.032379374083752355e-01 8.420587710148196292e-01 9.180797707188916856e-01 8.385122410546139715e-01 9.714285714285715301e-01 9.112530849454660853e-01
9.188602150537634738e-01 9.631182795698924881e-01 7.941176470588235947e-01 8.955223880597015240e-01 9.167475728155339842e-01 9.130717441847651106e-01 8.356121902399142876e-01 9.432025169730088310e-01 9.459269146286349850e-01 8.740530303030302761e-01
9.232568546090635930e-01 9.277481869338870535e-01 8.993797669935461592e-01 9.398326333928369580e-01 7.958052846086917098e-01 8.862027780235335328e-01 9.362069908648322780e-01 9.675561487771811020e-01 9.534283774609640938e-01 9.487097325472100273e-01
9.595661912059412213e-01 9.712513619981560931e-01 9.638368758434547878e-01 9.137540859944681682e-01 8.626005745482013820e-01 9.049184223031838670e-01 9.469111471113267342e-01 9.023269058660808861e-01 9.144425043651783769e-01 5.011184335911247345e-01
9.154565816124227151e-01 6.492374727668844825e-01 8.710339840925523935e-01 9.677581074729750821e-01 9.075979047143926115e-01 8.810392121829971890e-01 8.233435958476875705e-01 9.252136752136752573e-01 7.380470304063654341e-01 5.009993337774817368e-01
9.749229724789806317e-01 9.310025748310266636e-01 9.568770429972339731e-01 8.508244459571894236e-01 8.801258154706430581e-01 8.915542228885557918e-01 9.102564102564102422e-01 8.320527306967986370e-01 8.580969267139479939e-01 8.773205035016671260e-01
9.002501017856103793e-01 9.306207616066770605e-01 7.022569444444444198e-01 3.463745435576421339e-01 1.795344813889649394e-01 7.177704047777040408e-01 9.188385221241929246e-01 9.366533042184054247e-01 7.012987012987013102e-01 9.115185785188777423e-01
9.522145896070214333e-01 7.966712266301869683e-01 4.318461127437884239e-01 8.259206535866807641e-01 9.132882882882882303e-01 8.459575931889196099e-01 8.043835616438356206e-01 9.576543209876543505e-01 9.306977370689655249e-01 6.178667216835156406e-01
5.144798414628053429e-01 6.949085336448297401e-01 8.807924003707136018e-01 6.538140861551963168e-01 9.104391874249309069e-01 9.428571428571428381e-01 7.878787878787878451e-01 8.241476544475775379e-01 7.083333333333332593e-01 7.177704047777040408e-01
