0.000000000000000000e+00 0.000000000000000000e+00 0.000000000000000000e+00 0.000000000000000000e+00 0.000000000000000000e+00 0.000000000000000000e+00 0.000000000000000000e+00 0.000000000000000000e+00 0.000000000000000000e+00 0.000000000000000000e+00
8.126989127977012339e-01 9.188188434199116017e-01 5.639212284691680344e-01 8.768707954625627465e-01 8.095525223980261087e-01 8.155112167016772551e-01 7.835507510966968070e-01 8.160125040227612647e-01 8.584928638496062137e-01 8.436419545905295969e-01
9.349254560510217305e-01 9.418679884755131182e-01 6.307573960124366330e-01 8.913844606096774648e-01 9.267281893531572612e-01 5.924400160058018727e-01 7.263533375802260217e-01 9.290190496093627681e-01 8.964381178377476278e-01 8.197098083616579656e-01
7.973421225385802780e-01 8.793651529213711848e-01 8.824878524149780690e-01 7.689167816968773828e-01 8.206224002483953894e-01 7.681858783487277575e-01 8.922569618785493040e-01 6.198160872757582096e-01 8.280064414218153424e-01 8.922569618785493040e-01
8.382065417219973780e-01 5.681832726629278962e-01 8.747980524699559002e-01 9.223864405339843309e-01 7.586395808424044596e-01 6.952358586946254526e-01 9.037704497563870953e-01 9.191580872635607413e-01 8.937055821255756038e-01 9.015377334183676261e-01
9.039113295000558157e-01 9.263405336525235567e-01 7.303693417457773895e-01 7.266264997608776754e-01 6.846921336239737421e-01 8.165362465295822325e-01 8.590362252723174885e-01 6.776040331538921713e-01 9.045798986976388845e-01 8.737917403751738199e-01
8.456883646443049685e-01 8.650247237171668768e-01 8.765747358802948863e-01 8.815805061238868312e-01 7.827584797534031802e-01 8.937055821255756038e-01 6.270882116316141008e-01 7.166447269990040558e-01 8.370076709823047745e-01 9.187249137536357413e-01
6.009372989763382966e-01 7.658708898353947525e-01 7.655302059301033468e-01 0.000000000000000000e+00 8.667228944100261456e-01 7.194626148067595484e-01 7.743420466985760919e-01 5.883292084645432851e-01 7.796302505735855926e-01 8.286191537170713994e-01
9.112087088358622466e-01 3.805340848332090520e-01 7.536348994638076837e-01 7.592722188776994674e-01 7.346801113045939857e-01 8.586647554639877944e-01 7.894342026544675095e-01 6.747136887027873620e-01 5.996864052967680880e-01 6.515526944710756663e-01
5.958515272474610436e-01 7.503456141130905310e-01 4.704881713433496926e-01 8.217184493751042984e-01 4.794075403950792680e-01 8.430706054760573886e-01 5.880231087375857868e-01 6.676383463011593689e-01 5.310212121910412586e-01 9.029810888029479177e-01
