0.000000000000000000e+00 0.000000000000000000e+00 0.000000000000000000e+00 0.000000000000000000e+00 0.000000000000000000e+00
1.000000000000000000e+00 1.000000000000000000e+00 9.944444444444444642e-01 1.000000000000000000e+00 1.000000000000000000e+00
1.000000000000000000e+00 1.000000000000000000e+00 1.000000000000000000e+00 1.000000000000000000e+00 1.000000000000000000e+00
1.000000000000000000e+00 1.000000000000000000e+00 1.000000000000000000e+00 1.000000000000000000e+00 1.000000000000000000e+00
9.944444444444444642e-01 1.000000000000000000e+00 1.000000000000000000e+00 9.833333333333332815e-01 1.000000000000000000e+00
1.000000000000000000e+00 9.944444444444444642e-01 1.000000000000000000e+00 1.000000000000000000e+00 9.888888888888889284e-01
9.888888888888889284e-01 9.888888888888889284e-01 1.000000000000000000e+00 1.000000000000000000e+00 1.000000000000000000e+00
9.888888888888889284e-01 9.888888888888889284e-01 1.000000000000000000e+00 9.833333333333332815e-01 9.833333333333332815e-01
1.000000000000000000e+00 1.000000000000000000e+00 9.944444444444444642e-01 9.499999999999999556e-01 9.944444444444444642e-01
1.000000000000000000e+00 9.833333333333332815e-01 9.777777777777777457e-01 9.388888888888888840e-01 9.833333333333332815e-01
9.277777777777778123e-01 8.888888888888888395e-01 8.611111111111111605e-01 8.777777777777777679e-01 8.611111111111111605e-01
