0.000000000000000000e+00 0.000000000000000000e+00 0.000000000000000000e+00 0.000000000000000000e+00 0.000000000000000000e+00
1.000000000000000000e+00 1.000000000000000000e+00 9.944442729713880436e-01 1.000000000000000000e+00 1.000000000000000000e+00
1.000000000000000000e+00 1.000000000000000000e+00 1.000000000000000000e+00 1.000000000000000000e+00 1.000000000000000000e+00
1.000000000000000000e+00 1.000000000000000000e+00 1.000000000000000000e+00 1.000000000000000000e+00 1.000000000000000000e+00
9.944442729713880436e-01 1.000000000000000000e+00 1.000000000000000000e+00 9.833287024173380519e-01 1.000000000000000000e+00
1.000000000000000000e+00 9.944442729713880436e-01 1.000000000000000000e+00 1.000000000000000000e+00 9.888875169774046237e-01
9.888875169774046237e-01 9.888888888888889284e-01 1.000000000000000000e+00 1.000000000000000000e+00 1.000000000000000000e+00
9.888875169774046237e-01 9.888875169774046237e-01 1.000000000000000000e+00 9.833287024173380519e-01 9.833287024173380519e-01
1.000000000000000000e+00 1.000000000000000000e+00 9.944442729713880436e-01 9.498746867167919827e-01 9.944442729713880436e-01
1.000000000000000000e+00 9.833287024173380519e-01 9.777667984189724049e-01 9.386598097834506493e-01 9.833287024173380519e-01
9.273990878346931588e-01 8.875000000000000666e-01 8.583792289535798758e-01 8.759243012908886072e-01 8.583792289535798758e-01
