0.000000000000000000e+00 0.000000000000000000e+00 0.000000000000000000e+00 0.000000000000000000e+00 0.000000000000000000e+00 0.000000000000000000e+00 0.000000000000000000e+00 0.000000000000000000e+00 0.000000000000000000e+00 0.000000000000000000e+00
7.538502065651081496e-01 7.661463282204424852e-01 7.666666666666666075e-01 8.072563657805389425e-01 7.841460111065963190e-01 7.720463615986004058e-01 7.783294385064296605e-01 8.066245349827440014e-01 7.839923120564483705e-01 8.112226930593448015e-01
8.002142996298461375e-01 7.829918619392303158e-01 7.599033816425121435e-01 7.717359807491211976e-01 7.830605050944035028e-01 7.896434041980171514e-01 8.188273235002206940e-01 7.308834465891637100e-01 7.778613199665831424e-01 7.454270683883309490e-01
7.277018172540560270e-01 7.872408174049017049e-01 7.548666139677765452e-01 8.302005012531328276e-01 8.010788487451844242e-01 8.117999497490675509e-01 7.836063989174038014e-01 8.229223275952248784e-01 7.819950772331725197e-01 7.825557809330628833e-01
7.165764971036958642e-01 7.955303872990192593e-01 7.718094015090519733e-01 8.281670058459824624e-01 8.004949067154553122e-01 7.493013507219375979e-01 8.236073223350577344e-01 7.899903002833439380e-01 7.717667748917748094e-01 7.612850320528812276e-01
7.603785103785103416e-01 7.833938660209845972e-01 7.508911499184773852e-01 7.926172546321087475e-01 7.644160907318801046e-01 7.716734852912526810e-01 7.440091413232859940e-01 8.006456820016142339e-01 8.168244824421484473e-01 7.387709991158265543e-01
8.286833393772439216e-01 8.225597979656021908e-01 7.778386673445422117e-01 7.435772289522617484e-01 8.277794333773978996e-01 7.604057839351957560e-01 7.486643437862950945e-01 7.958650671987411718e-01 8.067218850800941254e-01 7.327913279132792779e-01
6.866894943280597019e-01 7.612340506311948696e-01 8.113600934554133781e-01 8.023342670401495402e-01 8.424790275637733528e-01 7.727506623114831497e-01 7.776296059146622364e-01 7.099845425888799966e-01 7.900538516210158235e-01 8.116594195570835391e-01
7.771693466608721179e-01 7.888576065436788687e-01 8.295282461949128328e-01 6.998688712684656421e-01 7.719308413020380399e-01 7.575049478038545780e-01 7.564713064713064483e-01 6.832399626517272617e-01 8.074583721356992649e-01 8.183940242763773076e-01
8.177754677754678347e-01 7.726727239372598310e-01 7.833107151992599881e-01 7.007171775592828666e-01 8.118260197632275466e-01 8.056707870661359294e-01 7.550511164917944607e-01 7.963837018367893039e-01 7.772984373502062061e-01 7.702671145294095467e-01
7.953365042917281968e-01 6.980625583566760772e-01 7.779867436564735783e-01 7.659420289855072284e-01 7.775330821983965635e-01 7.933964959363150049e-01 7.623695201657897380e-01 7.831035171862511524e-01 6.811660670546308971e-01 7.624850657108721563e-01
7.723015812390192636e-01 7.838516702153066618e-01 8.052523981893816574e-01 7.965043314917034101e-01 7.763130794728431150e-01 7.493043132578015575e-01 8.009740936570205472e-01 7.538291744057713517e-01 7.884860988309263519e-01 6.911993598217435197e-01
7.770257652610593757e-01 8.019445650046380658e-01 7.598430739683079693e-01 7.883163589869558452e-01 8.007919847450607476e-01 7.552073081484845796e-01 7.220238095238095122e-01 8.121013727028096874e-01 7.542208966357573097e-01 6.972469795999208797e-01
7.826806935515294716e-01 7.958642784330858255e-01 8.223872310175023292e-01 7.154280891275349719e-01 6.977269890755897208e-01 7.566326530612244028e-01 7.662403955673902090e-01 6.718106100274198189e-01 7.452974628171479266e-01 7.418354314906038249e-01
7.386020381223928899e-01 7.364200807069863908e-01 7.544129140054437466e-01 8.004954047734796907e-01 8.218970379456500552e-01 7.200182398540810880e-01 7.892663569492838205e-01 7.054059681254883918e-01 7.468405405725521140e-01 7.613101873971439559e-01
7.946547079929541235e-01 7.710046033855775249e-01 7.362381296807525288e-01 8.068307324899052224e-01 7.820588457756598721e-01 8.003117085525032204e-01 8.076467784897921609e-01 7.406017761203704808e-01 7.659446640316206478e-01 7.043477078630585586e-01
7.833333333333333259e-01 7.765756775044702076e-01 7.227188234650921972e-01 8.228572083533914894e-01 7.656940760389036038e-01 7.367753584157847868e-01 6.690595526253501069e-01 7.846954338632018411e-01 7.777584457010293661e-01 7.949099542019896214e-01
7.400112034520637261e-01 6.712315101479187085e-01 7.374771696720445746e-01 7.315443932505208968e-01 6.175968768074032722e-01 7.377889517424400800e-01 7.942024601734219980e-01 7.261773868425875911e-01 7.770409666961392015e-01 7.481320170344560871e-01
6.861221650442228537e-01 7.773254150963128106e-01 7.362424242424242538e-01 7.894761210269232166e-01 7.494246604302098325e-01 6.998697381050322797e-01 7.550607014993673261e-01 8.062773438191898068e-01 7.773560526528305870e-01 7.941749464250925650e-01
7.473084593203438430e-01 6.857300346661499013e-01 6.819718483004487686e-01 7.663198961331861847e-01 7.648799241719594910e-01 8.016290616200810737e-01 7.900253314887460965e-01 7.283986374084500115e-01 7.218312799374494437e-01 8.005230189138234920e-01
7.714786674459380711e-01 7.709245933583391830e-01 7.830605050944035028e-01 7.239113827349120678e-01 8.057634557634557604e-01 6.629116295782961910e-01 6.994708994708994654e-01 7.830655082563479086e-01 7.703081232492996477e-01 7.538368771390843159e-01
7.244973790329430896e-01 7.834799683197578579e-01 6.139901650860556392e-01 7.536473997691679472e-01 7.505787037037037202e-01 7.983678271731636800e-01 7.587667984189723214e-01 8.058679698321259410e-01 6.808940942679545527e-01 7.184407967399170092e-01
7.088812347864102970e-01 6.901836901836900795e-01 7.138515805182472640e-01 6.934282747366858901e-01 6.861169797772669332e-01 7.882478928602925095e-01 7.611049314052650283e-01 7.591566061480339300e-01 6.988742964352722131e-01 7.891304347826086918e-01
7.423392078259335447e-01 7.260082647410325274e-01 7.794010468429073413e-01 7.148433105545982658e-01 7.836222777399246553e-01 7.157839880138100463e-01 7.426951216424898528e-01 7.702589048257676430e-01 6.799925225310797794e-01 7.010556305293147439e-01
6.635211367949275241e-01 7.879994032271960824e-01 7.710144927536232151e-01 7.482435735356091078e-01 8.001062340045391741e-01 7.201721806372969326e-01 6.672717170810287257e-01 7.326755931407094025e-01 6.680039537182395071e-01 7.882172632356861941e-01
7.543346970582504030e-01 6.952615985758446859e-01 8.063068682263728748e-01 8.008951061911862013e-01 6.999839973569829121e-01 8.005946047284629996e-01 7.580808080808080218e-01 6.994282804790213914e-01 7.597922222012091220e-01 7.310833040338812205e-01
7.156122812372811559e-01 7.049108950218848646e-01 6.915670103092783627e-01 6.467236467236467945e-01 7.527268153312608456e-01 7.716600689862721518e-01 6.335231466835389291e-01 8.117752007136486148e-01 6.904113285283602908e-01 6.671455938697317123e-01
7.831113801452783685e-01 7.525277219721172584e-01 7.948907041827396602e-01 6.786520173254960708e-01 7.089209126779895120e-01 7.365780865199859084e-01 6.987654320987654044e-01 6.836204732316576438e-01 7.559732176335099973e-01 7.424379915305504563e-01
7.713429609981333757e-01 7.946278124690256961e-01 7.104708243278411439e-01 7.886239011969595758e-01 6.585293019783501345e-01 6.810920543125237314e-01 7.075964389397224608e-01 6.740031039763421106e-01 6.533045533970603946e-01 7.390793286315675559e-01
7.467912394741663684e-01 6.957747046953112191e-01 7.373925932671122618e-01 7.825007664235109628e-01 6.909009207530211194e-01 6.733259556953422598e-01 7.305721075406115261e-01 7.539066244847090204e-01 7.410226228498323353e-01 7.834140435835350580e-01
7.547130989753941810e-01 7.428045311903579417e-01 7.775330821983965635e-01 7.352179689971528598e-01 6.338683588403632996e-01 7.069158736490209760e-01 7.168232538905544571e-01 7.599960703408980001e-01 7.224537790067230292e-01 7.186568243584440241e-01
6.332025716465076171e-01 6.925444795655265606e-01 6.472247076530006638e-01 7.227680587086885433e-01 7.366063302659521250e-01 7.582563603953977882e-01 7.006217218016829174e-01 6.901381242152032636e-01 7.153513881933289964e-01 7.720607533691645763e-01
7.050698094176355291e-01 6.801020408163265252e-01 6.295583654022357534e-01 6.975669329619952341e-01 7.327327021270090279e-01 7.765756775044702076e-01 5.766637679220459889e-01 7.206983086715967879e-01 6.525252525252525082e-01 6.506049228201918888e-01
6.581369248035915387e-01 6.155679462146982361e-01 7.635296498684476241e-01 7.025533000908145143e-01 7.030090433772517855e-01 7.348056415548676057e-01 7.415545892742777534e-01 7.214173460992799880e-01 6.716883116883116678e-01 7.199435370034281689e-01
7.461124743419724759e-01 7.366412021279278299e-01 6.156693102619562596e-01 7.018984332417167460e-01 7.478435079107371708e-01 7.544234246853661618e-01 7.087893625192012159e-01 7.542486304256215135e-01 7.480235231935882245e-01 6.829693900645993354e-01
7.337619829645959380e-01 6.989151250969096729e-01 6.289347727352129214e-01 7.646104572933841714e-01 6.643864013266999047e-01 7.083561393906222525e-01 6.403352011711848091e-01 6.892585951737805194e-01 7.842396462717317052e-01 7.173737840404506017e-01
6.045645790272845543e-01 6.515859953864356902e-01 6.617160339313031825e-01 7.358887308360992918e-01 6.823907313503396743e-01 7.182166612459903732e-01 7.046335775689586134e-01 7.889290409429108308e-01 7.045772505692363685e-01 7.825192575376805904e-01
7.106119279446625470e-01 7.715102528186640329e-01 8.001488095238095122e-01 7.653880463871542972e-01 7.536438554341368112e-01 7.511596907491334685e-01 7.947250280583615378e-01 7.784944183500718262e-01 8.108257433843636397e-01 7.487101472950529191e-01
7.760282926624165745e-01 7.825579914954294836e-01 7.675793332569594840e-01 7.306099799376787329e-01 7.949798742203082469e-01 7.670001654765087329e-01 7.544511457123174170e-01 7.905116069416272540e-01 8.107720848727297813e-01 7.597584006402983148e-01
7.621661963767225600e-01 7.322105892353385492e-01 7.710058833609413353e-01 7.675553185817115542e-01 7.786871759551550198e-01 7.548597223015827140e-01 7.424833143329827578e-01 7.489669208627950381e-01 7.443403431252216818e-01 8.065790649861446227e-01
8.111296915644742311e-01 7.732024395008876283e-01 7.884010183157822427e-01 7.221989480053996324e-01 7.873334170170923629e-01 7.626557433009045761e-01 7.838852791831124600e-01 7.702671145294095467e-01 7.819794584500466827e-01 7.595044521873789423e-01
7.931733319543825544e-01 7.684665568731919860e-01 7.891304347826086918e-01 7.826183532889502414e-01 7.723744845985933694e-01 7.324252627282931138e-01 8.255058254363447645e-01 6.695805296881126578e-01 7.126841290176527677e-01 7.901995665153559445e-01
7.831545558818285846e-01 7.320162491810909833e-01 7.998254772855277750e-01 7.320941431560901158e-01 8.241860979725057490e-01 7.357753357753357148e-01 7.842918985776128338e-01 6.986975013290801506e-01 7.419584547133527552e-01 7.715760763685953760e-01
7.720140308375601501e-01 7.715196291467477652e-01 7.509096564767414606e-01 7.414558341387609275e-01 7.891095832272302379e-01 7.891865811742544423e-01 7.204172046277309560e-01 7.910973758403816447e-01 7.139727963257375132e-01 7.902207274781049007e-01
8.163865546218488367e-01 8.073937908496731097e-01 8.164539890030085845e-01 7.181657848324514148e-01 8.339710573060248322e-01 7.713812585232807661e-01 7.952443537685267572e-01 7.286975209148822685e-01 7.831989641419788706e-01 8.414066212577222537e-01
7.100852215356031616e-01 7.185089542872704627e-01 7.490551776266062278e-01 7.536921399544057598e-01 7.502177872812229031e-01 7.653224914260426948e-01 7.321277456937721473e-01 7.707216078371964540e-01 7.947199692712257901e-01 7.368032108909950972e-01
7.521539840088227180e-01 7.833871678260330151e-01 7.386750385015431464e-01 7.951932807124064695e-01 7.586470768288949840e-01 7.249670960828108468e-01 7.780770678163445586e-01 6.939435968562183144e-01 7.434280695150260465e-01 7.615947790366394132e-01
7.369021506189646908e-01 8.021170721723335229e-01 7.328658972300962082e-01 7.698169571423317814e-01 7.720661433470968893e-01 6.602513424659901542e-01 7.976706994854678712e-01 7.550646470600995697e-01 7.423358197206685327e-01 7.758503401360544727e-01
7.650065007134928541e-01 7.644949195622295912e-01 7.514476396527860480e-01 8.180225442509386768e-01 6.700768367435033790e-01 7.384874835309619412e-01 7.045765674690929181e-01 7.112887065325828040e-01 7.539456384323640625e-01 8.060683760683761134e-01
7.539637312260972779e-01 6.393888507534654098e-01 7.953966012517631468e-01 6.261467204542059406e-01 7.440933264710928308e-01 6.681843306368927538e-01 7.635143442622950305e-01 7.547797131772479018e-01 7.827431424802820947e-01 7.211509866377122657e-01
6.713049683346712371e-01 7.372751220522456572e-01 7.430035549504575565e-01 8.112290008841732680e-01 7.954545454545454142e-01 7.195715701798427455e-01 7.425658255314036005e-01 6.949424163407215138e-01 6.869415299738927949e-01 7.486772486772487190e-01
7.310985129419096396e-01 7.162865929356252437e-01 7.188985574486218555e-01 7.359258360956153489e-01 8.113413698135355512e-01 7.401804559222062707e-01 7.608115942028984557e-01 7.793171958971990554e-01 6.801053740779767764e-01 7.865041748422223478e-01
7.960113960113961440e-01 7.505787037037037202e-01 7.491841491841492173e-01 7.395220588235295045e-01 7.009155792660947126e-01 7.070759338218045587e-01 7.664224664224663641e-01 7.736312275295326168e-01 7.441232163386759524e-01 7.473457003156184220e-01
6.820861678004535023e-01 7.770257652610593757e-01 7.769504977132095647e-01 7.473544973544973269e-01 6.968499966382033506e-01 7.538006325885113768e-01 7.662014411383628598e-01 7.164780164780163441e-01 7.990675990675990548e-01 6.469650310296853890e-01
7.551830244576915874e-01 6.697835497835497032e-01 6.774675832774424977e-01 6.804571575213778090e-01 7.206663925563829842e-01 7.613078018092482857e-01 7.262243755932394906e-01 8.070131849201617191e-01 7.363829038511663372e-01 7.690904460957935784e-01
7.689030560615259802e-01 6.378701928198573512e-01 7.603242601157530478e-01 6.615964945404197994e-01 7.397734680573663235e-01 7.640936916745854068e-01 7.129300770531422637e-01 7.551360016691295307e-01 7.603315406516925057e-01 7.588848533763788984e-01
7.885843403084781267e-01 6.934540826050259454e-01 7.783876522496041561e-01 7.536239198901720782e-01 7.949275362318841687e-01 7.596041551416806703e-01 7.769910663771456560e-01 8.225650332728372538e-01 7.371632613112474308e-01 6.780842671782990605e-01
7.467913743167170493e-01 6.529014060245893480e-01 7.795098165734225537e-01 7.421340856289412313e-01 7.430250234162669720e-01 7.007964947438138914e-01 6.956520603579426920e-01 7.836360045232467764e-01 7.273219415545963962e-01 6.690479485000032644e-01
5.812412225455703130e-01 6.530733505523421689e-01 6.858432671194666375e-01 7.161936517883275011e-01 6.127427628350951005e-01 6.874293246009711700e-01 6.899980186249257130e-01 6.613245758073343916e-01 6.809016809016809058e-01 6.834719644965806529e-01
8.250447299934938750e-01 7.339225927413953743e-01 7.499010615932322210e-01 7.840748732235361951e-01 7.537520958573590280e-01 7.457114935847212189e-01 7.114643296146692109e-01 7.226426722544064818e-01 6.798737538463566210e-01 7.729066154739951955e-01
7.859668457546953313e-01 7.461318226120857711e-01 7.116359771835080172e-01 7.590605851475418220e-01 6.606252853675533832e-01 7.154583810831551816e-01 7.250138730687227806e-01 6.978275467077458272e-01 7.250408453801352460e-01 7.735234320714413636e-01
6.638967069678159971e-01 6.341934934423436587e-01 7.545753007599941276e-01 7.488440107909134502e-01 6.582352446883463770e-01 7.128866360420295090e-01 6.654682040531096909e-01 6.538509394052507417e-01 6.347293455036294718e-01 6.767646362207436761e-01
6.550478827737393761e-01 7.570412117498391824e-01 7.468309749891391958e-01 5.745791245791245228e-01 6.772828637359653570e-01 6.865800865800865127e-01 6.958373618333376642e-01 6.733436853002071620e-01 6.783062714776632030e-01 6.422168261318806914e-01
6.086073410107089021e-01 6.510777341069311497e-01 7.435990999209390884e-01 6.826106214595423216e-01 6.895243221716764737e-01 6.693292259880220252e-01 6.884642375168691375e-01 5.596214469125467827e-01 6.369911366281338916e-01 7.612572195055249402e-01
7.284940565922862765e-01 6.546369899311074159e-01 6.152235427277872315e-01 7.605380669431207608e-01 6.627822490498546104e-01 7.588661071224604981e-01 8.066737948855028373e-01 5.456722396377569062e-01 6.778571884954863735e-01 6.920163714484655060e-01
6.932400932400932803e-01 6.898234580379773995e-01 7.318077961642318607e-01 7.692095783004875287e-01 6.931512949873713803e-01 5.840518587941267992e-01 7.762242102094835117e-01 6.483608561955506167e-01 6.615968936379114096e-01 7.582054048073464392e-01
6.673576799140709115e-01 4.903776649697040302e-01 7.298133881184728500e-01 6.887078912585288260e-01 6.361779206517322871e-01 6.416424148324997301e-01 7.426798765632612875e-01 7.125577466275968552e-01 6.365590818228780146e-01 6.515402262269430755e-01
