0.000000000000000000e+00 0.000000000000000000e+00 0.000000000000000000e+00 0.000000000000000000e+00 0.000000000000000000e+00 0.000000000000000000e+00 0.000000000000000000e+00 0.000000000000000000e+00 0.000000000000000000e+00 0.000000000000000000e+00
8.146261476701603943e-01 8.211919341289509733e-01 8.229475528433709552e-01 8.563053101770269349e-01 8.401487095724254894e-01 8.279743515238781049e-01 8.335815551168569426e-01 8.545714397211267022e-01 8.384055484880212905e-01 8.566805290778805038e-01
8.576747969587217302e-01 8.376300546941523040e-01 8.288074863596066599e-01 8.349641870793351739e-01 8.444078375843252493e-01 8.468986181854577522e-01 8.647518293591455185e-01 7.977442427524142898e-01 8.328043227286289207e-01 8.106022224055507985e-01
7.953664602867782651e-01 8.387686071083105821e-01 8.144344370956001500e-01 8.726199565967935889e-01 8.507264932037805760e-01 8.574500603617899452e-01 8.432461454979992554e-01 8.682162482914008717e-01 8.364664995753081644e-01 8.459506646560078780e-01
7.920225703108121351e-01 8.507438862276632818e-01 8.291394869288197800e-01 8.689710001811445927e-01 8.530481925108109875e-01 8.107567158475010860e-01 8.689815338064793560e-01 8.430309620158195072e-01 8.303044361124788386e-01 8.210320385766742834e-01
8.216093493513317858e-01 8.434407781943011884e-01 8.181745287684721868e-01 8.426226027494512216e-01 8.355681220484083571e-01 8.357395457486308521e-01 8.125537227906202142e-01 8.572828738003315241e-01 8.647702606840921291e-01 8.037991694194113190e-01
8.732104291736185742e-01 8.674502876232905724e-01 8.328043227286289207e-01 8.080541136256633727e-01 8.724458801123519125e-01 8.255020518686938535e-01 8.201107149315858269e-01 8.466849013018004078e-01 8.545714397211267022e-01 8.057932948389933125e-01
7.727891349898436957e-01 8.257015956042088600e-01 8.574500603617899452e-01 8.505192740061834344e-01 8.825666107141878491e-01 8.303091446015483656e-01 8.403645919429444389e-01 7.869369550844660388e-01 8.435918032110195641e-01 8.628568597572536802e-01
8.411373411562822477e-01 8.490253235146834054e-01 8.716591839378379225e-01 7.791637166311774498e-01 8.355455035946923736e-01 8.206203706950120358e-01 8.191165021588768802e-01 7.664438234182495702e-01 8.541806891567010895e-01 8.628269402622822382e-01
8.630230372966919417e-01 8.297248843181934674e-01 8.442130716175817451e-01 7.795817494762773414e-01 8.661167170490982059e-01 8.561225595937489441e-01 8.230079322882863924e-01 8.480411778542517043e-01 8.372664630852700851e-01 8.394178242053857986e-01
8.459126426517254993e-01 7.823431788237288353e-01 8.419093810995862404e-01 8.295541436029539861e-01 8.395911315011629350e-01 8.433975173656870217e-01 8.255083360121869829e-01 8.374075250719529295e-01 7.688970202644319629e-01 8.247300133066526318e-01
8.299181132179527243e-01 8.432461454979993665e-01 8.518692251674838678e-01 8.495832474134985546e-01 8.430706857284636646e-01 8.127100192084553143e-01 8.555515337151685662e-01 8.247520281881352000e-01 8.494156575728951664e-01 7.811830205971953545e-01
8.390110722908270535e-01 8.522669679705283663e-01 8.288074863596066599e-01 8.501859281075754282e-01 8.505314283704444867e-01 8.208600736169014978e-01 7.980227024739668940e-01 8.651552616794506712e-01 8.231922120814899602e-01 7.918905487072724902e-01
8.453745021863396936e-01 8.497784193084265691e-01 8.658990988809758260e-01 7.949623196597289665e-01 7.825327114238865844e-01 8.180360379864749509e-01 8.301334749732948159e-01 7.586955876662677678e-01 8.124992808636252173e-01 8.129197202746403228e-01
8.108444175084665861e-01 8.055156721512916063e-01 8.247520281881350890e-01 8.563339759786985361e-01 8.655244941313019469e-01 8.087562248567955470e-01 8.463219240116730546e-01 7.955758187990741304e-01 8.165965327446826905e-01 8.288074863596066599e-01
8.536379628207910741e-01 8.384503446593595255e-01 8.121889431085828059e-01 8.601591669211677837e-01 8.471114879336099079e-01 8.582458336471484595e-01 8.563053101770269349e-01 8.199564251942276227e-01 8.334369363781627404e-01 7.850190120672531080e-01
8.434407781943011884e-01 8.422989961518985158e-01 8.077812468272010937e-01 8.684126217738763476e-01 8.313029550190103034e-01 8.131641375179231579e-01 7.700814788574406045e-01 8.415054696053764216e-01 8.386227985048736455e-01 8.492025077472585837e-01
8.085869374062035764e-01 7.682939108586137600e-01 8.088577024757303002e-01 8.059633206612478729e-01 7.298543529341117164e-01 8.121889431085828059e-01 8.546018846695809801e-01 8.054281953512686387e-01 8.407534921046501131e-01 8.206987965460563750e-01
7.726962201065412650e-01 8.405590645152771767e-01 8.129720590606508424e-01 8.472885122583355688e-01 8.169957806211055606e-01 7.891383294974435580e-01 8.239797430974236114e-01 8.595882423972162067e-01 8.372664630852700851e-01 8.546018846695808691e-01
8.218715019422619950e-01 7.829594781425318617e-01 7.766895088203982223e-01 8.289744073651629241e-01 8.347939100479710994e-01 8.522669679705284773e-01 8.497952400850578014e-01 8.197905568464697312e-01 7.954911475310273428e-01 8.532433868826833079e-01
8.361274949610062457e-01 8.273873521205556969e-01 8.444078375843252493e-01 8.042597447649034725e-01 8.538012952008482426e-01 7.575223438344398375e-01 7.771922212514582595e-01 8.378238383993924510e-01 8.386447904747426074e-01 8.253376453206285879e-01
8.020893567237611377e-01 8.416997902336692539e-01 7.167808939594759732e-01 8.196798217182230673e-01 8.163689949620532849e-01 8.512968917905638921e-01 8.309410679309726655e-01 8.561225595937489441e-01 7.792649716253353676e-01 7.920983462642307016e-01
7.898504436174816901e-01 7.884220975822439081e-01 7.959151694799525556e-01 7.789855431930128304e-01 7.895925611634215802e-01 8.507600030406676783e-01 8.268602045870253603e-01 8.297775561684549439e-01 7.766265447857190196e-01 8.480596509956613849e-01
8.158623852812246779e-01 7.997206860465954081e-01 8.353277401290791770e-01 7.907852570169621176e-01 8.440182607065727094e-01 8.035118694790627236e-01 8.170288737688503611e-01 8.394178242053859096e-01 7.794542399435372415e-01 7.963635178225172417e-01
7.651980704158851676e-01 8.515287043522572485e-01 8.369024945434073715e-01 8.212857247259057747e-01 8.576747969587217302e-01 7.996002136798977533e-01 7.706917130291061069e-01 8.081294678536755649e-01 7.698932754016191149e-01 8.507600030406676783e-01
8.212448442824882289e-01 7.854461209103357211e-01 8.620838207853768198e-01 8.565153867406614108e-01 7.817388662168296420e-01 8.530481925108109875e-01 8.309410679309726655e-01 7.901196603824740539e-01 8.282238460986449669e-01 8.079186746616431325e-01
7.905958246853383997e-01 7.805155327025146139e-01 7.934682179065567498e-01 7.426208261421357593e-01 8.193403865099269101e-01 8.343817447144109556e-01 7.438737460847578697e-01 8.668809940273269898e-01 7.886124572391692844e-01 7.708801116661632147e-01
8.444078375843252493e-01 8.177285025494672732e-01 8.526736566688327690e-01 7.800589249353222510e-01 8.004269194469446624e-01 8.131641375179231579e-01 7.911005342457771983e-01 7.849234322006868325e-01 8.183349022650807658e-01 8.156700896247250920e-01
8.361274949610062457e-01 8.536379628207910741e-01 7.869713003034416454e-01 8.418711654130609512e-01 7.675977566529502694e-01 7.784702085714129138e-01 8.012127111879763230e-01 7.737852067319801463e-01 7.630908246213683466e-01 8.211211263469474497e-01
8.222577651533139464e-01 7.918905487072724902e-01 8.086664605526232563e-01 8.461457414866088156e-01 7.805775449418964618e-01 7.747709430667166774e-01 8.091208679744569254e-01 8.243659760795984948e-01 8.195633898217625779e-01 8.449846591855831868e-01
8.232009340924961727e-01 8.168364845570776911e-01 8.395911315011629350e-01 8.137544213820234740e-01 7.506403344837540015e-01 7.916566697102714878e-01 8.021520267250804581e-01 8.266672158565202544e-01 8.068058360763986636e-01 8.007697361091909993e-01
7.434336123769518245e-01 7.782303461728330429e-01 7.452384405822500835e-01 8.062133089241562134e-01 8.123808365414101340e-01 8.309410679309726655e-01 7.871742898244502573e-01 7.880121891789623190e-01 8.120735781337673487e-01 8.347688839277785933e-01
7.936171477715262546e-01 7.792649716253353676e-01 7.292228133280685975e-01 7.848418984704108592e-01 8.061543411819515059e-01 8.422989961518985158e-01 6.994600067490116535e-01 7.944788124762949266e-01 7.556017510031644013e-01 7.630908246213683466e-01
7.510702327727841743e-01 7.313045075259875238e-01 8.274083308575080897e-01 7.971504384866714421e-01 7.812281025936644863e-01 8.075543207780170318e-01 8.129197202746404338e-01 7.976132035527395692e-01 7.682939108586137600e-01 7.960618353410452430e-01
8.230361421021015200e-01 8.112133178089122598e-01 7.440072777136953475e-01 7.965544808413458355e-01 8.226438469988179847e-01 8.200783019408618424e-01 8.066483024596331486e-01 8.247520281881349780e-01 8.199182006766021491e-01 7.841314799927792123e-01
8.147284802167900075e-01 7.907199687232153718e-01 7.454926244871756813e-01 8.349880143138154187e-01 7.708801116661632147e-01 7.906434663509852578e-01 7.551040986703331237e-01 7.888027709571108215e-01 8.442130716175817451e-01 8.031289940653513204e-01
7.351882556581085248e-01 7.643151812832743586e-01 7.724749002581141610e-01 8.133697584338550612e-01 7.903815621708334405e-01 8.017480127431458881e-01 8.025901406137858629e-01 8.484497204239781487e-01 7.949779241630632320e-01 8.461457414866088156e-01
7.877302385067482815e-01 8.283601287615948161e-01 8.522775977803528358e-01 8.324669538559527071e-01 8.126730554778025528e-01 8.154446386256072321e-01 8.463017916741046864e-01 8.353277401290791770e-01 8.574500603617899452e-01 8.109480674470140871e-01
8.302754092722721690e-01 8.380175772939694179e-01 8.266451212404313242e-01 7.976632360290587531e-01 8.449452145360040189e-01 8.260591113200681512e-01 8.148178131390018120e-01 8.445614937917124143e-01 8.580363176648747592e-01 8.231604741410657455e-01
8.225363409318445784e-01 7.993255014750199061e-01 8.324404578859028181e-01 8.287810718351905637e-01 8.343580634874840918e-01 8.167694586464477879e-01 8.148878596777051619e-01 8.152371893908109124e-01 8.119617095472931867e-01 8.555363749583720923e-01
8.566805290778805038e-01 8.316667242851023545e-01 8.391569478187014264e-01 7.933392976664668250e-01 8.381874404997444739e-01 8.235565399231532524e-01 8.447896702227504218e-01 8.394178242053857986e-01 8.356899261229222553e-01 8.293880871217821360e-01
8.426226027494512216e-01 8.267992085123238022e-01 8.480596509956613849e-01 8.455693562864695645e-01 8.328306660702814446e-01 8.032428006374427998e-01 8.681949025538324705e-01 7.580774077152903079e-01 7.986621094940530297e-01 8.428364799872749558e-01
8.426677769750213765e-01 8.040062035308777055e-01 8.592084142710429973e-01 8.046030891895631365e-01 8.697461459507178638e-01 8.017691466085060670e-01 8.405133185323834244e-01 7.795411955931295100e-01 8.099875739247220929e-01 8.351580042098657453e-01
8.347703249483081622e-01 8.365141857441515949e-01 8.175965857751593679e-01 8.170288737688503611e-01 8.445614937917124143e-01 8.495998287021729878e-01 7.984035066483261556e-01 8.447708307703856168e-01 7.896124671831223907e-01 8.447553339351396851e-01
8.622558203100185725e-01 8.597827663164858691e-01 8.603281430950846520e-01 8.023433455583358631e-01 8.770445490160220237e-01 8.361274949610061347e-01 8.470744055898223879e-01 7.975216547884664831e-01 8.360789774328625246e-01 8.856359846335882802e-01
7.843114380452161916e-01 8.015569269958704446e-01 8.132847788412643775e-01 8.243659760795984948e-01 8.155460215052771078e-01 8.244986676856980168e-01 8.024549212907682305e-01 8.386447904747426074e-01 8.492025077472585837e-01 8.059230214877103338e-01
8.153925392292489249e-01 8.416997902336692539e-01 8.090692499562015527e-01 8.517089649083801062e-01 8.229548328694595849e-01 8.038556677834215458e-01 8.419093810995862404e-01 7.772853180814657259e-01 8.097565716700374505e-01 8.260806072850264137e-01
8.063045235310831726e-01 8.549714208689672690e-01 8.067500102781700599e-01 8.310765431593473140e-01 8.332178041114435274e-01 7.463187665016403072e-01 8.512968917905640032e-01 8.177446379783304131e-01 8.101786199970585356e-01 8.296965847720533249e-01
8.262423011287306496e-01 8.253150311656045623e-01 8.204627061581122316e-01 8.712798990811878586e-01 7.690940088737712177e-01 8.084529477662814045e-01 7.814597812122073828e-01 7.863683931786428216e-01 8.251444143796553554e-01 8.582415905018637714e-01
8.202705265674552493e-01 7.398110518826105375e-01 8.524780893138136362e-01 7.323294913508012760e-01 8.065028801179620066e-01 7.617998113899665524e-01 8.257015956042088600e-01 8.212448442824882289e-01 8.453745021863396936e-01 7.972327763190065752e-01
7.687178547844500942e-01 8.082619821446812569e-01 8.133211428049318403e-01 8.684075300880365056e-01 8.526736566688327690e-01 8.023433455583358631e-01 8.107741607320031463e-01 7.838581564436516436e-01 7.821663063769260793e-01 8.206987965460563750e-01
8.085126719379719384e-01 7.945246540710726446e-01 8.009606341954857989e-01 8.049014886283285541e-01 8.566805290778805038e-01 8.071348939116872456e-01 8.276390675451449352e-01 8.374299417338518792e-01 7.704011606339776774e-01 8.426468602880493597e-01
8.492025077472585837e-01 8.163689949620532849e-01 8.222577651533137244e-01 8.103696210299466962e-01 7.809041160282548244e-01 7.820257830593794202e-01 8.295163840115182818e-01 8.312392210881829335e-01 8.130730798623075906e-01 8.088016697203297412e-01
7.786592838571135822e-01 8.390110722908271645e-01 8.376539295087802595e-01 8.139717968086253030e-01 7.826848808017472514e-01 8.194878255050795923e-01 8.283893191432267766e-01 7.953435965735733415e-01 8.507343143090110305e-01 7.442429349988621823e-01
8.245590247271906703e-01 7.604900723199038426e-01 7.808520709713629993e-01 7.786592838571135822e-01 7.944788124762949266e-01 8.245295049813203825e-01 7.980776079275958557e-01 8.566964958119483997e-01 8.098350515947084771e-01 8.332134729872474610e-01
8.330202864618159175e-01 7.432483214245126923e-01 8.249149792917569446e-01 7.596925658151471028e-01 8.119427739224901464e-01 8.293541896806901903e-01 7.856743847274773040e-01 8.218336923999058907e-01 8.286138623676270187e-01 8.299712710202054033e-01
8.492205129703375155e-01 7.828739465405522013e-01 8.390079807925013844e-01 8.253376453206285879e-01 8.526736566688327690e-01 8.268602045870253603e-01 8.419093810995862404e-01 8.775885417950782807e-01 8.078799154808635752e-01 7.631589075978935099e-01
8.117130227567697087e-01 7.439158464111670366e-01 8.399559992779097595e-01 8.142968047831458112e-01 8.152720368973160880e-01 7.881565398835772562e-01 7.836689444062698851e-01 8.418446528543539475e-01 8.114541318392309854e-01 7.690940088737712177e-01
7.043916889812380511e-01 7.510736236696917700e-01 7.797819503461309587e-01 8.041055224022711778e-01 7.164162591176372885e-01 7.888027709571108215e-01 7.823557617040056700e-01 7.595055990822805470e-01 7.703046636853728701e-01 7.768782432886042200e-01
8.712733572163556817e-01 8.063674603140238428e-01 8.142776349276377168e-01 8.437855097125877002e-01 8.237796681969711265e-01 8.230361421021015200e-01 7.926371354578439776e-01 7.971881809082521642e-01 7.689858724195728357e-01 8.363199637341633963e-01
8.453595222384492347e-01 8.191368609392255529e-01 8.004269194469446624e-01 8.231274162909019143e-01 7.606835920470034207e-01 7.933532223931758498e-01 8.024954473213666839e-01 7.934682179065567498e-01 7.959830777459067086e-01 8.322121703855274166e-01
7.653857339552891936e-01 7.347031072248064731e-01 8.237796681969711265e-01 8.167883571618799188e-01 7.499409758840095419e-01 7.955057197822767989e-01 7.635940899901564327e-01 7.622892584078941880e-01 7.342533806955000575e-01 7.729873870000680824e-01
7.450249965775757044e-01 8.203929294146300455e-01 8.144528359301816955e-01 6.819266976387292623e-01 7.640939798197282640e-01 7.817508096635054082e-01 7.932773886065610514e-01 7.676805954495280471e-01 7.578823235126723734e-01 7.471623842961940820e-01
7.193417757293731896e-01 7.567805553430498877e-01 8.129197202746405448e-01 7.778635153468688168e-01 7.807666154412036263e-01 7.700814788574406045e-01 7.950427564123258017e-01 6.836962110105974100e-01 7.490288680669388022e-01 8.209851816382786049e-01
8.126204719196923332e-01 7.531809141810080765e-01 7.244667303661955771e-01 8.247222646578243888e-01 7.708801116661632147e-01 8.245192013154083455e-01 8.572693461844146379e-01 6.791201416917710398e-01 7.786592838571134712e-01 7.862389004418570693e-01
7.762150746530922518e-01 7.716997230892460591e-01 8.068764383850213218e-01 8.328270551239200792e-01 7.750396381719955041e-01 6.941087978093976041e-01 8.356570040542101729e-01 7.387619937146380211e-01 7.659988011206958491e-01 8.260806072850264137e-01
7.651980704158851676e-01 6.315515060634458999e-01 8.038154207783475558e-01 7.699090035025009104e-01 7.465375746985165595e-01 7.398110518826105375e-01 8.100087828652752231e-01 7.852443063157062975e-01 7.424364715684322880e-01 7.582020669404385682e-01
