0.000000000000000000e+00 0.000000000000000000e+00 0.000000000000000000e+00 0.000000000000000000e+00 0.000000000000000000e+00
7.142857142857143016e-01 7.085714285714285188e-01 7.485714285714285543e-01 6.914285714285713924e-01 7.314285714285714279e-01
7.542857142857143371e-01 7.600000000000000089e-01 6.742857142857142660e-01 7.257142857142857562e-01 7.485714285714285543e-01
6.971428571428571752e-01 7.142857142857143016e-01 7.542857142857143371e-01 6.914285714285713924e-01 6.742857142857142660e-01
7.428571428571428825e-01 7.028571428571428470e-01 6.914285714285713924e-01 8.114285714285713880e-01 6.628571428571428115e-01
7.314285714285714279e-01 6.457142857142856851e-01 7.885714285714285898e-01 6.285714285714285587e-01 7.428571428571428825e-01
7.600000000000000089e-01 6.514285714285714679e-01 6.285714285714285587e-01 7.600000000000000089e-01 7.885714285714285898e-01
6.742857142857142660e-01 6.685714285714285943e-01 7.371428571428570997e-01 7.314285714285714279e-01 6.457142857142856851e-01
5.885714285714285232e-01 7.257142857142857562e-01 6.342857142857142305e-01 7.257142857142857562e-01 6.685714285714285943e-01
6.457142857142856851e-01 6.400000000000000133e-01 6.400000000000000133e-01 6.514285714285714679e-01 7.199999999999999734e-01
6.514285714285714679e-01 7.600000000000000089e-01 5.085714285714285632e-01 5.085714285714285632e-01 6.914285714285713924e-01
