0.000000000000000000e+00 0.000000000000000000e+00 0.000000000000000000e+00 0.000000000000000000e+00 0.000000000000000000e+00
7.149697890964444857e-01 7.228671457527179323e-01 7.109925928198023160e-01 6.956508403876825453e-01 7.168964076858813650e-01
7.444315709522522084e-01 7.429946555644137973e-01 6.638609155185676292e-01 7.049394427502138072e-01 7.324896458308124414e-01
6.908041624776403156e-01 7.566786407366117295e-01 7.570160616078647209e-01 6.880867742229513917e-01 6.569662347697698968e-01
7.582267582267582240e-01 6.814983676685804070e-01 6.871184741229594550e-01 7.908109140985852825e-01 6.710453779190869161e-01
7.453524660864111473e-01 6.718771424653778856e-01 7.526220614828208477e-01 6.452496452496453427e-01 6.816214299114435882e-01
7.894662700670210809e-01 6.685098990863401758e-01 6.422529773818730359e-01 7.669431812962197448e-01 7.351862158367631350e-01
6.703047633955941942e-01 6.769931434863120101e-01 6.618345587306398992e-01 7.112235035074848666e-01 6.370782547253135419e-01
5.338247338247338325e-01 6.725855759360914732e-01 6.274993698043677126e-01 5.593554593554593835e-01 6.555531500324746075e-01
5.560218401696673807e-01 5.873590982286635009e-01 6.348622782446312618e-01 6.213139231056364897e-01 5.729940466782571518e-01
5.856813826162484693e-01 6.700083542188806085e-01 4.776194529097915198e-01 5.092943688822532122e-01 6.497509425654292015e-01
