0.000000000000000000e+00 0.000000000000000000e+00 0.000000000000000000e+00 0.000000000000000000e+00 0.000000000000000000e+00
7.842122247539750068e-01 7.906853465669887449e-01 7.821049668393178500e-01 7.700358236069930751e-01 7.867959818736771638e-01
8.070090128632653181e-01 8.048577151210764002e-01 7.478209740585681775e-01 7.777826975176241886e-01 7.984902582988985253e-01
7.672399835603496143e-01 8.155460215052771078e-01 8.155460215052771078e-01 7.623477051532115967e-01 7.425211112646733502e-01
8.180568544551182208e-01 7.574848396024524977e-01 7.694137161827767635e-01 8.395195527547896219e-01 7.536711016352116710e-01
8.096727217552029954e-01 7.551456351157332936e-01 8.081482718799589682e-01 7.317213442604271201e-01 7.633923275390517293e-01
8.362203633593811025e-01 7.515653731114966263e-01 7.285138013358674058e-01 8.323531405268591588e-01 7.937151854613770929e-01
7.464572555314442637e-01 7.509350911909593584e-01 7.488293746356596836e-01 7.872509144443593510e-01 7.269457336764086897e-01
6.576661288186991250e-01 7.541203829866324204e-01 7.248125668052677328e-01 6.808551409034104829e-01 7.445453300874262936e-01
6.693777332360459909e-01 6.912230712795471854e-01 7.279754733179707449e-01 7.153388767611107424e-01 6.874417368271834583e-01
6.902187247982319862e-01 7.461935263191032952e-01 6.298256565776088056e-01 6.413054140987393126e-01 7.304626391772006677e-01
