0.000000000000000000e+00 0.000000000000000000e+00 0.000000000000000000e+00 0.000000000000000000e+00 0.000000000000000000e+00
5.720781670590029400e-01 5.601996214580550193e-01 6.204445669599509827e-01 5.366891083287212982e-01 5.977412925780141162e-01
6.282454738134947148e-01 6.367050310012831726e-01 5.134469963623837785e-01 5.862879819693914696e-01 6.211831917059725816e-01
5.434889510665718015e-01 5.724155712618015368e-01 6.275517992849554139e-01 5.340835714002661883e-01 5.097273383936948843e-01
6.117339194996090912e-01 5.548286277369811614e-01 5.367924644098747144e-01 7.163866282189413903e-01 4.964135888359674786e-01
5.951602940046560875e-01 4.659794281217495837e-01 6.821162252702234197e-01 4.405532235554726617e-01 6.132011402642573161e-01
6.363886872489582514e-01 4.747614966988742968e-01 4.510387722986893833e-01 6.442747921922143961e-01 6.841437052177595790e-01
5.065636424777000268e-01 5.037286204714848115e-01 6.065577246544850976e-01 6.003748733195661824e-01 4.633127525027408988e-01
3.757311926957503934e-01 6.031017005598993119e-01 4.534983601686755073e-01 5.888392399170736535e-01 4.986905770861940757e-01
4.686666463732704901e-01 4.543544948920219539e-01 4.559846529636175094e-01 4.706802001271653269e-01 5.770327661799697916e-01
4.828372925909690805e-01 6.480637928724990449e-01 2.574863136718966161e-01 2.567806847629641176e-01 5.439649167448706857e-01
