0.000000000000000000e+00 0.000000000000000000e+00 0.000000000000000000e+00 0.000000000000000000e+00 0.000000000000000000e+00
6.960527216999707889e-01 7.396125116713351266e-01 7.345550241072628106e-01 6.964259235620334776e-01 7.623022469087367137e-01
7.481111045995497699e-01 7.459290900258133128e-01 7.136738226252292705e-01 7.169424834350507370e-01 6.935024184376755718e-01
6.970170318302023604e-01 7.523267904726137489e-01 7.172595672595671878e-01 8.036515652342991478e-01 6.691966516741629789e-01
7.111247605838452168e-01 6.200543513976349841e-01 7.360060759666504637e-01 6.414483418460439346e-01 7.129143973903921960e-01
8.050520456765427602e-01 6.866733184946401947e-01 6.730697151424287483e-01 6.248574954457307706e-01 6.312653592033702354e-01
7.471367857487822839e-01 7.073814073814074233e-01 6.481094039446441135e-01 6.903345082590365278e-01 7.050454644118210323e-01
6.017124294848607002e-01 6.705888314583967613e-01 7.454978748495196816e-01 6.206464675565798172e-01 7.048846922896268019e-01
5.601584111074875416e-01 6.574107205175167001e-01 6.688113963068591517e-01 6.448017896717153086e-01 5.993621826955159992e-01
5.838888888888890127e-01 5.251942385182216677e-01 5.260302734490974741e-01 6.083743842364531806e-01 5.457279562542720619e-01
4.820675105485232592e-01 6.204727821598986504e-01 4.344022987012799430e-01 5.089067455279574492e-01 4.572649572649572502e-01
