0.000000000000000000e+00 0.000000000000000000e+00 0.000000000000000000e+00 0.000000000000000000e+00 0.000000000000000000e+00
7.873615136497492673e-01 7.912917816309428254e-01 7.955558670788390740e-01 8.148178131390018120e-01 7.816805889564943932e-01
8.337116076819585109e-01 7.838360361013975153e-01 7.933991231006222167e-01 8.047110582740626405e-01 7.658211971558260833e-01
8.277409493853739031e-01 7.906853465669887449e-01 7.717128204928420665e-01 8.314108252214442718e-01 7.771056678936657525e-01
7.937657596251888048e-01 7.066740325210746354e-01 8.356631668492606746e-01 7.412498100714213223e-01 8.085296538133543987e-01
8.199731127606716408e-01 7.843432083303450986e-01 7.447283549992586016e-01 7.595922526013995091e-01 7.745024702281506634e-01
7.945220873428670005e-01 7.960622485292865314e-01 7.970072981272483537e-01 7.892702994664684280e-01 7.423377953474826763e-01
7.247302159913170394e-01 7.882297068286944208e-01 8.261694179728187315e-01 8.362203633593811025e-01 8.259646168654074527e-01
7.152907719361709660e-01 7.455539636313938123e-01 7.312868568037707018e-01 7.590364764456092317e-01 7.235482528679572090e-01
7.036790661621907805e-01 6.697414292418367721e-01 6.641598986619164924e-01 7.215219615965037248e-01 6.998780849061864151e-01
6.295385352846428750e-01 7.039528690810100686e-01 5.864003407485641750e-01 6.396362688135406316e-01 6.364345466053965561e-01
