0.000000000000000000e+00 0.000000000000000000e+00 0.000000000000000000e+00 0.000000000000000000e+00 0.000000000000000000e+00
5.823217687626756067e-01 5.886133287784170998e-01 5.960811984802533159e-01 6.326168466242482191e-01 5.716265766770161072e-01
6.814775294707661191e-01 5.761532510546507613e-01 5.940110287485934615e-01 6.133779424989843632e-01 5.425551844506314447e-01
6.633162469740990774e-01 5.870189141142719835e-01 5.525991830184602271e-01 6.710780831271518920e-01 5.728085732555455722e-01
6.022725205966745765e-01 4.416145943111712824e-01 6.803548306923690170e-01 5.069502241338808002e-01 6.418901506882589425e-01
6.542832603769220823e-01 5.840599879205375933e-01 5.185028105557201172e-01 5.420471637930358577e-01 5.683481436503350359e-01
6.027918795235468474e-01 6.118932829565475462e-01 6.161389401420918066e-01 5.926661050955756016e-01 5.013172326771935250e-01
4.789826347361501591e-01 6.062157599614956816e-01 6.771081106336771516e-01 6.922337203852148013e-01 6.761457010538127754e-01
4.751989878854915861e-01 5.259466494051148189e-01 5.266830349877711370e-01 5.591356561980765916e-01 4.803111039616520528e-01
4.520925123399714973e-01 4.044864948953835193e-01 3.882468932233989478e-01 4.829470603166604037e-01 4.455287482141236932e-01
3.257195457435420050e-01 4.693364545904551433e-01 2.409308752809595500e-01 3.529403157709185557e-01 3.325377462591498912e-01
