0.000000000000000000e+00 0.000000000000000000e+00 0.000000000000000000e+00 0.000000000000000000e+00 0.000000000000000000e+00
4.453782170029310095e-01 4.222983740541994546e-01 3.975012493753123377e-01 4.076068792216311909e-01 4.088203633851915098e-01
4.151386370538995840e-01 3.790075560842101066e-01 4.111243606298264908e-01 4.055020274487026732e-01 4.092990983638591374e-01
3.826395588240751877e-01 3.956143673326183996e-01 4.126611427752712724e-01 4.347411726403646592e-01 3.933882906029921855e-01
4.117129629629629473e-01 3.982217511629276285e-01 3.898942684908417444e-01 3.659643224651471516e-01 3.993445901789797747e-01
3.898663773183033143e-01 3.844409636756918047e-01 4.073416838404622098e-01 3.636090591365820912e-01 3.771290827584157235e-01
3.562393162393162060e-01 3.766348769502258498e-01 3.471039062944500930e-01 3.955017207788604772e-01 3.716191667411179456e-01
3.741838990859040481e-01 3.478484848257266115e-01 3.681309712997093420e-01 3.817808726490749538e-01 3.303685504072101931e-01
3.536637121842097220e-01 3.450606596930769210e-01 3.384651108789039076e-01 3.237626398767707858e-01 3.375861476073631073e-01
3.201097105508870500e-01 3.320747866085054789e-01 2.804346125187651140e-01 2.951961047476726607e-01 2.808629279217514374e-01
1.993826582747016685e-01 1.663258350374914873e-01 1.656565656565656408e-01 2.200434535354247878e-01 1.916274201988487358e-01
