0.000000000000000000e+00 0.000000000000000000e+00 0.000000000000000000e+00 0.000000000000000000e+00 0.000000000000000000e+00 0.000000000000000000e+00 0.000000000000000000e+00 0.000000000000000000e+00 0.000000000000000000e+00 0.000000000000000000e+00
7.126572327044025101e-01 8.109276729559748986e-01 7.354559748427672572e-01 7.456761006289308602e-01 7.193396226415094130e-01 7.287735849056603543e-01 7.032232704402515688e-01 7.287735849056603543e-01 7.334905660377357695e-01 6.992924528301887044e-01
6.682389937106918421e-01 7.912735849056603543e-01 6.937893081761006275e-01 7.570754716981131782e-01 6.823899371069181985e-01 7.617924528301887044e-01 7.362421383647799189e-01 7.154088050314465486e-01 7.287735849056603543e-01 7.342767295597484312e-01
7.523584905660377631e-01 6.481918238993711334e-01 6.823899371069181985e-01 7.570754716981131782e-01 6.615566037735849392e-01 6.977201257861634920e-01 7.523584905660377631e-01 7.637578616352200811e-01 7.260220125786163159e-01 8.223270440251573277e-01
6.918238993710691398e-01 7.051886792452830566e-01 7.079402515723269840e-01 6.918238993710691398e-01 7.334905660377357695e-01 6.937893081761006275e-01 6.788522012578616094e-01 7.562893081761006275e-01 7.268081761006288666e-01 7.004716981132075304e-01
6.493710691823899595e-01 7.240566037735849392e-01 6.749213836477987449e-01 7.099056603773584717e-01 7.220911949685534514e-01 7.582547169811320042e-01 7.590408805031445549e-01 7.429245283018868218e-01 6.297169811320755262e-01 7.617924528301887044e-01
7.173742138364780363e-01 7.024371069182389071e-01 6.796383647798742711e-01 7.543238993710691398e-01 7.201257861635219637e-01 6.501572327044025101e-01 6.768867924528301216e-01 6.823899371069181985e-01 7.165880503144653746e-01 6.521226415094338869e-01
6.257861635220125507e-01 6.863207547169811740e-01 7.004716981132075304e-01 6.985062893081761537e-01 8.034591194968554451e-01 6.654874213836478036e-01 6.890723270440251014e-01 6.776729559748426723e-01 6.057389937106918421e-01 6.898584905660377631e-01
6.694182389937106681e-01 6.446540880503144333e-01 7.401729559748426723e-01 6.985062893081761537e-01 6.937893081761006275e-01 7.354559748427672572e-01 7.220911949685534514e-01 5.908018867924528239e-01 6.937893081761006275e-01 6.324685534591194536e-01
7.240566037735849392e-01 6.116352201257861942e-01 7.079402515723269840e-01 7.354559748427672572e-01 7.327044025157232188e-01 6.709905660377357695e-01 6.607704402515723885e-01 6.533018867924528239e-01 6.851415094339622369e-01 6.890723270440251014e-01
6.776729559748426723e-01 7.319182389937106681e-01 5.805817610062893319e-01 7.087264150943396457e-01 5.939465408805031377e-01 6.580188679245282390e-01 6.230345911949686233e-01 5.860849056603774088e-01 6.513364779874213362e-01 6.863207547169811740e-01
7.063679245283018826e-01 7.366352201257861942e-01 6.588050314465407897e-01 6.540880503144653746e-01 7.555031446540880768e-01 6.002358490566037652e-01 6.835691823899370245e-01 6.485849056603774088e-01 5.483490566037736436e-01 6.875000000000000000e-01
6.324685534591194536e-01 7.024371069182389071e-01 6.116352201257861942e-01 7.279874213836478036e-01 6.619496855345912145e-01 6.316823899371069029e-01 6.843553459119496862e-01 6.843553459119496862e-01 5.821540880503144333e-01 6.458333333333332593e-01
6.776729559748426723e-01 6.540880503144653746e-01 6.694182389937106681e-01 6.438679245283018826e-01 6.316823899371069029e-01 6.100628930817610929e-01 7.810534591194968623e-01 5.180817610062893319e-01 6.863207547169811740e-01 6.088836477987421558e-01
6.305031446540880768e-01 6.761006289308175710e-01 6.210691823899370245e-01 5.900157232704402732e-01 5.994496855345912145e-01 6.843553459119496862e-01 6.183176100628930971e-01 6.599842767295597268e-01 6.363993710691824290e-01 6.022012578616351419e-01
5.758647798742138058e-01 6.890723270440251014e-01 5.625000000000000000e-01 5.805817610062893319e-01 6.588050314465407897e-01 6.788522012578616094e-01 6.552672955974843116e-01 6.552672955974843116e-01 5.719339622641509413e-01 6.202830188679244738e-01
5.381289308176100405e-01 6.430817610062893319e-01 5.970911949685534514e-01 5.562106918238993725e-01 4.870283018867924696e-01 5.900157232704402732e-01 5.986635220125786638e-01 6.477987421383648581e-01 5.503144654088050203e-01 5.314465408805031377e-01
5.825471698113207086e-01 5.192610062893081579e-01 5.487421383647799189e-01 5.703616352201257289e-01 5.711477987421383906e-01 5.373427672955974899e-01 5.514937106918238463e-01 5.345911949685534514e-01 6.336477987421383906e-01 5.758647798742138058e-01
