0.000000000000000000e+00 0.000000000000000000e+00 0.000000000000000000e+00 0.000000000000000000e+00 0.000000000000000000e+00 0.000000000000000000e+00 0.000000000000000000e+00 0.000000000000000000e+00 0.000000000000000000e+00 0.000000000000000000e+00
7.240566037735849392e-01 7.779088050314465486e-01 6.757075471698112956e-01 7.012578616352200811e-01 7.684748427672956073e-01 6.548742138364780363e-01 7.798742138364780363e-01 8.309748427672956073e-01 8.054245283018868218e-01 7.240566037735849392e-01
7.012578616352200811e-01 7.441037735849056478e-01 8.054245283018868218e-01 7.362421383647799189e-01 7.421383647798742711e-01 7.240566037735849392e-01 7.590408805031445549e-01 7.260220125786163159e-01 7.354559748427672572e-01 7.334905660377357695e-01
6.823899371069181985e-01 7.503930817610062753e-01 7.637578616352200811e-01 6.709905660377357695e-01 7.448899371069181985e-01 7.118710691823899595e-01 7.099056603773584717e-01 7.279874213836478036e-01 7.240566037735849392e-01 7.401729559748426723e-01
7.213050314465407897e-01 7.004716981132075304e-01 7.240566037735849392e-01 7.535377358490565891e-01 6.568396226415094130e-01 7.004716981132075304e-01 7.610062893081761537e-01 7.354559748427672572e-01 7.079402515723269840e-01 7.731918238993711334e-01
7.165880503144653746e-01 7.543238993710691398e-01 6.513364779874213362e-01 6.682389937106918421e-01 6.540880503144653746e-01 7.488207547169811740e-01 7.448899371069181985e-01 6.863207547169811740e-01 6.599842767295597268e-01 7.099056603773584717e-01
6.882861635220125507e-01 6.930031446540880768e-01 7.024371069182389071e-01 7.421383647798742711e-01 7.562893081761006275e-01 7.610062893081761537e-01 7.441037735849056478e-01 7.252358490566037652e-01 6.694182389937106681e-01 6.882861635220125507e-01
7.205188679245282390e-01 7.044025157232705059e-01 7.393867924528301216e-01 8.046383647798742711e-01 7.260220125786163159e-01 6.996855345911949797e-01 6.399371069182389071e-01 7.138364779874213362e-01 6.847484276729559616e-01 6.863207547169811740e-01
7.083333333333332593e-01 6.780660377358490587e-01 7.327044025157232188e-01 6.816037735849056478e-01 7.024371069182389071e-01 7.044025157232705059e-01 7.441037735849056478e-01 6.988993710691824290e-01 6.702044025157232188e-01 6.363993710691824290e-01
6.835691823899370245e-01 5.805817610062893319e-01 6.941823899371069029e-01 7.952044025157232188e-01 7.205188679245282390e-01 7.838050314465407897e-01 7.669025157232705059e-01 7.433176100628930971e-01 7.319182389937106681e-01 6.875000000000000000e-01
6.753144654088050203e-01 7.480345911949686233e-01 6.564465408805031377e-01 6.922169811320755262e-01 6.442610062893081579e-01 7.036163522012578442e-01 6.222484276729559616e-01 6.564465408805031377e-01 7.244496855345912145e-01 6.591981132075471761e-01
7.102987421383648581e-01 7.547169811320755262e-01 5.581761006289308602e-01 6.269654088050313767e-01 7.150157232704402732e-01 6.403301886792452935e-01 7.500000000000000000e-01 6.658805031446540790e-01 7.224842767295597268e-01 6.678459119496855667e-01
6.391509433962263564e-01 6.847484276729559616e-01 6.941823899371069029e-01 6.725628930817610929e-01 6.961477987421383906e-01 6.167452830188678847e-01 6.128144654088050203e-01 6.242138364779874493e-01 6.631289308176100405e-01 6.422955974842766702e-01
6.536949685534590992e-01 6.489779874213836841e-01 5.923742138364780363e-01 6.564465408805031377e-01 6.375786163522012551e-01 6.273584905660377631e-01 6.819968553459119232e-01 6.328616352201257289e-01 7.036163522012578442e-01 6.308962264150943522e-01
6.497641509433962348e-01 6.367924528301887044e-01 6.442610062893081579e-01 6.517295597484276115e-01 5.601415094339622369e-01 7.075471698113207086e-01 5.526729559748427834e-01 6.253930817610062753e-01 6.159591194968553340e-01 6.348270440251572166e-01
5.904088050314465486e-01 6.517295597484276115e-01 6.273584905660377631e-01 6.301100628930818015e-01 5.829402515723270950e-01 5.243710691823899595e-01 6.206761006289308602e-01 5.856918238993710224e-01 5.809748427672956073e-01 5.856918238993710224e-01
5.896226415094339979e-01 5.943396226415094130e-01 5.593553459119496862e-01 5.404874213836478036e-01 5.687893081761006275e-01 5.782232704402515688e-01 6.415094339622641195e-01 5.754716981132075304e-01 5.499213836477987449e-01 6.367924528301887044e-01
5.546383647798742711e-01 5.707547169811321153e-01 5.849056603773584717e-01 5.566037735849056478e-01 5.593553459119496862e-01 5.452044025157233298e-01 5.546383647798742711e-01 5.338050314465409008e-01 5.829402515723270950e-01 5.707547169811321153e-01
