0.000000000000000000e+00 0.000000000000000000e+00 0.000000000000000000e+00 0.000000000000000000e+00 0.000000000000000000e+00 0.000000000000000000e+00 0.000000000000000000e+00 0.000000000000000000e+00 0.000000000000000000e+00 0.000000000000000000e+00
3.573685270850573414e-01 4.557380524716447834e-01 2.881399002189889980e-01 3.300394382821529304e-01 4.356859820543429462e-01 2.554311213228602773e-01 4.481370865327925501e-01 5.299598691862518196e-01 4.890484778595222126e-01 3.573685270850573414e-01
3.300394382821529304e-01 3.792387803984312855e-01 4.890484778595222126e-01 3.919944633041063109e-01 3.786633706683222855e-01 3.573685270850573414e-01 4.165137202031303776e-01 3.549991477346381430e-01 3.718047785668883165e-01 3.754311833090431261e-01
2.932661095208687341e-01 4.239922075151181247e-01 4.259964570839439579e-01 2.788977299408973987e-01 3.891892672543166842e-01 3.307348521439931188e-01 3.314586840646382981e-01 3.548744974702702781e-01 3.573685270850573414e-01 3.804202960899285002e-01
3.467927133146118113e-01 3.148688092950703288e-01 3.573685270850573414e-01 3.946449152902143376e-01 2.521835726267815381e-01 3.148688092950703288e-01 4.121508730691382794e-01 3.718047785668883165e-01 3.343486464149559301e-01 4.455952236986751025e-01
3.387070085036453793e-01 4.072256952060628876e-01 2.355632440104380443e-01 2.673724019018419717e-01 2.426352152584192734e-01 3.868883828691374593e-01 3.891892672543166842e-01 2.908503152435115702e-01 2.487576174213885494e-01 3.314586840646382981e-01
2.923474294391629202e-01 2.998490196064891311e-01 3.151040796503262187e-01 3.786633706683222855e-01 4.035667355828810310e-01 4.121508730691382794e-01 3.792387803984312855e-01 3.495941119298991984e-01 2.630516536289754237e-01 2.923474294391629202e-01
3.423943797815666157e-01 3.172206342872576634e-01 3.716901555917541122e-01 4.741857509301025120e-01 3.549991477346381430e-01 3.099368391978861714e-01 2.188379220096148270e-01 3.320187925154585162e-01 2.946722942631174735e-01 2.908503152435115702e-01
3.272166057380143100e-01 2.803922257960814735e-01 3.626919936431744484e-01 2.830467923363962912e-01 3.151040796503262187e-01 3.172206342872576634e-01 3.792387803984312855e-01 3.140788279713613851e-01 2.667162430998701872e-01 2.137425781885795573e-01
2.849222517823087331e-01 1.265649135401753500e-01 3.075738564131336727e-01 4.586285411903733844e-01 3.423943797815666157e-01 4.423371949499526612e-01 4.146588275209900365e-01 3.805075104605381009e-01 3.609930232887232360e-01 2.938190484033211813e-01
2.818894069963522875e-01 3.871868120646746458e-01 2.565540946021423463e-01 3.005947861311843994e-01 2.501625696201948412e-01 3.206251058771968920e-01 1.930405444646114410e-01 2.565540946021423463e-01 3.544249224736114035e-01 2.539197429288565511e-01
3.354248455973783960e-01 4.010908660394277847e-01 1.027207265506353134e-01 1.999264656338505808e-01 3.417119248605316462e-01 2.277304474281119095e-01 3.947710169758613663e-01 2.691939742707653571e-01 3.473022751641930972e-01 2.802930862479982022e-01
2.161844255411347338e-01 2.946722942631174735e-01 3.075738564131336727e-01 2.863320622138147420e-01 3.167991536287452226e-01 1.949579546034085897e-01 1.792894377238986869e-01 1.997243332081778400e-01 2.742636733941914984e-01 2.376255204257033959e-01
2.622179921467915897e-01 2.561936232698461269e-01 1.818756885832573944e-01 2.565540946021423463e-01 2.313067125011253611e-01 2.436216935828435792e-01 2.984536326653062788e-01 2.249754570488381733e-01 3.206251058771968920e-01 2.146545565389783861e-01
2.408068701022650637e-01 2.549711250560872666e-01 2.501625696201948412e-01 2.502447026157971210e-01 1.120993739470728667e-01 3.403531707284702112e-01 1.090066573556870005e-01 2.258780855750785743e-01 2.135663526918424593e-01 2.380622243707291308e-01
1.665093597258432701e-01 2.502447026157971210e-01 2.436216935828435792e-01 2.319832342066227293e-01 1.686545610466021194e-01 5.756396688528824662e-02 2.197411400836626616e-01 1.597232909834110093e-01 1.528479298189806546e-01 1.597232909834110093e-01
1.968647679726984734e-01 2.028949994184733319e-01 1.333531029443623117e-01 1.013481100714924976e-01 1.479442704093034688e-01 1.618830209983710133e-01 2.606233456578416208e-01 1.782626071286345648e-01 1.179132870069614092e-01 2.549711250560872666e-01
1.257542177356202884e-01 1.718499450378614402e-01 1.907567565296838241e-01 1.517407784056351294e-01 1.333531029443623117e-01 1.097930204408559263e-01 1.257542177356202884e-01 7.594944935904078542e-02 1.686545610466021194e-01 1.718499450378614402e-01
