0.000000000000000000e+00 0.000000000000000000e+00 0.000000000000000000e+00 0.000000000000000000e+00 0.000000000000000000e+00
9.733226623982926817e-01 9.799819837854069071e-01 8.932906495931706159e-01 9.731919434440442496e-01 9.330633063306330577e-01
9.799819837854069071e-01 9.732905982905982745e-01 9.326672484877667202e-01 9.933326665999931970e-01 9.866613311991462298e-01
9.196832964072635397e-01 9.799959587795513682e-01 9.200427211179899034e-01 9.266593325999267217e-01 9.933326665999931970e-01
9.866613311991462298e-01 9.798544439040628440e-01 9.799960388195683159e-01 9.733153171187401975e-01 9.733226623982926817e-01
9.866613311991462298e-01 9.399939993999399945e-01 9.009090375069757073e-01 9.732905982905982745e-01 9.665973263993065112e-01
9.601253834867279346e-01 9.866659999333267095e-01 9.601313464679801513e-01 9.933326665999931970e-01 9.799819837854069071e-01
9.532912954992825982e-01 8.646519283436120418e-01 9.396564680622652155e-01 9.471480900052329233e-01 9.007579153253738591e-01
9.735740450026163506e-01 8.862593904650403198e-01 8.943488943488944187e-01 9.346092503987240008e-01 9.060963618485743387e-01
7.928939979631223212e-01 8.628881406659184572e-01 7.359547859547858062e-01 7.050506571054516725e-01 8.470562145042638269e-01
6.286858192696648251e-01 6.322370440017498483e-01 6.985812649230940252e-01 4.193371268842967514e-01 5.932623400977831141e-01
