0.000000000000000000e+00 0.000000000000000000e+00 0.000000000000000000e+00 0.000000000000000000e+00 0.000000000000000000e+00
9.802614379131475708e-01 9.608330831646842984e-01 9.204296341006058535e-01 9.416965821485117072e-01 9.604483138441105572e-01
9.309935900269661335e-01 9.704529837799866776e-01 9.501900570190067175e-01 9.602561024455322780e-01 9.230201401033300002e-01
9.900660066007335169e-01 9.123752675681890967e-01 9.515873026942033297e-01 9.705825243243505485e-01 9.417595950685293538e-01
9.704529837799866776e-01 8.704062844212251404e-01 9.209829062632353125e-01 9.001800540180063814e-01 9.515873026942033297e-01
9.407529036048868365e-01 9.900660066007335169e-01 9.219072478423812056e-01 9.604483138441105572e-01 9.129873124935112827e-01
9.705825243243505485e-01 9.408157272654200654e-01 9.700646731340519802e-01 9.226487283224406033e-01 9.226487283224406033e-01
8.902374283088789753e-01 9.104249641647297331e-01 9.800653398673927486e-01 8.503969445494727886e-01 7.916377454298708649e-01
9.704529837799866776e-01 9.404389739723582053e-01 9.315538857953780116e-01 9.204296341006058535e-01 8.510787166615577659e-01
9.007810154668915992e-01 8.461713497787003435e-01 8.954489693979154064e-01 7.610912694036688908e-01 7.575247780087404070e-01
6.192680615505239405e-01 5.802665603747627632e-01 8.472036161263357679e-01 7.549211144637354431e-01 8.572893734611730654e-01
