0.000000000000000000e+00 0.000000000000000000e+00 0.000000000000000000e+00 0.000000000000000000e+00 0.000000000000000000e+00
9.602561024455322780e-01 9.705825243243505485e-01 8.402240896398407433e-01 9.602561024455322780e-01 9.000600060006668235e-01
9.705825243243505485e-01 9.610256413181585966e-01 9.018657859327642301e-01 9.900660066007335169e-01 9.802614379131475708e-01
8.804109543571012608e-01 9.701940582194068519e-01 8.833631823267069638e-01 8.900593392673260551e-01 9.900660066007335169e-01
9.802614379131475708e-01 9.704529837799866776e-01 9.701940582194068519e-01 9.605765189189449105e-01 9.602561024455322780e-01
9.802614379131475708e-01 9.100606727340074809e-01 8.507376257187309054e-01 9.610256413181585966e-01 9.500633396673705544e-01
9.402507669779170962e-01 9.800653398673927486e-01 9.400626729340297860e-01 9.900660066007335169e-01 9.705825243243505485e-01
9.305585027027278855e-01 8.131716336664092104e-01 9.139076937674136536e-01 9.207368843792509416e-01 8.609167657051998157e-01
9.607689228305227314e-01 8.350816231463705774e-01 8.462858597392730609e-01 9.045340337332908875e-01 8.691451655546540422e-01
7.262306946239651673e-01 8.211284927985570414e-01 6.419897325263159704e-01 6.218129327701250597e-01 7.913372338386995830e-01
5.445916621561533999e-01 5.478261261091937895e-01 6.278279410632249258e-01 3.679412431122013327e-01 5.189273252574388984e-01
