0.000000000000000000e+00 0.000000000000000000e+00 0.000000000000000000e+00 0.000000000000000000e+00 0.000000000000000000e+00
4.853333333333333388e-01 5.040000000000000036e-01 4.906666666666666399e-01 5.066666666666667096e-01 5.173333333333333117e-01
5.226666666666666128e-01 5.040000000000000036e-01 4.879999999999999893e-01 5.306666666666666199e-01 5.066666666666667096e-01
4.799999999999999822e-01 4.666666666666666741e-01 5.306666666666666199e-01 4.799999999999999822e-01 5.253333333333333188e-01
5.360000000000000320e-01 5.040000000000000036e-01 4.906666666666666399e-01 4.533333333333333104e-01 5.040000000000000036e-01
4.879999999999999893e-01 4.613333333333333175e-01 5.093333333333333046e-01 4.693333333333333246e-01 4.560000000000000164e-01
4.719999999999999751e-01 4.719999999999999751e-01 4.506666666666666599e-01 4.640000000000000235e-01 4.239999999999999880e-01
4.426666666666666528e-01 4.853333333333333388e-01 4.480000000000000093e-01 4.826666666666666883e-01 4.506666666666666599e-01
4.293333333333333446e-01 4.319999999999999951e-01 4.373333333333333517e-01 4.426666666666666528e-01 4.506666666666666599e-01
3.866666666666666585e-01 3.840000000000000080e-01 4.053333333333333233e-01 3.920000000000000151e-01 4.186666666666666869e-01
3.360000000000000209e-01 3.360000000000000209e-01 3.360000000000000209e-01 3.360000000000000209e-01 3.333333333333333148e-01
