0.000000000000000000e+00 0.000000000000000000e+00 0.000000000000000000e+00 0.000000000000000000e+00 0.000000000000000000e+00
2.755408566686288196e-01 2.499837424808802333e-01 2.663138441082952834e-01 2.589784596964198049e-01 2.585132462820941557e-01
2.470141781311800955e-01 2.746255207591622449e-01 2.120089731456029081e-01 2.622275567590206524e-01 2.499620707216300697e-01
2.321553133868619612e-01 1.810986167588444773e-01 2.496700525396170489e-01 2.592247675174894628e-01 2.547234584421791959e-01
3.194987104892200169e-01 2.076398527430501351e-01 2.115849992805014512e-01 1.670720746631964848e-01 2.299983199117095478e-01
1.713462840733105952e-01 1.807188536869202278e-01 2.418795247227509271e-01 1.602475124470921219e-01 1.845088910826526152e-01
2.169605977456991186e-01 2.132814890327643931e-01 1.674436716557842764e-01 1.693232135938680938e-01 1.437549678293288946e-01
1.197033080466274324e-01 1.749476241573200974e-01 1.519805887486813667e-01 2.178830451692446990e-01 2.201835410681488026e-01
1.514841090235026499e-01 1.229556101244213273e-01 1.241029417621331010e-01 1.777581852166047194e-01 2.065965667309015985e-01
1.360572341551835873e-01 8.606367312982117490e-02 1.199117773858273672e-01 8.451184832746359843e-02 1.981866018562136456e-01
2.590059433912389811e-02 -3.922099227692835144e-02 0.000000000000000000e+00 -2.248089934988177496e-02 1.430323919226557730e-02
