0.000000000000000000e+00 0.000000000000000000e+00 0.000000000000000000e+00 0.000000000000000000e+00 0.000000000000000000e+00
2.308771088728725773e-01 2.578577672115718311e-01 2.384933646190607603e-01 2.617480318403127004e-01 2.791837242888580151e-01
2.873669753475710520e-01 2.589699788412853088e-01 2.362282136217191963e-01 2.976427591297707287e-01 2.624640301387534125e-01
2.224503654013148535e-01 2.016938103545055649e-01 2.980126196903084002e-01 2.243223096409950323e-01 2.919537440140773654e-01
3.089567040567351985e-01 2.624273516039505316e-01 2.411587384805499445e-01 1.834184955166944520e-01 2.600337253107686819e-01
2.374285786651046948e-01 1.985257221786950188e-01 2.731847986446652721e-01 2.101513537826567024e-01 1.880912142370166351e-01
2.144443856990038699e-01 2.186727763630012811e-01 1.862201368951669211e-01 2.064590451155899065e-01 1.430002719811681033e-01
1.769368459745884470e-01 2.375439937023315906e-01 1.828832637708509845e-01 2.350480388545888866e-01 1.847435362244517765e-01
1.655725216568190994e-01 1.764494052848765426e-01 1.726903879579492762e-01 1.905129866056580468e-01 1.931559324621854590e-01
1.081623740926758587e-01 9.868032990272597449e-02 1.641021566136486032e-01 1.276598132731475432e-01 2.014106180392379875e-01
2.245821046334437604e-02 1.837209169842501932e-02 1.310506066630567380e-02 3.168621252622389611e-02 0.000000000000000000e+00
