0.000000000000000000e+00 0.000000000000000000e+00 0.000000000000000000e+00 0.000000000000000000e+00 0.000000000000000000e+00
9.049149703826198099e-01 9.049149703826198099e-01 9.049149703826198099e-01 8.827582265343071333e-01 9.049149703826198099e-01
8.827582265343071333e-01 9.049149703826198099e-01 9.049149703826198099e-01 9.049149703826198099e-01 9.049149703826198099e-01
8.827582265343071333e-01 9.277097777240617127e-01 9.049149703826198099e-01 8.827582265343071333e-01 8.600936531274780972e-01
9.515873026942034407e-01 9.277097777240617127e-01 8.827582265343071333e-01 9.277097777240617127e-01 8.600936531274780972e-01
9.049149703826198099e-01 8.040302522073695668e-01 9.049149703826198099e-01 9.511897312113418712e-01 8.808923224684068742e-01
8.827582265343071333e-01 8.600936531274780972e-01 8.782998231498673203e-01 9.049149703826198099e-01 9.049149703826198099e-01
8.557239703978810619e-01 8.568101446921702058e-01 8.589949594878493189e-01 8.827582265343071333e-01 8.589949594878493189e-01
8.797784434275470744e-01 8.600936531274780972e-01 8.808923224684068742e-01 8.546419164724743389e-01 9.026365404882762400e-01
7.838686930074690862e-01 7.128891149634438706e-01 9.049149703826198099e-01 8.168511940089083767e-01 9.049149703826198099e-01
8.344408667498863785e-01 8.820104430654692740e-01 6.423644154633109116e-01 7.144345083117602524e-01 6.420818711718926375e-01
