0.000000000000000000e+00 0.000000000000000000e+00 0.000000000000000000e+00 0.000000000000000000e+00 0.000000000000000000e+00 0.000000000000000000e+00 0.000000000000000000e+00 0.000000000000000000e+00 0.000000000000000000e+00 0.000000000000000000e+00
9.373414081768165484e-01 9.390840479524246165e-01 9.397932772804029611e-01 9.359123257882770996e-01 9.338105365521984780e-01 9.369868641419991651e-01 9.355682441070978239e-01 9.316692380817260810e-01 9.369765884981996473e-01 9.419199145713270660e-01
9.366322759858314306e-01 9.355628946548768532e-01 9.351914423043174995e-01 9.369713559738960251e-01 9.355682441070978239e-01 9.398030936775523259e-01 9.387344834794366655e-01 9.405166144079837309e-01 9.376959083583324972e-01 9.415655829064694116e-01
9.366322759858314306e-01 9.268038263522030418e-01 9.348799042163362660e-01 9.387494664200342065e-01 9.412159135358278972e-01 9.369919073228334394e-01 9.369868641419991651e-01 9.380198682403226851e-01 9.320244071985788192e-01 9.334665772225578806e-01
9.362563516588238155e-01 9.415655829064694116e-01 9.387395391493752461e-01 9.359176781221691943e-01 9.250745274252161199e-01 9.359176781221691943e-01 9.376650510696786789e-01 9.352344724524199737e-01 9.387395391493752461e-01 9.341653001287788527e-01
9.391039104293307238e-01 9.334389528371144218e-01 9.454728922819610748e-01 9.369968874498761924e-01 9.345038054759315926e-01 9.376909215258875108e-01 9.369607013642511362e-01 9.342156829466239376e-01 9.338159326963126894e-01 9.338159326963126894e-01
9.337825606152808655e-01 9.359014283341636764e-01 9.369713559738960251e-01 9.324132043255549673e-01 9.355682441070978239e-01 9.345200185186923747e-01 9.419199145713270660e-01 9.383798172929150860e-01 9.320529568174027446e-01 9.264710511473367438e-01
9.355574806144224542e-01 9.376755866334055556e-01 9.348586639953674338e-01 9.104182220984656793e-01 9.327732151001473238e-01 9.345200185186923747e-01 9.384236377178953870e-01 9.285323846317758978e-01 9.359484446104080480e-01 9.334665772225578806e-01
9.226460718515594461e-01 9.369868641419991651e-01 9.345038054759315926e-01 9.366373790552077194e-01 9.370114498034409767e-01 9.398126690163622898e-01 9.306774056495970004e-01 9.397982156257818076e-01 9.327836413645778091e-01 9.334823522932194084e-01
9.128708535993657058e-01 9.247409058534521442e-01 9.345146797803666194e-01 9.320798051485001956e-01 9.352188230085347609e-01 9.380404476305905792e-01 9.341598997159962225e-01 9.324185799503512673e-01 9.317199701242451226e-01 9.279035792278890193e-01
9.362724163026487911e-01 9.327937988806744851e-01 9.362724163026487911e-01 9.334925363846386936e-01 9.258129212462244961e-01 9.362776434401549608e-01 9.383949789097758565e-01 9.369817578772803301e-01 9.338317236255573306e-01 9.366571574201756345e-01
9.341811058833902059e-01 9.345356414593279926e-01 9.373208461006226067e-01 9.299992063737935188e-01 9.324591533399392285e-01 9.394486192753499498e-01 9.366322759858314306e-01 9.331008727649019452e-01 9.422649625648684690e-01 9.348640719115470787e-01
9.352344724524199737e-01 9.394534955416429245e-01 9.331118468739331151e-01 9.324185799503512673e-01 9.362776434401549608e-01 9.323966714255851329e-01 9.254341038393660845e-01 9.320900690260218724e-01 9.187704685525671655e-01 9.387732122247141042e-01
9.247200979934739884e-01 9.184421010459442591e-01 9.355682441070978239e-01 9.142927289076796527e-01 9.303384590467171922e-01 9.355682441070978239e-01 9.282327126503977510e-01 9.331627038259815432e-01 9.342470438312326930e-01 9.355682441070978239e-01
9.338419199721834651e-01 9.167202897830609709e-01 9.337939501657993580e-01 9.271952402877932098e-01 9.384095854566847361e-01 9.209004702798551101e-01 9.328226613283502333e-01 9.348746919903344610e-01 9.355889966666333102e-01 9.094126123071706314e-01
9.380600343485263615e-01 9.303582667933703032e-01 9.243917562027448298e-01 9.356134878477941896e-01 9.369765884981996473e-01 9.359384455779372614e-01 9.339179339179339845e-01 9.310106336993170251e-01 9.366271094648709328e-01 9.233341938133299287e-01
9.132199877932284382e-01 9.352134767828523820e-01 9.223383355657130966e-01 9.296449513957700805e-01 9.281890295959021042e-01 9.226256056675078421e-01 9.226149100703796568e-01 9.300534918433971399e-01 9.296596415159161797e-01 9.401851851851852349e-01
9.376807606937503925e-01 9.289206256861621824e-01 9.359484446104080480e-01 9.292803882918394542e-01 9.184267666798262564e-01 9.254492294692950871e-01 9.344982698448864866e-01 9.317556028538969137e-01 9.258033284181457212e-01 9.264867322528678173e-01
9.205834484119156391e-01 9.275494307613936229e-01 9.254392200068710661e-01 9.285323846317758978e-01 9.341598997159962225e-01 9.208955523994646342e-01 9.079784087548062876e-01 9.100935736621490468e-01 8.940120698419453671e-01 9.341862427451430584e-01
9.352868701946428498e-01 9.317965160342949194e-01 9.335480668982769625e-01 9.303333333333332344e-01 9.331766594401202930e-01 9.334823522932194084e-01 9.338265262013857315e-01 9.212685433299262483e-01 9.327570712545281140e-01 9.317651704945143498e-01
9.066135033351088168e-01 8.957560925326780721e-01 9.156497362697746389e-01 9.324291283802106367e-01 9.310318942301376577e-01 9.391134759086083861e-01 9.170989207329608428e-01 9.285870782789553690e-01 9.310617186439422710e-01 9.363124481539376598e-01
9.086963464738306850e-01 9.188454468948936693e-01 9.240974551193529285e-01 9.247147083685545166e-01 9.223114373327678805e-01 9.387445334529702645e-01 9.380552306281810804e-01 9.212396367943149755e-01 9.129031494852067885e-01 9.233904598249361717e-01
9.303384590467171922e-01 9.272099003912614990e-01 9.335260889584198196e-01 9.320900690260218724e-01 9.356576520761092919e-01 9.184370707214247753e-01 9.107716899119624454e-01 9.292906538624139401e-01 9.104539844372905311e-01 9.338932787305140870e-01
9.398265805384826699e-01 9.240475968393140338e-01 9.114867126544667908e-01 9.373513127944106404e-01 9.300451404037142211e-01 9.348799042163362660e-01 9.292803882918394542e-01 9.219003049430799512e-01 9.209004702798551101e-01 9.282327126503977510e-01
9.114945661952127409e-01 9.213027064768464225e-01 9.097199821868138248e-01 9.303435152195036473e-01 9.139473558699857669e-01 9.118234264577054216e-01 9.348799042163362660e-01 9.398030936775523259e-01 9.198227562216948483e-01 9.286346465191581689e-01
9.251191118649293443e-01 9.268791250756742706e-01 9.352344724524199737e-01 9.282718120805368844e-01 9.380694560433888718e-01 9.006435166245182478e-01 9.198626244608177904e-01 8.757872715748977743e-01 9.384143310931996051e-01 9.163841256316493933e-01
9.359484446104080480e-01 9.388038881188470741e-01 9.268835623196757245e-01 9.276265961349570155e-01 9.222817587014260354e-01 9.156683725327451340e-01 9.310711100340030022e-01 9.282939282939282055e-01 9.261573858159997119e-01 9.348746919903344610e-01
9.285714197527586977e-01 9.265066144047036101e-01 9.181122850069827201e-01 9.233393020014450947e-01 9.195357050522798836e-01 8.947069750533114263e-01 9.342061323909154336e-01 9.174185921173871883e-01 9.160129511321513096e-01 9.327679011098390927e-01
9.345407181183289502e-01 9.209610738989616463e-01 9.167290782502565127e-01 9.226744621990347062e-01 9.437119314905081380e-01 9.342156829466239376e-01 8.750788606246500123e-01 9.307352866611668940e-01 9.325485362095531361e-01 9.076619912709136262e-01
9.247605141599255507e-01 9.128708535993657058e-01 9.299891826713877485e-01 9.247409058534521442e-01 9.268558477811954521e-01 9.317556028538969137e-01 9.177677412799774004e-01 9.174401732480521598e-01 9.149788168187359405e-01 9.208955523994646342e-01
9.342713717322376210e-01 8.901548692589895673e-01 9.380647761441717192e-01 9.216780069551359089e-01 9.167157716247693600e-01 8.775426384676781044e-01 9.282528343462344012e-01 9.010027093995320868e-01 9.373840067422354316e-01 9.174482327389155145e-01
8.775438445729571990e-01 9.275993569648900428e-01 9.227333514402651371e-01 9.139226599568459619e-01 9.328226613283502333e-01 8.859648982412924312e-01 9.290170645097652891e-01 9.073092633082167069e-01 9.080047565988446090e-01 9.205791005524568416e-01
9.279225064240568255e-01 9.258441722595422974e-01 9.244426233126599168e-01 9.216222945632842611e-01 9.268879268879268718e-01 9.094092641316864345e-01 9.188609699635844619e-01 9.174954996705363408e-01 9.202117721027697206e-01 9.156771886084320577e-01
9.104466576918219811e-01 9.139722919937495194e-01 9.296914664189174227e-01 9.087035459986280150e-01 9.324543177886097656e-01 8.999881672673122335e-01 9.094387195844403360e-01 9.261573858159997119e-01 9.178267118264477054e-01 9.251097261869469790e-01
9.198626244608177904e-01 9.251868848992121919e-01 9.188372028515159329e-01 9.206360550118682928e-01 9.261935192360528646e-01 9.129328903274699369e-01 9.024157250229580818e-01 8.922538398307979790e-01 8.663130079283890561e-01 8.996103635703487367e-01
9.234254709093203672e-01 9.195904280268107911e-01 9.363567643500168014e-01 9.241446309037435469e-01 9.219760060495416631e-01 9.115255740612988600e-01 9.191864547868248136e-01 9.293333601435217473e-01 9.293463292837234047e-01 8.894436172299736709e-01
9.136195089063940955e-01 9.069531069531069356e-01 8.915519104485882806e-01 8.782452392897484028e-01 9.143528975914863022e-01 9.094022991338204243e-01 9.209533573651562666e-01 9.272770887759437253e-01 9.243967564450299434e-01 9.262058591438153687e-01
9.349926312652585558e-01 9.318282698757150984e-01 9.077160147649451227e-01 9.017136798792384500e-01 9.192313834191578881e-01 8.933324928629784445e-01 8.842102982289654634e-01 9.027708072258366911e-01 9.048463848463849102e-01 9.115192957418876141e-01
8.964773485789601093e-01 8.662881169990366281e-01 8.845607071067589366e-01 9.408888888888889968e-01 9.303987756696912026e-01 8.849095035103340390e-01 9.258176069168312372e-01 8.722700713534299322e-01 9.139689849720171733e-01 9.244426233126599168e-01
8.975171617499863030e-01 8.687532506934811938e-01 8.936681740243989092e-01 9.101356095037504979e-01 9.395113822747371835e-01 9.244549195905684691e-01 9.118514160025384951e-01 9.090811561689263742e-01 8.838579189668445135e-01 9.111818705328410539e-01
9.059382310476249422e-01 8.591670095531311890e-01 9.224332117133053899e-01 9.268835623196757245e-01 9.115495019825621270e-01 9.062542848980266186e-01 8.564118723169998892e-01 8.472260577446684149e-01 9.178331913987651802e-01 9.132795127145083569e-01
9.129067984450389694e-01 9.038503685674308397e-01 8.880701616583763780e-01 9.062576109100151101e-01 9.307564718248706459e-01 8.912272131168530453e-01 9.293333601435217473e-01 9.006811997656887225e-01 9.045218604541171992e-01 8.792972945554757835e-01
9.206190359520218802e-01 9.203068337798507859e-01 9.048925976554826889e-01 8.447505039415649231e-01 8.992830559241005162e-01 9.104539844372905311e-01 8.771880835874524829e-01 9.108596337844327984e-01 9.357518146370559231e-01 8.652392004192559494e-01
9.136321080122202787e-01 8.870139828352854305e-01 9.048715121863859512e-01 8.651722601781144384e-01 8.919245022838921955e-01 8.915750895907530449e-01 8.915730604764137146e-01 9.129512053819506257e-01 8.975123152709360008e-01 8.412233566580438193e-01
9.220240087670303897e-01 8.933230366587554538e-01 9.056042613953625420e-01 8.634684133777186243e-01 8.824470950365524979e-01 8.824560101082291608e-01 8.999831427420639240e-01 8.645373212547726727e-01 8.789430611935591386e-01 9.307308429665928085e-01
9.031177701666777136e-01 9.031368585310495245e-01 9.160470698436860015e-01 8.164017878343701184e-01 9.391617387119760574e-01 9.013991265108858286e-01 8.722776197492732031e-01 8.835041250029548321e-01 8.775328681392273733e-01 8.922796275346052131e-01
9.167645418057158713e-01 9.326091443676662873e-01 8.392213893508750910e-01 8.862390945252840435e-01 8.827957047500798460e-01 8.446085571503006983e-01 8.842077321902751530e-01 8.884069841491866182e-01 8.694268080729259385e-01 8.859598438293163625e-01
9.234182220504243421e-01 9.093833185448092493e-01 9.315263349777280766e-01 9.297891556025050797e-01 8.570992282902503145e-01 8.553246017175737403e-01 9.237980965603610484e-01 8.774496969601389695e-01 9.006990036658447663e-01 8.996331085883324530e-01
8.810473447942716030e-01 8.968347893922672398e-01 9.157442883496523800e-01 8.894622391804433148e-01 8.361910578892735035e-01 8.929697930404569828e-01 9.279935014828346596e-01 8.950796460176990710e-01 8.957801198777951557e-01 9.227399018464053082e-01
9.017419986219253891e-01 8.960942984887114715e-01 9.133033510757982976e-01 9.111873842113450417e-01 9.101301191712065641e-01 8.613357515047981305e-01 8.954219103472835783e-01 8.866616294057513281e-01 8.457474869779513238e-01 8.573682588597842935e-01
9.377898929941763662e-01 8.511482427510523863e-01 8.884069841491866182e-01 8.971808175765701998e-01 8.403273862411296813e-01 9.318677862908473220e-01 8.736720170958945930e-01 9.322475950390531896e-01 8.612742363428598225e-01 8.499794930676460858e-01
8.782402024885316294e-01 9.122785849926327018e-01 8.806452693647814911e-01 8.187744207313452094e-01 8.719105066630548073e-01 8.128258479545038551e-01 8.736421456893743720e-01 8.680262410533465811e-01 8.539312165844250568e-01 8.690321090321091457e-01
8.700678776742976073e-01 8.729748870231233138e-01 8.954381330591307808e-01 9.122806585561876735e-01 8.870130369004562976e-01 8.641523070705956489e-01 9.146924685354955731e-01 8.659236453201970551e-01 8.315477035437427444e-01 8.697568141015178389e-01
8.427163774851387235e-01 8.673338600736122395e-01 8.985530148408323869e-01 8.733264557669427886e-01 8.742767493682416236e-01 8.732590441747387633e-01 8.982448122706044868e-01 8.775413117244298400e-01 8.996348387656033507e-01 8.588361405108364544e-01
9.017520151917486348e-01 8.809787644138393770e-01 8.756542050545845779e-01 8.701523545706371099e-01 8.496165332554826977e-01 8.410625637563422519e-01 8.484804564027446094e-01 8.837703429621948104e-01 8.172723262447092463e-01 8.968416480516256950e-01
8.092181240550779808e-01 8.694366490661062929e-01 8.408987749323260097e-01 8.617118226600986031e-01 8.683821465723507993e-01 8.841625512862452130e-01 8.586532767469403638e-01 8.844936995387508993e-01 8.651101083112584522e-01 8.417554399112399111e-01
8.254648486885708403e-01 8.478925107075667711e-01 8.632938626447659303e-01 8.675529587851731339e-01 8.087621977122410044e-01 8.852599795008172512e-01 8.613399872074359864e-01 8.091772079960358743e-01 8.162045714850152400e-01 8.340991565623413484e-01
8.610338047999904765e-01 8.484008689042394913e-01 8.245971629183950213e-01 8.375772701435271195e-01 9.084160802082329456e-01 8.217608705969832172e-01 8.262168415239377062e-01 7.910225837289177608e-01 8.642876563819219538e-01 8.756963664750549992e-01
8.651164258219221637e-01 8.132535383540101526e-01 8.844770778201780370e-01 8.133235928692372774e-01 8.901682855060674138e-01 8.827839278897660069e-01 8.985734025511009637e-01 8.283190930765448323e-01 8.103545463546176775e-01 8.128160007931000131e-01
8.337037083017790895e-01 8.303558020612690216e-01 8.732927589370262922e-01 8.481595018084020499e-01 8.106752582455907241e-01 9.150843320804671333e-01 7.624109938466374636e-01 8.727176273193841816e-01 8.118304111438314763e-01 8.845152095926088753e-01
8.349993324102370496e-01 8.529683291337215589e-01 8.178913738019168989e-01 8.208364332417097398e-01 8.550477026628657828e-01 8.156942802730383635e-01 8.336621675159969769e-01 8.110608608933341790e-01 8.114459109074185772e-01 8.059577716786521240e-01
7.714434809716955721e-01 7.513869293990685927e-01 8.252264808362370641e-01 7.557392454686984173e-01 8.453776041666666297e-01 8.029591441690641096e-01 8.185233531790250261e-01 8.201670275286112588e-01 8.244406349809145773e-01 8.300062220915433997e-01
8.222109120218793477e-01 8.160362743696076837e-01 7.935880171662842431e-01 8.044268149536550894e-01 7.624844208297022474e-01 8.148720567680894922e-01 8.207813428401664613e-01 8.132218350754936154e-01 8.419517675304594162e-01 8.237615445464030461e-01
8.243566060778403370e-01 8.012281980207456300e-01 7.250733137829912245e-01 7.608535895667368765e-01 8.180823481190564461e-01 8.225908749176255030e-01 8.047959521963578000e-01 8.077055228679956844e-01 7.913886709814215159e-01 8.284885146369840303e-01
7.566637817810351052e-01 7.960002733689701682e-01 8.045907080126054600e-01 7.894885799824019612e-01 8.141583918245342000e-01 7.551112165757034589e-01 7.825956037338150928e-01 8.200738606941417874e-01 7.179185925519842026e-01 7.517956198370753240e-01
7.980590323204271863e-01 7.497485711236517858e-01 8.286127070357508506e-01 7.035078781536709958e-01 8.243971580253454112e-01 7.646092003881758137e-01 7.868867822945040391e-01 7.808484761795327911e-01 7.858660884872163965e-01 7.521639592907016780e-01
7.473942924764461759e-01 8.056368964560736146e-01 7.515369885103808656e-01 8.226786526026736990e-01 7.736340971883348683e-01 7.397042260912389811e-01 8.283629469594631090e-01 7.294782304423127473e-01 7.894334802644761284e-01 7.637134337055870859e-01
8.024156705302309955e-01 7.746403282230889253e-01 7.596163501046280242e-01 7.457921789961701187e-01 8.133320757810017509e-01 7.264417824567248605e-01 7.253825729458116545e-01 7.588941297530590324e-01 7.665154552274322519e-01 7.490507918476368987e-01
6.296618124947098716e-01 7.745271228399066565e-01 3.333333333333333148e-01 7.533628746221798789e-01 6.403641636044034025e-01 6.629874138849054521e-01 7.300289680292368910e-01 7.906629121367300117e-01 7.908750434002960183e-01 7.261962070969321115e-01
6.486732944723715422e-01 7.297260878585346555e-01 7.464341031976803320e-01 6.307774024974346361e-01 6.339670748379691023e-01 6.741023288943037706e-01 7.494153791182672775e-01 7.460700024209523384e-01 5.865647578282224828e-01 6.063918918918919099e-01
6.876925830510738358e-01 5.416380200927969346e-01 5.026942215601696295e-01 7.733468521532238515e-01 7.296190194998817269e-01 6.499810777457836197e-01 6.614662400294467615e-01 3.333333333333333148e-01 7.375449604951382909e-01 7.132919769755252659e-01
7.361341119730382410e-01 5.955585244095521480e-01 6.612725307621738491e-01 5.795183940126639177e-01 6.385578307470805015e-01 5.446648210918803024e-01 6.565344425353210056e-01 5.270282392622627210e-01 4.860800011061334747e-01 4.563763200964604527e-01
5.243163054695563208e-01 5.773953277432131159e-01 6.383783559041591449e-01 4.840567161076013702e-01 5.082263242375602008e-01 5.121768745653545452e-01 5.228493054578773336e-01 4.215370831874760138e-01 3.333333333333333148e-01 6.182198896659105714e-01
4.889299431588341460e-01 5.449905768365075343e-01 3.333333333333333148e-01 5.196983988793322240e-01 4.519309448841504762e-01 6.280774233201709134e-01 3.333333333333333148e-01 5.365683845051003598e-01 4.764622577592094177e-01 5.501708733067072199e-01
4.373077498426872767e-01 3.492592884884857529e-01 5.532934897112966599e-01 4.459644077366995418e-01 3.333333333333333148e-01 4.124094689006286840e-01 4.515696366404514661e-01 3.331773514272344250e-01 4.120527035783713155e-01 3.333333333333333148e-01
