0.000000000000000000e+00 0.000000000000000000e+00 0.000000000000000000e+00 0.000000000000000000e+00 0.000000000000000000e+00 0.000000000000000000e+00 0.000000000000000000e+00 0.000000000000000000e+00 0.000000000000000000e+00 0.000000000000000000e+00
8.807979898539687325e-01 8.848412297074275124e-01 8.861060142375379867e-01 8.785549338597526958e-01 8.740207529638753803e-01 8.801630160919230450e-01 8.776265308477050331e-01 8.705248395471522072e-01 8.804530253109826843e-01 8.899086263889500747e-01
8.795283840799958952e-01 8.777738077449080967e-01 8.775965279269016817e-01 8.806007765299158629e-01 8.776265308477050331e-01 8.858141430010204598e-01 8.840600853660558478e-01 8.869419532146336493e-01 8.814333061376267153e-01 8.892739929640309793e-01
8.795283840799958952e-01 8.590664095057328753e-01 8.757830926367445867e-01 8.836233242239894814e-01 8.884960730137295704e-01 8.800207527624062109e-01 8.801630160919230450e-01 8.829466127392678887e-01 8.711555544218264613e-01 8.730991074555513043e-01
8.794878182270641220e-01 8.892739929640309793e-01 8.839126612431754682e-01 8.784066235891345720e-01 8.548414613450334709e-01 8.784066235891345720e-01 8.823157533339035519e-01 8.764192045260470465e-01 8.839126612431754682e-01 8.746550540138835483e-01
8.842584128880678351e-01 8.738319480133852624e-01 8.958780786731717072e-01 8.798803134597401598e-01 8.757277257057389797e-01 8.815757978191973709e-01 8.809017857804838370e-01 8.733047727538477689e-01 8.738767960698432535e-01 8.738767960698432535e-01
8.747678525750018919e-01 8.788570520819696252e-01 8.806007765299158629e-01 8.709093195588961667e-01 8.776265308477050331e-01 8.752896930723814695e-01 8.899086263889500747e-01 8.834277453149236292e-01 8.704160149798906287e-01 8.579102905430604498e-01
8.779229134381775213e-01 8.820142609224197461e-01 8.763603233524042135e-01 8.230412766254072698e-01 8.714063457538677726e-01 8.752896930723814695e-01 8.821596564455845835e-01 8.633509499232356887e-01 8.775550759896031394e-01 8.730991074555513043e-01
8.491549899449695182e-01 8.801630160919230450e-01 8.757277257057389797e-01 8.793853226689584135e-01 8.794699141379512808e-01 8.855296252636549736e-01 8.667648913012874212e-01 8.859591581045315190e-01 8.711335814527959576e-01 8.726811683566034761e-01
8.280890124578269562e-01 8.537215278464697077e-01 8.754338827180611071e-01 8.697216955833425578e-01 8.768470124722468340e-01 8.823541780850722160e-01 8.748000363844273819e-01 8.707694433365157360e-01 8.692191544961225258e-01 8.601246307095651300e-01
8.790397780793438587e-01 8.708680128430810186e-01 8.790397780793438587e-01 8.724115681175824699e-01 8.554422157920208436e-01 8.788940930478765790e-01 8.829885795464716969e-01 8.803071060592075892e-01 8.734558035026024347e-01 8.788312899216412788e-01
8.742310016558252350e-01 8.748680198380957007e-01 8.813821420137664120e-01 8.647158676642004993e-01 8.697151592082573712e-01 8.851799720901484259e-01 8.795283840799958952e-01 8.727531618122134072e-01 8.908315601003010675e-01 8.762132836160662075e-01
8.764192045260470465e-01 8.850359914089999114e-01 8.724638990673051486e-01 8.707694433365157360e-01 8.788940930478765790e-01 8.713397963679830882e-01 8.553661627403257306e-01 8.694565573927681701e-01 8.415682517140298247e-01 8.829320081607889836e-01
8.541971271704782431e-01 8.403807320713375661e-01 8.776265308477050331e-01 8.305809823743572906e-01 8.657345559067227692e-01 8.776265308477050331e-01 8.613750719232975417e-01 8.711258893935099890e-01 8.724663991455834378e-01 8.776265308477050331e-01
8.731841812313817508e-01 8.361338701292153619e-01 8.744635387978177965e-01 8.588324188484300903e-01 8.825659065095100564e-01 8.453639444116162194e-01 8.701142897035818446e-01 8.759246709100999562e-01 8.770556575577826974e-01 8.200538372100438789e-01
8.817910618753131979e-01 8.652384844867103686e-01 8.529591177829239923e-01 8.763828992481366154e-01 8.804530253109826843e-01 8.778316448234297908e-01 8.711645648449698465e-01 8.679445627417500253e-01 8.796732719806182876e-01 8.509016384068446293e-01
8.288346251854167290e-01 8.769932581449042530e-01 8.474872954093553012e-01 8.640722384672467893e-01 8.624333164488339198e-01 8.496073961488830317e-01 8.498440154604045560e-01 8.633665802859807892e-01 8.637087637198188617e-01 8.856219142017717205e-01
8.818662725426215099e-01 8.631701406719783920e-01 8.775550759896031394e-01 8.636816978097578978e-01 8.406986746924055565e-01 8.550167487908667541e-01 8.758773844547260712e-01 8.683044290230046425e-01 8.556648723457557226e-01 8.575415743809594593e-01
8.439216273489755782e-01 8.594783534485380683e-01 8.552479431772573859e-01 8.633509499232356887e-01 8.748000363844273819e-01 8.454696871836226979e-01 8.177729960203570236e-01 8.218489232290381308e-01 7.884126961316996196e-01 8.740932738070187336e-01
8.749898577765674590e-01 8.672565298908029296e-01 8.709444635246604838e-01 8.658630189048397430e-01 8.707594475052867766e-01 8.726811683566034761e-01 8.735943239312813358e-01 8.457115280522805589e-01 8.718290279912216389e-01 8.680591478428202334e-01
8.142609513115263153e-01 7.920863962734305819e-01 8.343479586346038701e-01 8.704950995134196345e-01 8.674048265624377807e-01 8.839780119599252028e-01 8.362858664814756260e-01 8.620181197941857443e-01 8.666488161647653010e-01 8.779252900946457050e-01
8.189007952595038775e-01 8.400073138502242021e-01 8.509601730316193047e-01 8.543204030295769025e-01 8.480774518855307420e-01 8.837670750876103209e-01 8.819291015155622526e-01 8.463362181941148643e-01 8.274732101288091446e-01 8.496459141949407323e-01
8.657345559067227692e-01 8.584841964721008356e-01 8.715245235604758278e-01 8.694565573927681701e-01 8.751723492699258200e-01 8.404850041914930792e-01 8.237045822714684773e-01 8.634289514141434418e-01 8.223822752929400570e-01 8.718186011563624493e-01
8.851165909542462185e-01 8.520846312029443093e-01 8.248788094204604349e-01 8.805168851800688756e-01 8.635738837306152771e-01 8.757830926367445867e-01 8.636816978097578978e-01 8.486766679146002801e-01 8.453639444116162194e-01 8.613750719232975417e-01
8.247319976209195325e-01 8.449744298741292958e-01 8.215546896208028027e-01 8.656078732595300362e-01 8.297638150399717638e-01 8.258550929557505471e-01 8.757830926367445867e-01 8.858141430010204598e-01 8.437387042890910349e-01 8.608622833924959306e-01
8.538175838557324759e-01 8.572869664130912115e-01 8.764192045260470465e-01 8.604300769483882450e-01 8.815204461973025207e-01 8.023446487093549573e-01 8.428948368680930781e-01 7.516055975684575730e-01 8.824286684084238219e-01 8.351246030479528848e-01
8.775550759896031394e-01 8.820405415620353740e-01 8.571823371656230872e-01 8.576384929363560783e-01 8.487295684385458561e-01 8.339775989650004551e-01 8.664110303247821721e-01 8.598964702309686015e-01 8.563133390501053155e-01 8.759246709100999562e-01
8.623992801412034837e-01 8.570745344089282236e-01 8.392285448025589290e-01 8.507874821027008316e-01 8.416743492413687466e-01 7.899219444018971137e-01 8.735604100396080485e-01 8.376327919743628003e-01 8.348172195643649429e-01 8.715454325110828515e-01
8.747310853991298041e-01 8.440630372816466664e-01 8.359566552230831560e-01 8.485282192364680398e-01 8.924156150556686873e-01 8.733047727538477689e-01 7.502818573100827892e-01 8.653072825309733318e-01 8.674015934276657624e-01 8.164526427242164708e-01
8.532738324721028667e-01 8.280890124578269562e-01 8.649654738534474641e-01 8.537215278464697077e-01 8.578362599163106283e-01 8.683044290230046425e-01 8.383830023249165819e-01 8.371932189964546023e-01 8.323103668119025134e-01 8.454696871836226979e-01
8.718171504029724739e-01 7.806432947680065348e-01 8.816548442667709873e-01 8.451587673223430741e-01 8.362250057693638716e-01 7.551027796700779948e-01 8.608884902056316291e-01 8.029154575142142258e-01 8.795902705050259174e-01 8.370291786376330423e-01
7.550879052232681854e-01 8.582870561819259114e-01 8.472310802499641857e-01 8.302418147018605366e-01 8.701142897035818446e-01 7.719300146334526769e-01 8.608141369873203441e-01 8.157788119107663993e-01 8.173035659351712834e-01 8.440144582599287126e-01
8.596701015372861798e-01 8.547176622401899682e-01 8.518051962505365227e-01 8.463663900412695673e-01 8.570794465774682624e-01 8.201145842186972068e-01 8.396848714437773475e-01 8.360684167812018064e-01 8.436485833463336359e-01 8.338025113084739370e-01
8.225172009228600700e-01 8.292817249890168663e-01 8.629223778603424266e-01 8.187713491443110447e-01 8.698406745957624198e-01 8.001893685406018530e-01 8.195804733657364727e-01 8.563133390501053155e-01 8.371766928361108473e-01 8.540329205435990279e-01
8.428948368680930781e-01 8.522658846003777766e-01 8.401786585322905676e-01 8.428000459366052910e-01 8.554706917645938935e-01 8.269069367503593115e-01 8.055798322789660126e-01 7.849528903865475860e-01 7.326620677047204211e-01 7.999161603800974962e-01
8.488664231378909575e-01 8.405262229549697039e-01 8.766948308054166583e-01 8.498989487317910596e-01 8.470215985125978397e-01 8.241528564173310478e-01 8.409262552599353624e-01 8.623790809272950941e-01 8.620607607059089794e-01 7.793714004048656330e-01
8.286106614945430993e-01 8.151649079545155718e-01 7.835486812803105217e-01 7.564958848766591970e-01 8.294126298585559054e-01 8.202409812515658594e-01 8.442284561308786017e-01 8.568918829728418007e-01 8.528455482194104986e-01 8.551833004412054962e-01
8.727323223570934152e-01 8.664449735334353031e-01 8.154966295874500615e-01 8.041751595112608397e-01 8.399883693863580136e-01 7.866790637997647107e-01 7.684240799777157793e-01 8.062147635827201508e-01 8.109485377409576534e-01 8.242700523113809519e-01
7.931951752260748556e-01 7.329350123346998203e-01 7.691320868450877146e-01 8.870332638658382507e-01 8.642257417438122813e-01 7.698617165990151445e-01 8.553335002007649290e-01 7.446853676114151277e-01 8.293456273735962947e-01 8.518051962505365227e-01
7.955023014126175740e-01 7.377538848637139601e-01 7.876060234982427133e-01 8.210790263452726334e-01 8.833303669625321985e-01 8.515267245669366769e-01 8.253292255413997580e-01 8.189963392411210297e-01 7.677421725298346766e-01 8.233130954974108295e-01
8.123908352648844255e-01 7.199395037191875790e-01 8.454122339538624464e-01 8.571823371656230872e-01 8.237065052283428779e-01 8.136999829712355803e-01 7.137718423041246041e-01 6.960352623847614328e-01 8.370443577947419556e-01 8.276946756705052533e-01
8.274036911971199837e-01 8.078752687859852566e-01 7.761405419859987997e-01 8.136421344876443307e-01 8.647750086388127366e-01 7.824684711300068374e-01 8.623790809272950941e-01 8.017354253699494615e-01 8.097938505820818644e-01 7.586084460013787778e-01
8.431625681970436048e-01 8.416325463389185968e-01 8.101599657416126421e-01 6.912667260531224489e-01 7.988374819438504026e-01 8.223822752929400570e-01 7.544461558155246550e-01 8.220783218257131653e-01 8.726024988590358467e-01 7.307861970911094796e-01
8.283684720511792499e-01 7.740838834645046296e-01 8.105195761986738745e-01 7.315133200819672332e-01 7.839368643125943503e-01 7.832136304815785488e-01 7.832429495589687818e-01 8.265585991459608595e-01 7.955776070337572392e-01 6.843617729911486425e-01
8.459754541626717250e-01 7.868185719453427707e-01 8.113961107534686246e-01 7.274477361928584074e-01 7.650300229145200470e-01 7.649139758038560055e-01 8.002698070988033541e-01 7.293821890275338227e-01 7.579486746595921476e-01 8.654190130458614405e-01
8.069845050466712966e-01 8.066662402985956826e-01 8.341364023898297786e-01 6.463887371325391928e-01 8.825659631935709459e-01 8.028783876838009315e-01 7.445973393906609727e-01 7.670787426105752926e-01 7.552232950948446488e-01 7.845770517389843990e-01
8.352423148617137416e-01 8.658398303039613886e-01 6.829417444454626285e-01 7.736754710953370751e-01 7.657618751047001737e-01 6.925370990110961689e-01 7.684581400874399559e-01 7.770380516594903586e-01 7.394785088366158110e-01 7.719984496959624298e-01
8.490276949629909087e-01 8.205856288527572096e-01 8.644873912453587828e-01 8.605174413428805513e-01 7.153252009194454031e-01 7.120000976930901393e-01 8.490921269691210638e-01 7.562507585203301907e-01 8.014479115483038596e-01 7.995534346913574231e-01
7.621730148816502348e-01 7.937968013261961220e-01 8.324723167041142569e-01 7.791087222632787634e-01 6.754624990483423241e-01 7.861509585662053157e-01 8.579694666343453680e-01 7.902970695428895853e-01 7.917210751551903014e-01 8.470870415399571751e-01
8.037114445800509488e-01 7.929839356234497094e-01 8.272390319744146181e-01 8.232107286368729460e-01 8.211795011672059497e-01 7.235144434347412501e-01 7.911296935005792674e-01 7.734020832408642354e-01 6.938887193578507917e-01 7.168550070582250244e-01
8.787564515569921131e-01 7.032107924226315143e-01 7.770380516594903586e-01 7.945740045508432603e-01 6.846213955689339770e-01 8.654371467022634601e-01 7.475127378428100267e-01 8.654075672928167595e-01 7.241578992487921473e-01 7.021875687054719428e-01
7.565584807020432345e-01 8.246012005504492759e-01 7.621252070315686078e-01 6.455603311476544315e-01 7.440841220215127505e-01 6.332029160781429411e-01 7.478665200922294254e-01 7.366309667387311855e-01 7.090793620194220104e-01 7.392702441104743727e-01
7.415796901277051933e-01 7.460538286419462484e-01 7.908842036214275284e-01 8.245622156356999799e-01 7.740968463856033877e-01 7.290462045877152963e-01 8.303379512610405966e-01 7.323807980019494401e-01 6.704215186712458863e-01 7.404197974865793785e-01
6.902017152030253122e-01 7.351199554978028461e-01 7.978771564659389304e-01 7.467477583608806979e-01 7.500762434216882157e-01 7.475435255926039524e-01 7.965037800291997483e-01 7.551191425768957188e-01 7.995258561938821673e-01 7.190287264955885771e-01
8.035475528768207809e-01 7.630529862293452537e-01 7.532195022209454693e-01 7.406142535361388557e-01 7.015928673591259601e-01 6.857554558812778422e-01 7.002431339542888322e-01 7.689017935141646554e-01 6.433819987648370375e-01 7.936912460477679732e-01
6.297490589056462529e-01 7.393669399601756620e-01 6.909810598694015038e-01 7.239545567977084817e-01 7.372781110062753829e-01 7.690583403186292966e-01 7.209008752810820431e-01 7.700260376405018148e-01 7.321897283492145858e-01 6.872558368269539031e-01
6.590899675605762509e-01 7.017359430603464787e-01 7.293142010872362135e-01 7.372928516876340321e-01 6.297280315240872950e-01 7.705690077758649004e-01 7.234701796040777788e-01 6.331375944770267772e-01 6.413212301046601338e-01 6.783079340867187446e-01
7.266838809698620283e-01 7.009838198475935034e-01 6.589127825171305908e-01 6.784468223272488441e-01 8.169308183572040472e-01 6.500032430552655782e-01 6.635905117497645778e-01 5.972749551223109910e-01 7.320821733596324377e-01 7.527073947927528375e-01
7.321209167245604776e-01 6.397181128803666184e-01 7.702481106677648848e-01 6.360531393281411150e-01 7.804525420219953213e-01 7.659158404029489109e-01 7.975561753688087396e-01 6.644966187260126222e-01 6.313637213054916764e-01 6.364145258080180501e-01
6.816170671741119680e-01 6.658600021850882289e-01 7.471453241444415694e-01 7.032397708571640482e-01 6.322957823639235864e-01 8.302416765858284808e-01 5.610978240015475071e-01 7.490885927896286933e-01 6.337734136129365980e-01 7.697388446069101109e-01
6.817761098603450920e-01 7.102015963225123407e-01 6.520087769326015081e-01 6.502059831760054198e-01 7.147425469710759760e-01 6.449618304280523295e-01 6.746691734885926772e-01 6.327857116687922723e-01 6.332782550404792987e-01 6.238746579209387688e-01
5.738333143459970476e-01 5.525933853817107666e-01 6.609222207023923712e-01 5.488829628366287405e-01 7.011929475708822412e-01 6.192775097472891233e-01 6.540092799662818868e-01 6.485244694235756668e-01 6.601119356488552858e-01 6.686414854252705764e-01
6.533129226707992121e-01 6.457599300759438998e-01 6.104017650410052953e-01 6.278839326383504060e-01 5.482399695748026991e-01 6.476174011461536262e-01 6.506123729983672721e-01 6.367594728487565581e-01 6.893260471076312346e-01 6.550963572519005185e-01
6.676969574429969523e-01 6.154701576541320440e-01 4.975185951049945210e-01 5.512441861271333288e-01 6.473080403453215226e-01 6.538184978880833276e-01 6.254380925741827024e-01 6.369286046354735165e-01 6.035835044121726778e-01 6.666504111741743399e-01
5.594297439417765805e-01 6.100720094658413917e-01 6.207224877489536663e-01 5.950961905973399801e-01 6.429660626607256457e-01 5.325743719688790234e-01 5.960923755822632453e-01 6.525236163756379382e-01 4.996537151841125568e-01 5.335679718200669885e-01
6.207919099634866544e-01 5.264242082145698109e-01 6.656693905733097605e-01 4.601187692710535515e-01 6.709051363091119713e-01 5.576281130342196635e-01 5.935360854638012107e-01 5.867076458447268994e-01 5.938870747716155085e-01 5.295552998507618847e-01
5.323152239464995494e-01 6.259915719659993050e-01 5.395360614232143082e-01 6.531619216048865084e-01 5.779722537814048211e-01 5.174508445091532405e-01 6.711793225321183165e-01 5.176515694157103331e-01 6.067754754250221927e-01 5.621519100785818956e-01
6.227999969855257945e-01 5.805256942132094311e-01 5.498564122547757727e-01 5.277590123334852112e-01 6.488947918822866034e-01 5.167386331650255515e-01 5.051468360984872064e-01 5.508981588819928943e-01 5.709856324810567152e-01 5.342592948301150280e-01
3.677624345614434187e-01 5.758076285989343068e-01 0.000000000000000000e+00 5.479828010551501816e-01 3.794899002902025198e-01 4.161465093614827304e-01 5.129878370242767494e-01 6.228727551501649362e-01 6.009656282247615167e-01 5.397347881420264670e-01
4.291303232411875501e-01 5.097073330061038243e-01 5.343143863537568317e-01 4.049931137006117510e-01 3.692420870322113413e-01 4.614697839404315882e-01 5.572560283462006936e-01 5.637351094595863810e-01 3.132737646552827826e-01 3.523549875723072100e-01
4.663392082542333061e-01 3.334067570099223943e-01 2.126545336491280358e-01 5.876935957354260109e-01 5.034278889531539347e-01 4.010484598020974123e-01 4.287977714587428713e-01 0.000000000000000000e+00 5.292751195547046317e-01 4.827446535505009462e-01
5.507768330510172117e-01 3.369323975910033520e-01 4.397765434670379836e-01 2.959113425416061705e-01 3.752383699145681040e-01 2.648807026028651701e-01 4.047734496415996142e-01 2.360263407431889837e-01 1.875093367575402237e-01 1.452560363068018945e-01
2.477467584869080253e-01 3.215480749354807655e-01 4.163746379740017045e-01 2.412553693934861854e-01 2.348241841697705778e-01 2.208314278005578390e-01 2.578793778703337147e-01 1.334011579270762415e-01 0.000000000000000000e+00 3.663886528802631215e-01
1.917124192665509153e-01 2.951438328129517563e-01 0.000000000000000000e+00 2.785400761194369301e-01 1.801369173055255291e-01 4.178364101106799011e-01 0.000000000000000000e+00 3.056073216301884998e-01 2.391619712911935147e-01 3.378421461193140685e-01
1.689705192243124987e-01 5.691968163061211089e-02 3.145768336236823282e-01 1.619936306704366225e-01 0.000000000000000000e+00 1.331462716253194178e-01 2.174982895275266725e-01 -1.873500336269921795e-02 9.002483938102716354e-02 0.000000000000000000e+00
