0.000000000000000000e+00 0.000000000000000000e+00 0.000000000000000000e+00 0.000000000000000000e+00 0.000000000000000000e+00
4.472135954999579277e-01 4.472135954999579277e-01 4.472135954999579277e-01 4.472135954999579277e-01 4.472135954999579277e-01
5.000000000000000000e-01 4.913036844405174741e-01 4.472135954999579277e-01 4.738035414793428379e-01 5.000000000000000000e-01
4.291975376394760455e-01 4.472135954999579277e-01 4.382384968626676369e-01 4.561290291958710608e-01 4.200840252084029336e-01
3.827490238872258699e-01 4.291975376394760455e-01 4.200840252084029336e-01 3.922322702763680335e-01 4.200840252084029336e-01
3.634218921558155513e-01 3.827490238872258699e-01 4.108907018066590422e-01 4.382384968626676369e-01 3.731494423540170913e-01
3.123475237772121438e-01 3.535533905932737309e-01 2.904089347757578543e-01 3.634218921558155513e-01 3.333333333333333148e-01
3.123475237772121438e-01 2.790059343047124329e-01 2.672612419124243965e-01 2.425356250363329691e-01 3.123475237772121438e-01
2.551249838734923059e-01 2.294157338705617721e-01 3.123475237772121438e-01 2.156655464068768235e-01 2.551249838734923059e-01
1.690308509457033315e-01 1.507556722888817868e-01 1.690308509457033315e-01 1.507556722888817868e-01 2.294157338705617721e-01
1.507556722888817868e-01 1.301889109808238576e-01 1.059997880006360027e-01 1.301889109808238576e-01 1.059997880006360027e-01
