0.000000000000000000e+00 0.000000000000000000e+00 0.000000000000000000e+00 0.000000000000000000e+00 0.000000000000000000e+00
5.022222222222222365e-01 5.155555555555555447e-01 5.200000000000000178e-01 5.022222222222222365e-01 5.111111111111110716e-01
5.111111111111110716e-01 5.044444444444444731e-01 5.022222222222222365e-01 4.933333333333333459e-01 4.933333333333333459e-01
5.222222222222222543e-01 4.911111111111111094e-01 4.977777777777777635e-01 5.000000000000000000e-01 4.911111111111111094e-01
5.000000000000000000e-01 5.000000000000000000e-01 5.155555555555555447e-01 5.022222222222222365e-01 4.933333333333333459e-01
5.000000000000000000e-01 4.844444444444444553e-01 4.866666666666666918e-01 4.977777777777777635e-01 5.022222222222222365e-01
4.799999999999999822e-01 4.577777777777777835e-01 4.866666666666666918e-01 4.866666666666666918e-01 5.000000000000000000e-01
4.888888888888888729e-01 4.888888888888888729e-01 4.755555555555555647e-01 5.000000000000000000e-01 4.777777777777778012e-01
4.577777777777777835e-01 4.511111111111111294e-01 4.711111111111110916e-01 4.755555555555555647e-01 4.822222222222222188e-01
4.177777777777778034e-01 4.199999999999999845e-01 4.288888888888888751e-01 4.088888888888889128e-01 4.155555555555555669e-01
3.822222222222222410e-01 3.911111111111111316e-01 3.888888888888888951e-01 3.844444444444444220e-01 3.888888888888888951e-01
