0.000000000000000000e+00 0.000000000000000000e+00 0.000000000000000000e+00 0.000000000000000000e+00 0.000000000000000000e+00
3.921763058952330017e-01 4.056732639098282744e-01 4.101502765602302314e-01 4.030558290240350838e-01 3.853712030261670085e-01
4.025736060400232352e-01 4.083534697082042975e-01 4.088957274105789463e-01 3.967329815935445869e-01 4.089734379375179474e-01
4.000662944234788521e-01 3.859862229885649421e-01 3.863839134351410576e-01 3.908752515090543334e-01 3.776077420521865013e-01
3.971709464416727231e-01 3.792358946145852894e-01 3.923193783442230353e-01 3.907614383455502161e-01 3.922279991421766532e-01
3.866570251727267094e-01 3.925970421844057756e-01 3.862262543657892788e-01 4.019756425345787920e-01 3.872072405291132613e-01
3.643230952456044669e-01 3.699507866387661825e-01 3.926907581055610885e-01 3.806447669786228727e-01 3.869444444444444797e-01
3.646244037090042300e-01 3.612347729098998039e-01 3.777362518111297418e-01 3.888694638694638606e-01 3.652256089217296164e-01
3.544316599324736083e-01 3.527582140397850785e-01 3.607665661166689075e-01 3.739539355049887326e-01 3.522696247044992957e-01
2.951466475224719943e-01 3.102573236415761548e-01 3.233514058756776777e-01 3.105437788018433065e-01 3.326568832485877758e-01
2.467123252334519345e-01 2.565522783367362725e-01 2.759497828546403353e-01 2.457959294226899627e-01 2.462396279266423349e-01
