0.000000000000000000e+00 0.000000000000000000e+00 0.000000000000000000e+00 0.000000000000000000e+00 0.000000000000000000e+00
6.631164730197278701e-01 6.731389525073675495e-01 6.764613810115105430e-01 6.631164730197278701e-01 6.698074165822904824e-01
6.698074165822904824e-01 6.647927366601182886e-01 6.631164730197278701e-01 6.563874194745390467e-01 6.563874194745390467e-01
6.781192218278034867e-01 6.546990638434813103e-01 6.597567827204802171e-01 6.614378277661476790e-01 6.546990638434813103e-01
6.614378277661476790e-01 6.614378277661476790e-01 6.731389525073675495e-01 6.631164730197278701e-01 6.563874194745390467e-01
6.614378277661476790e-01 6.496190716655453334e-01 6.513149093265953038e-01 6.597567827204802171e-01 6.631164730197278701e-01
6.462197768561405153e-01 6.290655425232917208e-01 6.513149093265953038e-01 6.513149093265954148e-01 6.614378277661476790e-01
6.530082335517828351e-01 6.530082335517828351e-01 6.428101883694790075e-01 6.614378277661476790e-01 6.445162795212400209e-01
6.290655425232917208e-01 6.238658846060655128e-01 6.393901415305210945e-01 6.428101883694790075e-01 6.479207008329809225e-01
5.974679081210705345e-01 5.992495306631454577e-01 6.063440330536395972e-01 5.903085612888094857e-01 5.956830294753563404e-01
5.684981296862726685e-01 5.758257623986402507e-01 5.739993977714394902e-01 5.703356170268368830e-01 5.739993977714394902e-01
