0.000000000000000000e+00 0.000000000000000000e+00 0.000000000000000000e+00 0.000000000000000000e+00 0.000000000000000000e+00
4.218519306033317040e-01 4.493230151401491068e-01 4.520357718953413317e-01 4.430479099998893000e-01 4.135911258823657399e-01
4.428927250274116711e-01 4.524856088191488990e-01 4.501019877862207363e-01 4.324238673811383049e-01 4.561330100730641157e-01
4.395227530758313850e-01 4.144867244903231440e-01 4.115333887058872375e-01 4.229878132225917131e-01 3.928273255828923505e-01
4.301892779366657815e-01 4.025898603433853973e-01 4.265549679844874986e-01 4.160062566921851612e-01 4.222739160141463777e-01
4.145004853278127510e-01 4.224694614907982260e-01 4.159773913118892108e-01 4.408628471173140495e-01 4.167333645864998992e-01
3.737160490843053351e-01 3.810201231084744400e-01 4.224694614907982260e-01 4.061311611178072267e-01 4.148913032899295139e-01
3.774981594233693394e-01 3.751250919581445298e-01 4.034181347311480148e-01 4.140917873031803031e-01 3.802407476367560824e-01
3.650897667603208996e-01 3.609818388273885459e-01 3.751250919581445298e-01 3.986274989213622333e-01 3.622641743454260710e-01
2.946557438030520393e-01 3.059609079059069647e-01 3.311672185417536829e-01 3.129894286475839449e-01 3.323948738047478590e-01
3.219396722043258441e-01 3.053967993548389881e-01 3.154008324222408177e-01 3.219396722043258441e-01 3.059484901646671862e-01
