0.000000000000000000e+00 0.000000000000000000e+00 0.000000000000000000e+00 0.000000000000000000e+00 0.000000000000000000e+00
4.285714285714286031e-01 3.488372093023255904e-01 2.999999999999999889e-01 3.170731707317073211e-01 3.488372093023255904e-01
3.488372093023255904e-01 3.488372093023255904e-01 3.488372093023255904e-01 3.488372093023255904e-01 3.488372093023255904e-01
3.488372093023255904e-01 3.488372093023255904e-01 3.488372093023255904e-01 3.488372093023255904e-01 3.488372093023255904e-01
4.285714285714286031e-01 3.488372093023255904e-01 3.488372093023255904e-01 3.488372093023255904e-01 3.488372093023255904e-01
4.285714285714286031e-01 3.488372093023255904e-01 3.170731707317073211e-01 3.170731707317073211e-01 3.488372093023255904e-01
3.170731707317073211e-01 3.488372093023255904e-01 3.488372093023255904e-01 3.488372093023255904e-01 3.488372093023255904e-01
3.488372093023255904e-01 3.170731707317073211e-01 3.170731707317073211e-01 3.488372093023255904e-01 3.488372093023255904e-01
3.488372093023255904e-01 3.488372093023255904e-01 3.488372093023255904e-01 3.488372093023255904e-01 3.170731707317073211e-01
3.488372093023255904e-01 3.488372093023255904e-01 3.488372093023255904e-01 3.488372093023255904e-01 3.170731707317073211e-01
4.822190611664295412e-01 3.488372093023255904e-01 3.488372093023255904e-01 3.488372093023255904e-01 3.488372093023255904e-01
