0.000000000000000000e+00 0.000000000000000000e+00 0.000000000000000000e+00 0.000000000000000000e+00 0.000000000000000000e+00
6.372887013660990529e-01 6.199813617270191202e-01 6.069230227595222571e-01 6.286493458200684836e-01 6.134608563080632404e-01
6.178097513708317168e-01 6.091042603692737867e-01 5.959865770300536436e-01 6.243190067763613182e-01 6.264850800741831316e-01
6.134608563080632404e-01 6.025545618448175933e-01 5.937930803084709996e-01 6.025545618448175933e-01 5.959865770300536436e-01
6.134608563080632404e-01 5.915974607413012620e-01 6.221511070471545946e-01 6.286493458200684836e-01 6.112835312320753500e-01
5.871997577958930625e-01 6.308118226187232613e-01 6.308118226187232613e-01 5.959865770300535326e-01 6.178097513708317168e-01
6.199813617270191202e-01 6.264850800741830206e-01 5.981779742592407967e-01 6.199813617270191202e-01 6.394442031083625855e-01
5.893996946046035079e-01 5.915974607413012620e-01 6.069230227595222571e-01 6.047397971212264967e-01 6.003672949860684449e-01
6.091042603692736757e-01 6.134608563080632404e-01 6.134608563080632404e-01 6.003672949860684449e-01 6.308118226187232613e-01
6.264850800741830206e-01 6.069230227595222571e-01 6.394442031083625855e-01 6.047397971212264967e-01 6.243190067763613182e-01
6.308118226187232613e-01 6.156362562422716955e-01 6.221511070471545946e-01 5.981779742592407967e-01 6.069230227595222571e-01
