0.000000000000000000e+00 0.000000000000000000e+00 0.000000000000000000e+00 0.000000000000000000e+00 0.000000000000000000e+00
9.420114768951978190e-01 9.437657025205663519e-01 9.315529084009799288e-01 9.190237260482678749e-01 9.191807925670276713e-01
9.424729443066192092e-01 9.276620370370369795e-01 9.443245459906189909e-01 9.336757100732255843e-01 9.173048574407651756e-01
9.202657807308969318e-01 9.354066985645933530e-01 9.435294117647058387e-01 9.145136778115501297e-01 9.209002984216013710e-01
9.237325069003922140e-01 9.315529084009799288e-01 9.212024976420445377e-01 9.388775033257829028e-01 9.171429943801334694e-01
9.253130929791271164e-01 9.118258350303360960e-01 9.327417434430773646e-01 9.111135297905725849e-01 9.201007215146966844e-01
9.188700814986908716e-01 9.181049993175416368e-01 9.208042360524901770e-01 9.235724424063762594e-01 8.999691262735411978e-01
8.857345995632522895e-01 9.278399156282089999e-01 9.116732165030274615e-01 9.032622131455902981e-01 9.312163246589475474e-01
8.523908793101215853e-01 8.415074403451615614e-01 8.689012160879732161e-01 8.791596644204451305e-01 8.333333333333333703e-01
7.936291783071975914e-01 7.692436786753188427e-01 8.057208994708995320e-01 7.767825806179893267e-01 7.945588609204170538e-01
3.990770513563894339e-01 3.990770513563894339e-01 4.241192411924119554e-01 3.990770513563894339e-01 3.939393939393939781e-01
