0.000000000000000000e+00 0.000000000000000000e+00 0.000000000000000000e+00 0.000000000000000000e+00 0.000000000000000000e+00
8.846388162506855224e-01 8.880322293927785937e-01 8.646462493257605075e-01 8.397581604819690515e-01 8.404914894200264941e-01
8.869131904127259824e-01 8.561929687477387585e-01 8.908418567793776610e-01 8.699885661962236671e-01 8.365203955029120175e-01
8.411319892219631944e-01 8.732142159005961135e-01 8.872145892336661399e-01 8.335610091239356034e-01 8.437193662043139808e-01
8.478523481401432083e-01 8.646462493257605075e-01 8.452529363947874907e-01 8.797142197113240192e-01 8.358006696985458284e-01
8.507786718113390378e-01 8.253478960378340945e-01 8.657837801180598980e-01 8.227090576352387163e-01 8.405871180789594721e-01
8.379632147303203160e-01 8.374461542014161042e-01 8.417633830821200647e-01 8.473635763502171958e-01 8.005492619939892363e-01
7.779721060801041421e-01 8.561906090528346169e-01 8.329941518508430232e-01 8.119398561202980646e-01 8.635128568068634047e-01
7.181904146645384790e-01 6.995165539363561447e-01 7.549394840727963185e-01 7.822407931856820706e-01 6.899593872424347740e-01
6.494619078615405661e-01 5.951596030154993056e-01 6.597223478724977275e-01 6.140688883595492031e-01 6.254997433127671425e-01
5.568128444669853683e-02 5.568128444669853683e-02 1.369635672688863659e-01 5.568128444669853683e-02 0.000000000000000000e+00
