0.000000000000000000e+00 0.000000000000000000e+00 0.000000000000000000e+00 0.000000000000000000e+00 0.000000000000000000e+00
7.697950923349354824e-01 7.697950923349354824e-01 7.697950923349354824e-01 7.697950923349354824e-01 7.697950923349354824e-01
7.780812564015021637e-01 7.780812564015021637e-01 7.697950923349354824e-01 7.697950923349354824e-01 7.697950923349354824e-01
7.640653357531760337e-01 7.558893820416525688e-01 7.724089635854343161e-01 7.697950923349354824e-01 7.697950923349354824e-01
7.697950923349354824e-01 7.951680672268908179e-01 7.865353037766831257e-01 7.697950923349354824e-01 7.780812564015021637e-01
7.640653357531760337e-01 7.780812564015021637e-01 7.697950923349354824e-01 7.780812564015021637e-01 7.896440129449837642e-01
7.896440129449837642e-01 7.558893820416525688e-01 7.865353037766831257e-01 7.697950923349354824e-01 7.640653357531760337e-01
7.724089635854343161e-01 7.951680672268908179e-01 7.809312638580931942e-01 8.039911308203990803e-01 7.724089635854343161e-01
7.724089635854343161e-01 7.985598395770667768e-01 7.985598395770667768e-01 8.039911308203990803e-01 7.640653357531760337e-01
7.640653357531760337e-01 7.724089635854343161e-01 7.985598395770667768e-01 7.985598395770667768e-01 7.724089635854343161e-01
7.724089635854343161e-01 7.809312638580931942e-01 7.724089635854343161e-01 8.130169003955411977e-01 7.985598395770667768e-01
