0.000000000000000000e+00 0.000000000000000000e+00 0.000000000000000000e+00 0.000000000000000000e+00 0.000000000000000000e+00
5.604452931033387930e-01 5.604452931033387930e-01 5.604452931033387930e-01 5.604452931033387930e-01 5.604452931033387930e-01
5.604452931033387930e-01 5.739867625498338288e-01 5.604452931033387930e-01 5.739867625498338288e-01 5.604452931033387930e-01
5.739867625498338288e-01 6.177088074664524031e-01 5.604452931033387930e-01 5.880179259799289682e-01 5.424623059695650173e-01
6.025775887911970496e-01 5.880179259799289682e-01 5.880179259799289682e-01 5.604452931033387930e-01 5.880179259799289682e-01
5.880179259799289682e-01 5.604452931033387930e-01 5.739867625498338288e-01 5.424623059695650173e-01 5.711838103803348332e-01
5.288729299431358388e-01 5.739867625498338288e-01 5.424623059695650173e-01 5.565522735486261308e-01 5.424623059695650173e-01
5.424623059695650173e-01 5.711838103803348332e-01 5.424623059695650173e-01 5.424623059695650173e-01 6.177088074664524031e-01
5.864025277301436745e-01 6.025775887911970496e-01 5.565522735486261308e-01 6.334595206961428637e-01 5.880179259799289682e-01
5.864025277301436745e-01 5.864025277301436745e-01 5.565522735486261308e-01 6.022593815979992993e-01 5.864025277301436745e-01
6.022593815979992993e-01 6.334595206961428637e-01 5.424623059695650173e-01 6.334595206961428637e-01 5.880179259799289682e-01
