0.000000000000000000e+00 0.000000000000000000e+00 0.000000000000000000e+00 0.000000000000000000e+00 0.000000000000000000e+00
1.839224365563054131e-01 1.842552223182997440e-01 1.864644528659000211e-01 1.832720943449843709e-01 1.854353627337279042e-01
1.807590123822249983e-01 1.777066661997233343e-01 1.799939829868121011e-01 1.762143970115643277e-01 1.828606943913143323e-01
1.843645648032328221e-01 1.709682248186406017e-01 1.852611233892476339e-01 1.713325745755514828e-01 1.743664209314610969e-01
1.585379606388009621e-01 1.759256825241892752e-01 1.439069104466664251e-01 1.715059476159033480e-01 1.764471274818205371e-01
1.665647148817083201e-01 1.555368280326077657e-01 1.552134527089317484e-01 1.744663299663299638e-01 1.574498208758665918e-01
1.574317017772997873e-01 1.465066992443264104e-01 1.508504709968124524e-01 1.542436671293426487e-01 1.341468575284364695e-01
1.558736074746472355e-01 1.264348479171026052e-01 1.289357741840463090e-01 1.514275468981408634e-01 1.290437021450905886e-01
1.311576385091633989e-01 1.303585871920799888e-01 1.513024859948185752e-01 1.270467554168775715e-01 1.408477568669653512e-01
1.159263144199964152e-01 8.201741809458852617e-02 1.099814262419614719e-01 8.736826913191671207e-02 1.228236762245100699e-01
8.386769926832840505e-02 5.996382593385259779e-02 7.077611311950329775e-02 4.748414448604201810e-02 6.461758376901761969e-02
