0.000000000000000000e+00 0.000000000000000000e+00 0.000000000000000000e+00 0.000000000000000000e+00 0.000000000000000000e+00
5.246921135856312812e-01 5.181547584858182676e-01 5.220856916136996650e-01 5.194679381593345635e-01 5.246921135856312812e-01
5.246921135856312812e-01 5.155196836374795755e-01 5.181547584858181565e-01 5.181547584858182676e-01 5.207782419843047794e-01
5.285808664966069603e-01 5.088801007271749333e-01 5.168386810429558276e-01 5.102140407191266824e-01 5.141977437989116995e-01
5.075431016179807742e-01 5.088801007271750443e-01 4.857142857142857650e-01 4.939993665478325524e-01 5.168386810429558276e-01
5.048598287762833259e-01 4.953683436780829674e-01 4.871037548892545033e-01 4.994554858172299827e-01 4.967340044750450101e-01
4.815246477539418812e-01 4.730470054738272201e-01 4.716209323756477279e-01 4.787135538781690514e-01 4.512356429208322917e-01
4.787135538781690514e-01 4.392076972920034850e-01 4.452582119214048562e-01 4.701910163292518097e-01 4.527189213725305583e-01
4.376832949367233105e-01 4.330810359199180337e-01 4.701910163292518097e-01 4.376832949367231995e-01 4.556724865141479897e-01
4.061123131405322551e-01 3.685557397915996680e-01 3.911504051586579545e-01 4.011819272792708779e-01 4.422422766906359271e-01
3.667643654626804861e-01 3.483801192418896076e-01 3.613407258826575874e-01 3.388392216680199409e-01 3.576824495189518949e-01
