0.000000000000000000e+00 0.000000000000000000e+00 0.000000000000000000e+00 0.000000000000000000e+00 0.000000000000000000e+00
2.000149350060748399e-01 1.720238556287521370e-01 2.000277391032001528e-01 1.840255199749441239e-01 1.921004307445662584e-01
1.801095399105277772e-01 1.640069977811945134e-01 1.882169509633268012e-01 1.840058882826390574e-01 1.722445311521701161e-01
1.482865688375815671e-01 1.640437508344451123e-01 1.404637339643450000e-01 1.445018109297470654e-01 1.803639810492684847e-01
1.641594214886087089e-01 1.640052482519174237e-01 2.015342761562348151e-01 1.843385105330341556e-01 1.250338869105158679e-01
1.390146442885647204e-01 1.011204193453825173e-01 1.205191901469015031e-01 1.410327563302997966e-01 1.534672027771789016e-01
1.184130573162612415e-01 9.543760171117855740e-02 1.331685159845429900e-01 1.279986744680411126e-01 1.146078902296070179e-01
6.029182967563800899e-02 1.176599975309800261e-01 1.018241910876499512e-01 7.974078792793437565e-02 5.120791227165089748e-02
4.241321370110426314e-02 7.630244552859526130e-02 4.812886525402981092e-02 8.412317172021684109e-02 1.122198003121087084e-01
5.922380599520781636e-02 5.979703453926547146e-02 1.764258261147214069e-02 5.295343138596917548e-02 6.243175257304623034e-03
-4.478110755198990572e-02 0.000000000000000000e+00 -2.013468165642072830e-02 7.362101738323102718e-02 0.000000000000000000e+00
