0.000000000000000000e+00 0.000000000000000000e+00 0.000000000000000000e+00 0.000000000000000000e+00 0.000000000000000000e+00
1.720220202279739985e-01 1.680286793421204294e-01 1.760394372514112737e-01 1.920389238332450565e-01 1.720348692672820368e-01
1.846174083740881600e-01 1.683613545323315308e-01 1.923346971435352659e-01 2.047372898572569766e-01 1.922647385458437497e-01
1.659298132732353326e-01 1.692246538908885045e-01 1.781177028064625800e-01 1.499463399837545619e-01 1.818502216487641598e-01
1.682552545722044157e-01 1.547804795793838173e-01 1.987570539949054249e-01 1.563763939653148860e-01 1.107276750426987033e-01
1.348148933801569527e-01 1.032566125339475921e-01 1.324802454653610240e-01 1.319033498422573780e-01 1.408217587470399490e-01
8.799167520810249887e-02 5.323999320815478442e-02 1.355431693344628374e-01 9.031147956248145037e-02 1.290023334140832367e-01
3.364037113983095462e-02 6.566661641294395391e-02 8.098316484376941182e-02 7.424650901121750135e-02 -4.781971142000651133e-03
1.720089987268870121e-02 5.954913341754136669e-02 4.592950256005863541e-02 1.671523202788203002e-02 6.267424742860069897e-02
2.656358570114569079e-02 2.536799466074798892e-02 2.616058008764625062e-02 4.193446570344647878e-02 0.000000000000000000e+00
4.478110755198990572e-02 0.000000000000000000e+00 0.000000000000000000e+00 6.341488564351137336e-02 0.000000000000000000e+00
