0.000000000000000000e+00 0.000000000000000000e+00 0.000000000000000000e+00 0.000000000000000000e+00 0.000000000000000000e+00
6.800000000000000488e-01 6.879999999999999449e-01 7.119999999999999662e-01 7.039999999999999591e-01 7.039999999999999591e-01
6.919999999999999485e-01 6.840000000000000524e-01 6.640000000000000346e-01 6.680000000000000382e-01 7.199999999999999734e-01
6.999999999999999556e-01 6.919999999999999485e-01 6.760000000000000453e-01 6.800000000000000488e-01 6.959999999999999520e-01
6.919999999999999485e-01 6.959999999999999520e-01 6.640000000000000346e-01 6.720000000000000417e-01 6.720000000000000417e-01
6.840000000000000524e-01 6.560000000000000275e-01 6.320000000000000062e-01 6.560000000000000275e-01 6.600000000000000311e-01
6.360000000000000098e-01 6.560000000000000275e-01 6.520000000000000240e-01 6.079999999999999849e-01 6.680000000000000382e-01
6.280000000000000027e-01 6.320000000000000062e-01 6.039999999999999813e-01 6.039999999999999813e-01 5.919999999999999707e-01
5.560000000000000497e-01 5.799999999999999600e-01 5.999999999999999778e-01 6.079999999999999849e-01 5.719999999999999529e-01
5.200000000000000178e-01 5.759999999999999565e-01 4.839999999999999858e-01 5.120000000000000107e-01 5.040000000000000036e-01
4.919999999999999929e-01 5.040000000000000036e-01 4.959999999999999964e-01 5.040000000000000036e-01 4.919999999999999929e-01
