0.000000000000000000e+00 0.000000000000000000e+00 0.000000000000000000e+00 0.000000000000000000e+00 0.000000000000000000e+00
6.999999999999999556e-01 6.999999999999999556e-01 7.119999999999999662e-01 6.999999999999999556e-01 7.079999999999999627e-01
7.279999999999999805e-01 6.919999999999999485e-01 6.919999999999999485e-01 6.879999999999999449e-01 6.919999999999999485e-01
6.879999999999999449e-01 6.919999999999999485e-01 6.879999999999999449e-01 6.879999999999999449e-01 6.599999999999999201e-01
6.599999999999999201e-01 6.600000000000000311e-01 6.480000000000000204e-01 6.839999999999999414e-01 6.759999999999999343e-01
6.599999999999999201e-01 6.640000000000000346e-01 6.400000000000000133e-01 6.480000000000000204e-01 6.520000000000000240e-01
6.480000000000000204e-01 6.599999999999999201e-01 6.400000000000000133e-01 6.280000000000000027e-01 6.520000000000000240e-01
6.079999999999999849e-01 6.280000000000000027e-01 6.159999999999999920e-01 5.959999999999999742e-01 5.919999999999999707e-01
6.079999999999999849e-01 5.880000000000000782e-01 6.119999999999999885e-01 5.960000000000000853e-01 5.799999999999999600e-01
5.200000000000000178e-01 5.320000000000000284e-01 4.800000000000000377e-01 5.040000000000000036e-01 5.200000000000000178e-01
4.959999999999999964e-01 5.000000000000000000e-01 4.959999999999999964e-01 5.040000000000000036e-01 5.000000000000000000e-01
