0.000000000000000000e+00 0.000000000000000000e+00 0.000000000000000000e+00 0.000000000000000000e+00 0.000000000000000000e+00
9.346092503987241118e-01 9.346092503987241118e-01 9.346092503987241118e-01 9.346092503987241118e-01 9.183920762868131860e-01
9.180554247873710105e-01 9.183920762868131860e-01 9.183920762868131860e-01 9.346092503987241118e-01 9.346092503987241118e-01
9.346092503987241118e-01 9.346092503987241118e-01 9.346092503987241118e-01 9.346092503987241118e-01 9.332497911445279959e-01
9.346092503987241118e-01 9.346092503987241118e-01 9.346092503987241118e-01 9.346092503987241118e-01 9.346092503987241118e-01
9.346092503987241118e-01 9.346092503987241118e-01 9.346092503987241118e-01 9.164495505958919486e-01 9.346092503987241118e-01
8.838673905993367219e-01 9.340659340659339671e-01 9.346092503987241118e-01 8.484136310223266975e-01 8.994708994708995320e-01
9.340434419381787867e-01 9.164495505958919486e-01 9.180554247873710105e-01 8.307349903094584098e-01 9.164652836623461418e-01
8.823560402507771849e-01 9.332497911445279959e-01 9.499358151476252621e-01 9.164495505958919486e-01 8.994708994708995320e-01
9.011553273427471700e-01 8.495232074179441817e-01 9.164495505958919486e-01 8.649038054072378801e-01 8.848951647411210653e-01
8.341307814992026115e-01 9.346092503987241118e-01 8.976982097186700926e-01 8.681704260651629257e-01 9.000000000000000222e-01
