0.000000000000000000e+00 0.000000000000000000e+00 0.000000000000000000e+00 0.000000000000000000e+00 0.000000000000000000e+00
9.346092503987241118e-01 9.346092503987241118e-01 9.018774018774018408e-01 9.180554247873710105e-01 9.346092503987241118e-01
9.346092503987241118e-01 9.346092503987241118e-01 9.346092503987241118e-01 9.346092503987241118e-01 9.346092503987241118e-01
9.346092503987241118e-01 9.346092503987241118e-01 9.346092503987241118e-01 9.346092503987241118e-01 9.340434419381787867e-01
9.346092503987241118e-01 9.506533178503802084e-01 9.180554247873710105e-01 9.183920762868131860e-01 9.346092503987241118e-01
9.346092503987241118e-01 9.346092503987241118e-01 9.346092503987241118e-01 9.332497911445279959e-01 9.018774018774018408e-01
8.848951647411210653e-01 9.180554247873710105e-01 9.346092503987241118e-01 8.649038054072378801e-01 9.164495505958919486e-01
9.346092503987241118e-01 9.164495505958919486e-01 9.174154899443731637e-01 8.288613691090471747e-01 8.470964645656695602e-01
8.470964645656695602e-01 9.174154899443731637e-01 8.995215311004783887e-01 9.333333333333332371e-01 9.164495505958919486e-01
8.823560402507771849e-01 8.470964645656695602e-01 9.499389499389497837e-01 8.470964645656695602e-01 8.692185007974481126e-01
8.649038054072378801e-01 8.995215311004783887e-01 9.153439153439153486e-01 8.470964645656695602e-01 9.000000000000000222e-01
