0.000000000000000000e+00 0.000000000000000000e+00 0.000000000000000000e+00 0.000000000000000000e+00 0.000000000000000000e+00
9.045340337332907765e-01 9.045340337332907765e-01 9.045340337332907765e-01 9.045340337332907765e-01 8.820104430654692740e-01
8.775633032524907673e-01 8.820104430654692740e-01 8.820104430654692740e-01 9.045340337332907765e-01 9.045340337332907765e-01
9.045340337332907765e-01 9.045340337332907765e-01 9.045340337332907765e-01 9.045340337332907765e-01 9.015037604471400901e-01
9.045340337332907765e-01 9.045340337332907765e-01 9.045340337332907765e-01 9.045340337332907765e-01 9.045340337332907765e-01
9.045340337332907765e-01 9.045340337332907765e-01 9.045340337332907765e-01 8.775633032524907673e-01 9.045340337332907765e-01
8.274168287809199329e-01 9.011271137791659891e-01 9.045340337332907765e-01 7.838686930074690862e-01 8.542821429703302272e-01
9.015037604471400901e-01 8.775633032524907673e-01 8.775633032524907673e-01 7.618369437122454180e-01 8.775633032524907673e-01
8.316098463188710266e-01 9.015037604471400901e-01 9.261584224952539302e-01 8.775633032524907673e-01 8.542821429703302272e-01
8.510644963469901070e-01 7.812092495722727792e-01 8.775633032524907673e-01 8.094999088258616471e-01 8.260331876309021659e-01
7.537783614444090174e-01 9.045340337332907765e-01 8.630442403635761872e-01 8.013366759530133887e-01 8.499999999999999778e-01
