0.000000000000000000e+00 0.000000000000000000e+00 0.000000000000000000e+00 0.000000000000000000e+00 0.000000000000000000e+00
4.023544933489369702e-01 3.418685176212089005e-01 3.776105450439327105e-01 3.861103257839536007e-01 3.536371214151921016e-01
3.211151353994379232e-01 3.649628254280305462e-01 3.494906108385334442e-01 3.593542958636448681e-01 3.537742638998361833e-01
3.778463864669413530e-01 3.544163784767622727e-01 4.017133457914177641e-01 3.415923435053168644e-01 4.017133457914177641e-01
3.558507377052913534e-01 3.377154484739053886e-01 3.705863294146933828e-01 3.337166036703727023e-01 3.898381320764165436e-01
3.610733371986034612e-01 3.389743288550331468e-01 3.421527544186618863e-01 3.456743535352304608e-01 3.705262138620696311e-01
4.050386992460772717e-01 3.439557667843075595e-01 3.721069092224890684e-01 3.291088056097430936e-01 3.704541138013942581e-01
3.541309013175376053e-01 3.596556480956854540e-01 3.462156645061848503e-01 3.817378907392364740e-01 3.171904098448768972e-01
4.077471731994333770e-01 3.274807628656020708e-01 3.270275445191433983e-01 4.087772176475651942e-01 3.789549266002250061e-01
3.233635816924887996e-01 2.722548574383656939e-01 3.533231512593494883e-01 2.753491243672112621e-01 3.550690302104855811e-01
1.438411949252654254e-01 1.292754496517956320e-01 1.541759423357415282e-01 1.114941219370749470e-01 1.749002025428311180e-01
