0.000000000000000000e+00 0.000000000000000000e+00 0.000000000000000000e+00 0.000000000000000000e+00 0.000000000000000000e+00
8.159999999999999476e-01 8.053333333333333455e-01 8.133333333333333526e-01 8.239999999999999547e-01 8.000000000000000444e-01
8.266666666666666607e-01 8.026666666666666394e-01 8.133333333333333526e-01 8.266666666666666607e-01 8.026666666666666394e-01
8.026666666666666394e-01 7.946666666666666323e-01 8.000000000000000444e-01 8.186666666666666536e-01 8.159999999999999476e-01
8.000000000000000444e-01 7.973333333333333384e-01 8.026666666666666394e-01 8.426666666666666750e-01 8.053333333333333455e-01
7.973333333333333384e-01 8.080000000000000515e-01 8.133333333333333526e-01 8.186666666666666536e-01 8.186666666666666536e-01
8.186666666666666536e-01 8.346666666666666679e-01 7.920000000000000373e-01 8.106666666666666465e-01 7.813333333333333242e-01
8.319999999999999618e-01 7.920000000000000373e-01 7.866666666666666252e-01 7.760000000000000231e-01 8.159999999999999476e-01
7.733333333333333171e-01 7.973333333333333384e-01 8.106666666666666465e-01 8.319999999999999618e-01 7.946666666666666323e-01
7.199999999999999734e-01 7.386666666666666936e-01 7.760000000000000231e-01 7.706666666666667220e-01 7.893333333333333313e-01
5.413333333333333330e-01 6.480000000000000204e-01 6.453333333333333144e-01 5.759999999999999565e-01 5.973333333333333828e-01
