0.000000000000000000e+00 0.000000000000000000e+00 0.000000000000000000e+00 0.000000000000000000e+00 0.000000000000000000e+00
8.163567275679399771e-01 8.053009053502159231e-01 8.138583350088341994e-01 8.240594072082453314e-01 8.000213922046807147e-01
8.271876271876271725e-01 8.030629794074902739e-01 8.133268604553972603e-01 8.268440406246885255e-01 8.029657964929212133e-01
8.032576596530085489e-01 7.942350525982545539e-01 7.987872087232837925e-01 8.182080716193776970e-01 8.177545729459948509e-01
7.999293149980721829e-01 7.972572219964172424e-01 8.017910294125129012e-01 8.427832929064179579e-01 8.054676659904487224e-01
7.988359328072247578e-01 8.093258992459571033e-01 8.125253271256677179e-01 8.188933461740096620e-01 8.183425288924519592e-01
8.187608403964613535e-01 8.344763356193379833e-01 7.909858048780341599e-01 8.114150159604704982e-01 7.815511597635661500e-01
8.324348675883945781e-01 7.932742908484149424e-01 7.870254521849003870e-01 7.756639344262294955e-01 8.159356061086815437e-01
7.750288002444604141e-01 7.987438823186878700e-01 8.098989970127529192e-01 8.327973095891781918e-01 7.948964096132837831e-01
7.222619113430089888e-01 7.393179609554469955e-01 7.772525827662241094e-01 7.715556592704951866e-01 7.902513176774780268e-01
5.042338913295965064e-01 6.480979912490446582e-01 6.372578834944425674e-01 5.333065215684542615e-01 5.828980290823991828e-01
