0.000000000000000000e+00 0.000000000000000000e+00 0.000000000000000000e+00 0.000000000000000000e+00 0.000000000000000000e+00
6.887939482062171992e-01 7.243787075993018965e-01 7.168492525705506546e-01 7.324767533617743132e-01 7.085519407505252998e-01
7.205766921228921040e-01 6.924950801224852848e-01 7.245798959680193052e-01 7.363849845208373379e-01 7.124789468325147812e-01
7.048425554937676196e-01 7.128902428817471826e-01 7.361492080274394390e-01 6.886835132360173972e-01 6.855446727758415237e-01
7.005681576397778665e-01 6.811343521294502823e-01 7.167649574831266301e-01 7.206459883380951226e-01 6.993499839013143093e-01
7.102765332060383408e-01 6.525471301058229923e-01 7.256972133564045802e-01 6.793195671586499396e-01 6.631767088719360270e-01
7.036800176195137091e-01 7.186340699564640611e-01 6.695659371851909736e-01 6.900848515986827136e-01 6.967503804145439572e-01
6.791087168430651744e-01 6.132090558057098351e-01 6.308368047915225985e-01 6.044522709884458944e-01 5.994900591638641085e-01
5.876874012637407496e-01 5.799445967115053335e-01 6.214568631564252321e-01 6.527042965469177505e-01 5.727654544272408055e-01
4.619469201801643665e-01 5.420437070462291729e-01 5.544162263002645474e-01 5.874805400037064196e-01 4.793109187969613605e-01
1.209808972382400427e-01 2.237892188709298680e-01 2.657834140570385362e-01 3.186839925076275781e-01 1.881750144561540050e-01
