0.000000000000000000e+00 0.000000000000000000e+00 0.000000000000000000e+00 0.000000000000000000e+00 0.000000000000000000e+00 0.000000000000000000e+00 0.000000000000000000e+00 0.000000000000000000e+00 0.000000000000000000e+00 0.000000000000000000e+00
1.000000000000000000e+00 1.000000000000000000e+00 1.000000000000000000e+00 1.000000000000000000e+00 1.000000000000000000e+00 1.000000000000000000e+00 1.000000000000000000e+00 1.000000000000000000e+00 1.000000000000000000e+00 1.000000000000000000e+00
9.638709677419354804e-01 9.642401021711366482e-01 9.642401021711366482e-01 1.000000000000000000e+00 1.000000000000000000e+00 1.000000000000000000e+00 1.000000000000000000e+00 1.000000000000000000e+00 1.000000000000000000e+00 1.000000000000000000e+00
1.000000000000000000e+00 1.000000000000000000e+00 1.000000000000000000e+00 1.000000000000000000e+00 1.000000000000000000e+00 1.000000000000000000e+00 9.638709677419354804e-01 1.000000000000000000e+00 1.000000000000000000e+00 1.000000000000000000e+00
1.000000000000000000e+00 1.000000000000000000e+00 1.000000000000000000e+00 1.000000000000000000e+00 1.000000000000000000e+00 1.000000000000000000e+00 1.000000000000000000e+00 1.000000000000000000e+00 9.642401021711366482e-01 1.000000000000000000e+00
1.000000000000000000e+00 9.642401021711366482e-01 1.000000000000000000e+00 9.642401021711366482e-01 1.000000000000000000e+00 9.642401021711366482e-01 9.642401021711366482e-01 9.642401021711366482e-01 1.000000000000000000e+00 1.000000000000000000e+00
1.000000000000000000e+00 9.642401021711366482e-01 1.000000000000000000e+00 1.000000000000000000e+00 9.642401021711366482e-01 1.000000000000000000e+00 9.642401021711366482e-01 8.927203065134099447e-01 1.000000000000000000e+00 1.000000000000000000e+00
1.000000000000000000e+00 9.642401021711366482e-01 1.000000000000000000e+00 9.642401021711366482e-01 1.000000000000000000e+00 1.000000000000000000e+00 1.000000000000000000e+00 9.638709677419354804e-01 9.642401021711366482e-01 1.000000000000000000e+00
9.285714285714286031e-01 9.642401021711366482e-01 1.000000000000000000e+00 9.642401021711366482e-01 9.642401021711366482e-01 9.642401021711366482e-01 1.000000000000000000e+00 1.000000000000000000e+00 8.927203065134099447e-01 9.642401021711366482e-01
9.642401021711366482e-01 1.000000000000000000e+00 9.285714285714286031e-01 1.000000000000000000e+00 8.927203065134099447e-01 1.000000000000000000e+00 1.000000000000000000e+00 1.000000000000000000e+00 9.642401021711366482e-01 9.642401021711366482e-01
9.642401021711366482e-01 1.000000000000000000e+00 1.000000000000000000e+00 9.642401021711366482e-01 8.564102564102562543e-01 1.000000000000000000e+00 9.282051282051282382e-01 9.285714285714286031e-01 9.642401021711366482e-01 8.927203065134099447e-01
1.000000000000000000e+00 8.193548387096774022e-01 8.927203065134099447e-01 8.927203065134099447e-01 8.564102564102562543e-01 8.927203065134099447e-01 8.564102564102562543e-01 8.193548387096774022e-01 1.000000000000000000e+00 9.642401021711366482e-01
7.812500000000000000e-01 7.417654808959157631e-01 8.927203065134099447e-01 8.193548387096774022e-01 8.193548387096774022e-01 8.927203065134099447e-01 1.000000000000000000e+00 7.417654808959157631e-01 7.005347593582887944e-01 8.927203065134099447e-01
5.087719298245614308e-01 4.822190611664296522e-01 4.509803921568626972e-01 6.571428571428572507e-01 3.875000000000000111e-01 5.087719298245614308e-01 6.571428571428572507e-01 6.111111111111111605e-01 5.618776671408250989e-01 3.875000000000000111e-01
