0.000000000000000000e+00 0.000000000000000000e+00 0.000000000000000000e+00 0.000000000000000000e+00 0.000000000000000000e+00
7.903373304364648133e-01 8.100814563597509288e-01 7.708109784908238060e-01 7.760299928108952416e-01 7.664565979793972472e-01
7.664565979793972472e-01 7.514862013847065647e-01 7.444046381801847634e-01 7.323472729384292723e-01 7.287627121576147893e-01
7.855665588407965139e-01 7.287627121576147893e-01 7.629593851650108283e-01 7.664565979793972472e-01 7.475269393359266212e-01
7.562858668876092372e-01 6.916725780722834394e-01 7.664565979793972472e-01 7.816750029754564455e-01 7.133788756963967970e-01
8.098871429186972337e-01 7.475269393359266212e-01 7.287627121576147893e-01 7.475269393359266212e-01 7.101493590063866490e-01
7.259966134311665042e-01 7.240579710144927628e-01 7.323472729384292723e-01 7.101493590063866490e-01 7.287627121576147893e-01
6.945660391502188613e-01 7.287627121576147893e-01 6.461928639278713415e-01 6.230245073545171985e-01 7.444046381801847634e-01
7.229648557311093571e-01 6.136001902640260131e-01 7.315809628733335179e-01 7.174058439286166156e-01 7.418620513360490998e-01
7.052802916961968815e-01 6.271765587880054893e-01 6.271765587880054893e-01 6.271765587880054893e-01 6.356558718936923258e-01
5.032868294606689386e-01 6.428240122630821674e-01 5.808660169034404186e-01 5.375393333458811096e-01 6.271765587880054893e-01
