0.000000000000000000e+00 0.000000000000000000e+00 0.000000000000000000e+00 0.000000000000000000e+00 0.000000000000000000e+00
7.708109784908238060e-01 7.760299928108952416e-01 8.048720651749708965e-01 7.664565979793972472e-01 8.005659230203651111e-01
8.048720651749708965e-01 7.664565979793972472e-01 7.855665588407965139e-01 7.287627121576147893e-01 7.444046381801847634e-01
7.514862013847065647e-01 7.475269393359266212e-01 7.287627121576147893e-01 7.287627121576147893e-01 7.855665588407965139e-01
7.816750029754564455e-01 6.535555634100105316e-01 7.514862013847065647e-01 7.603206487900496802e-01 7.629593851650108283e-01
7.765276357491248671e-01 7.323472729384292723e-01 7.323472729384292723e-01 7.475269393359266212e-01 7.444046381801847634e-01
7.259966134311665042e-01 6.705024428626727984e-01 7.475269393359266212e-01 6.916725780722834394e-01 7.287627121576147893e-01
6.895652173913043859e-01 7.259966134311665042e-01 6.461928639278713415e-01 6.603693661428229333e-01 7.444046381801847634e-01
7.749849274117667219e-01 6.835577574202992279e-01 7.523210925281452743e-01 7.323472729384292723e-01 7.442171762877330954e-01
7.209226509127272253e-01 7.052802916961968815e-01 6.428240122630821674e-01 5.957460030866371659e-01 6.356558718936923258e-01
5.204634118601654258e-01 6.428240122630821674e-01 5.808660169034404186e-01 5.375393333458811096e-01 6.584452043462118986e-01
