0.000000000000000000e+00 0.000000000000000000e+00 0.000000000000000000e+00 0.000000000000000000e+00 0.000000000000000000e+00
7.039810547875063884e-01 6.919556416123922027e-01 7.039810547875063884e-01 7.159954559272948549e-01 6.999951999231986965e-01
6.959805427547363088e-01 7.039242045963766126e-01 6.959221560719544009e-01 6.919950719211507284e-01 6.838735494197678566e-01
6.639139619742654430e-01 6.794871794871795156e-01 6.799795186891961496e-01 6.636555833173169994e-01 6.792610173840527565e-01
6.668004817342432222e-01 6.850978618952264787e-01 6.670998379618487961e-01 6.831432192648922985e-01 6.991866005679356899e-01
6.570976747188200795e-01 6.670998379618487961e-01 6.300823468862584154e-01 6.715807911253832696e-01 6.542074112197632241e-01
6.303157347373210539e-01 6.096037478040211566e-01 6.404040404040403089e-01 6.736976103385488024e-01 6.303157347373210539e-01
5.012383048981837730e-01 6.177370030581039728e-01 6.297775337360023151e-01 6.387520525451559905e-01 6.597316741201633139e-01
5.721716735288635558e-01 4.465011614401858120e-01 5.652618657937806823e-01 5.806435215777969727e-01 5.788693484266559386e-01
4.568345991717888133e-01 4.098753966411268213e-01 5.594028612896536634e-01 4.074552898082309804e-01 4.490591625699270617e-01
3.315508021390374260e-01 3.333333333333333148e-01 4.172494172494172759e-01 3.412384716732542733e-01 3.315508021390374260e-01
