0.000000000000000000e+00 0.000000000000000000e+00 0.000000000000000000e+00 0.000000000000000000e+00 0.000000000000000000e+00
7.039999999999999591e-01 6.919999999999999485e-01 7.039999999999999591e-01 7.159999999999999698e-01 6.999999999999999556e-01
6.959999999999999520e-01 7.039999999999999591e-01 6.959999999999999520e-01 6.919999999999999485e-01 6.839999999999999414e-01
6.640000000000000346e-01 6.799999999999999378e-01 6.799999999999999378e-01 6.639999999999999236e-01 6.799999999999999378e-01
6.679999999999999272e-01 6.879999999999999449e-01 6.679999999999999272e-01 6.839999999999999414e-01 6.999999999999999556e-01
6.599999999999999201e-01 6.679999999999999272e-01 6.320000000000000062e-01 6.760000000000000453e-01 6.559999999999999165e-01
6.360000000000000098e-01 6.159999999999999920e-01 6.440000000000000169e-01 6.759999999999999343e-01 6.360000000000000098e-01
5.360000000000000320e-01 6.239999999999999991e-01 6.440000000000000169e-01 6.480000000000000204e-01 6.640000000000000346e-01
5.959999999999999742e-01 5.120000000000000107e-01 5.919999999999999707e-01 6.039999999999999813e-01 5.999999999999999778e-01
5.320000000000000284e-01 5.120000000000000107e-01 5.919999999999999707e-01 5.160000000000000142e-01 5.320000000000000284e-01
4.959999999999999964e-01 5.000000000000000000e-01 5.240000000000000213e-01 4.879999999999999893e-01 4.959999999999999964e-01
