0.000000000000000000e+00 0.000000000000000000e+00 0.000000000000000000e+00 0.000000000000000000e+00 0.000000000000000000e+00
4.079999999999999738e-01 4.323460152737352291e-01 3.843075691322090925e-01 4.160133126390100911e-01 3.843075691322090925e-01
3.689575806862584462e-01 3.616704349548693909e-01 3.772090063354101575e-01 3.772090063354101575e-01 3.685783847169203375e-01
3.553011609484401090e-01 3.468531558432100814e-01 3.694332255668604237e-01 3.622793870315243470e-01 3.160719504045120254e-01
3.429285639896449411e-01 3.844074421026679178e-01 3.277367626722311189e-01 3.592584956081994463e-01 3.543568266750415363e-01
3.483588380133541551e-01 3.365520762781989417e-01 3.242241412981752280e-01 3.142710975831765619e-01 3.293162581181842685e-01
3.255019995906041075e-01 2.696690494862323262e-01 2.685921277723319345e-01 2.879288813828269622e-01 2.859206521447404392e-01
1.400280084028009686e-01 3.224608291466228849e-01 2.903816034562510806e-01 2.850786580399193304e-01 3.205777008895574487e-01
2.139802462554564466e-01 7.210122041000543991e-02 2.640444507032759236e-01 2.642364440825320515e-01 2.527251321919151694e-01
1.572427255082877451e-01 9.007912422186249712e-02 1.915652570442303027e-01 5.227083734893166883e-02 6.537204504606133892e-02
0.000000000000000000e+00 0.000000000000000000e+00 8.980265101338745504e-02 -6.337242505244779223e-02 0.000000000000000000e+00
