0.000000000000000000e+00 0.000000000000000000e+00 0.000000000000000000e+00 0.000000000000000000e+00 0.000000000000000000e+00
8.406862745098039325e-01 8.266666666666666607e-01 8.406862745098039325e-01 8.314752398236970876e-01 8.266666666666666607e-01
8.902336054038840762e-01 8.539452078472041796e-01 8.501108647450110745e-01 8.136436461759001260e-01 6.365173288250212114e-01
8.501108647450110745e-01 8.224650051212019086e-01 8.406862745098039325e-01 8.902336054038840762e-01 8.051282051282051544e-01
8.764151758707113826e-01 8.314752398236970876e-01 8.130169003955411977e-01 8.539452078472041796e-01 8.597626752966558428e-01
8.270509977827050774e-01 8.406862745098039325e-01 6.564482029598308621e-01 8.597626752966558428e-01 8.668487538409013204e-01
7.771428571428571352e-01 8.658410732714139080e-01 8.311856957346919206e-01 8.501108647450110745e-01 8.722484276729559616e-01
8.501108647450110745e-01 8.211477987421383906e-01 7.619222035015750238e-01 8.406862745098039325e-01 8.571571271601239328e-01
8.211477987421383906e-01 9.009523809523809490e-01 8.731707317073170715e-01 8.224650051212019086e-01 8.253229974160207760e-01
9.119837508463100040e-01 8.668487538409013204e-01 8.151158065826900057e-01 8.358585858585858563e-01 7.470270270270269464e-01
8.696959572335449806e-01 6.431372549019607199e-01 8.415278342137342271e-01 8.415278342137342271e-01 8.253229974160207760e-01
