0.000000000000000000e+00 0.000000000000000000e+00 0.000000000000000000e+00 0.000000000000000000e+00 0.000000000000000000e+00
8.314752398236970876e-01 8.266666666666666607e-01 8.051282051282051544e-01 8.355679230963825033e-01 8.266666666666666607e-01
8.501108647450110745e-01 8.266666666666666607e-01 8.314752398236970876e-01 8.314752398236970876e-01 8.406862745098039325e-01
8.597626752966558428e-01 8.113937518135216909e-01 8.501108647450110745e-01 8.459575243824628554e-01 8.902336054038840762e-01
8.696563667851608948e-01 8.459575243824628554e-01 8.459575243824628554e-01 8.557692307692307265e-01 8.798076923076922906e-01
8.358585858585858563e-01 5.660467334287077046e-01 8.521963824289406908e-01 4.491525423728813804e-01 8.616887513299158474e-01
8.358585858585858563e-01 8.722484276729559616e-01 4.569109572690379650e-01 8.521963824289406908e-01 8.521963824289406908e-01
8.521963824289406908e-01 8.467474011359983344e-01 8.467474011359983344e-01 8.818181818181818343e-01 8.868362510881130367e-01
8.039215686274510109e-01 8.864132809086937570e-01 4.910638297872340075e-01 8.407395032854438899e-01 8.580166011358671962e-01
9.452861952861952854e-01 4.491525423728813804e-01 8.580166011358671962e-01 4.491525423728813804e-01 8.340874811463047100e-01
4.491525423728813804e-01 8.580166011358671962e-01 8.467474011359983344e-01 4.491525423728813804e-01 8.580166011358671962e-01
