0.000000000000000000e+00 0.000000000000000000e+00 0.000000000000000000e+00 0.000000000000000000e+00 0.000000000000000000e+00
8.856132075471698784e-01 8.922955974842767812e-01 8.856132075471698784e-01 8.808962264150943522e-01 8.922955974842767812e-01
9.091981132075471761e-01 9.064465408805031377e-01 8.903301886792452935e-01 8.714622641509434109e-01 7.971698113207547065e-01
8.903301886792452935e-01 8.761792452830188260e-01 8.856132075471698784e-01 9.091981132075471761e-01 8.942610062893081579e-01
9.319968553459119232e-01 8.808962264150943522e-01 8.439465408805031377e-01 9.064465408805031377e-01 8.950471698113207086e-01
8.647798742138365080e-01 8.856132075471698784e-01 8.113207547169811740e-01 8.950471698113207086e-01 9.272798742138365080e-01
7.861635220125786638e-01 8.836477987421383906e-01 8.258647798742138058e-01 8.903301886792452935e-01 8.722484276729559616e-01
8.903301886792452935e-01 8.211477987421383906e-01 8.820754716981131782e-01 8.856132075471698784e-01 8.514150943396225912e-01
8.211477987421383906e-01 9.139150943396225912e-01 9.158805031446540790e-01 8.761792452830188260e-01 8.097484276729559616e-01
9.186320754716981174e-01 9.272798742138365080e-01 8.050314465408805464e-01 8.144654088050313767e-01 8.726415094339622369e-01
8.286163522012578442e-01 8.018867924528301216e-01 8.305817610062893319e-01 8.305817610062893319e-01 8.097484276729559616e-01
