0.000000000000000000e+00 0.000000000000000000e+00 0.000000000000000000e+00 0.000000000000000000e+00 0.000000000000000000e+00
6.791291660006568698e-01 6.802785953159522503e-01 6.583933618424876455e-01 6.945395656863462275e-01 6.802785953159522503e-01
7.107588016386873209e-01 6.802785953159522503e-01 6.791291660006568698e-01 6.791291660006568698e-01 6.946282192763387764e-01
7.275735066281412422e-01 6.230209757852007701e-01 7.107588016386873209e-01 6.975072156706755289e-01 7.827474784559881327e-01
7.451311327070136992e-01 6.975072156706755289e-01 6.975072156706755289e-01 7.152689531334822659e-01 7.634976688530634714e-01
6.763166647282444766e-01 3.230026449758845453e-01 7.069644521778443158e-01 0.000000000000000000e+00 7.236330588312580581e-01
6.763166647282444766e-01 7.444968553459119232e-01 2.944692917600114090e-01 7.069644521778443158e-01 7.069644521778443158e-01
7.069644521778443158e-01 7.011148754115401616e-01 7.011148754115401616e-01 7.873265148181360917e-01 7.739391003542867020e-01
6.348900747232103514e-01 7.851053544207819979e-01 1.850343916632559982e-01 6.975287904616060963e-01 7.277017008354604855e-01
8.961195807649239287e-01 0.000000000000000000e+00 7.277017008354604855e-01 0.000000000000000000e+00 6.969469993202158653e-01
0.000000000000000000e+00 7.277017008354604855e-01 7.011148754115401616e-01 0.000000000000000000e+00 7.277017008354604855e-01
