0.000000000000000000e+00 0.000000000000000000e+00 0.000000000000000000e+00 0.000000000000000000e+00 0.000000000000000000e+00
9.860349491847627545e-01 9.790081646226832524e-01 9.790081646226832524e-01 9.790081646226832524e-01 9.790081646226832524e-01
9.790081646226832524e-01 9.860349491847627545e-01 9.719018041999408775e-01 9.790081646226832524e-01 9.860349491847627545e-01
9.790081646226832524e-01 9.860349491847627545e-01 9.860349491847627545e-01 9.650990831115054958e-01 9.791606358855599046e-01
9.652574128380581042e-01 9.302343159486016200e-01 9.790081646226832524e-01 9.790081646226832524e-01 9.790081646226832524e-01
9.651882769463956402e-01 9.791606358855599046e-01 9.650969579252860475e-01 9.514617365626723000e-01 9.791606358855599046e-01
9.720698983695256201e-01 9.722018572825024130e-01 9.162705335901212278e-01 9.721353123890060788e-01 9.106071247857051576e-01
9.447841657447814123e-01 9.652574128380581042e-01 9.514617365626723000e-01 9.790928136492432765e-01 9.237679578105110201e-01
8.965889869970823378e-01 9.580940013739671635e-01 8.743961352657004804e-01 9.296969696969696884e-01 9.516456087564709732e-01
8.554132609017033317e-01 8.660637062297674715e-01 8.497513375916279088e-01 7.985191723055802271e-01 8.595799465805806783e-01
8.761690983913205111e-01 8.668341115715846312e-01 9.376167691957165706e-01 7.705204712877348205e-01 6.792557768167525323e-01
