0.000000000000000000e+00 0.000000000000000000e+00 0.000000000000000000e+00 0.000000000000000000e+00 0.000000000000000000e+00
9.790081646226832524e-01 9.790081646226832524e-01 9.790081646226832524e-01 9.790081646226832524e-01 9.790081646226832524e-01
9.790081646226832524e-01 9.860349491847627545e-01 9.790081646226832524e-01 9.790081646226832524e-01 9.860349491847627545e-01
9.790081646226832524e-01 9.860349491847627545e-01 9.860349491847627545e-01 9.719698101589629990e-01 9.791606358855599046e-01
9.721353123890060788e-01 9.582342636644504141e-01 9.790081646226832524e-01 9.790081646226832524e-01 9.790081646226832524e-01
9.860349491847627545e-01 9.651308253451498231e-01 9.720698983695256201e-01 9.582241056916090960e-01 9.860349491847627545e-01
9.720698983695256201e-01 9.791606358855599046e-01 8.805798160389386453e-01 9.860349491847627545e-01 9.583243823845326581e-01
9.861797350519155847e-01 9.721353123890060788e-01 9.651239928595551909e-01 9.790928136492432765e-01 9.511445096122516096e-01
9.243095087497366080e-01 9.302624042925183856e-01 8.791551798426734399e-01 9.791606358855599046e-01 9.792375052752154696e-01
8.378746667717846819e-01 9.014562550166266286e-01 8.602192611639427611e-01 8.446886446886446853e-01 8.585299579378989909e-01
8.568491032776747174e-01 8.595474291642353215e-01 9.438777402161221408e-01 8.284047909434907320e-01 7.560526426505808084e-01
