0.000000000000000000e+00 0.000000000000000000e+00 0.000000000000000000e+00 0.000000000000000000e+00 0.000000000000000000e+00
5.759999999999999565e-01 5.626666666666666483e-01 5.706666666666666554e-01 5.600000000000000533e-01 5.759999999999999565e-01
5.759999999999999565e-01 5.706666666666666554e-01 5.733333333333333615e-01 5.919999999999999707e-01 5.653333333333333544e-01
5.466666666666666341e-01 5.573333333333333472e-01 5.813333333333333686e-01 5.546666666666666412e-01 5.546666666666666412e-01
5.600000000000000533e-01 5.386666666666666270e-01 5.706666666666666554e-01 5.573333333333333472e-01 5.466666666666666341e-01
4.826666666666666883e-01 5.173333333333333117e-01 5.226666666666666128e-01 5.120000000000000107e-01 5.093333333333333046e-01
4.586666666666666670e-01 4.719999999999999751e-01 4.719999999999999751e-01 4.879999999999999893e-01 5.013333333333332975e-01
4.159999999999999809e-01 3.813333333333333575e-01 3.920000000000000151e-01 4.133333333333333304e-01 3.946666666666666656e-01
3.493333333333333290e-01 3.866666666666666585e-01 3.546666666666666856e-01 3.733333333333333504e-01 3.573333333333333361e-01
3.360000000000000209e-01 3.413333333333333219e-01 3.360000000000000209e-01 3.333333333333333148e-01 3.360000000000000209e-01
3.333333333333333148e-01 3.333333333333333148e-01 3.333333333333333148e-01 3.333333333333333148e-01 3.333333333333333148e-01
