0.000000000000000000e+00 0.000000000000000000e+00 0.000000000000000000e+00 0.000000000000000000e+00 0.000000000000000000e+00
3.712997239652194859e-01 3.480821096222819766e-01 3.604844423290087807e-01 3.455779500197090903e-01 3.703882352049391868e-01
3.773930683141355491e-01 3.645459717499188734e-01 3.658899373465844818e-01 4.001346908793966817e-01 3.548371079775739512e-01
3.480542502230822843e-01 3.607753959460587301e-01 3.932683647026362639e-01 3.497080639267322044e-01 3.497784439664732847e-01
3.719493973199400894e-01 3.304426851009494848e-01 3.791435727625483421e-01 3.637488574870474389e-01 3.454485620137097146e-01
2.645672571981167454e-01 3.187528872674901259e-01 3.262423039338657182e-01 3.120681621851911780e-01 3.110901159670371174e-01
2.386719721158938323e-01 2.755839669911870904e-01 2.824974630365170158e-01 2.948356483482534318e-01 3.225387472029734304e-01
2.153470234220073165e-01 1.472510671385615644e-01 1.569401402654643507e-01 2.144170302295795028e-01 1.697120439404322390e-01
8.181142082310204067e-02 2.008858509225769640e-01 9.702376261444961569e-02 1.618370021731391217e-01 9.422835429731765688e-02
4.478110755198990572e-02 6.744269804964532489e-02 4.478110755198990572e-02 0.000000000000000000e+00 4.478110755198990572e-02
0.000000000000000000e+00 0.000000000000000000e+00 0.000000000000000000e+00 0.000000000000000000e+00 0.000000000000000000e+00
