0.000000000000000000e+00 0.000000000000000000e+00 0.000000000000000000e+00 0.000000000000000000e+00 0.000000000000000000e+00 0.000000000000000000e+00 0.000000000000000000e+00 0.000000000000000000e+00 0.000000000000000000e+00 0.000000000000000000e+00
5.315498492757119164e-01 5.315498492757119164e-01 5.315498492757119164e-01 5.315498492757119164e-01 5.315498492757119164e-01 5.315498492757119164e-01 5.315498492757119164e-01 5.315498492757119164e-01 5.315498492757119164e-01 5.315498492757119164e-01
4.484645066125178547e-01 4.786795607165630906e-01 4.635863249727653068e-01 4.711353159716406003e-01 4.862214144977322072e-01 4.786795607165630906e-01 4.635863249727653068e-01 4.786795607165630906e-01 4.711353159716406003e-01 4.711353159716406003e-01
3.355780276070121637e-01 3.879876825431777254e-01 4.054991124544445880e-01 3.629970452572488515e-01 3.797188488649572147e-01 3.702105314053771856e-01 4.048768772776633607e-01 3.537361527613823164e-01 3.879876825431777254e-01 3.879876825431777254e-01
4.484645066125178547e-01 4.256853928563618661e-01 4.484645066125178547e-01 4.560301968262258088e-01 4.560301968262258088e-01 4.408867987638342978e-01 4.256853928563618661e-01 4.560301968262258088e-01 4.484645066125178547e-01 4.408867987638342978e-01
3.545314101396704887e-01 3.629970452572488515e-01 3.259112221983247459e-01 3.713906763541037215e-01 2.965676299578222652e-01 3.797188488649572147e-01 3.893774936175499191e-01 3.443702844223290871e-01 3.648190261462651574e-01 3.713906763541037215e-01
4.180567004860467062e-01 4.408867987638342978e-01 4.027309620895456188e-01 4.332945928809277536e-01 4.256853928563618661e-01 4.256853928563618661e-01 4.180567004860467062e-01 4.027309620895456188e-01 4.104060351907569681e-01 4.104060351907569681e-01
3.176690436011329055e-01 3.266810922998451550e-01 3.176690436011329055e-01 3.085304536722667801e-01 2.868395685378603011e-01 2.545329892007747175e-01 3.075863145511689711e-01 2.181110620657698562e-01 2.886751345948128655e-01 2.667730931178757814e-01
3.259112221983247459e-01 3.459867633174417700e-01 3.459867633174417700e-01 3.721638501900278451e-01 3.459867633174417700e-01 2.965676299578222652e-01 3.459867633174417700e-01 3.363998267765604400e-01 3.713906763541037215e-01 3.373556005374159228e-01
4.104060351907569681e-01 4.027309620895456188e-01 4.180567004860467062e-01 3.950291315507966083e-01 4.180567004860467062e-01 4.104060351907569681e-01 4.180567004860467062e-01 4.104060351907569681e-01 3.872983346207417021e-01 4.104060351907569681e-01
2.982114354163193370e-01 2.769157202452324218e-01 2.769157202452324218e-01 3.085304536722667801e-01 2.314550249431378826e-01 2.553769592276246003e-01 2.428309321285913591e-01 2.982114354163193370e-01 2.868395685378603011e-01 2.982114354163193370e-01
3.373556005374159228e-01 2.667730931178757814e-01 3.075863145511689711e-01 3.198010745334156080e-01 3.096201893516237758e-01 3.298160486607625286e-01 2.667730931178757814e-01 3.096201893516237758e-01 3.459867633174417700e-01 2.886751345948128655e-01
3.872983346207417021e-01 3.872983346207417021e-01 4.027309620895456188e-01 3.950291315507966083e-01 3.950291315507966083e-01 4.027309620895456188e-01 4.104060351907569681e-01 3.950291315507966083e-01 4.104060351907569681e-01 4.027309620895456188e-01
2.428309321285913591e-01 2.422022425762922759e-01 2.055566129482594984e-01 1.910354371114777738e-01 2.307146302170009766e-01 2.545329892007747175e-01 2.645542597988017053e-01 2.428309321285913591e-01 2.769157202452324218e-01 2.667730931178757814e-01
2.965676299578222652e-01 2.314550249431378826e-01 2.055566129482594984e-01 2.778594651131056636e-01 3.176690436011329055e-01 2.553769592276246003e-01 2.965676299578222652e-01 2.667730931178757814e-01 2.538486572969332333e-01 2.973176584988665438e-01
2.982114354163193370e-01 2.982114354163193370e-01 3.396831102433787719e-01 3.096201893516237758e-01 3.459867633174417700e-01 3.286298931948165580e-01 3.286298931948165580e-01 3.459867633174417700e-01 3.198010745334156080e-01 3.198010745334156080e-01
3.872983346207417021e-01 4.027309620895456188e-01 3.950291315507966083e-01 4.027309620895456188e-01 3.872983346207417021e-01 3.950291315507966083e-01 3.872983346207417021e-01 4.104060351907569681e-01 3.872983346207417021e-01 3.872983346207417021e-01
2.436237221323316049e-01 2.553769592276246003e-01 2.538486572969332333e-01 2.545329892007747175e-01 2.886751345948128655e-01 1.910354371114777738e-01 2.187974872468418375e-01 2.049262078314239843e-01 2.436237221323316049e-01 2.886751345948128655e-01
2.876823898505308508e-01 2.436237221323316049e-01 2.778594651131056636e-01 2.886751345948128655e-01 2.545329892007747175e-01 2.982114354163193370e-01 2.778594651131056636e-01 2.436237221323316049e-01 3.085304536722667801e-01 2.553769592276246003e-01
3.286298931948165580e-01 3.286298931948165580e-01 3.198010745334156080e-01 3.198010745334156080e-01 3.198010745334156080e-01 3.198010745334156080e-01 2.992528008322898891e-01 3.373556005374159228e-01 3.198010745334156080e-01 3.198010745334156080e-01
3.872983346207417021e-01 3.872983346207417021e-01 3.950291315507966083e-01 3.872983346207417021e-01 3.872983346207417021e-01 3.872983346207417021e-01 3.872983346207417021e-01 3.872983346207417021e-01 3.950291315507966083e-01 3.950291315507966083e-01
1.916071155079756283e-01 2.778594651131056636e-01 2.187974872468418375e-01 2.187974872468418375e-01 2.553769592276246003e-01 2.436237221323316049e-01 2.553769592276246003e-01 2.436237221323316049e-01 2.778594651131056636e-01 2.667730931178757814e-01
1.762673980835867682e-01 2.187974872468418375e-01 2.055566129482594984e-01 1.767766952966368654e-01 1.608168802256692287e-01 2.055566129482594984e-01 2.181110620657698562e-01 2.055566129482594984e-01 1.767766952966368654e-01 2.187974872468418375e-01
2.667730931178757814e-01 2.553769592276246003e-01 2.769157202452324218e-01 2.886751345948128655e-01 2.886751345948128655e-01 2.778594651131056636e-01 2.436237221323316049e-01 2.769157202452324218e-01 2.992528008322898891e-01 2.667730931178757814e-01
3.396831102433787719e-01 2.992528008322898891e-01 3.198010745334156080e-01 3.085304536722667801e-01 3.198010745334156080e-01 2.992528008322898891e-01 3.396831102433787719e-01 3.286298931948165580e-01 2.886751345948128655e-01 2.982114354163193370e-01
3.872983346207417021e-01 3.872983346207417021e-01 3.872983346207417021e-01 3.872983346207417021e-01 3.872983346207417021e-01 3.872983346207417021e-01 3.872983346207417021e-01 3.872983346207417021e-01 3.872983346207417021e-01 3.872983346207417021e-01
4.043699008150901109e-01 4.119384675521737260e-01 4.299477771183227159e-01 3.797188488649572147e-01 4.377951427012383157e-01 4.205791155690332128e-01 3.879876825431777254e-01 4.205791155690332128e-01 4.205791155690332128e-01 4.124937157723242431e-01
3.432643645066432159e-01 3.432643645066432159e-01 3.055920014472837121e-01 3.521014198154639452e-01 3.702105314053771856e-01 3.616781416404024063e-01 3.259112221983247459e-01 2.954867420612470874e-01 3.333950788804653786e-01 2.954867420612470874e-01
3.061200225778883954e-01 3.343253990189948843e-01 2.951513807659690847e-01 3.160977114088217577e-01 3.355780276070121637e-01 3.160977114088217577e-01 3.147417554201754064e-01 3.437545673476168906e-01 3.348873433115685527e-01 3.437545673476168906e-01
2.529447422937042278e-01 2.951513807659690847e-01 2.744218960818912700e-01 3.049358014170244213e-01 3.150630189063022280e-01 2.176004619223926850e-01 2.954867420612470874e-01 2.954867420612470874e-01 2.954867420612470874e-01 3.247665548572946093e-01
2.545329892007747175e-01 2.749859704614351363e-01 2.527202682879792217e-01 2.851759127360150581e-01 2.545329892007747175e-01 2.187974872468418375e-01 1.767766952966368654e-01 2.851759127360150581e-01 2.545329892007747175e-01 2.187974872468418375e-01
1.910354371114777738e-01 2.538486572969332333e-01 2.307146302170009766e-01 2.314550249431378826e-01 2.042127985022271219e-01 2.297384003223846005e-01 3.067839141028033123e-01 2.545329892007747175e-01 2.428309321285913591e-01 1.608168802256692287e-01
2.538486572969332333e-01 2.754823994389106190e-01 2.761246335950638953e-01 2.533201985524494160e-01 2.861428476436934099e-01 2.417339168221464829e-01 2.954867420612470874e-01 2.754823994389106190e-01 2.658788791165819787e-01 2.172620473133703989e-01
2.314550249431378826e-01 2.181110620657698562e-01 2.417339168221464829e-01 2.301436544745808221e-01 2.176004619223926850e-01 2.545329892007747175e-01 1.762673980835867682e-01 2.422022425762922759e-01 2.314550249431378826e-01 2.181110620657698562e-01
2.414232047183809127e-01 1.603750747748960703e-01 2.294157338705617721e-01 1.237179148263483769e-01 1.429787751847174382e-01 1.234383259608906325e-01 2.055566129482594984e-01 1.762673980835867682e-01 2.301436544745808221e-01 2.049262078314239843e-01
2.414232047183809127e-01 2.761246335950638953e-01 2.187974872468418375e-01 2.436237221323316049e-01 2.181110620657698562e-01 2.049262078314239843e-01 2.297384003223846005e-01 2.538486572969332333e-01 2.754823994389106190e-01 2.314550249431378826e-01
2.049262078314239843e-01 2.187974872468418375e-01 1.916071155079756283e-01 2.181110620657698562e-01 1.916071155079756283e-01 2.533201985524494160e-01 1.603750747748960703e-01 1.762673980835867682e-01 1.601555331596182796e-01 2.049262078314239843e-01
1.767766952966368654e-01 1.762673980835867682e-01 1.767766952966368654e-01 1.762673980835867682e-01 2.049262078314239843e-01 1.234383259608906325e-01 1.916071155079756283e-01 1.904688453432656359e-01 1.006734082821036519e-01 7.094756547606032027e-02
2.428309321285913591e-01 2.307146302170009766e-01 2.307146302170009766e-01 2.181110620657698562e-01 2.545329892007747175e-01 2.181110620657698562e-01 1.767766952966368654e-01 2.428309321285913591e-01 2.307146302170009766e-01 2.428309321285913591e-01
2.187974872468418375e-01 1.608168802256692287e-01 1.433455447702489671e-01 1.767766952966368654e-01 1.608168802256692287e-01 1.608168802256692287e-01 1.608168802256692287e-01 1.767766952966368654e-01 1.762673980835867682e-01 1.762673980835867682e-01
1.910354371114777738e-01 1.433455447702489671e-01 1.433455447702489671e-01 1.006734082821036519e-01 7.094756547606032027e-02 1.608168802256692287e-01 1.608168802256692287e-01 1.910354371114777738e-01 1.767766952966368654e-01 1.910354371114777738e-01
1.006734082821036519e-01 1.237179148263483769e-01 1.005037815259212097e-01 1.429787751847174382e-01 1.237179148263483769e-01 1.429787751847174382e-01 1.234383259608906325e-01 1.005037815259212097e-01 1.005037815259212097e-01 1.433455447702489671e-01
1.916071155079756283e-01 1.767766952966368654e-01 1.608168802256692287e-01 1.767766952966368654e-01 1.608168802256692287e-01 1.429787751847174382e-01 1.608168802256692287e-01 1.762673980835867682e-01 1.237179148263483769e-01 1.237179148263483769e-01
1.006734082821036519e-01 1.433455447702489671e-01 2.055566129482594984e-01 1.608168802256692287e-01 1.916071155079756283e-01 1.237179148263483769e-01 1.237179148263483769e-01 1.608168802256692287e-01 1.006734082821036519e-01 1.433455447702489671e-01
1.603750747748960703e-01 1.433455447702489671e-01 1.608168802256692287e-01 7.094756547606032027e-02 1.234383259608906325e-01 1.005037815259212097e-01 1.237179148263483769e-01 1.005037815259212097e-01 1.006734082821036519e-01 1.433455447702489671e-01
1.234383259608906325e-01 1.006734082821036519e-01 0.000000000000000000e+00 1.006734082821036519e-01 7.094756547606032027e-02 1.005037815259212097e-01 1.237179148263483769e-01 7.094756547606032027e-02 1.006734082821036519e-01 7.094756547606032027e-02
