0.000000000000000000e+00 0.000000000000000000e+00 0.000000000000000000e+00 0.000000000000000000e+00 0.000000000000000000e+00
5.733333333333333615e-01 5.839999999999999636e-01 5.786666666666666625e-01 5.839999999999999636e-01 5.600000000000000533e-01
5.786666666666666625e-01 5.759999999999999565e-01 5.813333333333333686e-01 5.733333333333333615e-01 5.466666666666666341e-01
5.626666666666666483e-01 5.413333333333333330e-01 5.893333333333333757e-01 5.759999999999999565e-01 5.893333333333333757e-01
5.733333333333333615e-01 5.866666666666666696e-01 5.839999999999999636e-01 6.079999999999999849e-01 5.786666666666666625e-01
5.600000000000000533e-01 5.520000000000000462e-01 5.733333333333333615e-01 5.280000000000000249e-01 5.839999999999999636e-01
5.360000000000000320e-01 5.546666666666666412e-01 5.440000000000000391e-01 5.520000000000000462e-01 5.679999999999999494e-01
5.546666666666666412e-01 5.600000000000000533e-01 5.440000000000000391e-01 5.333333333333333259e-01 5.360000000000000320e-01
5.546666666666666412e-01 5.226666666666666128e-01 5.173333333333333117e-01 5.413333333333333330e-01 5.386666666666666270e-01
5.386666666666666270e-01 5.360000000000000320e-01 5.413333333333333330e-01 5.466666666666666341e-01 5.146666666666667167e-01
5.306666666666666199e-01 5.386666666666666270e-01 5.386666666666666270e-01 5.280000000000000249e-01 5.360000000000000320e-01
