0.000000000000000000e+00 0.000000000000000000e+00 0.000000000000000000e+00 0.000000000000000000e+00 0.000000000000000000e+00
5.722091418463497448e-01 5.837715741758208177e-01 5.550086918730986474e-01 5.650939274792485811e-01 5.689888020222294562e-01
5.583097291154893727e-01 5.707214827414190950e-01 5.679115235008351803e-01 5.516064485675465923e-01 5.747215543442837360e-01
5.242472457491645921e-01 5.283621193788068382e-01 5.563372300214405319e-01 5.421747967479674246e-01 5.398402162124270598e-01
5.425878752987011167e-01 5.636427222282011096e-01 5.585422043212545651e-01 5.442140898662637394e-01 5.477510015762182549e-01
5.183122942000305544e-01 4.889204070928998003e-01 5.468613298337708928e-01 5.257163158622544241e-01 5.337580288170310494e-01
5.018841543840247832e-01 4.820226861119054629e-01 4.713655057368374979e-01 4.991892911010558653e-01 4.950015265690512756e-01
4.478046244182631863e-01 4.519952679949368890e-01 4.167750446039374945e-01 4.310912607013069331e-01 4.104427461828183410e-01
4.316300629069638739e-01 4.344288393940826665e-01 4.333333080950905747e-01 4.371365041864989642e-01 4.477064038872157758e-01
4.220304877744323613e-01 4.367676622585439095e-01 4.267352989384349815e-01 4.591354418115533575e-01 4.213289629818007254e-01
4.373452778414931852e-01 4.321593616349493350e-01 4.096223883457925652e-01 4.086973571509653902e-01 4.339050751879698908e-01
