0.000000000000000000e+00 0.000000000000000000e+00 0.000000000000000000e+00 0.000000000000000000e+00 0.000000000000000000e+00
6.715818805046949169e-01 6.800941111346281431e-01 6.758408754203084623e-01 6.800941111346282542e-01 6.609084656743321462e-01
6.758408754203083513e-01 6.737121046856735518e-01 6.779682063997461983e-01 6.715818805046948059e-01 6.501965514792857892e-01
6.630461689974704864e-01 6.459005771444670252e-01 6.843416950292854350e-01 6.737121046856735518e-01 6.843416950292854350e-01
6.715818805046948059e-01 6.822186029581883693e-01 6.800941111346281431e-01 6.991652165261083018e-01 6.758408754203084623e-01
6.609084656743322572e-01 6.544860579110910459e-01 6.715818805046948059e-01 6.351314824506811840e-01 6.800941111346281431e-01
6.415980049844294264e-01 6.566284252824339251e-01 6.480493808345163531e-01 6.544860579110910459e-01 6.673170161175271398e-01
6.566284252824339251e-01 6.609084656743322572e-01 6.480493808345163531e-01 6.394442031083625855e-01 6.415980049844295374e-01
6.566284252824339251e-01 6.308118226187232613e-01 6.264850800741830206e-01 6.459005771444670252e-01 6.437501240560830063e-01
6.437501240560830063e-01 6.415980049844295374e-01 6.459005771444670252e-01 6.501965514792859002e-01 6.243190067763613182e-01
6.372887013660990529e-01 6.437501240560830063e-01 6.437501240560830063e-01 6.351314824506811840e-01 6.415980049844295374e-01
