0.000000000000000000e+00 0.000000000000000000e+00 0.000000000000000000e+00 0.000000000000000000e+00 0.000000000000000000e+00
3.632380492406223071e-01 3.823666422728834724e-01 3.721962223518138768e-01 3.803123436336949270e-01 3.451218817891217872e-01
3.759269138367868912e-01 3.692846081235759415e-01 3.798228696772534829e-01 3.651944622199369550e-01 3.260664913294396561e-01
3.641627611271596177e-01 3.292497497345678870e-01 3.958973274443148282e-01 3.782789279802267202e-01 3.997825847960990719e-01
3.834175296367095531e-01 4.110436313292941124e-01 3.973975824640166299e-01 4.371161493927421260e-01 3.963946428387840060e-01
3.752841678350957166e-01 3.664660360748167589e-01 3.945850611014186105e-01 3.263267216707066432e-01 4.142188523759255947e-01
3.476935060151865597e-01 3.776474395590396216e-01 3.521922469937188160e-01 3.752844035612029616e-01 3.980963213520081201e-01
3.867877457342382419e-01 3.936760564636716531e-01 3.670067651164982125e-01 3.470734743157165014e-01 3.549593790587937669e-01
3.878674065803306426e-01 3.293301699283532336e-01 3.195175020656270681e-01 3.639195691848199354e-01 3.607754692801073970e-01
3.577926821618455655e-01 3.540645868791563178e-01 3.654608649850438762e-01 3.744920009167851394e-01 3.153017676423057747e-01
3.428179985993750623e-01 3.614638413414059670e-01 3.592539336824504548e-01 3.420338864603615359e-01 3.543210179474909349e-01
