0.000000000000000000e+00 0.000000000000000000e+00 0.000000000000000000e+00 0.000000000000000000e+00 0.000000000000000000e+00
9.125773195876288879e-01 9.175257731958762486e-01 9.171134020618556537e-01 9.167010309278350588e-01 9.167010309278350588e-01
9.109278350515463973e-01 9.068041237113402264e-01 9.150515463917525683e-01 9.125773195876288879e-01 9.121649484536082930e-01
9.059793814432989256e-01 9.059793814432989256e-01 9.072164948453608213e-01 9.109278350515463973e-01 9.018556701030927547e-01
8.985567010309278846e-01 8.919587628865979223e-01 8.948453608247423086e-01 9.072164948453608213e-01 8.973195876288659889e-01
9.010309278350515649e-01 8.890721649484536471e-01 8.964948453608246881e-01 9.030927835051546504e-01 8.890721649484536471e-01
8.952577319587629034e-01 8.857731958762886659e-01 8.771134020618556182e-01 8.725773195876288524e-01 8.771134020618556182e-01
8.832989690721649856e-01 8.701030927835051720e-01 8.569072164948453585e-01 8.577319587628865483e-01 8.556701030927834628e-01
8.098969072164948768e-01 8.268041237113401554e-01 8.313402061855670322e-01 8.350515463917526082e-01 8.412371134020618646e-01
7.913402061855669967e-01 7.946391752577319778e-01 7.480412371134020910e-01 7.513402061855669611e-01 7.843298969072164395e-01
5.538144329896906859e-01 5.554639175257731765e-01 5.641237113402062242e-01 5.422680412371133629e-01 5.290721649484536604e-01
