0.000000000000000000e+00 0.000000000000000000e+00 0.000000000000000000e+00 0.000000000000000000e+00 0.000000000000000000e+00
9.134696991254547260e-01 9.176437848663558938e-01 9.168364674840120410e-01 9.202887578029790294e-01 9.160617682793882333e-01
9.178751533951897690e-01 9.170206629669959142e-01 9.128499080036582836e-01 9.103426406896474310e-01 9.118967353411466803e-01
9.072940687642268021e-01 9.068266359547113575e-01 9.127275786037888361e-01 9.116278244527089569e-01 9.027778079272584799e-01
9.087168559893950004e-01 9.012537325405723942e-01 9.012585178173531109e-01 9.025391389080921201e-01 9.028481894219432258e-01
9.043780131582783710e-01 8.941802616057309416e-01 9.091092988632519800e-01 9.059627326116451718e-01 8.898755644612770244e-01
9.024103294819225685e-01 8.887635790918825274e-01 8.879612676455526099e-01 8.852541702320163575e-01 8.848178487592349706e-01
8.881610971808917565e-01 8.943611973027156825e-01 8.723583530659638763e-01 8.714649375790604058e-01 8.782049971122963816e-01
8.312740249064962672e-01 8.340899028979050778e-01 8.591729657665615472e-01 8.346331315638190196e-01 8.606626578538415506e-01
8.126320291044553112e-01 8.371982970420537296e-01 7.611914998783044783e-01 8.345119129945670622e-01 8.313950405230448037e-01
6.873059034226457475e-01 5.825051280472386406e-01 6.420942046867509356e-01 5.552401419557849716e-01 5.462166156401069284e-01
