0.000000000000000000e+00 0.000000000000000000e+00 0.000000000000000000e+00 0.000000000000000000e+00 0.000000000000000000e+00
9.119454746035163817e-01 9.174002977100096379e-01 9.169523915858883711e-01 9.162222469010403714e-01 9.162771073256704701e-01
9.104107250237165605e-01 9.062991283616174121e-01 9.142975931643071430e-01 9.119263017812357930e-01 9.117268506674844897e-01
9.050107949111435568e-01 9.051350963994412302e-01 9.070658052575316654e-01 9.103863573122508157e-01 9.014480895371134173e-01
8.965475728283747170e-01 8.907956553517897280e-01 8.941694333481102763e-01 9.060851534111561412e-01 8.962061514360112335e-01
9.003530444930145649e-01 8.880723837968964585e-01 8.961512199493892883e-01 9.022082808807446730e-01 8.882967588044767826e-01
8.939321898457253113e-01 8.836938935724403255e-01 8.751285672863794440e-01 8.704173201524767478e-01 8.757210026411044179e-01
8.812455680169607453e-01 8.687736289612699725e-01 8.536387346975864432e-01 8.563841954408554225e-01 8.536868930190854021e-01
8.027493676077872564e-01 8.223540882466231494e-01 8.275720589562999274e-01 8.315147551840474938e-01 8.376175254247723023e-01
7.836012413088175865e-01 7.847912072895943947e-01 7.318453334563029822e-01 7.309998678033651220e-01 7.736050191740881932e-01
4.495099419697389243e-01 4.584796204888322291e-01 4.779378036227601712e-01 4.405766673001454414e-01 4.155043757762850731e-01
