0.000000000000000000e+00 0.000000000000000000e+00 0.000000000000000000e+00 0.000000000000000000e+00 0.000000000000000000e+00
9.465480343356100779e-01 9.493150397680345520e-01 9.481126525363773316e-01 9.506634329576572062e-01 9.475371935162367754e-01
9.492079122979343309e-01 9.490411974578115695e-01 9.458800602892996068e-01 9.446680195855704509e-01 9.460253888730418836e-01
9.433086546286297835e-01 9.425401319779118658e-01 9.458097948372297115e-01 9.455729546386357764e-01 9.404644627965418335e-01
9.436305089283425485e-01 9.392228138259328674e-01 9.396102304413177508e-01 9.407199239761274701e-01 9.406339862171093635e-01
9.422384281062207156e-01 9.347358185104003292e-01 9.433957194013977698e-01 9.416636646290935664e-01 9.323634067777435419e-01
9.407354797474075658e-01 9.324986733163098673e-01 9.307400698604006983e-01 9.291740965422802256e-01 9.289411181142475105e-01
9.318168700373226088e-01 9.356912288560045310e-01 9.225563286758106107e-01 9.223141035421904554e-01 9.268342915049734287e-01
9.018926027533552547e-01 9.012853536019955758e-01 9.159185138526696468e-01 8.999851637589534326e-01 9.173281648417515033e-01
8.876248022788741920e-01 9.054932206982960752e-01 8.585990102265955715e-01 9.014143588367791171e-01 8.983918780103166135e-01
8.198467153547016606e-01 7.605587709603416346e-01 7.836933697388908104e-01 7.367454163784288301e-01 7.478006700717578781e-01
