0.000000000000000000e+00 0.000000000000000000e+00 0.000000000000000000e+00 0.000000000000000000e+00 0.000000000000000000e+00
9.454408005034236062e-01 9.489732220452554712e-01 9.487827181250678699e-01 9.481387083895881362e-01 9.482303327116028413e-01
9.447731635543149542e-01 9.423022663605371552e-01 9.470588575019857069e-01 9.453447565019356125e-01 9.459080345191364092e-01
9.419101969208524272e-01 9.420574353555090097e-01 9.429361646744250924e-01 9.452720052735986700e-01 9.399302410778177519e-01
9.372184065395577912e-01 9.338788819342273007e-01 9.359420875102015813e-01 9.428354273680454867e-01 9.363613949839272310e-01
9.397145507662220121e-01 9.310286188976685251e-01 9.361537357726632536e-01 9.397563782874615024e-01 9.320995597669751165e-01
9.357339447159310764e-01 9.292880936933948233e-01 9.244873280124960013e-01 9.212975140708575816e-01 9.229465820449060942e-01
9.286648895211341292e-01 9.215746265952182714e-01 9.121628445419541764e-01 9.126497110642269872e-01 9.131412696258623951e-01
8.872879499563135486e-01 8.957108185555893165e-01 8.988805855816434098e-01 8.991002634710399954e-01 9.045871966818073151e-01
8.695659867825117351e-01 8.760856520547023463e-01 8.443731051393873477e-01 8.499573531105678592e-01 8.684837037990573716e-01
6.976568256017880998e-01 6.970398326674899225e-01 7.028667215052519790e-01 6.808289535717902963e-01 6.713843048428579374e-01
