0.000000000000000000e+00 0.000000000000000000e+00 0.000000000000000000e+00 0.000000000000000000e+00 0.000000000000000000e+00
8.902516305844104805e-01 8.960094335038416569e-01 8.943898254419774263e-01 8.996396876324154190e-01 8.939431528727006526e-01
8.965472245384302763e-01 8.955264000034290905e-01 8.902401051128230325e-01 8.876769147191586606e-01 8.892812158811614909e-01
8.841220093778167088e-01 8.825312882773571621e-01 8.896740930565152361e-01 8.893041317937933066e-01 8.778714438784843699e-01
8.862242203853010203e-01 8.752318901103663951e-01 8.762730058644052633e-01 8.779314609283875859e-01 8.786035995309501301e-01
8.807995535100856532e-01 8.688499558546681767e-01 8.846286445633806395e-01 8.814259842862252059e-01 8.618090646812479605e-01
8.780220951826863685e-01 8.617161838888115488e-01 8.598241917960082192e-01 8.579891255269181949e-01 8.569344146867683421e-01
8.610500039818796969e-01 8.684535446660993641e-01 8.432300805786259179e-01 8.420174367149015904e-01 8.486662991639299936e-01
7.965132371332140915e-01 7.973237699868093165e-01 8.271052829757300495e-01 7.957969763721601808e-01 8.298190582686827410e-01
7.734742052901493192e-01 8.076931311770679800e-01 7.176893158513713011e-01 8.022613526408612916e-01 7.976103540572736517e-01
6.557002486434193589e-01 5.690101325642172858e-01 6.071892170172527026e-01 5.482380098854009454e-01 5.639077460533746811e-01
