0.000000000000000000e+00 0.000000000000000000e+00 0.000000000000000000e+00 0.000000000000000000e+00 0.000000000000000000e+00
8.892231523220091027e-01 8.954633358183784475e-01 8.949845630259363194e-01 8.944148267764455706e-01 8.944279278404649869e-01
8.871483834244233702e-01 8.819546823400338242e-01 8.923737804688635089e-01 8.891669912101669571e-01 8.887714052739766890e-01
8.810689159127989001e-01 8.810683993426687843e-01 8.826386416641786026e-01 8.873531755331639514e-01 8.759881864085597991e-01
8.718725666423914333e-01 8.638340097611338919e-01 8.674690821953137121e-01 8.826995918187561241e-01 8.703240452656660908e-01
8.753069945605862490e-01 8.604622457514472522e-01 8.693415641018451545e-01 8.776441956886609219e-01 8.602185139147622284e-01
8.680249876800272268e-01 8.565602850278140057e-01 8.455722615113209217e-01 8.398077960599962255e-01 8.454523646744480647e-01
8.540879368707118280e-01 8.386559150221196690e-01 8.211266922884089547e-01 8.216544266773229133e-01 8.210606488800784586e-01
7.705626000160222810e-01 7.874390485560625041e-01 7.936273319080374700e-01 7.962910580785008685e-01 8.055432304551611855e-01
7.435986158530937251e-01 7.537303818474436756e-01 6.943480980342570108e-01 7.049954358525443165e-01 7.408605935148715460e-01
4.917860812774139667e-01 4.912316692381769045e-01 4.994795053008079244e-01 4.740061237787912551e-01 4.624755145071609008e-01
