0.000000000000000000e+00 0.000000000000000000e+00 0.000000000000000000e+00 0.000000000000000000e+00 0.000000000000000000e+00
9.493009060361281559e-01 9.482236065918953072e-01 9.488141606603347489e-01 9.505469843929967855e-01 9.482477346125224305e-01
9.467403460713480490e-01 9.434442885757322594e-01 9.422563616830862410e-01 9.452407471776391734e-01 9.446367113551019656e-01
9.426639845228096393e-01 9.405698686313229695e-01 9.472557704209971785e-01 9.442049698412482428e-01 9.450226493369909830e-01
9.287014835299141069e-01 9.369239335293509940e-01 9.346039531114167520e-01 9.396292599985138772e-01 9.463347874175798147e-01
9.328518116331998566e-01 9.433569840523171601e-01 9.371290453842402446e-01 9.345524180926675362e-01 9.294014267919298300e-01
9.377417155065691512e-01 9.132105216253592062e-01 9.267106450378260751e-01 9.306667344819735677e-01 9.319873600914648781e-01
9.220255404352123429e-01 9.148551371951467726e-01 9.121673831935329657e-01 9.188001388147692960e-01 9.264014763972263644e-01
9.208913169359757012e-01 8.885478890532584328e-01 9.174195120319501573e-01 8.971438143953071043e-01 8.940717436432155107e-01
8.530047497335982998e-01 8.861518703217422521e-01 8.825434127452750355e-01 8.965595376584641896e-01 8.706022908054433795e-01
8.037954310438915062e-01 7.616361601572200213e-01 7.049319141189533955e-01 7.659711021174603340e-01 7.418186886663855617e-01
