0.000000000000000000e+00 0.000000000000000000e+00 0.000000000000000000e+00 0.000000000000000000e+00 0.000000000000000000e+00
9.451140327699301125e-01 9.505922086067835064e-01 9.464109520376841056e-01 9.460674691234943756e-01 9.445722326123844326e-01
9.456462369755886943e-01 9.430155306313745545e-01 9.431038503243563964e-01 9.423213178538175638e-01 9.433420745179855738e-01
9.423508067787945697e-01 9.416048665495461156e-01 9.412241320714072046e-01 9.426731298209631849e-01 9.436710905051898246e-01
9.283178929238429244e-01 9.353788853241314927e-01 9.367244176251731114e-01 9.389697661658803485e-01 9.419933871893674260e-01
9.256633870145505316e-01 9.362066738774855734e-01 9.331857558455090018e-01 9.353540896968486340e-01 9.230515830233990693e-01
9.319086697589520352e-01 9.149324779536983643e-01 9.245759606752491644e-01 9.284254071889420645e-01 9.296228318384759381e-01
9.174867296332135380e-01 9.126894950448493082e-01 9.001725058778975441e-01 9.159689438956201135e-01 9.128309481138154879e-01
9.104851329740817345e-01 8.740645380329434833e-01 9.052580010386440668e-01 8.932114139295181943e-01 8.892594961385823504e-01
8.336393513794341237e-01 8.568249894421046120e-01 8.617990084653375238e-01 8.715915294037699379e-01 8.634873795773084781e-01
6.818788910887745303e-01 6.580223874773862835e-01 6.960746422481418616e-01 6.675675299527685791e-01 6.791730885814240004e-01
