0.000000000000000000e+00 0.000000000000000000e+00 0.000000000000000000e+00 0.000000000000000000e+00 0.000000000000000000e+00
8.666918150677934696e-01 8.540268599188596266e-01 8.386578228960834824e-01 8.553618486618502770e-01 8.355826926872496063e-01
8.261423161973152629e-01 8.741563004938319725e-01 8.569025557120812930e-01 8.116464537313288208e-01 8.534560395365751173e-01
8.284448097977171743e-01 8.270862367091358358e-01 8.037221814485254745e-01 8.261155320581641259e-01 8.334594598327184078e-01
9.009673740288998145e-01 7.920658310635100285e-01 8.422989961518985158e-01 8.201495492445283197e-01 8.856362286951283691e-01
8.484362624266722497e-01 8.347939100479710994e-01 8.647824212311508996e-01 8.298895711292069155e-01 8.488396106027156218e-01
8.391790713750137964e-01 8.140878393921290312e-01 8.885668085817893802e-01 8.349641870793351739e-01 8.586386306676261349e-01
8.080041488341049849e-01 9.247635760369904423e-01 8.944395882117878172e-01 8.736127468818607467e-01 7.409630150213400990e-01
7.875038713666436818e-01 7.967322285815262584e-01 8.979398577532846648e-01 8.565030155544665069e-01 7.844649874953564250e-01
7.426205414061864962e-01 8.350779934154535233e-01 8.118050201643665087e-01 8.480473836335028492e-01 7.487426302409905254e-01
6.672817329739587633e-01 7.300549958380986304e-01 7.726359289103512662e-01 7.506666254542651018e-01 8.236320675558304050e-01
