0.000000000000000000e+00 0.000000000000000000e+00 0.000000000000000000e+00 0.000000000000000000e+00 0.000000000000000000e+00
9.926315054665364457e-01 9.971929769267627863e-01 9.964912280701754277e-01 9.943859400300203433e-01 9.985964912280701489e-01
9.971929810737980571e-01 9.968421048743743018e-01 9.940350517349997306e-01 9.961403504020129862e-01 9.954385824517772985e-01
9.947368362735029557e-01 9.982456120911675779e-01 9.961403504020129862e-01 9.971929769267627863e-01 9.968421017641017068e-01
9.603048948914785221e-01 9.954385824517772985e-01 9.912278876593429988e-01 9.954385959296516706e-01 9.708570108570109269e-01
9.546577911949660766e-01 9.964912280701754277e-01 9.926315344961761378e-01 9.975438569276346978e-01 9.912277580575042935e-01
9.905258014008515577e-01 9.768311405237517508e-01 9.884205379888229004e-01 9.929824008462486695e-01 9.905261746589270055e-01
9.901750466869960743e-01 9.964912211584534552e-01 9.947368259058969597e-01 9.919294658709978396e-01 9.866653795823443485e-01
9.436909403168421973e-01 9.507617490611413036e-01 9.792921243940497789e-01 9.859626725298367145e-01 9.223936520730425803e-01
9.429870770708026484e-01 9.465145302192903287e-01 9.169985794023376435e-01 9.087373358004329216e-01 9.223442860504575957e-01
7.876985910789739975e-01 7.490829053558327733e-01 6.955487626727827610e-01 8.373853605924717058e-01 7.280131633072809416e-01
