0.000000000000000000e+00 0.000000000000000000e+00 0.000000000000000000e+00 0.000000000000000000e+00 0.000000000000000000e+00 0.000000000000000000e+00 0.000000000000000000e+00 0.000000000000000000e+00 0.000000000000000000e+00 0.000000000000000000e+00
9.179291562408161687e-01 9.488093407510229671e-01 9.488093407510229671e-01 9.078933662356883927e-01 9.177294689559963858e-01 9.488093407510229671e-01 9.088175653499482864e-01 9.591663046625438227e-01 9.067092427992297088e-01 9.177294689559963858e-01
9.288993651096384419e-01 8.528678631638891838e-01 8.962872974796982639e-01 9.381109482564372604e-01 9.385869568868144830e-01 9.383148632568364400e-01 9.177294689559963858e-01 9.383148632568364400e-01 8.976533419815885262e-01 9.065123389836394763e-01
8.763322465572727094e-01 8.662769360011235431e-01 8.983713864378799485e-01 9.071034356630658380e-01 8.796575122126912838e-01 7.764706274865671443e-01 9.071034356630658380e-01 8.970671299626157280e-01 9.068405833145559702e-01 9.175299119350551758e-01
8.918919369778136597e-01 9.177294689559963858e-01 8.526788200798505191e-01 8.861862597425677057e-01 8.890902093925210359e-01 9.385869568868144830e-01 9.272845888080438748e-01 9.073007249905873373e-01 9.289668306553648947e-01 9.074981431017159483e-01
9.177294689559963858e-01 9.488093407510229671e-01 8.164430313896505753e-01 9.172640382951831040e-01 8.509830700022553707e-01 9.071034356630658380e-01 9.071034356630658380e-01 9.172640382951831040e-01 8.633970960424557362e-01 8.175467475950422003e-01
7.493510323268500750e-01 7.812664170541415709e-01 9.110738519345731312e-01 8.327948079668957559e-01 9.177294689559963858e-01 8.786303245761384328e-01 9.279563882070444025e-01 8.763322465572727094e-01 9.387911825190164983e-01 9.387911825190164983e-01
9.177294689559963858e-01 7.515858029421672581e-01 9.076298267914610918e-01 7.213063150877321306e-01 8.063527195283003435e-01 8.146834298726659540e-01 7.833494518006403062e-01 9.180623535361904786e-01 8.867647733020022072e-01 8.781180783150928093e-01
8.685506326572265401e-01 8.808174156701475965e-01 8.238415256818213406e-01 6.868365684385709935e-01 9.185290010974394015e-01 9.192637442620166244e-01 9.385869568868144830e-01 8.968719810251782887e-01 8.780541105074453068e-01 9.279563882070444025e-01
8.970671299626157280e-01 9.279563882070444025e-01 7.726911394933922983e-01 9.488093407510229671e-01 9.488093407510229671e-01 9.279563882070444025e-01 8.577105549433732268e-01 9.179291562408161687e-01 9.284948802809199764e-01 9.283601693799162780e-01
8.874088968512346964e-01 8.058398751378368363e-01 7.448280957037468619e-01 9.078933662356883927e-01 8.467567183752680027e-01 7.163420006612023494e-01 8.361466080251859223e-01 9.090821410659899460e-01 7.714328847360435448e-01 8.885718649617010412e-01
7.925680322630583863e-01 8.414683813020434888e-01 8.859936733533018138e-01 9.297099231740850733e-01 8.195819065295267825e-01 8.077796158714593000e-01 8.454059010805956564e-01 7.743787287909584816e-01 9.177294689559963858e-01 8.512336539505611643e-01
9.381109482564372604e-01 8.971973000467315940e-01 9.180623535361904786e-01 9.174634218511289463e-01 8.077796158714593000e-01 8.790792761928674093e-01 8.109002395750078973e-01 7.835771327941003506e-01 8.781180783150928093e-01 7.602111922156450374e-01
8.999440290183310376e-01 8.423386302853226315e-01 7.438955000419638086e-01 7.643693786750593855e-01 8.127960073576800948e-01 8.215230749637076890e-01 7.605700927906228204e-01 8.454059010805956564e-01 8.002304995805998855e-01 8.367907853106080207e-01
8.331652408451597491e-01 8.602239978550315636e-01 7.349302844948046864e-01 7.101104440685985786e-01 8.153953584354433071e-01 7.643693786750593855e-01 7.643693786750593855e-01 8.302155390382016664e-01 8.363029317286597708e-01 9.096782822841684713e-01
8.528678631638891838e-01 8.519867360683190949e-01 8.357721860608823272e-01 7.860831483634551642e-01 6.817287571759429454e-01 8.270461876414642033e-01 6.995986008041975568e-01 8.493596508247851506e-01 8.598455724399060029e-01 8.611089371712641327e-01
8.189832110162594825e-01 7.682795908259388851e-01 9.284948802809199764e-01 7.876501439374673508e-01 7.952367188860232083e-01 8.129167883981502918e-01 9.177294689559963858e-01 8.274183677492433775e-01 8.421519210665189270e-01 7.454922902779164140e-01
6.805930802425455006e-01 8.061875564738135713e-01 7.707407170149909170e-01 8.048866036389503709e-01 7.317853388050535868e-01 8.467567183752680027e-01 7.269228862288188431e-01 7.404388256548137814e-01 8.688043722573394190e-01 7.933632757799681245e-01
7.899260336189497522e-01 7.250131227109234411e-01 7.442480278620302592e-01 7.910631408960675515e-01 8.583368497000221087e-01 8.368343572488956550e-01 7.859009104687231240e-01 7.279742316710247074e-01 7.171089446311585958e-01 7.598618576827952387e-01
7.643693786750593855e-01 7.865222575590524734e-01 7.508876793259591231e-01 8.029562879862942593e-01 7.067823458488969868e-01 6.587972557198673584e-01 7.788910195917838619e-01 8.186222929476051346e-01 8.250081362150329944e-01 8.180218217357649868e-01
7.621348915194795515e-01 7.751351445718912547e-01 7.779049985508692533e-01 6.433862426723541139e-01 7.764561597978830720e-01 7.675807311384074128e-01 8.619331167218409195e-01 7.712606450394667856e-01 7.902808333880038116e-01 8.399827805294969307e-01
8.619331167218409195e-01 7.069116057143527421e-01 7.428847722563800549e-01 7.568267853626707842e-01 7.276307125492602612e-01 8.198875988329706876e-01 7.372759908885897495e-01 6.368019510904713298e-01 6.599230935692294020e-01 7.545370128731310189e-01
7.427075080409498709e-01 7.416465809741044080e-01 7.054438752107867749e-01 6.193213612723642569e-01 6.983526757702849252e-01 8.809465772539007977e-01 7.079170909244696386e-01 8.256858116829443039e-01 6.302287394737562387e-01 7.239790578734796034e-01
6.476091339391730761e-01 8.250081362150329944e-01 6.622661785325218986e-01 7.171089446311585958e-01 6.746041547366893321e-01 6.679543918145642856e-01 6.448183705572618774e-01 7.363674865265303904e-01 6.181150999636870758e-01 8.098560165858514903e-01
7.806069311816939971e-01 7.428847722563800549e-01 7.360640904558197750e-01 8.913033372852684488e-01 7.099410003332609076e-01 8.719949976566320204e-01 7.493510323268500750e-01 7.525531483413706590e-01 7.192632810441753621e-01 5.956936585322722966e-01
6.724851421461959244e-01 6.460950257225338556e-01 7.363674865265303904e-01 6.934110834893421060e-01 6.441329074437188718e-01 6.650896707139174469e-01 7.466553054784136334e-01 7.484170156161815690e-01 7.336548237963247399e-01 8.523640274305577247e-01
7.101017407197188769e-01 6.610324576129391616e-01 7.333032039228827292e-01 5.272862921765641975e-01 7.101017407197188769e-01 6.465230449981792527e-01 6.950502328828754850e-01 7.457383734369721351e-01 7.210352201311924780e-01 7.196954484096300675e-01
6.505363111794831843e-01 7.895607595861918737e-01 7.388395187108907081e-01 6.231252903734488813e-01 7.333032039228827292e-01 7.303925660809247322e-01 6.041445928029443024e-01 6.976884213310325933e-01 6.783363092098310121e-01 7.324683617673182212e-01
7.333032039228827292e-01 6.263078377856859946e-01 7.012392595034174780e-01 6.814898073073465401e-01 7.533126348868528499e-01 7.238048918652963959e-01 7.693314687533110430e-01 6.406516704969721365e-01 7.223583799837351993e-01 6.668890731272882899e-01
6.762071767705070124e-01 5.929175301478806226e-01 7.303925660809247322e-01 6.547649023238861776e-01 6.870254211258011168e-01 7.233989928353338206e-01 7.167705526604652988e-01 7.846892216345119353e-01 7.533126348868528499e-01 6.713980332198391521e-01
5.916736262151378600e-01 7.314363987841945303e-01 7.696830560069846117e-01 7.114135560445877804e-01 7.428847722563800549e-01 7.004687321054402505e-01 7.988372657552225142e-01 7.414641280047086225e-01 7.647343243815677427e-01 6.736870825907486093e-01
7.276068751089989073e-01 6.172066804532321260e-01 5.794140837034532643e-01 6.466149118296080633e-01 6.073659223928506989e-01 6.122089983629528387e-01 6.027346319441504452e-01 7.020402985439802013e-01 6.870254211258011168e-01 7.102661986076040934e-01
7.147317876607710563e-01 5.813771222317335452e-01 6.188256567776214689e-01 6.544313774347746415e-01 5.835275923541024534e-01 6.870254211258011168e-01 5.513030543970910413e-01 7.005246778530718199e-01 6.460950257225338556e-01 5.860090386731192647e-01
5.948491037182870311e-01 7.236308514928373459e-01 6.215064951665767445e-01 6.996545768356161599e-01 5.673521058541753925e-01 6.449755071175442556e-01 5.476977641431134414e-01 6.619973907546856662e-01 5.871303778302883192e-01 5.934984650545188645e-01
6.463624381033900024e-01 6.877685540806605102e-01 6.486759748494604905e-01 6.032860589278149499e-01 6.710441119132349863e-01 7.147317876607710563e-01 5.968004292262183430e-01 6.623501945383631906e-01 7.235460544171989916e-01 5.792961555041326038e-01
7.018714102936207677e-01 6.683741645405523180e-01 5.966903098280519346e-01 5.212860351426868988e-01 6.606869705323888953e-01 7.087235552940555072e-01 6.531023565117106688e-01 6.370140063581174461e-01 5.891067720096339055e-01 6.072400809673487165e-01
6.526060571021188306e-01 6.130034224017747446e-01 6.344548411075116023e-01 7.143863675257383639e-01 6.435852218524314994e-01 6.032390589827827387e-01 5.948491037182870311e-01 7.333032039228827292e-01 5.864926110607351362e-01 6.445720640704584170e-01
9.588189693968866001e-01 9.177294689559963858e-01 9.279563882070444025e-01 9.379750787578238214e-01 9.488093407510229671e-01 8.762051036844153984e-01 8.549710543031195931e-01 9.076298267914610918e-01 8.867647733020022072e-01 9.383148632568364400e-01
8.897394173719741506e-01 9.279563882070444025e-01 8.881837010414844746e-01 8.958981431242181159e-01 9.488093407510229671e-01 9.284948802809199764e-01 8.650214615211041513e-01 8.651467633920476574e-01 7.608653109725360686e-01 8.592159717313062606e-01
9.174634218511289463e-01 9.082891061889107887e-01 8.251927913006179560e-01 8.587132857314367929e-01 8.760144930943601915e-01 9.177294689559963858e-01 9.078933662356883927e-01 8.688043722573394190e-01 8.493596508247851506e-01 9.283601693799162780e-01
8.767776828657376509e-01 7.324056534202028068e-01 8.254883809679678386e-01 9.273517030982059151e-01 8.587132857314367929e-01 9.175299119350551758e-01 8.265720945742288661e-01 8.381367975337123966e-01 9.169320210409226402e-01 7.770062230734474662e-01
8.105712240265244839e-01 8.559020237498866646e-01 8.594047067081530544e-01 8.867647733020022072e-01 8.081271353457127882e-01 8.598455724399060029e-01 8.158710156778428146e-01 8.274183677492433775e-01 7.555472042399589139e-01 8.270461876414642033e-01
7.402798153112376545e-01 9.385869568868144830e-01 8.102719766932462431e-01 6.378204048199341836e-01 8.296049516649983691e-01 8.983713864378799485e-01 8.854807228553318588e-01 8.519867360683190949e-01 8.669067266593752930e-01 8.879252075258116106e-01
7.018100265975372176e-01 7.769840719897845860e-01 8.781180783150928093e-01 8.143281641693682626e-01 9.179291562408161687e-01 8.065296353280366759e-01 8.074159643643019635e-01 7.846335626342095804e-01 8.763322465572727094e-01 8.381367975337123966e-01
8.387817280520563079e-01 8.102719766932462431e-01 7.896924658924899809e-01 8.583368497000221087e-01 7.168885346543862891e-01 8.486135075028837793e-01 7.952367188860232083e-01 9.185290010974394015e-01 7.969300427491811112e-01 6.301260378126043449e-01
8.877960453740589841e-01 8.990256516083092730e-01 7.766416625400356377e-01 7.317823439522272988e-01 8.657740905453151781e-01 8.059992369134353352e-01 8.978490015200727425e-01 8.450346663230844380e-01 8.549090976340064651e-01 7.265707713279402347e-01
7.902767741232984422e-01 8.331652408451597491e-01 7.608501639480592660e-01 7.768176104310677843e-01 7.154217594577949590e-01 8.194651785206903405e-01 7.479611501768301807e-01 7.615459718907996445e-01 7.589590297093971039e-01 7.782415746264408352e-01
8.472370845482548596e-01 8.252481340534013610e-01 6.796626669033123402e-01 7.647998277495126063e-01 8.559734748441031327e-01 7.883534604163179305e-01 7.833494518006403062e-01 7.810875079070178639e-01 8.798505112669490202e-01 8.579609082922375896e-01
7.197211309583878558e-01 8.086617485261756721e-01 7.728691857662327580e-01 7.735802118490102686e-01 9.078933662356883927e-01 6.060173022368250395e-01 7.135739907608608101e-01 8.777344810292316835e-01 7.355982006743070345e-01 7.196954484096300675e-01
7.279217882919358784e-01 7.666533460053353011e-01 7.397576490380783909e-01 6.692379598822347786e-01 7.419985160044519912e-01 8.242707535535808150e-01 7.885440161493816325e-01 6.722208548854660126e-01 8.067473868280244931e-01 7.001232342493597383e-01
7.654722779038187763e-01 8.611722516772259972e-01 7.631264252024020367e-01 8.043942051887864597e-01 6.855157044928529286e-01 7.189768307082974319e-01 8.684238461982404234e-01 8.121929086567268863e-01 6.102839960374820683e-01 8.565866707896064858e-01
8.048752303208421832e-01 8.045143806141509257e-01 6.535881019499679701e-01 6.907601071818235683e-01 8.074159643643019635e-01 6.084985419962887221e-01 7.299320087792198208e-01 7.656720464673568705e-01 8.302155390382016664e-01 7.675807311384074128e-01
7.066084954003253316e-01 7.444502099964399600e-01 6.493161732291822252e-01 6.904509632033648536e-01 6.956481795687561309e-01 7.677552672526436472e-01 7.189768307082974319e-01 6.977291260389600902e-01 8.007545287260702249e-01 7.012936760836028238e-01
6.778216808834733875e-01 6.540387660845384810e-01 7.735238592565589766e-01 7.221997123214253245e-01 6.087191409097576500e-01 6.587508853649124418e-01 7.602111922156450374e-01 5.559704607481665839e-01 7.552051986980719001e-01 7.237148771426736849e-01
7.521953292475195285e-01 7.764785845768908956e-01 7.004245278939263963e-01 5.569784704504602280e-01 7.228929878728269642e-01 6.935231137160184911e-01 6.456145186749896459e-01 8.256858116829443039e-01 7.331028545190870771e-01 6.807728388410408948e-01
6.169948993526724879e-01 7.735802118490102686e-01 7.260340288106856832e-01 7.016204418120203234e-01 7.899396710133941291e-01 6.716331397461065000e-01 6.861350265883321420e-01 6.924052485249464484e-01 6.276723007882094585e-01 7.117546798024045884e-01
4.759633346072058013e-01 6.797744362508472138e-01 7.224160740359804045e-01 4.701021335159573655e-01 7.201761968881063014e-01 6.778216808834733875e-01 6.800321205254966639e-01 7.336548237963247399e-01 5.596235820019149765e-01 7.333032039228827292e-01
7.793936865040304030e-01 7.152526721710762425e-01 4.090991040796092548e-01 5.736970116788007168e-01 6.905045426053935120e-01 6.591610026873571115e-01 7.075942729929446395e-01 6.796446936605856637e-01 6.158144332534084553e-01 7.109251746565147245e-01
7.106195041520285693e-01 7.174911692708499933e-01 7.475629505021658128e-01 7.264306588935964815e-01 6.382908020397655147e-01 6.325463955542989236e-01 6.302287394737562387e-01 6.046518841244470366e-01 7.276307125492602612e-01 7.726525395962767773e-01
5.973561329671739362e-01 7.172170561111721465e-01 7.415542719795946702e-01 6.471934002202317515e-01 5.928003319682788597e-01 6.728011060551228883e-01 7.594531093933030164e-01 6.470377063644316973e-01 6.643529622521945344e-01 7.211948734006881079e-01
6.364793578939133001e-01 5.853450759200140574e-01 8.065050839582168507e-01 6.267432484568312701e-01 6.257697417361379744e-01 4.454767686345076361e-01 6.374524510229665486e-01 6.084560742324982563e-01 6.980509320946767238e-01 7.187512890839029556e-01
6.046965493008304993e-01 5.702968597488290436e-01 7.264306588935964815e-01 6.042003383522842608e-01 5.333109795029248312e-01 5.565365460128005592e-01 6.624697532164907088e-01 6.534619300841257861e-01 6.015367480864970418e-01 5.560881881622740108e-01
5.707179022364811116e-01 6.291552969072482515e-01 7.307400136068381569e-01 5.705855925320866273e-01 5.506429067089428919e-01 7.155648625342954094e-01 6.360709655785938832e-01 6.447514156562683674e-01 6.366838492591554433e-01 6.731182406973184040e-01
5.749455167129003952e-01 7.278024113079051283e-01 5.934176181459052124e-01 5.564866749122019396e-01 7.143863675257383639e-01 4.853626716970755317e-01 6.156003447362896619e-01 5.818141985569479369e-01 5.651004646974525647e-01 5.934984650545188645e-01
7.333032039228827292e-01 5.594367293816807640e-01 6.352707905694394697e-01 6.052500270143196248e-01 6.918562835237556108e-01 5.279010917375485112e-01 6.538757100401594302e-01 4.532485535143294664e-01 6.413542285313926783e-01 6.573977683690798157e-01
6.223978534489739145e-01 4.020422005641731134e-01 6.239707631977706725e-01 5.970271994025014850e-01 4.364130108994912494e-01 6.453324568787012216e-01 4.854923611240251624e-01 5.766777451781377462e-01 7.018714102936207677e-01 4.759633346072058013e-01
5.130002872802413849e-01 4.518829259125484166e-01 4.728225672217408748e-01 5.335400157941372346e-01 4.374274296197548928e-01 4.063964958313674436e-01 4.452952389342227368e-01 4.650998331617239301e-01 4.375135300872550204e-01 5.705215730428933041e-01
