0.000000000000000000e+00 0.000000000000000000e+00 0.000000000000000000e+00 0.000000000000000000e+00 0.000000000000000000e+00 0.000000000000000000e+00 0.000000000000000000e+00 0.000000000000000000e+00 0.000000000000000000e+00 0.000000000000000000e+00
7.047835323419529008e-01 6.547537749449880984e-01 6.734633569739951753e-01 7.034864776800261454e-01 6.683673469387755306e-01 6.476448611823309998e-01 6.751015307716339287e-01 6.682391153043074628e-01 6.611274030628869758e-01 7.171863669325597712e-01
6.259249109345026429e-01 6.954076850984067804e-01 6.323884405821090793e-01 7.435897435897436125e-01 7.536864651124475234e-01 6.683673469387755306e-01 6.542553191489361986e-01 6.130952380952381375e-01 6.586473635653964376e-01 6.803040465012295535e-01
6.350254192275590626e-01 6.543388929175731894e-01 6.788724208079046640e-01 6.813725490196078649e-01 6.306818181818181213e-01 6.221775095014531187e-01 6.820512820512820706e-01 6.636128400587454346e-01 7.067669172932330435e-01 6.285714285714285587e-01
6.750000000000000444e-01 6.720720720720720909e-01 6.548907494384317296e-01 6.280256747351325997e-01 6.609285341679708159e-01 6.217443758427365630e-01 6.285714285714285587e-01 7.190550711677472506e-01 6.090635708790824721e-01 6.942104863798467251e-01
6.027777777777778567e-01 5.779220779220778370e-01 6.095537757437070603e-01 6.720720720720720909e-01 6.725886597236403475e-01 5.902987119758837942e-01 6.027777777777778567e-01 6.153846153846153078e-01 6.872180451127819500e-01 6.615511098931213807e-01
5.643603390498719286e-01 5.840991082975971471e-01 5.603354978354978533e-01 6.636128400587454346e-01 6.788724208079046640e-01 6.272466606056368299e-01 6.081118114551932186e-01 6.542553191489361986e-01 6.153846153846153078e-01 5.955086580086579318e-01
5.705602536997884666e-01 5.940469071822469527e-01 5.955086580086579318e-01 5.751633986928104125e-01 5.834401435529351643e-01 6.770988574267262639e-01 5.965238981998758350e-01 6.437380104138119563e-01 6.272466606056368299e-01 6.090635708790824721e-01
5.350803043110735624e-01 5.167905665214047595e-01 5.814442473224259444e-01 5.256941438377341624e-01 6.001025378108177932e-01 6.401958697040663893e-01 6.065932650827376982e-01 6.221775095014531187e-01 6.388888888888888395e-01 5.024781981303720890e-01
5.477831889191069337e-01 4.520798973795125408e-01 5.001281722635221305e-01 5.985281555949799603e-01 6.027049873203719210e-01 5.061959026091289449e-01 5.751633986928104125e-01 6.113215068766194582e-01 5.603354978354978533e-01 5.289855072463768293e-01
4.935378146063941207e-01 5.604465709728867484e-01 5.581699346405228912e-01 5.898525529585989524e-01 5.250692869740488655e-01 5.563711287103213499e-01 5.228897044620436363e-01 5.376016260162601590e-01 4.861660079051383643e-01 4.903209997549620169e-01
5.677269590313067660e-01 5.422231080991295471e-01 5.187903883556057583e-01 5.731118408344602067e-01 4.327272727272727382e-01 5.581699346405228912e-01 4.666988416988416821e-01 5.794513457556935698e-01 5.563711287103213499e-01 4.484848484848484862e-01
5.287250384024577698e-01 4.464767616191904209e-01 4.733659834330975480e-01 4.997251236943375252e-01 5.352564102564102422e-01 5.385764991593497975e-01 5.156068657992791682e-01 4.396551724137930384e-01 5.160089352196575163e-01 4.298245614035087758e-01
4.666988416988416821e-01 5.127496159754223459e-01 5.032051282051281937e-01 4.396551724137930384e-01 4.327272727272727382e-01 5.642274365947756998e-01 5.090155945419103656e-01 4.520798973795125408e-01 4.903209997549620169e-01 4.103604678920983462e-01
4.464767616191904209e-01 4.483294483294483213e-01 4.980694980694980734e-01 4.327894327894327708e-01 4.866030743058509800e-01 4.376351838500359692e-01 4.532564287430905781e-01 3.584636423092930624e-01 4.443441093251460083e-01 4.085249042145593368e-01
3.833017077798861472e-01 4.220139389569814714e-01 3.230769230769230393e-01 4.141366223908918287e-01 4.357571793804625448e-01 4.286053694464243558e-01 3.987191650853890157e-01 4.059699721084801816e-01 4.576455650281153753e-01 3.739223497235269478e-01
4.273809523809524169e-01 3.536931818181817677e-01 3.461151547428842346e-01 3.532338308457712017e-01 3.844696969696970168e-01 3.919838967497484283e-01 4.396551724137930384e-01 3.977191732002851587e-01 3.678842504743833342e-01 3.905406207346744929e-01
3.133938638656459386e-01 2.916370528310826549e-01 3.768862062843955085e-01 3.307296289721285421e-01 3.690814393939393923e-01 2.437781109445277261e-01 3.307296289721285421e-01 3.692307692307692513e-01 4.213993234822859257e-01 3.050605844618674567e-01
