0.000000000000000000e+00 0.000000000000000000e+00 0.000000000000000000e+00 0.000000000000000000e+00 0.000000000000000000e+00 0.000000000000000000e+00 0.000000000000000000e+00 0.000000000000000000e+00 0.000000000000000000e+00 0.000000000000000000e+00
8.054245283018868218e-01 7.220911949685534514e-01 7.590408805031445549e-01 7.551100628930818015e-01 7.201257861635219637e-01 7.287735849056603543e-01 7.362421383647799189e-01 7.315251572327043927e-01 7.040094339622642305e-01 7.759433962264150608e-01
7.374213836477987449e-01 7.617924528301887044e-01 7.421383647798742711e-01 8.176100628930818015e-01 8.109276729559748986e-01 7.201257861635219637e-01 7.334905660377357695e-01 7.279874213836478036e-01 7.610062893081761537e-01 7.637578616352200811e-01
6.965408805031445549e-01 6.992924528301887044e-01 7.751572327044025101e-01 7.523584905660377631e-01 7.535377358490565891e-01 6.871069182389937247e-01 7.409591194968554451e-01 7.771226415094338869e-01 7.940251572327043927e-01 6.918238993710691398e-01
7.979559748427672572e-01 7.704402515723269840e-01 7.838050314465407897e-01 6.804245283018868218e-01 7.382075471698112956e-01 7.099056603773584717e-01 6.918238993710691398e-01 8.148584905660377631e-01 7.004716981132075304e-01 7.731918238993711334e-01
6.957547169811320042e-01 6.768867924528301216e-01 6.890723270440251014e-01 7.704402515723269840e-01 8.093553459119496862e-01 6.863207547169811740e-01 6.957547169811320042e-01 7.051886792452830566e-01 7.684748427672956073e-01 7.885220125786163159e-01
6.788522012578616094e-01 6.816037735849056478e-01 6.513364779874213362e-01 7.771226415094338869e-01 7.751572327044025101e-01 7.260220125786163159e-01 7.118710691823899595e-01 7.334905660377357695e-01 7.051886792452830566e-01 7.024371069182389071e-01
6.835691823899370245e-01 7.138364779874213362e-01 7.024371069182389071e-01 6.996855345911949797e-01 7.319182389937106681e-01 7.865566037735849392e-01 6.910377358490565891e-01 7.629716981132075304e-01 7.260220125786163159e-01 7.004716981132075304e-01
6.438679245283018826e-01 6.297169811320755262e-01 7.044025157232705059e-01 6.894654088050313767e-01 7.574685534591194536e-01 7.354559748427672572e-01 7.621855345911949797e-01 6.871069182389937247e-01 7.468553459119496862e-01 6.316823899371069029e-01
6.922169811320755262e-01 5.939465408805031377e-01 6.041666666666667407e-01 7.299528301886792914e-01 7.460691823899370245e-01 6.477987421383648581e-01 6.996855345911949797e-01 7.393867924528301216e-01 6.513364779874213362e-01 6.391509433962263564e-01
6.383647798742138058e-01 7.016509433962263564e-01 6.741352201257861942e-01 7.366352201257861942e-01 6.619496855345912145e-01 6.855345911949686233e-01 6.344339622641509413e-01 6.713836477987421558e-01 6.061320754716981174e-01 6.497641509433962348e-01
7.338836477987421558e-01 6.371855345911949797e-01 6.572327044025156884e-01 7.110849056603774088e-01 5.797955974842766702e-01 6.741352201257861942e-01 6.470125786163521964e-01 7.158018867924528239e-01 6.855345911949686233e-01 6.053459119496855667e-01
7.055817610062893319e-01 6.328616352201257289e-01 6.517295597484276115e-01 6.705974842767294941e-01 7.102987421383648581e-01 6.988993710691824290e-01 6.961477987421383906e-01 6.281446540880503138e-01 6.686320754716981174e-01 5.636792452830188260e-01
6.470125786163521964e-01 6.800314465408805464e-01 6.591981132075471761e-01 6.281446540880503138e-01 5.797955974842766702e-01 7.177672955974843116e-01 6.914308176100629755e-01 5.939465408805031377e-01 6.497641509433962348e-01 5.931603773584905870e-01
6.328616352201257289e-01 6.489779874213836841e-01 6.981132075471698784e-01 6.234276729559747876e-01 6.611635220125786638e-01 6.120283018867924696e-01 6.375786163522012551e-01 5.279088050314465486e-01 6.167452830188678847e-01 5.770440251572327428e-01
5.904088050314465486e-01 5.864779874213836841e-01 5.365566037735849392e-01 6.415094339622641195e-01 6.556603773584905870e-01 6.509433962264150608e-01 6.159591194968553340e-01 6.206761006289308602e-01 6.261792452830188260e-01 5.534591194968553340e-01
6.348270440251572166e-01 5.715408805031446660e-01 5.668238993710691398e-01 5.554245283018868218e-01 6.226415094339622369e-01 6.273584905660377631e-01 6.281446540880503138e-01 5.998427672955974899e-01 5.648584905660377631e-01 5.951257861635219637e-01
5.801886792452830566e-01 5.176886792452830566e-01 6.179245283018868218e-01 5.573899371069181985e-01 5.970911949685534514e-01 5.424528301886792914e-01 5.573899371069181985e-01 6.132075471698112956e-01 6.462264150943396457e-01 5.754716981132075304e-01
