0.000000000000000000e+00 0.000000000000000000e+00 0.000000000000000000e+00 0.000000000000000000e+00 0.000000000000000000e+00
8.364779874213836841e-01 7.806603773584905870e-01 7.834119496855346254e-01 7.665094339622642305e-01 8.337264150943396457e-01
8.223270440251573277e-01 8.014937106918238463e-01 7.786949685534592103e-01 7.967767295597484312e-01 7.484276729559748986e-01
7.342767295597484312e-01 7.834119496855346254e-01 7.900943396226415283e-01 7.881289308176100405e-01 7.759433962264150608e-01
7.995283018867924696e-01 7.739779874213836841e-01 7.928459119496855667e-01 7.692610062893081579e-01 7.558962264150943522e-01
7.739779874213836841e-01 7.720125786163521964e-01 7.995283018867924696e-01 7.437106918238993725e-01 7.806603773584905870e-01
7.955974842767294941e-01 7.908805031446540790e-01 7.747641509433962348e-01 7.720125786163521964e-01 8.117138364779874493e-01
5.817610062893081579e-01 7.586477987421383906e-01 7.464622641509434109e-01 7.209119496855346254e-01 7.189465408805031377e-01
6.725628930817609819e-01 6.733490566037736436e-01 7.095125786163521964e-01 6.100628930817609819e-01 7.653301886792452935e-01
6.639150943396225912e-01 7.841981132075471761e-01 7.566823899371069029e-01 7.311320754716981174e-01 5.852987421383647471e-01
6.316823899371069029e-01 6.847484276729559616e-01 5.966981132075471761e-01 7.197327044025156884e-01 6.108490566037736436e-01
