0.000000000000000000e+00 0.000000000000000000e+00 0.000000000000000000e+00 0.000000000000000000e+00 0.000000000000000000e+00
5.030517067566860900e-01 5.346943430249294638e-01 5.604452931033387930e-01 4.239922075151181247e-01 4.877230985533083651e-01
6.025775887911970496e-01 4.788328552245759706e-01 5.157472022423362779e-01 5.537857404279094009e-01 4.587449846168695777e-01
4.837590973364379043e-01 5.872485885438296638e-01 5.105269583060553229e-01 5.246588132942173743e-01 5.916651510363192257e-01
4.548077973247232064e-01 4.258966588159946443e-01 5.400943396226415283e-01 5.070115475253229587e-01 4.726333427138369458e-01
4.894991435877504848e-01 4.726333427138369458e-01 4.204962368539655881e-01 3.837333427413152642e-01 5.705828059747384273e-01
6.106733869175545726e-01 3.962120325036028179e-01 3.082487814309357588e-01 1.553751608577329801e-01 6.213659357190746135e-01
1.094694988921586648e-01 2.733020087053869562e-01 3.962120325036028179e-01 4.487193009321937542e-01 4.742697966452367186e-01
0.000000000000000000e+00 1.016097344201372099e-01 1.256555651932186324e-01 6.216238919832986487e-02 3.540007166546123019e-01
1.850343916632559982e-01 4.578685464956300799e-01 5.381612085042899452e-01 3.256768651477716658e-01 -4.189457924451078785e-02
0.000000000000000000e+00 3.002652649078356439e-02 0.000000000000000000e+00 2.141239281438989117e-01 1.850343916632559982e-01
