0.000000000000000000e+00 0.000000000000000000e+00 0.000000000000000000e+00 0.000000000000000000e+00 0.000000000000000000e+00
7.771428571428571352e-01 7.771428571428571352e-01 7.828571428571428070e-01 7.828571428571428070e-01 7.771428571428571352e-01
7.428571428571428825e-01 7.657142857142856807e-01 7.600000000000000089e-01 7.600000000000000089e-01 7.142857142857143016e-01
7.942857142857142616e-01 6.800000000000000488e-01 8.114285714285713880e-01 7.542857142857143371e-01 7.542857142857143371e-01
7.542857142857143371e-01 8.399999999999999689e-01 8.285714285714286254e-01 6.857142857142857206e-01 7.885714285714285898e-01
7.600000000000000089e-01 8.000000000000000444e-01 7.485714285714285543e-01 8.000000000000000444e-01 8.285714285714286254e-01
8.514285714285714235e-01 7.657142857142856807e-01 8.285714285714286254e-01 7.485714285714285543e-01 7.542857142857143371e-01
7.771428571428571352e-01 7.885714285714285898e-01 8.342857142857142971e-01 8.457142857142857517e-01 7.885714285714285898e-01
8.571428571428570953e-01 6.514285714285714679e-01 6.628571428571428115e-01 6.914285714285713924e-01 7.885714285714285898e-01
8.457142857142857517e-01 7.142857142857143016e-01 7.714285714285714635e-01 7.828571428571428070e-01 8.514285714285714235e-01
6.457142857142856851e-01 6.914285714285713924e-01 6.914285714285713924e-01 8.514285714285714235e-01 6.457142857142856851e-01
