0.000000000000000000e+00 0.000000000000000000e+00 0.000000000000000000e+00 0.000000000000000000e+00 0.000000000000000000e+00
7.736606146409280571e-01 7.746530216338096686e-01 7.808962918746696902e-01 7.807050312036351025e-01 7.720963064713064483e-01
7.399383314022324187e-01 7.622439188328357096e-01 7.564011331598351484e-01 7.579355246523388212e-01 7.086312399355877423e-01
7.936008412325886718e-01 6.727845834228812771e-01 8.113526570048309461e-01 7.507277691983417212e-01 7.503273955162383935e-01
7.476655958919092848e-01 8.406735228876790478e-01 8.290673990735725196e-01 6.805449775746805763e-01 7.878993016161158769e-01
7.584178486136538000e-01 7.992477140219967913e-01 7.465693332322951292e-01 7.991528628696769054e-01 8.282074376400094806e-01
8.520201311482870077e-01 7.637766028009930208e-01 8.337606837606837962e-01 7.472176610107643668e-01 7.519918551696790354e-01
7.763285024154589209e-01 7.874604544147253415e-01 8.369130428887171513e-01 8.456580099631049174e-01 7.923738854823897393e-01
8.579301457350236859e-01 6.459238355961294253e-01 6.532731554675046404e-01 6.835797561756034035e-01 7.891329510888583920e-01
8.464649348177751831e-01 7.075837081459269706e-01 7.708234890897429636e-01 7.710874375997117669e-01 8.532718579234971346e-01
6.221689964230459058e-01 6.825265465991176006e-01 6.819778903927984359e-01 8.524315908036838030e-01 6.218758733580868059e-01
