0.000000000000000000e+00 0.000000000000000000e+00 0.000000000000000000e+00 0.000000000000000000e+00 0.000000000000000000e+00
9.733986732006534304e-01 9.667260843731432240e-01 9.667260843731432240e-01 9.733986732006534304e-01 9.733986732006534304e-01
9.733313331333133256e-01 9.667260843731432240e-01 9.733986732006534304e-01 9.799960388195683159e-01 9.800653398673201400e-01
9.667260843731432240e-01 9.667980131346468609e-01 9.666666666666666741e-01 9.933326665999934191e-01 9.468640197353068721e-01
9.733226623982926817e-01 9.667980131346468609e-01 9.668463246826631829e-01 9.733986732006534304e-01 9.667920501533947553e-01
9.601901366607249466e-01 9.402029814400948426e-01 9.667980131346468609e-01 9.537085403936998995e-01 9.405708675222665960e-01
9.407046657046658211e-01 9.406409986675082768e-01 9.401861754802931515e-01 9.401803536858154287e-01 9.141267503565000396e-01
9.405708675222665960e-01 9.061335043300235981e-01 9.257040556358879790e-01 9.596851068602005874e-01 9.339084087243145760e-01
9.210094029681658023e-01 8.869829681250180897e-01 8.784180134325915157e-01 9.068162393162393364e-01 9.537878787878787401e-01
8.252028571881262486e-01 8.335630916276076663e-01 8.706343982823884220e-01 8.722895997806466850e-01 8.277140918767811328e-01
7.875816993464050952e-01 8.133457209657889431e-01 7.486473070240755590e-01 7.892594432713672115e-01 7.309364756043249534e-01
