0.000000000000000000e+00 0.000000000000000000e+00 0.000000000000000000e+00 0.000000000000000000e+00 0.000000000000000000e+00
9.733188165920482193e-01 9.799960388195683159e-01 9.667260843731432240e-01 9.733986732006534304e-01 9.733986732006534304e-01
9.800653398673201400e-01 9.667260843731432240e-01 9.667260843731432240e-01 9.800653398673201400e-01 9.800653398673201400e-01
9.734600911071500384e-01 9.733986732006534304e-01 9.800653398673201400e-01 9.867300455535749082e-01 9.733986732006534304e-01
9.602200968180349960e-01 9.800653398673201400e-01 9.735740450026163506e-01 9.734600911071500384e-01 9.735032054619683350e-01
9.866659999333267095e-01 9.735740450026163506e-01 9.735032054619683350e-01 9.734587168200613538e-01 9.801215376804836010e-01
9.537878787878787401e-01 9.670149846880331523e-01 9.536377444059386255e-01 9.538465656798873482e-01 9.468520328735383629e-01
9.735740450026163506e-01 9.468520328735383629e-01 9.464368740160118421e-01 9.339087413621575129e-01 9.668463246826631829e-01
9.014343483688868064e-01 9.279884723433111660e-01 9.468520328735383629e-01 9.015558476827282286e-01 9.405847373969811187e-01
8.087454832881663114e-01 8.246104178307568366e-01 8.036891207927413516e-01 8.786423114973126447e-01 7.811042004590391663e-01
5.522403853906313609e-01 5.996401259559154262e-01 5.479522220123013154e-01 6.271656271656271819e-01 5.860748991678782494e-01
