0.000000000000000000e+00 0.000000000000000000e+00 0.000000000000000000e+00 0.000000000000000000e+00 0.000000000000000000e+00
9.799773240006911523e-01 9.749643868139776792e-01 9.749643868139776792e-01 9.799773240006911523e-01 9.799773240006911523e-01
9.799773240006911523e-01 9.749643868139776792e-01 9.799773240006911523e-01 9.849873095629201325e-01 9.849873095629201325e-01
9.749643868139776792e-01 9.749643868139776792e-01 9.749643868139776792e-01 9.949986041307908868e-01 9.599074029416703180e-01
9.799773240006911523e-01 9.749643868139776792e-01 9.749643868139776792e-01 9.799773240006911523e-01 9.749643868139776792e-01
9.699484522385712904e-01 9.548821916864927983e-01 9.749643868139776792e-01 9.649294735310393056e-01 9.548821916864927983e-01
9.548821916864927983e-01 9.548821916864927983e-01 9.548821916864927983e-01 9.548821916864927983e-01 9.347489264800230568e-01
9.548821916864927983e-01 9.297072418538835370e-01 9.448221466968736992e-01 9.699484522385712904e-01 9.498537899183338018e-01
9.397872099576584093e-01 9.145612184114424448e-01 9.095053600721657583e-01 9.297072418538836480e-01 9.649294735310393056e-01
8.689201472069929544e-01 8.740073734751262480e-01 9.044458094447794805e-01 9.044458094447793695e-01 8.740073734751262480e-01
8.434189679842133414e-01 8.587329166989129403e-01 8.075202095854251416e-01 8.434189679842133414e-01 7.972173828734264722e-01
