0.000000000000000000e+00 0.000000000000000000e+00 0.000000000000000000e+00 0.000000000000000000e+00 0.000000000000000000e+00
9.799773240006911523e-01 9.849873095629201325e-01 9.749643868139776792e-01 9.799773240006911523e-01 9.799773240006911523e-01
9.849873095629201325e-01 9.749643868139776792e-01 9.749643868139776792e-01 9.849873095629201325e-01 9.849873095629201325e-01
9.799773240006911523e-01 9.799773240006911523e-01 9.849873095629201325e-01 9.899943883118170751e-01 9.799773240006911523e-01
9.699484522385712904e-01 9.849873095629201325e-01 9.799773240006911523e-01 9.799773240006911523e-01 9.799773240006911523e-01
9.899943883118170751e-01 9.799773240006911523e-01 9.799773240006911523e-01 9.799773240006911523e-01 9.849873095629201325e-01
9.649294735310393056e-01 9.749643868139776792e-01 9.649294735310393056e-01 9.649294735310394167e-01 9.599074029416703180e-01
9.799773240006911523e-01 9.599074029416703180e-01 9.599074029416703180e-01 9.498537899183338018e-01 9.749643868139776792e-01
9.246621004453464687e-01 9.448221466968738103e-01 9.599074029416703180e-01 9.246621004453464687e-01 9.548821916864927983e-01
8.536327599670064936e-01 8.689201472069928434e-01 8.485281374238571317e-01 9.095053600721657583e-01 8.383051685129678798e-01
6.769047200308179191e-01 7.033886234191989439e-01 6.715818805046948059e-01 7.244308110509932730e-01 6.981085557100382699e-01
