0.000000000000000000e+00 0.000000000000000000e+00 0.000000000000000000e+00 0.000000000000000000e+00 0.000000000000000000e+00
3.170731707317073211e-01 3.488372093023255904e-01 3.665158371040724838e-01 5.000000000000000000e-01 5.087719298245614308e-01
4.285714285714286031e-01 4.895833333333333703e-01 4.285714285714286031e-01 3.488372093023255904e-01 3.170731707317073211e-01
3.170731707317073211e-01 3.170731707317073211e-01 3.170731707317073211e-01 3.488372093023255904e-01 3.170731707317073211e-01
4.285714285714286031e-01 3.170731707317073211e-01 3.170731707317073211e-01 5.354449472096531881e-01 3.488372093023255904e-01
4.285714285714286031e-01 3.488372093023255904e-01 3.170731707317073211e-01 5.087719298245614308e-01 3.488372093023255904e-01
4.285714285714286031e-01 3.170731707317073211e-01 3.170731707317073211e-01 4.285714285714286031e-01 5.618776671408250989e-01
4.991869918699187170e-01 3.488372093023255904e-01 4.285714285714286031e-01 5.354449472096531881e-01 3.488372093023255904e-01
3.488372093023255904e-01 3.488372093023255904e-01 3.488372093023255904e-01 4.285714285714286031e-01 3.170731707317073211e-01
3.488372093023255904e-01 3.170731707317073211e-01 4.285714285714286031e-01 3.488372093023255904e-01 3.488372093023255904e-01
3.170731707317073211e-01 3.488372093023255904e-01 3.488372093023255904e-01 3.488372093023255904e-01 3.488372093023255904e-01
