0.000000000000000000e+00 0.000000000000000000e+00 0.000000000000000000e+00 0.000000000000000000e+00 0.000000000000000000e+00
0.000000000000000000e+00 0.000000000000000000e+00 -1.986145305747393300e-02 5.128205128205128201e-03 3.224903099319419431e-01
2.067245576486807790e-01 2.738133656056356696e-02 2.067245576486807790e-01 0.000000000000000000e+00 0.000000000000000000e+00
0.000000000000000000e+00 0.000000000000000000e+00 0.000000000000000000e+00 0.000000000000000000e+00 0.000000000000000000e+00
2.067245576486807790e-01 0.000000000000000000e+00 0.000000000000000000e+00 2.338821384818744464e-01 0.000000000000000000e+00
2.067245576486807790e-01 0.000000000000000000e+00 0.000000000000000000e+00 1.268783070258937828e-01 0.000000000000000000e+00
2.067245576486807790e-01 0.000000000000000000e+00 0.000000000000000000e+00 2.067245576486807790e-01 3.800584750330459616e-01
2.979217958621089846e-01 0.000000000000000000e+00 2.067245576486807790e-01 2.338821384818744464e-01 0.000000000000000000e+00
0.000000000000000000e+00 0.000000000000000000e+00 0.000000000000000000e+00 2.067245576486807790e-01 0.000000000000000000e+00
0.000000000000000000e+00 0.000000000000000000e+00 2.067245576486807790e-01 0.000000000000000000e+00 0.000000000000000000e+00
0.000000000000000000e+00 0.000000000000000000e+00 0.000000000000000000e+00 0.000000000000000000e+00 0.000000000000000000e+00
