0.000000000000000000e+00 0.000000000000000000e+00 0.000000000000000000e+00 0.000000000000000000e+00 0.000000000000000000e+00 0.000000000000000000e+00 0.000000000000000000e+00 0.000000000000000000e+00 0.000000000000000000e+00 0.000000000000000000e+00
9.653876627051500847e-01 9.509777288800149719e-01 9.511695177674560631e-01 9.722018572825024130e-01 9.170363797692990815e-01 9.515508227582530898e-01 9.509777288800149719e-01 9.582978723404256272e-01 9.370156574231277569e-01 9.299514390798347963e-01
9.512016600641387543e-01 9.239028564443176883e-01 8.891796034653177694e-01 9.438435104414485410e-01 9.582978723404256272e-01 8.737303280106069048e-01 9.651882769463956402e-01 9.373708699123310950e-01 9.585612644998199317e-01 9.512016600641387543e-01
9.721353123890060788e-01 9.509777288800149719e-01 9.509777288800149719e-01 9.376764961442379809e-01 9.509777288800149719e-01 8.591748480598410120e-01 8.820806100217865042e-01 9.167093360641747068e-01 9.027776201146827662e-01 8.869071178271695777e-01
9.509777288800149719e-01 9.509777288800149719e-01 9.370239908606244894e-01 8.496302484606578220e-01 9.026557711950969898e-01 8.318759481130614253e-01 8.723704448993280236e-01 9.369706582077715895e-01 9.234797412325502775e-01 9.510785345051862016e-01
8.742726858185134731e-01 9.227535390901726586e-01 8.378902682513590383e-01 9.305449475662240788e-01 9.375097154120014542e-01 9.228637203869403116e-01 8.591748480598410120e-01 9.378881987577640800e-01 9.015051997810618056e-01 9.153144431111596147e-01
8.235211426000899060e-01 9.509777288800149719e-01 9.232711653360082815e-01 9.306204847288852555e-01 9.100151948345217567e-01 9.372401609638437714e-01 8.880641971902232257e-01 9.724822695035461040e-01 9.084496442255062254e-01 9.301727890383996167e-01
9.374275362318841287e-01 9.515789616596067590e-01 9.236477807906379178e-01 9.440362811791384035e-01 8.807436062755211736e-01 8.243502529216816255e-01 9.511695177674560631e-01 9.078831532613045319e-01 9.103170273383039968e-01 8.440042111548463621e-01
8.805295939364127245e-01 9.168804146332236726e-01 8.726595249184909697e-01 9.438435104414485410e-01 9.154125076204948641e-01 9.369927978141331382e-01 9.448542968900230932e-01 9.095103726123862087e-01 8.869071178271695777e-01 9.585612644998199317e-01
9.656534630813801146e-01 9.440362811791384035e-01 9.372401609638437714e-01 8.618524332810046928e-01 9.436756791936932176e-01 9.440939970285687766e-01 9.369706582077715895e-01 9.375208555130059018e-01 9.012084978791867762e-01 9.364936493649365090e-01
8.801276892537153174e-01 9.439872297015154956e-01 9.513928057184579679e-01 9.440362811791384035e-01 8.475666388037522703e-01 8.310817020494439822e-01 8.431858407079646511e-01 9.235790664362092395e-01 8.080078492449626060e-01 9.512254901960783826e-01
9.369706582077715895e-01 8.885229102620407771e-01 8.642336606798352028e-01 8.400241771610850172e-01 9.025755590922540650e-01 9.296969696969696884e-01 8.723704448993280236e-01 9.104308390022676223e-01 8.277777777777778345e-01 8.388861239483351717e-01
8.745128581027427073e-01 8.175826588870066525e-01 8.663451967732921366e-01 8.529567450493619196e-01 8.205905205905205113e-01 9.226940851540922361e-01 8.049832131434134785e-01 8.488503976699899312e-01 8.723704448993280236e-01 8.634920634920635329e-01
8.544871794871795601e-01 7.896820119190115506e-01 8.409205484976810530e-01 7.719871574360738231e-01 7.666746920268047161e-01 8.893742389602409260e-01 8.321213344663057621e-01 7.549959644874899567e-01 8.346864649552890869e-01 9.439760508308895348e-01
8.433270008958082542e-01 8.039005857259380328e-01 9.440942028985507273e-01 8.419253261358523588e-01 8.038005552203890680e-01 8.843995510662177040e-01 7.083048777964032761e-01 8.576376004947432463e-01 8.283056812468577723e-01 7.352542372881355481e-01
8.958307976714011689e-01 8.387816307117272885e-01 8.054197640995143237e-01 9.224809377489474604e-01 8.538379576354259148e-01 8.723704448993280236e-01 8.291015747537486824e-01 8.458049886621314961e-01 8.171153846153845768e-01 7.222886043938675504e-01
8.195782457712557090e-01 8.385744234800838193e-01 9.369927978141331382e-01 7.660407776197249996e-01 7.987803107303615979e-01 9.085396553868178016e-01 8.856442305919657310e-01 8.726595249184909697e-01 8.334545868529993351e-01 8.562721951392404662e-01
8.293446487505894416e-01 8.284319045035268836e-01 8.375326864123112669e-01 7.229459145458911884e-01 8.154944296559203387e-01 8.365929941618014398e-01 8.177841864936312710e-01 7.582503192848020213e-01 8.355039557065420119e-01 7.583268279989591187e-01
7.412847630238935670e-01 7.318868706647118083e-01 8.866991448037282453e-01 9.151911211711877270e-01 8.338744588744589903e-01 8.451523319447846738e-01 8.010645408256267253e-01 8.634688639908527641e-01 8.561541339319117538e-01 7.564625850340136459e-01
7.964815699585688913e-01 8.270582412143211437e-01 8.373609512850018755e-01 7.675534991324465262e-01 8.031426907619020339e-01 8.757447896688402844e-01 7.658615136876006924e-01 8.029302227531446290e-01 9.226940851540922361e-01 8.562161701402205560e-01
7.535097455069416084e-01 8.786652319298368097e-01 9.082340736333436304e-01 8.168734864339856072e-01 8.271420356526739681e-01 9.372401609638437714e-01 8.331851119894598812e-01 8.387723387723386992e-01 8.451523319447846738e-01 9.440942028985507273e-01
7.553397769737673073e-01 6.646008403361345351e-01 7.846281803170276348e-01 8.177841864936312710e-01 7.533035487268895380e-01 8.527038727038727117e-01 8.326861616944186695e-01 7.634225373951400995e-01 8.189312709436548099e-01 8.083333333333334592e-01
8.771878581586380896e-01 6.915901536118554960e-01 7.980217287373140289e-01 7.465378421900160655e-01 8.456755528802357702e-01 9.030214657390813748e-01 6.590579201198670800e-01 8.057983756883034809e-01 7.734232336002246910e-01 7.930499889262776492e-01
7.751990479517721910e-01 8.456217050276455538e-01 7.660987330712100141e-01 7.629336846728150823e-01 8.350605814268571292e-01 7.473859473859473246e-01 8.149259147640152134e-01 7.932152465645287975e-01 7.602570196200159058e-01 7.522140736315926501e-01
8.565960117571757015e-01 7.893906393688592260e-01 7.576934524889833433e-01 8.372569600639776510e-01 7.537351537351536512e-01 8.135656843283962658e-01 7.944069811003888759e-01 9.220130863842763702e-01 8.216026552868657129e-01 8.518497752172873305e-01
8.329487179487179427e-01 7.967925909102380189e-01 8.618480238454688802e-01 7.795918367346938993e-01 7.760774818401937614e-01 9.075519316637546963e-01 8.065157256188878465e-01 9.154867509218984623e-01 7.944069811003888759e-01 7.372452916933484035e-01
7.083681885557463476e-01 7.798117087590772378e-01 7.245547716088146517e-01 7.732225516201175486e-01 7.473095534523536143e-01 6.549278922504074840e-01 7.208262547245598562e-01 7.248077186216201895e-01 7.516545671885476176e-01 7.075968954067288763e-01
7.302339541959623759e-01 7.850973587815692767e-01 7.556225025125145045e-01 7.444869194362094822e-01 6.778618592447530622e-01 8.068141401207982177e-01 7.915076151918256642e-01 7.299914990871970710e-01 8.139368810129319343e-01 7.949221949221949579e-01
8.010645408256267253e-01 7.322914109592777443e-01 7.866584460643867294e-01 7.523809523809523725e-01 7.350892098555649179e-01 6.829806335770167713e-01 7.881956823133293710e-01 8.487875650919129988e-01 7.969896275341820102e-01 8.019024412428580328e-01
7.703055510542142770e-01 6.772470467385721671e-01 7.848655063608335203e-01 7.206823888719947613e-01 7.380666127469196480e-01 7.465378421900160655e-01 7.556743909685086358e-01 7.322477013404231627e-01 7.086648983200708463e-01 7.799640392144571166e-01
6.774593078126414092e-01 7.267753015416568152e-01 7.904800243148515371e-01 7.157255232476472662e-01 7.233684943565013015e-01 7.912633359354671603e-01 8.047509578544062014e-01 6.829806335770167713e-01 7.056746923705189412e-01 7.292921084062896631e-01
6.611111111111110938e-01 6.656583988707400756e-01 8.122248122248122426e-01 6.442895857530003267e-01 6.474958949096879524e-01 7.353365963251223825e-01 6.837366640645328175e-01 7.747950819672131395e-01 5.698005698005697006e-01 6.359771814317268790e-01
5.709976298211593138e-01 7.077045112476101352e-01 6.602850701211356865e-01 7.233544625424590535e-01 6.370306977923579916e-01 7.039228227267882998e-01 5.928415810768751237e-01 7.244750199295654225e-01 7.673668619625412246e-01 6.119493562116512519e-01
6.132853501274554420e-01 7.866980459484637089e-01 6.158774158774158458e-01 7.474991342448528142e-01 7.007147300402433165e-01 5.852104085176192960e-01 6.788703322089967296e-01 6.767817769254219629e-01 6.704888311445689197e-01 5.891214893036861300e-01
6.170518746789933617e-01 6.137326073805203785e-01 6.895581805741241022e-01 7.176149148183862403e-01 7.770395577882208693e-01 6.772326999599727060e-01 5.511560556425960655e-01 6.366816591704148598e-01 7.651518318770295091e-01 7.323893099321897582e-01
6.618787405672651447e-01 7.239222733118403363e-01 7.329394313351532686e-01 7.806140126664963264e-01 7.386487829110780501e-01 6.599384932231221468e-01 6.431404435775894823e-01 7.747950819672131395e-01 6.299711754257208973e-01 6.752778221937960623e-01
6.359771814317268790e-01 7.276491577462450566e-01 7.493974951602068169e-01 6.661323740431246421e-01 7.453566041801336084e-01 6.955414900333339867e-01 7.113410528044673553e-01 6.548073497226040152e-01 6.719892271238233628e-01 7.264793529161345242e-01
9.228637203869403116e-01 9.440942028985507273e-01 9.377077948506519212e-01 9.511445096122516096e-01 9.369706582077715895e-01 9.724822695035461040e-01 9.163023356571743383e-01 9.370239908606244894e-01 9.236283429831816383e-01 9.444418015846586245e-01
9.653876627051499737e-01 9.089534738112313716e-01 9.508390022675737852e-01 9.163605504031036020e-01 9.299291938997821250e-01 9.511695177674560631e-01 9.308327849674636889e-01 9.446739130434783638e-01 9.508417508417507102e-01 9.442810457516340739e-01
8.954732062421021377e-01 9.101002884284619121e-01 9.579785294071007096e-01 9.156468531468530125e-01 9.371978158914290313e-01 9.650969579252860475e-01 9.374865735767992092e-01 8.687699962288478739e-01 9.155773420479302871e-01 9.512016600641387543e-01
8.350774520987287453e-01 8.735417445094864064e-01 9.231552451787505831e-01 8.879880391377582560e-01 9.234514858575009200e-01 8.888919204045254707e-01 8.259599048589874037e-01 9.156160241874528039e-01 9.374445430346051156e-01 9.438498009926581389e-01
8.217309243189369061e-01 8.024426281393687299e-01 9.305668934240363122e-01 8.741557734204792318e-01 8.678952733515746809e-01 8.589715076482070666e-01 9.440362811791384035e-01 8.635716925351072382e-01 9.243865453542872146e-01 8.799985876226618098e-01
8.304690297171500868e-01 8.795761763979580428e-01 8.740591687960841405e-01 8.168186423505572336e-01 8.791307800378717063e-01 9.442153597510780649e-01 8.680686371887521569e-01 9.299033816425120724e-01 8.295084374053716125e-01 8.533181334549323482e-01
9.165157732868672857e-01 8.238897104876486965e-01 8.056485246345008733e-01 8.932372949179671062e-01 8.955678872622394593e-01 8.141025641025642079e-01 7.534683951783621714e-01 8.645897724025992659e-01 9.157564566426592556e-01 9.226293088763363182e-01
8.781850409174815075e-01 9.088723612050184641e-01 8.884854066318501609e-01 9.222853598541718156e-01 8.040365040365040628e-01 8.203584229390680216e-01 8.328245828245828264e-01 8.565476190476190022e-01 8.457996252113898494e-01 9.237640109446475511e-01
8.734068031455600734e-01 7.506638453240395137e-01 9.078037612578512272e-01 8.328455223926970463e-01 9.375174495378231221e-01 9.369706582077715895e-01 7.936062378167640929e-01 9.156468531468530125e-01 8.175073718551978397e-01 8.359681889848770142e-01
8.071177944862154563e-01 9.308006535947712656e-01 9.081408140814081209e-01 8.147508265155324336e-01 8.589165991915286291e-01 9.512944426310762092e-01 8.225805464942181899e-01 8.167979913684381144e-01 7.668057759752348046e-01 7.861224489795918258e-01
9.226293088763363182e-01 8.155254068297547176e-01 7.804561030367481722e-01 7.778194140179612859e-01 7.851741861793261057e-01 8.607875233751304256e-01 8.304660641502747964e-01 9.161810411810411559e-01 8.750563773267591161e-01 9.029234654234654656e-01
7.669517104898849746e-01 8.064271255060728727e-01 7.694900786330721720e-01 8.662760123206370011e-01 8.583463014835563953e-01 8.170089282607637671e-01 7.494355749072729722e-01 8.329487179487179427e-01 7.873566407695152813e-01 8.390302477580179330e-01
8.565312727610425725e-01 7.688304777610523999e-01 7.668407538285982872e-01 7.502972872538089533e-01 8.083333333333334592e-01 8.152777777777777679e-01 7.711057163781895873e-01 8.121499377623114801e-01 8.248651193566448603e-01 8.863304935144676877e-01
7.480478167934535572e-01 8.365191740412979415e-01 7.376327301690220883e-01 7.370324218299296737e-01 8.809393524851801827e-01 8.336285374260058445e-01 7.532143488025840883e-01 7.998482138795718344e-01 7.859728887766270766e-01 6.704517995821824838e-01
8.140933140933140910e-01 8.936799366483111351e-01 7.578396633290901407e-01 7.659237833606015178e-01 7.029186720967542934e-01 7.809172126265634395e-01 7.317496807151978588e-01 8.487875650919129988e-01 7.841880341880341776e-01 7.597865446922050792e-01
7.835715647036401998e-01 8.622839506172840229e-01 8.959985248017702242e-01 7.990693173355712942e-01 8.386165577342049593e-01 8.849108110794435822e-01 7.469906591082291492e-01 7.770808346029585145e-01 8.634453894157595455e-01 8.177841864936312710e-01
7.874152875337553370e-01 7.720641683519615661e-01 8.271420356526739681e-01 7.001018736297526246e-01 8.471873079716217836e-01 8.156481457102121579e-01 7.652038593215063633e-01 8.747947454844006154e-01 8.307625627213256481e-01 7.126859553682644011e-01
7.811864061864062236e-01 7.813448354409917584e-01 7.426838810641628319e-01 7.501886043279729632e-01 8.770941092947565076e-01 8.429506926552406965e-01 7.553023300686851904e-01 7.950497866287339344e-01 7.402696066708119860e-01 8.706172839506173267e-01
7.605866355866356399e-01 7.264447213296317818e-01 7.538395538395538109e-01 7.459876910859638555e-01 7.737411604328192638e-01 8.086104814505508109e-01 7.714035087719297579e-01 8.229949985289790604e-01 7.323953536159359956e-01 7.660758528683055957e-01
6.143836143836144403e-01 6.830409356725146708e-01 7.599624019061360647e-01 7.823129251700681186e-01 6.892507002801120386e-01 7.143455672867436990e-01 7.548085901027077327e-01 7.065124771758978239e-01 7.965679965679965946e-01 7.190004714757191051e-01
7.360663563671083764e-01 8.272182810157492350e-01 7.416065416065414917e-01 6.528411877249086226e-01 8.023580044856640781e-01 7.598043931377264082e-01 6.927247155095256348e-01 7.546239795434593889e-01 8.057996797722823956e-01 7.705441241136915531e-01
7.258145549798787899e-01 7.507799304520615946e-01 8.049170134404745047e-01 7.989988448209471850e-01 6.940235690235690980e-01 6.204005381762948135e-01 6.491867830850881482e-01 7.539373819747652306e-01 6.485778906536269206e-01 7.686849751691634536e-01
7.312033724380841981e-01 7.515567146398790532e-01 7.903628117913831241e-01 6.612708692039506175e-01 7.047629251280809193e-01 6.689927512712322555e-01 6.500000000000000222e-01 7.843160145049140608e-01 6.543277376155086644e-01 8.094667148188275929e-01
7.030997304582209395e-01 7.486817325800377843e-01 7.110856997649449562e-01 6.533816641231650069e-01 7.617867778439547655e-01 8.182887124352937747e-01 6.839635320184518363e-01 7.070652962653137807e-01 6.889542697323017828e-01 5.895745904242081226e-01
6.458383862883013693e-01 6.863567377586069496e-01 6.306004892290696384e-01 5.712054229295607799e-01 7.390078847705966458e-01 6.018856618065210329e-01 7.616660577274387833e-01 7.354941740107646675e-01 6.849365914011752432e-01 6.769689279133422888e-01
6.938455657492355044e-01 6.891123439667129480e-01 7.300933609250037648e-01 7.638397887890788773e-01 7.081871345029239206e-01 7.190619900405783582e-01 6.980886691489144313e-01 6.134128728414441900e-01 6.312657483084557208e-01 6.871676206714569801e-01
6.364628343382568998e-01 7.004292610849987000e-01 6.171684376229831237e-01 6.031247931148625563e-01 5.825396825396825795e-01 6.227618958269114380e-01 6.439024390243902607e-01 5.907840302306955893e-01 5.752100840336135112e-01 5.990740740740739811e-01
7.258781612430030838e-01 5.849068317550255580e-01 6.559013070274773982e-01 5.849206349206349520e-01 6.766581025787420378e-01 7.029200359389037311e-01 5.138459424173710266e-01 6.976067012365376740e-01 7.271548807813799087e-01 6.366597004528039561e-01
6.192982456140351255e-01 5.689999132622083344e-01 6.384063964709125738e-01 7.507799304520615946e-01 6.671882505349268078e-01 6.742783422028706397e-01 6.025305599076091756e-01 7.144929144929145215e-01 5.874668052885875236e-01 6.606342542200107637e-01
5.931154077682235792e-01 5.583673995912865617e-01 7.095760067896290657e-01 6.093333333333333934e-01 6.255469572527857514e-01 7.294482726563088493e-01 5.331505736623006753e-01 7.079305218116546117e-01 5.707869650193450051e-01 5.527045220559119176e-01
