0.000000000000000000e+00 0.000000000000000000e+00 0.000000000000000000e+00 0.000000000000000000e+00 0.000000000000000000e+00 0.000000000000000000e+00 0.000000000000000000e+00 0.000000000000000000e+00 0.000000000000000000e+00 0.000000000000000000e+00
9.299291938997821250e-01 9.516706880163779969e-01 9.512016600641387543e-01 9.440942028985507273e-01 9.364836843828440172e-01 9.514617365626723000e-01 9.792980193876049677e-01 9.584792804223214446e-01 9.582850241545894932e-01 9.510785345051862016e-01
9.516312056737589176e-01 9.370239908606244894e-01 9.588867805186591653e-01 9.168130745658835679e-01 9.512056737588653332e-01 8.829243036139587941e-01 9.370239908606244894e-01 9.368584998347436743e-01 9.580423700011330146e-01 9.512016600641387543e-01
9.651882769463956402e-01 9.724822695035461040e-01 9.440942028985507273e-01 9.582241056916090960e-01 9.439760508308895348e-01 8.678350170229390814e-01 9.436144213672302827e-01 9.509777288800149719e-01 9.517183217372972015e-01 8.948406064449184738e-01
9.016765996713146381e-01 9.442153597510780649e-01 9.512016600641389763e-01 8.648782449952040485e-01 8.791307800378717063e-01 8.295572762118874621e-01 9.295021611100132697e-01 9.579785294071007096e-01 9.372401609638437714e-01 9.438435104414485410e-01
9.235743959483805332e-01 9.305183224556125010e-01 8.378902682513590383e-01 8.898413925912448397e-01 9.509777288800149719e-01 9.511695177674560631e-01 8.200852835297763876e-01 8.954506880038795025e-01 8.732384041636885863e-01 8.938423645320195954e-01
8.439481665288116607e-01 9.580889540566960294e-01 9.653876627051499737e-01 9.582850241545894932e-01 8.747947454844006154e-01 9.582388870755207400e-01 8.951747393113054230e-01 9.443006071368976739e-01 9.164902740775883183e-01 9.516706880163779969e-01
9.440362811791384035e-01 9.444418015846586245e-01 9.366288737717308743e-01 9.290155912142937789e-01 8.430867324320470146e-01 8.049662109068048688e-01 8.956320362087856202e-01 9.018464617409932549e-01 8.872844622544935334e-01 8.409205484976810530e-01
8.796770687781401143e-01 9.156468531468530125e-01 8.813873003534876682e-01 8.953378848508602994e-01 8.654630168899242193e-01 9.440939970285687766e-01 9.440939970285687766e-01 9.230569239189928554e-01 9.226940851540922361e-01 9.580423700011330146e-01
9.376299988671122909e-01 9.296262959629295608e-01 9.236144213672302650e-01 8.740591687960841405e-01 9.445784894348175920e-01 9.579785294071007096e-01 9.306418219461698449e-01 9.650969579252860475e-01 8.711382226152316610e-01 9.034618438117402173e-01
8.438879601250736107e-01 9.510785345051862016e-01 9.579785294071007096e-01 9.508417508417507102e-01 8.572715215446778947e-01 8.421696506802889282e-01 8.216970998925886560e-01 9.097395650217942054e-01 7.929582124497378537e-01 9.445977403054562904e-01
9.226557711950970075e-01 9.082340736333436304e-01 8.482142857142856984e-01 8.666157394238034328e-01 9.160897056816631467e-01 9.442810457516340739e-01 8.650258235105147131e-01 9.034231452429569709e-01 8.127212721272126794e-01 8.189312709436548099e-01
9.298611174299294957e-01 8.249075783059908185e-01 7.597172579012773097e-01 8.508414263473941253e-01 8.488503976699899312e-01 9.585612644998199317e-01 8.148807014786396685e-01 8.012820512820512109e-01 8.871452331133643510e-01 8.945356139194392542e-01
8.625156357087316872e-01 8.766385853903787551e-01 8.303913485682340445e-01 8.154944296559203387e-01 7.775858646019456755e-01 8.962516490015012272e-01 7.973921289710763638e-01 7.902718526205209093e-01 7.861616984030884714e-01 9.438435104414485410e-01
8.206067607466462910e-01 8.493988790484747753e-01 9.512016600641387543e-01 8.499664515805380738e-01 8.178639385178047005e-01 8.717017738359201795e-01 7.920747295968535440e-01 8.459275390067814149e-01 8.196956083748535571e-01 7.716966547859320791e-01
9.005262482351431563e-01 7.915658764715368667e-01 8.201428472888486754e-01 9.436817614345703875e-01 8.782802390182511409e-01 8.741937875305804129e-01 8.400261074020777263e-01 8.953054633125597794e-01 8.200852835297763876e-01 7.509533668539879470e-01
8.779350889319168516e-01 9.079898000936786895e-01 9.372401609638437714e-01 7.721319847842234019e-01 8.252041742286752024e-01 8.930755518990812769e-01 8.732163994898100023e-01 8.796770687781401143e-01 8.388101195440644808e-01 8.876415119520165709e-01
8.180398580398581254e-01 8.497513375916279088e-01 8.114875058934464258e-01 7.798256537982565240e-01 7.877823644077514009e-01 8.704797115844461475e-01 8.283303134496583509e-01 7.366785794777680474e-01 8.310860040198869703e-01 7.648101474585224935e-01
8.610764370473108498e-01 7.212380864583889384e-01 8.874817714329573670e-01 8.874211672973283394e-01 8.162718023653549038e-01 8.550099689340195930e-01 7.876691996192505263e-01 8.675081813931745378e-01 8.555388482773510495e-01 7.728991060025541815e-01
7.719378660555130667e-01 7.858295215138458856e-01 8.849108110794435822e-01 7.651394470831810457e-01 7.943988235322341218e-01 9.160059239006606013e-01 7.897077468795933308e-01 8.867762995811775406e-01 9.146858743497398025e-01 8.525784792526917011e-01
8.111966600351100398e-01 8.348986762030240483e-01 8.931150886207427364e-01 7.677698885326004197e-01 7.802225839372681770e-01 9.100151948345217567e-01 8.113133537052150679e-01 7.868909217965821545e-01 8.003373541237618349e-01 9.228637203869403116e-01
7.806140126664963264e-01 7.143105482088533131e-01 7.414819401444788793e-01 8.135656843283962658e-01 7.689001264222503629e-01 8.618524332810046928e-01 8.443085287121984139e-01 8.201093224542937987e-01 7.667828713111241035e-01 8.206708877469387486e-01
8.446886446886446853e-01 7.305981086072171893e-01 7.883938660209847127e-01 8.021805927247497303e-01 9.092993922715284505e-01 8.814573025471871270e-01 7.410702895777522281e-01 7.518096347449870764e-01 7.944223839289672462e-01 8.468989596357546779e-01
8.041134548237431900e-01 8.371767207680521627e-01 8.024045652443149157e-01 7.522117757994286613e-01 8.805333418976352133e-01 8.020555333823814470e-01 7.505981172309773575e-01 7.986989931678390997e-01 8.005532897559294314e-01 7.675838792932300203e-01
8.335878196813721885e-01 7.893906393688592260e-01 7.873769168684422448e-01 8.290378734415431161e-01 8.651121474572507353e-01 7.645338237903941403e-01 7.846573256044752087e-01 8.696296296296296413e-01 7.673173327085377471e-01 8.622767762008267667e-01
8.180870254732877100e-01 8.164623121144861662e-01 8.852524945526996092e-01 7.990740740740741588e-01 7.499657793307158427e-01 8.773370254990192629e-01 7.672014640644602146e-01 9.156468531468530125e-01 7.806140126664963264e-01 7.672014640644602146e-01
7.024543077534998181e-01 7.756087942423346426e-01 6.804356136152107659e-01 8.165734155207839962e-01 7.594414236083383285e-01 6.436154127045963236e-01 7.446025604593380365e-01 7.349076821232390921e-01 7.524919877861053763e-01 7.631442631442632019e-01
7.475706214689266105e-01 8.151507329637531774e-01 7.448626196289748203e-01 7.706246949612279851e-01 7.010724965270419551e-01 7.837349629117184024e-01 7.108712432647169566e-01 7.271612834452616525e-01 8.139368810129319343e-01 8.089116659031914125e-01
7.813448354409917584e-01 6.958297739630369128e-01 8.047509578544062014e-01 7.425225024452450917e-01 8.072809879965733293e-01 7.068982736776073805e-01 7.965740417780877713e-01 8.230214732677786360e-01 7.345238095238094678e-01 7.859668981747950367e-01
7.802865307100202985e-01 6.823760932573014193e-01 7.051875821619981721e-01 7.269503721064101143e-01 7.795918367346938993e-01 7.309618491414430208e-01 7.474114023718939626e-01 7.021351641568660540e-01 7.414806789454676528e-01 7.499113547718408990e-01
7.159377934449113745e-01 6.541203620311125677e-01 7.912633359354671603e-01 7.561911843600744865e-01 7.415530542122366064e-01 7.551311433664374961e-01 7.843160145049140608e-01 6.773790872151527198e-01 7.544095068847543883e-01 7.687980939502239153e-01
7.712986834077893983e-01 6.656671664167915781e-01 7.650501672240803686e-01 7.172445769167080654e-01 7.599792336841287854e-01 7.507799304520615946e-01 6.919837970365633195e-01 7.912633359354671603e-01 5.792386320048615866e-01 6.365272154745839073e-01
6.306004892290696384e-01 7.276491577462450566e-01 7.113782051282052654e-01 7.546920407507266004e-01 6.603970741901776798e-01 7.270830992304778695e-01 6.316106435918159567e-01 7.712986834077893983e-01 8.165095935430862761e-01 6.229963600634197407e-01
6.608133557286101079e-01 7.388273042185092843e-01 5.825123152709359431e-01 7.507799304520615946e-01 6.667504621710810264e-01 5.712054229295607799e-01 6.190937925106642092e-01 6.252601163045296007e-01 6.761868368425746345e-01 5.754377989912765612e-01
6.774419899694669178e-01 6.180664135209590349e-01 7.116545071090526475e-01 7.813448354409917584e-01 8.010645408256267253e-01 6.259623145216365314e-01 5.849639790854532784e-01 6.355320889417713781e-01 7.675991309736377444e-01 7.041660004263937678e-01
6.791569086651053633e-01 7.390078847705966458e-01 7.483327243941054752e-01 7.970106744239827679e-01 7.284404647692143131e-01 6.478360292511690099e-01 6.607569021492388783e-01 7.747950819672131395e-01 6.428422152560083758e-01 6.995908336012001127e-01
6.231208185753640549e-01 7.172445769167080654e-01 7.176825849406238689e-01 5.813840155945418919e-01 6.098231486893087583e-01 6.955414900333339867e-01 7.546920407507266004e-01 6.958474887502247297e-01 7.368254046952081859e-01 6.929492876977848548e-01
9.509777288800149719e-01 9.236373248744381703e-01 9.227535390901726586e-01 9.653876627051500847e-01 9.370156574231277569e-01 9.580889540566960294e-01 9.442153597510780649e-01 9.161027065546463177e-01 9.442810457516340739e-01 9.582850241545894932e-01
9.580423700011330146e-01 9.301727890383996167e-01 9.370239908606244894e-01 9.100423386137671544e-01 9.299291938997821250e-01 9.584792804223214446e-01 9.440942028985507273e-01 9.309633322004455813e-01 9.650969579252860475e-01 9.097559882161904143e-01
9.165138653084324849e-01 9.440939970285687766e-01 9.440362811791384035e-01 9.240660316533459984e-01 9.517183217372972015e-01 9.299514390798347963e-01 9.095707481762825841e-01 8.939183617372182811e-01 9.227535390901726586e-01 9.443445277711793873e-01
8.166555629580279918e-01 9.095922412841906946e-01 9.511695177674560631e-01 9.443675770181467755e-01 8.956273844721360788e-01 8.955678872622394593e-01 8.384454299088445195e-01 9.026043497820572803e-01 9.653900709219858101e-01 9.511758083186654389e-01
8.221434528773978734e-01 7.737701939408303531e-01 9.509668492622457281e-01 8.535106599904841440e-01 8.412698412698412787e-01 8.797909340712130044e-01 9.167644726407612188e-01 8.252041742286752024e-01 9.580889540566960294e-01 8.807536975199017348e-01
8.397183746263742199e-01 8.592676386794034782e-01 8.532969308145483822e-01 9.022573653246332981e-01 8.805388822195544529e-01 9.438435104414485410e-01 9.301727890383996167e-01 9.088419512017744673e-01 8.463918900893689923e-01 9.018318011576438309e-01
9.173301681575157795e-01 8.431684525234319771e-01 8.930735930735931305e-01 9.012084978791867762e-01 8.608180576588253530e-01 8.268716700772449357e-01 7.759259259259257968e-01 9.510386473429952581e-01 9.083699986667150839e-01 9.580472437615293879e-01
9.086209934947936384e-01 9.364936493649365090e-01 8.516973611874657513e-01 9.034633159233230737e-01 8.350605814268571292e-01 8.043010752688172227e-01 8.500931532370749055e-01 8.731559048113277655e-01 8.674077860124372874e-01 9.232955404383975662e-01
8.876060191518467812e-01 7.522676795981485531e-01 8.808310812105878407e-01 8.860752244823162371e-01 9.378832399899185157e-01 9.168418060051867213e-01 8.521929096841988072e-01 9.372072715725966452e-01 8.335859236411375939e-01 8.508736781990346998e-01
8.157768157768158224e-01 9.302722980392513774e-01 9.298137373874842959e-01 8.220810336713301192e-01 8.950448162749085057e-01 8.875180700597901096e-01 8.012496023121475908e-01 9.289079268070864481e-01 8.106756974681502692e-01 7.447306208784372217e-01
8.580765639589169602e-01 8.004688675449185276e-01 8.479878874810742317e-01 7.209279296424719874e-01 7.218207350070212636e-01 8.813616938616938290e-01 8.281325592646348044e-01 9.150312499050500259e-01 8.744707804113743821e-01 8.617712171526482612e-01
8.029058061707569083e-01 7.758685000790263020e-01 7.914532251256667372e-01 8.602249600397934293e-01 8.567668183647566549e-01 8.877122102049166408e-01 7.769718724082785855e-01 8.455094101764437653e-01 8.456540802463615725e-01 8.322328621371029023e-01
8.632652794950491648e-01 7.780494780494781049e-01 7.686163574340628690e-01 7.992202729044834975e-01 7.901378221903058163e-01 7.932152465645287975e-01 7.690901934322987854e-01 8.786652319298368097e-01 8.179206749122003295e-01 8.800640112932471837e-01
7.846971646971646619e-01 8.292230576441101952e-01 7.664960257464435989e-01 7.467948717948718063e-01 8.847434716950516309e-01 8.435897435897435903e-01 8.088493631971892528e-01 7.753925675332311584e-01 8.104446192282779293e-01 7.651476361153780603e-01
8.233027703835157363e-01 8.736630036630036455e-01 7.919669292218313172e-01 8.097871627283391716e-01 8.077786524388467226e-01 8.110602688564010343e-01 7.470863647802370444e-01 8.585134601275467015e-01 7.979974809767123034e-01 8.156369380749101117e-01
8.792486966203122423e-01 8.629112223148919236e-01 8.324344009353498164e-01 7.716959064327485462e-01 9.022119517884855666e-01 8.867762995811775406e-01 7.649997823910866801e-01 8.616916691908321768e-01 8.341448772162730618e-01 8.203584229390680216e-01
8.261257241289620135e-01 7.303518730580900176e-01 7.760127818836233260e-01 7.767367883347264801e-01 8.423984825610651983e-01 8.089116659031914125e-01 7.822040273622702378e-01 8.862584909474390260e-01 8.321916592724045714e-01 7.438237894627346414e-01
8.527117327117327283e-01 8.040538093202842518e-01 7.433324704295664054e-01 7.854842585916848030e-01 8.386094427761094927e-01 8.233758433758433526e-01 7.741986438588379649e-01 8.120931406911845452e-01 7.753476987279803723e-01 8.446912498524138391e-01
8.161762252694092501e-01 7.604985987606340814e-01 8.031393298059964492e-01 7.194251714799660968e-01 7.980217287373140289e-01 7.565106347679461107e-01 7.494361086594096832e-01 7.358426035493411677e-01 7.420012147573423755e-01 8.121357850070721751e-01
6.688414107166599232e-01 7.657307317844388450e-01 7.658913984046366030e-01 7.565017270431342311e-01 6.939303810059461730e-01 7.171231609142222352e-01 7.522719843085976521e-01 7.346387719522047277e-01 8.296645702306081338e-01 7.904800243148515371e-01
7.240765976543473981e-01 8.367501390694487284e-01 6.978346767820452490e-01 7.644781144781144233e-01 7.580246913580247492e-01 7.865774920142691862e-01 6.573390624395153425e-01 7.059797482211275232e-01 8.304320987654320030e-01 7.993783993783992736e-01
7.302919302919302913e-01 7.912633359354671603e-01 7.132827363633736928e-01 7.683933933933934091e-01 6.972107980382106218e-01 6.325867151555225609e-01 6.864998670919724155e-01 7.874152875337553370e-01 6.481480067497918940e-01 8.143837156995051840e-01
7.208262547245598562e-01 7.444869194362094822e-01 7.696773562737527774e-01 6.254784591052674481e-01 8.165000492950804656e-01 6.980193505509961760e-01 6.780423280423280019e-01 7.949296890473359634e-01 6.427807892043516658e-01 7.359560661470454512e-01
7.472128152659941458e-01 8.307980599647266651e-01 7.396038540898354219e-01 6.128155339805826385e-01 7.727891156462584066e-01 8.208479973185855982e-01 7.239225301403849899e-01 7.189553809022836139e-01 7.079521722094136438e-01 6.063070630627801494e-01
6.741642084562439186e-01 7.572091901344751852e-01 6.893682588597842553e-01 5.852104085176192960e-01 7.501188354129531000e-01 6.026548672566371945e-01 7.244750199295654225e-01 7.118475318766916971e-01 7.353769248213434251e-01 6.588407079502599517e-01
6.804392610313664269e-01 7.125602086209540387e-01 7.442127709258951063e-01 7.542321072473473498e-01 6.960111687275628567e-01 7.100443416232889993e-01 7.207902454082418808e-01 6.287460270976344967e-01 6.964122239243342172e-01 6.791600212652845192e-01
6.395103324348608842e-01 6.069259562231973382e-01 6.126332781105305880e-01 6.083925744099801802e-01 5.948275862068964637e-01 5.982739179460491163e-01 6.322330097087379697e-01 5.847202692019785042e-01 6.047458782076852168e-01 5.296442754031499556e-01
6.810738266188006707e-01 6.191015172339450201e-01 6.997954642362221866e-01 5.542176403207331736e-01 7.344233941693888434e-01 7.469252842250554414e-01 5.881735668521664850e-01 7.379693906548125959e-01 7.576064628750049934e-01 6.602987602987603344e-01
6.017035355128794727e-01 5.944444444444444420e-01 6.565059519604973248e-01 7.336170387730768239e-01 6.440035944986440830e-01 7.673629829290206095e-01 6.511939992569532043e-01 7.503173979353364720e-01 5.511999177716105924e-01 6.924744293165345788e-01
5.412902932587971838e-01 5.799368473752541941e-01 7.171797711332595915e-01 7.076081007115490040e-01 5.408511342937571964e-01 7.265713718483223227e-01 5.887956628372271739e-01 6.126654056272825555e-01 6.104370111413546240e-01 5.728379379697258189e-01
