0.000000000000000000e+00 0.000000000000000000e+00 0.000000000000000000e+00 0.000000000000000000e+00 0.000000000000000000e+00
5.919191919191919560e-01 5.848336868412831180e-01 6.359475764510089668e-01 3.773191684033955218e-01 4.521148367302213478e-01
3.333333333333333148e-01 4.147940074906366625e-01 3.772295183243986605e-01 5.874653551002098073e-01 3.333333333333333148e-01
4.577205882352941568e-01 3.894993894993895034e-01 3.516692234640952375e-01 5.652173913043477826e-01 5.797633618931048449e-01
4.178351845336817361e-01 4.894894894894895043e-01 3.659043659043659247e-01 3.333333333333333148e-01 5.662232504337767480e-01
4.098753966411268213e-01 5.349702380952381375e-01 4.498953899430054859e-01 3.727651672296963814e-01 3.594363039474737787e-01
6.092428173190028717e-01 5.718287314925969422e-01 4.120890705330932935e-01 5.617622998714502103e-01 3.825555699987001068e-01
3.814543889845094515e-01 4.640795910515033151e-01 6.043537239196434818e-01 5.775599864819195295e-01 4.339622641509434109e-01
3.315508021390374260e-01 3.421611068669891953e-01 3.333333333333333148e-01 3.333333333333333148e-01 3.403136940322137871e-01
5.409415167617284137e-01 5.937410999983246951e-01 5.711697847031853570e-01 3.333333333333333148e-01 4.571428571428571286e-01
4.370154845652564068e-01 4.697430789944484486e-01 6.155153712907353025e-01 3.957867397734651238e-01 5.680099113197705218e-01
