0.000000000000000000e+00 0.000000000000000000e+00 0.000000000000000000e+00 0.000000000000000000e+00 0.000000000000000000e+00
3.687324146886948872e-01 6.510564566588052937e-01 4.595763078253350398e-01 6.478642557651992373e-01 6.433094470895653894e-01
5.507081499068440245e-01 6.551724137931034253e-01 5.720560687294102831e-01 4.771089937253079061e-01 5.088072986964173872e-01
5.588523625906803849e-01 4.795090948937102970e-01 5.055919258046916998e-01 5.631542666602542546e-01 3.489583333333333703e-01
3.333333333333333148e-01 3.297587131367291646e-01 3.574876198834074925e-01 3.901959241482414464e-01 4.409660107334525958e-01
3.333333333333333148e-01 3.838881706528765592e-01 3.403136940322137871e-01 3.333333333333333148e-01 3.333333333333333148e-01
3.333333333333333148e-01 3.333333333333333148e-01 3.333333333333333148e-01 3.333333333333333148e-01 3.333333333333333148e-01
3.333333333333333148e-01 3.333333333333333148e-01 3.333333333333333148e-01 3.333333333333333148e-01 3.333333333333333148e-01
3.333333333333333148e-01 3.333333333333333148e-01 3.333333333333333148e-01 3.333333333333333148e-01 3.333333333333333148e-01
3.333333333333333148e-01 3.333333333333333148e-01 3.333333333333333148e-01 3.333333333333333148e-01 3.333333333333333148e-01
3.333333333333333148e-01 3.333333333333333148e-01 3.333333333333333148e-01 3.333333333333333148e-01 3.333333333333333148e-01
