0.000000000000000000e+00 0.000000000000000000e+00 0.000000000000000000e+00 0.000000000000000000e+00 0.000000000000000000e+00
-1.620414749620877337e-01 3.056574897416987624e-01 -8.012573580802616335e-02 3.274999051251644699e-01 2.891216547914560175e-01
1.363196353181994058e-01 3.462042713550141926e-01 1.548815833814838339e-01 8.402916318031353193e-02 9.262436222557157706e-02
1.420172111701476225e-01 1.239087630095815629e-01 8.291849892341732198e-02 1.284985132406471220e-01 3.673591791853225708e-02
0.000000000000000000e+00 -8.980265101338745504e-02 6.375767130633383517e-02 1.588903708917905819e-02 6.068300796911037243e-02
0.000000000000000000e+00 5.850944272329069301e-02 0.000000000000000000e+00 0.000000000000000000e+00 0.000000000000000000e+00
0.000000000000000000e+00 0.000000000000000000e+00 0.000000000000000000e+00 0.000000000000000000e+00 0.000000000000000000e+00
0.000000000000000000e+00 0.000000000000000000e+00 0.000000000000000000e+00 0.000000000000000000e+00 0.000000000000000000e+00
0.000000000000000000e+00 0.000000000000000000e+00 0.000000000000000000e+00 0.000000000000000000e+00 0.000000000000000000e+00
0.000000000000000000e+00 0.000000000000000000e+00 0.000000000000000000e+00 0.000000000000000000e+00 0.000000000000000000e+00
0.000000000000000000e+00 0.000000000000000000e+00 0.000000000000000000e+00 0.000000000000000000e+00 0.000000000000000000e+00
