0.000000000000000000e+00 0.000000000000000000e+00 0.000000000000000000e+00 0.000000000000000000e+00 0.000000000000000000e+00
5.073869569086908449e-01 5.061548501986421478e-01 5.092016509112182732e-01 4.879049299316655652e-01 4.967369493486465948e-01
5.035983182917690426e-01 5.101986046724966695e-01 4.930634166586899125e-01 5.050965346666773659e-01 4.889766401921475381e-01
4.836345266855973657e-01 5.006404980405314564e-01 5.390550307751590386e-01 5.071351483655188730e-01 4.949264624876060226e-01
4.857106372648531400e-01 4.990639533927100913e-01 4.698074852836757742e-01 4.894006335376525629e-01 4.987515454842187390e-01
5.111230717051651329e-01 4.646180838882109088e-01 4.776269038569977421e-01 4.783078070360414769e-01 5.136576814914072253e-01
5.039758486907821577e-01 4.749517896776486725e-01 4.720381043283810030e-01 4.641795521881247888e-01 4.826967622124775370e-01
5.121491488658277413e-01 4.561453024166846615e-01 4.769637882508365179e-01 4.944106301333116571e-01 4.707753802421374978e-01
4.573390756260570233e-01 4.511728957251643912e-01 4.408085228825442403e-01 4.282134894745589504e-01 4.367661417431210058e-01
2.606443970623074646e-01 3.131780857720917188e-01 3.290197820557861919e-01 3.411925376211090710e-01 2.472824090401457842e-01
2.747126436781609504e-01 2.568430032756275350e-01 2.665051217973796183e-01 2.703775100401606402e-01 2.651827988787622825e-01
