0.000000000000000000e+00 0.000000000000000000e+00 0.000000000000000000e+00 0.000000000000000000e+00 0.000000000000000000e+00
4.298417246784211332e-01 4.258568560673078873e-01 4.282154407616600711e-01 4.035353121881240512e-01 4.146489108229363119e-01
4.231592783409051095e-01 4.327011859274393912e-01 4.094880585243221849e-01 4.226902270400421657e-01 4.114547246127543412e-01
4.092363358325938338e-01 4.254200144679828322e-01 4.646412940217767851e-01 4.364981312568231298e-01 4.131633760984626536e-01
4.053328306684211846e-01 4.131654801411588362e-01 3.978352731867407788e-01 4.205370762583811595e-01 4.243510741689489052e-01
4.317083637843259769e-01 3.924776633948149906e-01 4.019373152583622932e-01 4.012705957221344710e-01 4.383640147790464625e-01
4.306703418027161834e-01 4.076108605463409917e-01 4.026584306430348592e-01 3.841882928816302001e-01 3.868891278732344841e-01
4.106011506944315381e-01 3.937667273234166099e-01 4.037868690848194775e-01 4.313717707891410735e-01 3.988727801964338515e-01
3.684664570195767541e-01 3.655211142430105364e-01 3.371328495848053275e-01 3.259530699350951521e-01 3.573887165957145284e-01
1.519003631754214934e-01 2.034722242165827311e-01 2.063484965958211348e-01 2.101175012470519743e-01 1.462003140568753912e-01
2.240069986164864579e-01 1.862203489152142455e-01 2.130771162322412926e-01 2.157055917820671354e-01 1.891051864066779220e-01
