0.000000000000000000e+00 0.000000000000000000e+00 0.000000000000000000e+00 0.000000000000000000e+00 0.000000000000000000e+00
9.498537899183338018e-01 9.498537899183338018e-01 9.498537899183338018e-01 9.372684899334993158e-01 9.498537899183338018e-01
9.498537899183338018e-01 9.624188277460078433e-01 9.498537899183338018e-01 9.498537899183338018e-01 9.498537899183338018e-01
9.372684899334993158e-01 9.246621004453464687e-01 9.498537899183338018e-01 9.372684899334993158e-01 9.498537899183338018e-01
9.498537899183338018e-01 9.372684899334993158e-01 9.624188277460078433e-01 9.498537899183338018e-01 9.246621004453464687e-01
9.498537899183338018e-01 9.372684899334993158e-01 9.372684899334993158e-01 9.624188277460078433e-01 9.624188277460078433e-01
9.246621004453464687e-01 9.498537899183338018e-01 9.246621004453464687e-01 9.624188277460078433e-01 8.993825042154693916e-01
9.372684899334993158e-01 9.372684899334993158e-01 9.498537899183338018e-01 8.993825042154693916e-01 9.372684899334993158e-01
9.372684899334993158e-01 9.498537899183338018e-01 9.372684899334993158e-01 9.120337469389800944e-01 9.120337469389800944e-01
9.120337469389800944e-01 9.246621004453464687e-01 9.120337469389800944e-01 8.867073925484099117e-01 9.372684899334993158e-01
9.120337469389802054e-01 7.972173828734265832e-01 6.662498697102228196e-01 6.928203230275508107e-01 8.612813451802816545e-01
