0.000000000000000000e+00 0.000000000000000000e+00 0.000000000000000000e+00 0.000000000000000000e+00 0.000000000000000000e+00
9.049149703826198099e-01 9.049149703826198099e-01 9.049149703826198099e-01 9.049149703826198099e-01 9.049149703826198099e-01
9.277097777240617127e-01 9.277097777240617127e-01 9.049149703826198099e-01 9.049149703826198099e-01 9.049149703826198099e-01
9.045340337332907765e-01 8.600936531274780972e-01 9.049149703826198099e-01 8.611965734178949061e-01 9.277097777240617127e-01
8.546419164724743389e-01 8.827582265343071333e-01 8.827582265343071333e-01 9.049149703826198099e-01 8.589949594878493189e-01
9.049149703826198099e-01 8.827582265343071333e-01 8.827582265343071333e-01 9.284883844727168656e-01 9.754065040827024635e-01
9.049149703826198099e-01 8.600936531274780972e-01 8.347967809766698721e-01 9.026365404882762400e-01 8.305556183273551385e-01
8.546419164724743389e-01 8.827582265343071333e-01 8.827582265343071333e-01 8.323148993037752241e-01 8.827582265343071333e-01
9.277097777240617127e-01 8.376605862352357601e-01 8.794080883518105018e-01 8.323148993037752241e-01 8.546419164724743389e-01
8.147304171010786300e-01 8.611965734178949061e-01 8.347967809766698721e-01 7.832012865918626110e-01 8.794080883518105018e-01
8.295053895174014924e-01 7.308086528256745318e-01 8.600936531274780972e-01 4.888428615989757753e-01 7.638097660322612503e-01
