0.000000000000000000e+00 0.000000000000000000e+00 0.000000000000000000e+00 0.000000000000000000e+00 0.000000000000000000e+00
9.465345222494289112e-01 9.637388493048533178e-01 9.465345222494289112e-01 9.465345222494289112e-01 9.637388493048533178e-01
9.637388493048533178e-01 9.465345222494289112e-01 9.465345222494289112e-01 9.637388493048533178e-01 9.637388493048533178e-01
9.298956298171000556e-01 9.465345222494289112e-01 9.267955267481673420e-01 9.465345222494289112e-01 9.465345222494289112e-01
9.465345222494289112e-01 9.267955267481673420e-01 9.465345222494289112e-01 9.267955267481673420e-01 9.465345222494289112e-01
9.267955267481673420e-01 9.465345222494289112e-01 9.465345222494289112e-01 9.465345222494289112e-01 9.465345222494289112e-01
9.637388493048533178e-01 9.267955267481673420e-01 9.070399009063034867e-01 9.298956298171000556e-01 9.267955267481673420e-01
9.298956298171000556e-01 9.298956298171000556e-01 9.298956298171000556e-01 9.637388493048533178e-01 9.465345222494289112e-01
8.858402678895954674e-01 9.442933254078124117e-01 8.858402678895954674e-01 8.275864995945614311e-01 9.053565001858749905e-01
9.442933254078124117e-01 9.637388493048533178e-01 9.442933254078124117e-01 9.637388493048533178e-01 8.277239548495399779e-01
9.248366013071895875e-01 9.442933254078124117e-01 9.637388493048533178e-01 9.442933254078124117e-01 9.442933254078124117e-01
