0.000000000000000000e+00 0.000000000000000000e+00 0.000000000000000000e+00 0.000000000000000000e+00 0.000000000000000000e+00
7.967963337180886674e-01 7.904259147246709416e-01 7.896271455670620387e-01 7.971483675591298779e-01 7.942523647425924205e-01
7.872580649481399906e-01 8.038110091281630565e-01 7.911475181347191743e-01 7.955792544030276803e-01 7.912487686584223079e-01
7.727087445570937074e-01 7.660382853653070478e-01 7.562258824908952848e-01 7.963404823233045660e-01 7.630477633778468549e-01
7.899788948414018241e-01 7.705570068783561544e-01 7.626601372031841519e-01 7.813354418160738390e-01 7.748181856317624128e-01
7.547553189886143654e-01 7.360909529555051956e-01 7.868137654012555826e-01 7.527482363292121725e-01 7.856189371924818809e-01
7.136742918611167497e-01 7.315613030964835950e-01 7.320857539660381441e-01 6.995319818600189699e-01 7.134632616876579458e-01
6.926855227896722145e-01 6.709045221695091321e-01 7.097894184055617561e-01 7.075752176770013779e-01 6.973613818281296783e-01
7.085912162499394817e-01 6.961078041106091296e-01 6.842916124311616555e-01 6.881755303035835825e-01 6.862076240453600651e-01
6.476239086446208271e-01 6.407265401582928899e-01 6.853545207796820637e-01 6.315551093966500495e-01 6.979354165776247010e-01
5.363999773389538372e-01 5.338326306008331912e-01 5.154118378536736156e-01 4.842906595629666300e-01 5.937288531769859823e-01
