0.000000000000000000e+00 0.000000000000000000e+00 0.000000000000000000e+00
1.000000000000000000e+00 1.000000000000000000e+00 1.000000000000000000e+00
1.000000000000000000e+00 9.666666666666666741e-01 1.000000000000000000e+00
9.666666666666666741e-01 1.000000000000000000e+00 1.000000000000000000e+00
1.000000000000000000e+00 1.000000000000000000e+00 1.000000000000000000e+00
1.000000000000000000e+00 9.666666666666666741e-01 9.666666666666666741e-01
1.000000000000000000e+00 9.666666666666666741e-01 9.666666666666666741e-01
1.000000000000000000e+00 9.666666666666666741e-01 1.000000000000000000e+00
9.666666666666666741e-01 1.000000000000000000e+00 1.000000000000000000e+00
9.666666666666666741e-01 1.000000000000000000e+00 9.666666666666666741e-01
9.666666666666666741e-01 1.000000000000000000e+00 9.666666666666666741e-01
9.333333333333333481e-01 9.666666666666666741e-01 9.666666666666666741e-01
9.000000000000000222e-01 9.333333333333333481e-01 8.333333333333332593e-01
7.333333333333333925e-01 6.666666666666666297e-01 6.666666666666666297e-01
