0.000000000000000000e+00 0.000000000000000000e+00 0.000000000000000000e+00
1.000000000000000000e+00 1.000000000000000000e+00 1.000000000000000000e+00
1.000000000000000000e+00 9.309493362512627490e-01 1.000000000000000000e+00
9.309493362512627490e-01 1.000000000000000000e+00 1.000000000000000000e+00
1.000000000000000000e+00 1.000000000000000000e+00 1.000000000000000000e+00
1.000000000000000000e+00 9.309493362512627490e-01 9.309493362512627490e-01
1.000000000000000000e+00 9.309493362512627490e-01 9.309493362512627490e-01
1.000000000000000000e+00 9.309493362512627490e-01 1.000000000000000000e+00
9.309493362512627490e-01 1.000000000000000000e+00 1.000000000000000000e+00
9.309493362512627490e-01 1.000000000000000000e+00 9.309493362512627490e-01
9.309493362512627490e-01 1.000000000000000000e+00 9.309493362512627490e-01
8.666666666666666963e-01 9.309493362512627490e-01 9.309493362512627490e-01
8.062257748298550242e-01 8.666666666666666963e-01 6.938886664887109479e-01
5.374838498865700531e-01 4.340573661412155948e-01 4.340573661412155948e-01
