0.000000000000000000e+00 0.000000000000000000e+00 0.000000000000000000e+00 0.000000000000000000e+00 0.000000000000000000e+00
9.078947368421053099e-01 8.991228070175438791e-01 8.947368421052631637e-01 9.122807017543859143e-01 8.991228070175438791e-01
9.122807017543859143e-01 8.815789473684210176e-01 8.947368421052631637e-01 4.736842105263157632e-01 8.991228070175438791e-01
9.254385964912280604e-01 4.736842105263157632e-01 8.289473684210526550e-01 4.736842105263157632e-01 8.991228070175438791e-01
6.096491228070175517e-01 5.263157894736841813e-01 5.263157894736841813e-01 5.263157894736841813e-01 4.736842105263157632e-01
5.350877192982456121e-01 7.280701754385965341e-01 5.263157894736841813e-01 4.736842105263157632e-01 5.570175438596490780e-01
5.263157894736841813e-01 5.263157894736841813e-01 5.307017543859648967e-01 5.307017543859648967e-01 4.736842105263157632e-01
5.263157894736841813e-01 5.307017543859648967e-01 5.263157894736841813e-01 5.394736842105263275e-01 7.938596491228070429e-01
5.614035087719297934e-01 4.561403508771929571e-01 5.263157894736841813e-01 5.263157894736841813e-01 4.736842105263157632e-01
5.263157894736841813e-01 4.473684210526315819e-01 5.263157894736841813e-01 4.429824561403508665e-01 5.263157894736841813e-01
5.219298245614034659e-01 5.350877192982456121e-01 5.263157894736841813e-01 5.263157894736841813e-01 5.175438596491228616e-01
