0.000000000000000000e+00 0.000000000000000000e+00 0.000000000000000000e+00 0.000000000000000000e+00 0.000000000000000000e+00
9.122807017543859143e-01 9.078947368421053099e-01 9.122807017543859143e-01 9.078947368421053099e-01 8.991228070175438791e-01
9.035087719298245945e-01 9.035087719298245945e-01 9.166666666666666297e-01 8.859649122807017330e-01 8.903508771929824483e-01
9.078947368421053099e-01 8.728070175438596978e-01 9.122807017543859143e-01 8.859649122807017330e-01 7.587719298245614308e-01
9.210526315789473450e-01 9.254385964912280604e-01 9.166666666666666297e-01 8.684210526315789824e-01 9.210526315789473450e-01
8.333333333333333703e-01 8.421052631578946901e-01 8.201754385964912242e-01 8.245614035087719396e-01 8.421052631578946901e-01
8.245614035087719396e-01 8.421052631578946901e-01 6.491228070175438791e-01 8.201754385964912242e-01 7.763157894736841813e-01
5.263157894736841813e-01 5.263157894736841813e-01 5.263157894736841813e-01 7.587719298245614308e-01 7.850877192982456121e-01
5.263157894736841813e-01 5.263157894736841813e-01 6.622807017543859143e-01 5.263157894736841813e-01 5.263157894736841813e-01
5.263157894736841813e-01 7.543859649122807154e-01 5.263157894736841813e-01 5.833333333333333703e-01 5.263157894736841813e-01
6.798245614035087758e-01 5.263157894736841813e-01 5.921052631578946901e-01 5.263157894736841813e-01 6.359649122807017330e-01
