0.000000000000000000e+00 0.000000000000000000e+00 0.000000000000000000e+00 0.000000000000000000e+00 0.000000000000000000e+00
9.119487139877964221e-01 9.075943259673839858e-01 9.120370370370369795e-01 9.075943259673839858e-01 8.986842867907030019e-01
9.026019417475729112e-01 9.022374678412723448e-01 9.159536697514696346e-01 8.848932038834952385e-01 8.894127233571968993e-01
9.067738857843805622e-01 8.697373864733347615e-01 9.112978524743231556e-01 8.836734693877551505e-01 7.359722076008001768e-01
9.203106796116504729e-01 9.249171880750828301e-01 9.160839160839160389e-01 8.646616541353382424e-01 9.204404466501241444e-01
8.262613299109649034e-01 8.359974424552429895e-01 8.107040884514914447e-01 8.164251207729468218e-01 8.359974424552429895e-01
8.164251207729468218e-01 8.359974424552429895e-01 6.148648648648649129e-01 8.114676401185891841e-01 7.602622518194750434e-01
3.448275862068965747e-01 3.448275862068965747e-01 3.448275862068965747e-01 7.359722076008001768e-01 7.685183266684623149e-01
3.448275862068965747e-01 3.448275862068965747e-01 6.015704786328666120e-01 3.448275862068965747e-01 3.448275862068965747e-01
3.448275862068965747e-01 7.333778817240226289e-01 3.448275862068965747e-01 4.656469717528061714e-01 3.448275862068965747e-01
6.281418262248933404e-01 3.448275862068965747e-01 4.823115798725554626e-01 3.448275862068965747e-01 5.594869526758071698e-01
