0.000000000000000000e+00 0.000000000000000000e+00 0.000000000000000000e+00 0.000000000000000000e+00 0.000000000000000000e+00
8.240387948322142053e-01 8.152237873543241031e-01 8.240740740740740700e-01 8.152237873543241031e-01 7.976823657461407091e-01
8.087455858555588906e-01 8.114769006209273661e-01 8.348132397330306764e-01 7.732579042591256613e-01 7.816463630126030404e-01
8.196011418647681790e-01 7.581837132765628651e-01 8.277676089132027792e-01 7.815796202190169462e-01 5.800930412510880707e-01
8.442332674519922309e-01 8.516032143049279135e-01 8.339196502920387388e-01 7.533592833095459351e-01 8.431839665155457242e-01
6.931698063854054848e-01 7.080881928749334087e-01 6.752710915654402957e-01 6.783199223540183898e-01 7.080881928749334087e-01
6.783199223540183898e-01 7.080881928749334087e-01 4.375949744936836749e-01 6.709173420341063565e-01 5.973812963677409549e-01
0.000000000000000000e+00 0.000000000000000000e+00 0.000000000000000000e+00 5.800930412510880707e-01 6.228183487944163321e-01
0.000000000000000000e+00 0.000000000000000000e+00 4.181445870235299678e-01 0.000000000000000000e+00 0.000000000000000000e+00
0.000000000000000000e+00 5.606489476712829267e-01 0.000000000000000000e+00 2.591977286403176484e-01 0.000000000000000000e+00
4.488839868175138470e-01 0.000000000000000000e+00 2.797271194322297205e-01 0.000000000000000000e+00 3.699139680153960552e-01
