0.000000000000000000e+00 0.000000000000000000e+00 0.000000000000000000e+00 0.000000000000000000e+00 0.000000000000000000e+00
8.321649484536082220e-01 8.288659793814433518e-01 8.280412371134020511e-01 8.334020618556701177e-01 8.375257731958762886e-01
8.251546391752577758e-01 8.412371134020618646e-01 8.375257731958762886e-01 8.189690721649484084e-01 8.288659793814433518e-01
8.226804123711339845e-01 8.082474226804123862e-01 8.416494845360824595e-01 8.111340206185566615e-01 7.950515463917525727e-01
8.127835051546391520e-01 8.272164948453608613e-01 8.119587628865979623e-01 8.367010309278350988e-01 8.404123711340205638e-01
8.061855670103093008e-01 7.983505154639175538e-01 8.094845360824742819e-01 8.276288659793814562e-01 8.358762886597937980e-01
8.173195876288660289e-01 8.214432989690721998e-01 7.649484536082473696e-01 8.164948453608247281e-01 8.016494845360824240e-01
8.078350515463917914e-01 7.962886597938144684e-01 7.810309278350515694e-01 8.004123711340206393e-01 7.901030927835051010e-01
7.344329896907216826e-01 7.468041237113401953e-01 7.711340206185567370e-01 7.748453608247423130e-01 7.600000000000000089e-01
7.443298969072165150e-01 7.249484536082474451e-01 7.513402061855669611e-01 7.212371134020618690e-01 7.567010309278350277e-01
7.039175257731958846e-01 7.035051546391752897e-01 6.668041237113402353e-01 7.393814432989690433e-01 6.997938144329897137e-01
