0.000000000000000000e+00 0.000000000000000000e+00 0.000000000000000000e+00 0.000000000000000000e+00 0.000000000000000000e+00
9.013457270745461880e-01 8.994222980944813761e-01 8.988764829014905811e-01 9.021380403839741602e-01 9.040212457850632655e-01
8.958233459355872119e-01 9.057353363966179627e-01 9.046638608013275462e-01 8.934438751184575755e-01 9.000393263748028838e-01
8.955833104263812849e-01 8.873504964317477928e-01 9.062267816944487020e-01 8.841090166750602553e-01 8.787475545704948043e-01
8.856990904300321432e-01 8.976194990983030753e-01 8.898123309947258974e-01 8.985238755160893653e-01 9.062288598973431419e-01
8.829897582399397482e-01 8.802790486353941901e-01 8.861935113237172645e-01 8.949836876068258951e-01 8.995463321846211002e-01
8.906065438454834338e-01 8.943543611219859635e-01 8.591688907044242596e-01 8.892432496551273546e-01 8.759899110302907799e-01
8.873583842818570933e-01 8.777775445856674796e-01 8.675590477208933171e-01 8.794565245433800804e-01 8.676811908002541873e-01
8.367549150422310955e-01 8.374808973970099268e-01 8.589915500902396417e-01 8.619118352376857750e-01 8.448947160110923393e-01
8.426081262660712889e-01 8.199753904465705290e-01 8.492777493829384294e-01 8.208902253466917598e-01 8.486987264750799342e-01
8.106376281993246113e-01 8.161455815315254991e-01 7.771930409116822869e-01 8.411046184317523267e-01 8.016880894010380842e-01
