0.000000000000000000e+00 0.000000000000000000e+00 0.000000000000000000e+00 0.000000000000000000e+00 0.000000000000000000e+00
7.885677036910963000e-01 7.960076970820314513e-01 7.957569975165715848e-01 7.911211803081884542e-01 7.946232066168562591e-01
7.886254204428628789e-01 8.021646246670609548e-01 7.874797865427136667e-01 7.838945320034997888e-01 7.796506987096307739e-01
7.887444185742243929e-01 7.651659155279260105e-01 7.889550015169433106e-01 7.522648167603829261e-01 7.433212739043718598e-01
7.666834694863342570e-01 7.603448890140094285e-01 7.703056582212506331e-01 7.877637426429469070e-01 7.733845390604465742e-01
7.605890758013179598e-01 7.362793118530184255e-01 7.820864284119605214e-01 8.014094723491927974e-01 7.704215738982618245e-01
7.502172681975174395e-01 7.616966663030230178e-01 7.003488542498227387e-01 7.642509424560389730e-01 7.296057113251436244e-01
7.412345979204330026e-01 7.356713177460211250e-01 7.170141995410992397e-01 7.459325517888085733e-01 7.045808864982618935e-01
6.806447183101260734e-01 6.396785817700255672e-01 6.982412553180227244e-01 7.022084183752953512e-01 6.898482423853564693e-01
6.532301520144069285e-01 6.407322762292317897e-01 6.515426114096214416e-01 6.200109077166495730e-01 6.430771718318777364e-01
5.706753287353184545e-01 5.683415730170158220e-01 5.329627430420526002e-01 5.016534320619574494e-01 5.751578104716432716e-01
