0.000000000000000000e+00 0.000000000000000000e+00 0.000000000000000000e+00 0.000000000000000000e+00 0.000000000000000000e+00
8.186092157746633902e-01 8.211758281824089734e-01 8.130416215840350347e-01 8.104914444023455511e-01 8.292777331009112407e-01
8.133397358943578181e-01 7.915247600890754631e-01 8.074939851268591040e-01 8.159698675075567342e-01 8.238707710902110071e-01
8.291462059908688564e-01 7.886082349579019990e-01 8.048550917252459413e-01 8.129744184680048891e-01 7.857753637414655046e-01
8.047943585132616429e-01 7.941909528014914343e-01 7.858610098494375196e-01 8.019476117103235824e-01 8.096621667740705464e-01
7.770367665949996505e-01 8.068247541931752309e-01 8.045568456370949528e-01 8.016659939619393827e-01 7.768510513346812418e-01
7.950575457594900586e-01 7.756598596372658028e-01 7.783579910981326400e-01 7.876631819836688031e-01 7.749960354107781058e-01
7.580902331184424803e-01 7.477670427851137447e-01 7.486934728502214753e-01 7.637884511602806015e-01 7.587798881308009946e-01
7.566168465015706834e-01 7.165638925451104368e-01 7.328918715259082894e-01 7.394336349662810060e-01 7.314933415801148087e-01
7.313465893906551107e-01 6.429302495761818337e-01 7.385072977695550378e-01 6.984495890727037137e-01 6.537160259323567812e-01
5.815626697959610514e-01 5.140918057971265442e-01 5.452831349484056345e-01 5.839371301174297590e-01 4.823043320415341673e-01
