0.000000000000000000e+00 0.000000000000000000e+00 0.000000000000000000e+00 0.000000000000000000e+00 0.000000000000000000e+00
5.813333333333333686e-01 5.786666666666666625e-01 5.919999999999999707e-01 5.653333333333333544e-01 5.706666666666666554e-01
5.786666666666666625e-01 5.759999999999999565e-01 5.946666666666666767e-01 5.706666666666666554e-01 5.733333333333333615e-01
5.759999999999999565e-01 5.626666666666666483e-01 5.973333333333333828e-01 5.866666666666666696e-01 5.919999999999999707e-01
5.813333333333333686e-01 5.813333333333333686e-01 5.866666666666666696e-01 5.866666666666666696e-01 5.759999999999999565e-01
5.653333333333333544e-01 5.839999999999999636e-01 5.813333333333333686e-01 5.973333333333333828e-01 5.733333333333333615e-01
5.973333333333333828e-01 5.919999999999999707e-01 5.919999999999999707e-01 5.626666666666666483e-01 5.866666666666666696e-01
5.546666666666666412e-01 5.679999999999999494e-01 6.106666666666666909e-01 5.919999999999999707e-01 5.520000000000000462e-01
5.653333333333333544e-01 5.200000000000000178e-01 5.600000000000000533e-01 5.493333333333333401e-01 5.493333333333333401e-01
4.933333333333333459e-01 4.640000000000000235e-01 4.666666666666666741e-01 4.693333333333333246e-01 4.613333333333333175e-01
3.333333333333333148e-01 3.493333333333333290e-01 3.573333333333333361e-01 3.413333333333333219e-01 3.413333333333333219e-01
