0.000000000000000000e+00 0.000000000000000000e+00 0.000000000000000000e+00 0.000000000000000000e+00 0.000000000000000000e+00
9.865966188455579378e-01 9.733226623982926817e-01 9.397045523063008998e-01 9.665925776251094170e-01 9.732905982905982745e-01
9.663352974973610232e-01 8.991962961478333627e-01 9.733333333333332726e-01 9.731932376911159865e-01 8.798076923076924016e-01
9.799819837854069071e-01 9.733226623982926817e-01 9.799319931993198951e-01 9.199999999999999289e-01 9.866613311991462298e-01
9.799979997999800352e-01 9.866613311991462298e-01 9.464665591322439786e-01 9.466666666666666563e-01 9.799819837854069071e-01
9.732905982905982745e-01 9.525014306797987551e-01 9.799819837854069071e-01 9.328332469390056003e-01 9.866613311991462298e-01
9.733333333333332726e-01 9.330924662116953927e-01 9.866613311991462298e-01 9.599819837854068894e-01 9.666531237720498160e-01
9.933326665999931970e-01 8.975917862710315331e-01 9.799319931993198951e-01 9.397858153162254036e-01 9.530128205128205465e-01
9.732905982905982745e-01 9.666633329999666513e-01 9.598646531319797726e-01 9.398532746431906837e-01 9.531035406826783296e-01
9.141541853076574631e-01 9.866613311991462298e-01 9.050035655498184228e-01 8.397714240437806898e-01 8.688067557406443653e-01
7.586274645771213798e-01 8.163001311840786256e-01 7.674734313200936020e-01 8.527280577398373973e-01 8.308121195966057249e-01
