0.000000000000000000e+00 0.000000000000000000e+00 0.000000000000000000e+00 0.000000000000000000e+00 0.000000000000000000e+00
8.026666666666666394e-01 7.946666666666666323e-01 8.080000000000000515e-01 8.133333333333333526e-01 8.159999999999999476e-01
8.239999999999999547e-01 8.159999999999999476e-01 8.159999999999999476e-01 8.133333333333333526e-01 8.266666666666666607e-01
8.133333333333333526e-01 7.813333333333333242e-01 8.106666666666666465e-01 8.266666666666666607e-01 8.133333333333333526e-01
8.000000000000000444e-01 8.000000000000000444e-01 8.426666666666666750e-01 7.920000000000000373e-01 8.106666666666666465e-01
7.973333333333333384e-01 7.973333333333333384e-01 8.186666666666666536e-01 8.186666666666666536e-01 7.893333333333333313e-01
8.053333333333333455e-01 8.026666666666666394e-01 8.213333333333333597e-01 7.813333333333333242e-01 7.840000000000000302e-01
8.266666666666666607e-01 8.293333333333333668e-01 7.973333333333333384e-01 8.186666666666666536e-01 8.053333333333333455e-01
8.106666666666666465e-01 7.946666666666666323e-01 7.760000000000000231e-01 8.000000000000000444e-01 7.493333333333332957e-01
7.146666666666666723e-01 7.786666666666666181e-01 7.866666666666666252e-01 7.813333333333333242e-01 8.080000000000000515e-01
7.413333333333332886e-01 7.680000000000000160e-01 7.199999999999999734e-01 7.439999999999999947e-01 7.493333333333332957e-01
