0.000000000000000000e+00 0.000000000000000000e+00 0.000000000000000000e+00 0.000000000000000000e+00 0.000000000000000000e+00
8.266666666666666607e-01 7.920000000000000373e-01 8.186666666666666536e-01 8.213333333333333597e-01 8.213333333333333597e-01
8.106666666666666465e-01 8.133333333333333526e-01 8.186666666666666536e-01 8.239999999999999547e-01 8.106666666666666465e-01
8.239999999999999547e-01 8.133333333333333526e-01 8.159999999999999476e-01 8.106666666666666465e-01 8.213333333333333597e-01
8.080000000000000515e-01 7.813333333333333242e-01 8.266666666666666607e-01 8.026666666666666394e-01 8.106666666666666465e-01
8.133333333333333526e-01 8.266666666666666607e-01 8.000000000000000444e-01 8.026666666666666394e-01 7.946666666666666323e-01
7.813333333333333242e-01 7.973333333333333384e-01 8.053333333333333455e-01 7.760000000000000231e-01 8.080000000000000515e-01
7.840000000000000302e-01 7.920000000000000373e-01 7.786666666666666181e-01 7.946666666666666323e-01 7.760000000000000231e-01
7.920000000000000373e-01 7.733333333333333171e-01 7.493333333333332957e-01 7.786666666666666181e-01 7.733333333333333171e-01
7.333333333333332815e-01 7.333333333333332815e-01 7.546666666666667078e-01 7.706666666666667220e-01 7.680000000000000160e-01
6.346666666666667123e-01 5.893333333333333757e-01 6.426666666666667194e-01 6.533333333333333215e-01 6.826666666666666439e-01
