0.000000000000000000e+00 0.000000000000000000e+00 0.000000000000000000e+00 0.000000000000000000e+00 0.000000000000000000e+00
7.045714042548623102e-01 6.923841489748431277e-01 7.125778974850311975e-01 7.202151363858999567e-01 7.246263478638240718e-01
7.367312002059720477e-01 7.245644139878252288e-01 7.242395214758682309e-01 7.206074879727308868e-01 7.407193408632344322e-01
7.205151122661695995e-01 6.728402292367051674e-01 7.161222286247513891e-01 7.406006237906224143e-01 7.203304673789452384e-01
7.009277076449156318e-01 7.020925457713609319e-01 7.641059633742245394e-01 6.906869335335236171e-01 7.169259102817373552e-01
6.965574690521291190e-01 6.964979418572972980e-01 7.288479003584387161e-01 7.287076758762630613e-01 6.848112971484031641e-01
7.083249595892961992e-01 7.061348126430062599e-01 7.332289439703454370e-01 6.727179489227109732e-01 6.767005220645885277e-01
7.421643384319395187e-01 7.469698804653577273e-01 6.987782752740443470e-01 7.286142378390946250e-01 7.093025296597184060e-01
7.171330090056934337e-01 6.977924596202083052e-01 6.661994239451791699e-01 7.039532383704883989e-01 6.273278089027813920e-01
5.922319427773075073e-01 6.716710875616692666e-01 6.862430142775707287e-01 6.745301864270725201e-01 7.166552233021075136e-01
6.294928345322813312e-01 6.659184239367738067e-01 5.915132687456442495e-01 6.309638686599431390e-01 6.475166196114012784e-01
