0.000000000000000000e+00 0.000000000000000000e+00 0.000000000000000000e+00 0.000000000000000000e+00 0.000000000000000000e+00
7.402132121120548192e-01 6.887129573675102590e-01 7.281009703356485785e-01 7.320546621222339123e-01 7.331504826434394051e-01
7.165581773691752643e-01 7.202381981527971044e-01 7.285208357357937370e-01 7.361492080274394390e-01 7.166041130395490732e-01
7.367626985791969618e-01 7.212010787253002597e-01 7.241004155535845088e-01 7.167419730743275208e-01 7.323047021473280127e-01
7.136996775260326942e-01 6.736475109436369513e-01 7.404819637810287070e-01 7.055671587705902859e-01 7.165811441001156412e-01
7.211393386649430637e-01 7.406639324585977402e-01 7.015808054723523535e-01 7.077773425332400947e-01 6.938304263631789315e-01
6.735175732534582904e-01 6.988308740334879809e-01 7.096597058789149148e-01 6.670451187832753259e-01 7.176019383558885911e-01
6.847550989762272167e-01 6.924983056627106448e-01 6.725201791434327614e-01 6.963137964011480996e-01 6.681392497259571739e-01
6.946183644934583734e-01 6.713310209502517667e-01 6.309501273200930349e-01 6.782568322031062857e-01 6.703994480668254985e-01
6.164823178145583116e-01 6.170036325076045935e-01 6.436891053417513886e-01 6.651369999513425668e-01 6.633987036545980764e-01
4.993161521584401075e-01 4.490756100502938386e-01 5.030372621755313522e-01 5.217588570404736448e-01 5.586129617731326880e-01
