0.000000000000000000e+00 0.000000000000000000e+00 0.000000000000000000e+00 0.000000000000000000e+00 0.000000000000000000e+00
9.280219780219780557e-01 9.415750915750915606e-01 9.351648351648351731e-01 9.390109890109890056e-01 9.304029304029304281e-01
9.485347985347984956e-01 9.543956043956043356e-01 9.410256410256410131e-01 9.346153846153846256e-01 9.529304029304028756e-01
9.476190476190475831e-01 9.150183150183150982e-01 9.353479853479853556e-01 9.388278388278388231e-01 9.369963369963369981e-01
9.278388278388278732e-01 9.283882783882784206e-01 9.130036630036630907e-01 9.331501831501831656e-01 9.349816849816849906e-01
8.899267399267398737e-01 9.172161172161171772e-01 9.230769230769231282e-01 9.219780219780220332e-01 8.978021978021977212e-01
9.104395604395605357e-01 8.935897435897436347e-01 8.663003663003663313e-01 9.139194139194140032e-01 8.782051282051281937e-01
8.842490842490842162e-01 8.606227106227106738e-01 8.699633699633699813e-01 8.247252747252746818e-01 8.232600732600732218e-01
7.452380952380952550e-01 7.521978021978021900e-01 8.119047619047619069e-01 7.617216117216116800e-01 7.891941391941392769e-01
6.130036630036630463e-01 5.999999999999999778e-01 6.285714285714285587e-01 6.309523809523809312e-01 6.452380952380952772e-01
5.000000000000000000e-01 5.000000000000000000e-01 5.166666666666667185e-01 5.119047619047618625e-01 5.238095238095238360e-01
