0.000000000000000000e+00 0.000000000000000000e+00 0.000000000000000000e+00 0.000000000000000000e+00 0.000000000000000000e+00
0.000000000000000000e+00 0.000000000000000000e+00 6.010025069647600970e-02 1.791612832955233325e-01 2.273970134135488430e-01
3.721042037676253744e-01 0.000000000000000000e+00 0.000000000000000000e+00 0.000000000000000000e+00 -1.371255585345737271e-01
0.000000000000000000e+00 0.000000000000000000e+00 0.000000000000000000e+00 0.000000000000000000e+00 0.000000000000000000e+00
0.000000000000000000e+00 7.392960871352163288e-01 -4.529108136578383070e-02 0.000000000000000000e+00 0.000000000000000000e+00
7.174348320524659428e-01 5.008354224706333957e-01 0.000000000000000000e+00 0.000000000000000000e+00 0.000000000000000000e+00
-1.986145305747393300e-02 0.000000000000000000e+00 6.407232755171874405e-01 0.000000000000000000e+00 0.000000000000000000e+00
0.000000000000000000e+00 0.000000000000000000e+00 0.000000000000000000e+00 6.445033866354895613e-01 0.000000000000000000e+00
0.000000000000000000e+00 0.000000000000000000e+00 0.000000000000000000e+00 0.000000000000000000e+00 0.000000000000000000e+00
1.791612832955233325e-01 0.000000000000000000e+00 1.791612832955233325e-01 0.000000000000000000e+00 0.000000000000000000e+00
2.067245576486807790e-01 0.000000000000000000e+00 0.000000000000000000e+00 0.000000000000000000e+00 -1.986145305747393300e-02
