0.000000000000000000e+00 0.000000000000000000e+00 0.000000000000000000e+00 0.000000000000000000e+00 0.000000000000000000e+00
8.996075444480791106e-01 8.912237311774577897e-01 9.585621880150462237e-01 9.192313834191578881e-01 9.014029139726420503e-01
9.438131362915880285e-01 8.124911290894898386e-01 8.609950615434942556e-01 8.606638604453953345e-01 8.872094380863835283e-01
9.961403389976577483e-01 8.739430727581880554e-01 9.070828459422718426e-01 9.395888790298727589e-01 9.501418253783653345e-01
8.942196726377237281e-01 8.406816691941219055e-01 9.603067736081025707e-01 9.131554101792296319e-01 9.395271422219962920e-01
9.589204169777869602e-01 9.596306291869751703e-01 8.438596298996159373e-01 9.321000615858181515e-01 9.441226842172691924e-01
9.377750366201527132e-01 9.529415765791742210e-01 9.392278479312015094e-01 9.497510609239565582e-01 9.680545655365484503e-01
8.810692441289738053e-01 9.313964352810080172e-01 8.745730187942615252e-01 8.388016343817448206e-01 9.627870606877630966e-01
8.995859938872625694e-01 8.768944351680536542e-01 8.807303249874453011e-01 8.612327151086924815e-01 8.579179668831351524e-01
9.589090776002900940e-01 9.961403123872334398e-01 8.708471307164860065e-01 9.218651204514558550e-01 8.897749424065213297e-01
8.728519833128616234e-01 8.769668952238551807e-01 8.955467962155576611e-01 6.931878666513460185e-01 8.683894563791861865e-01
