0.000000000000000000e+00 0.000000000000000000e+00 0.000000000000000000e+00 0.000000000000000000e+00 0.000000000000000000e+00
9.196396151025071353e-01 8.490602941002589610e-01 8.726289288136619415e-01 8.701099378646344196e-01 9.027969531840724926e-01
8.803443806552009310e-01 9.617187133199284199e-01 8.392969793790927557e-01 9.350427350427350515e-01 8.526193131001116310e-01
8.677156338587403983e-01 9.269628367989024564e-01 9.268460271765528447e-01 9.093074955695977790e-01 9.539922150909231346e-01
9.135042439794709423e-01 9.367611034188945140e-01 9.307308429665928085e-01 9.151745803096100751e-01 9.891218306943152516e-01
9.529148413307826360e-01 9.444311167975738552e-01 9.087501804061883792e-01 9.722625037713261698e-01 9.242558999740289050e-01
9.174884008660686430e-01 9.497398570517922023e-01 9.409059313264718227e-01 9.328491133702121463e-01 8.919245022838921955e-01
8.670104589991960431e-01 9.235374662706201665e-01 9.352687212140842199e-01 8.301506449941216115e-01 8.413506940322146299e-01
9.202350570453707856e-01 8.609150326797385677e-01 8.579830716522541811e-01 8.219888694681136698e-01 8.476439971910577631e-01
9.447488570378990147e-01 9.316194792840044592e-01 8.589351297076288638e-01 8.834444070283152817e-01 8.658579085250077689e-01
7.926570166162070219e-01 8.801177441091434517e-01 8.426280851920215920e-01 6.256805807622505267e-01 8.572580721084293032e-01
