0.000000000000000000e+00 0.000000000000000000e+00 0.000000000000000000e+00 0.000000000000000000e+00 0.000000000000000000e+00
9.196491228070176049e-01 8.491228070175438347e-01 8.726315789473684248e-01 8.701754385964912686e-01 9.028070175438596134e-01
8.803508771929824395e-01 9.617543859649122506e-01 8.392982456140349878e-01 9.350877192982456343e-01 8.526315789473684070e-01
8.677192982456140014e-01 9.270175438596490736e-01 9.270175438596490736e-01 9.094736842105263230e-01 9.540350877192982360e-01
9.136842105263157654e-01 9.368421052631579204e-01 9.308771929824561919e-01 9.154385964912280516e-01 9.891228070175438480e-01
9.529824561403508199e-01 9.445614035087719351e-01 9.087719298245613420e-01 9.722807017543859676e-01 9.245614035087719174e-01
9.178947368421053188e-01 9.498245614035087936e-01 9.410526315789473628e-01 9.329824561403509131e-01 8.919298245614035725e-01
8.687719298245613064e-01 9.238596491228070473e-01 9.354385964912280693e-01 8.340350877192982404e-01 8.414035087719298200e-01
9.207017543859649100e-01 8.624561403508772539e-01 8.603508771929824217e-01 8.266666666666666607e-01 8.505263157894736858e-01
9.449122807017544812e-01 9.319298245614036080e-01 8.614035087719298378e-01 8.845614035087718818e-01 8.680701754385964364e-01
8.003508771929823684e-01 8.817543859649122906e-01 8.459649122807018085e-01 6.449122807017543257e-01 8.599999999999999867e-01
