0.000000000000000000e+00 0.000000000000000000e+00 0.000000000000000000e+00 0.000000000000000000e+00 0.000000000000000000e+00
7.512755102040816757e-01 7.865353037766831257e-01 7.640653357531760337e-01 7.336975076818026409e-01 7.697950923349354824e-01
7.336975076818026409e-01 7.274633123689727698e-01 7.640653357531760337e-01 7.458455522971652041e-01 7.662711254944265526e-01
7.041316526610644777e-01 7.697950923349354824e-01 7.596153846153845812e-01 7.359512525389302340e-01 7.094676960585127867e-01
6.950933483441223970e-01 7.926634768740032921e-01 7.272999700329637607e-01 7.771428571428571352e-01 7.447028423772610317e-01
6.876365224989078317e-01 7.631550744829064259e-01 7.887037789516456732e-01 7.352909655985424564e-01 7.828265953892414863e-01
7.189465408805031377e-01 7.094676960585127867e-01 6.959572335449382141e-01 6.959572335449382141e-01 6.061083505029694063e-01
6.691310144224943413e-01 5.855072463768116187e-01 5.788139174531623521e-01 6.616345653305569785e-01 7.636650103017815772e-01
5.247178508981084066e-01 7.149122807017543879e-01 6.616345653305569785e-01 4.796798029556650356e-01 6.080043859649122417e-01
4.491525423728813804e-01 5.997536945812806941e-01 6.436403508771930682e-01 6.792763157894737835e-01 4.910638297872340075e-01
5.299145299145299193e-01 4.491525423728813804e-01 4.491525423728813804e-01 4.491525423728813804e-01 5.924764890282131491e-01
