0.000000000000000000e+00 0.000000000000000000e+00 0.000000000000000000e+00 0.000000000000000000e+00 0.000000000000000000e+00
8.223270440251573277e-01 8.297955974842767812e-01 8.042452830188679958e-01 7.739779874213836841e-01 8.203616352201257289e-01
7.739779874213836841e-01 7.464622641509434109e-01 8.042452830188679958e-01 8.062106918238993725e-01 7.928459119496855667e-01
7.323113207547169434e-01 8.203616352201257289e-01 7.767295597484276115e-01 7.397798742138365080e-01 7.028301886792452935e-01
7.047955974842767812e-01 8.069968553459119232e-01 7.236635220125786638e-01 7.861635220125786638e-01 7.330974842767294941e-01
6.705974842767296051e-01 7.425314465408805464e-01 7.794811320754717610e-01 7.169811320754717610e-01 7.519654088050313767e-01
7.189465408805031377e-01 7.028301886792452935e-01 6.753144654088050203e-01 6.753144654088050203e-01 5.919811320754717610e-01
6.430817610062893319e-01 5.738993710691824290e-01 5.691823899371069029e-01 6.316823899371069029e-01 7.197327044025156884e-01
5.369496855345912145e-01 6.666666666666666297e-01 6.316823899371069029e-01 5.066823899371069029e-01 5.900157232704402732e-01
5.000000000000000000e-01 5.833333333333333703e-01 6.155660377358490587e-01 6.411163522012578442e-01 5.208333333333333703e-01
5.416666666666666297e-01 5.000000000000000000e-01 5.000000000000000000e-01 5.000000000000000000e-01 5.786163522012578442e-01
