0.000000000000000000e+00 0.000000000000000000e+00 0.000000000000000000e+00 0.000000000000000000e+00 0.000000000000000000e+00
7.231284239278323867e-01 7.393685666794000966e-01 7.296410099164649665e-01 6.825464140985770811e-01 7.227778183322383088e-01
7.225361068216913374e-01 7.307672739909474302e-01 7.462172330593382918e-01 7.189542483660130712e-01 7.478816946442844449e-01
7.438487438487438874e-01 6.746588693957115135e-01 7.414394697926107725e-01 7.229276895943561598e-01 7.282581453634086044e-01
7.315134383627533987e-01 7.193280292005120868e-01 6.403588903588903758e-01 6.892878363466600211e-01 7.809228278467350570e-01
6.468388460009623087e-01 6.149583637131125213e-01 8.109775602958176899e-01 7.262605815237394014e-01 5.968916689051766422e-01
7.591263512316143158e-01 6.571477315061434732e-01 6.871626069782751367e-01 6.620834236969564968e-01 6.989949586140394855e-01
6.039292360560032380e-01 6.239316239316240464e-01 7.770788391985146148e-01 6.273712737127371541e-01 7.685185185185184897e-01
7.116578903547923218e-01 7.148353846675482570e-01 5.713732129714154118e-01 5.814290835884283748e-01 6.581787777439951359e-01
6.965475760856488785e-01 5.721248099085729510e-01 6.202844774273345019e-01 6.334730957372466387e-01 6.934049570166543885e-01
5.298547060090018634e-01 4.808342495418957419e-01 6.658156658156658692e-01 5.903638080604373117e-01 5.172269187278568658e-01
