0.000000000000000000e+00 0.000000000000000000e+00 0.000000000000000000e+00 0.000000000000000000e+00 0.000000000000000000e+00
7.167766361590010016e-01 7.291493042240798639e-01 7.266207865216771644e-01 7.394273160703256353e-01 7.225407302232965678e-01
7.310405643738976389e-01 7.556161434229510254e-01 6.961825842339074422e-01 7.171813413386715075e-01 7.080013759889921543e-01
7.217927575070431923e-01 7.124332570556827227e-01 7.506216845680278027e-01 7.907136451940512956e-01 6.903331962155491164e-01
7.256281318136988956e-01 7.112026076513980888e-01 6.606013908645487209e-01 7.046888084452621603e-01 7.621915820029027122e-01
6.208342619804111395e-01 6.232834287081810976e-01 7.818421167102802549e-01 7.278638886886309445e-01 6.639568045561607956e-01
7.901749947290744869e-01 6.218955797903166216e-01 6.794602786034853459e-01 6.587034649012022403e-01 6.910497940187648735e-01
5.658851177788707387e-01 6.433982683982683026e-01 7.425378912990147073e-01 6.058253623523249809e-01 7.783020538078653239e-01
6.712848083815825539e-01 6.719294870424602495e-01 5.628789233294865246e-01 5.895314139401465203e-01 6.609581532986290586e-01
6.454753994621104107e-01 5.923469888987130672e-01 5.863983453043760674e-01 6.169531334853916027e-01 6.163627515245416744e-01
4.398541398541398473e-01 4.408626451895682474e-01 5.938375350140056019e-01 5.582236100475640450e-01 4.315619967793880574e-01
