0.000000000000000000e+00 0.000000000000000000e+00 0.000000000000000000e+00 0.000000000000000000e+00 0.000000000000000000e+00
5.764880224370356743e-01 5.995954884903589299e-01 5.942730776723188502e-01 6.122269141174021545e-01 5.888858332191966305e-01
6.021200302567288887e-01 6.364820220722081645e-01 5.475657858254159294e-01 5.788492284057564774e-01 5.699597367701445538e-01
5.928454563192591120e-01 5.874529453504373500e-01 6.393868173237655661e-01 6.887242218177261899e-01 5.429293081038473190e-01
5.932450435733558347e-01 5.713157078655333176e-01 5.072756457580841483e-01 5.847198997129242626e-01 6.451766791950716007e-01
4.499656116584243026e-01 4.572831624352152735e-01 6.768230124691928529e-01 6.026509809467469614e-01 5.095369260375181009e-01
6.930409593674236035e-01 4.549277904218690383e-01 5.455717707113186821e-01 5.062293194382507799e-01 5.525358940306048794e-01
4.221026497607545114e-01 5.022607290523024570e-01 6.557450887485298807e-01 4.236996681776057372e-01 6.900851208954242866e-01
5.425722867375371017e-01 5.500300597124389013e-01 3.825236007826259832e-01 4.412195524907435162e-01 5.469708876358782002e-01
5.109508681493180049e-01 4.614909981537406169e-01 4.294747007300955821e-01 4.620004787112751976e-01 4.836679325908749272e-01
3.010987529693805453e-01 2.866743621302936806e-01 4.917921024358659632e-01 4.221915719946486290e-01 2.501261959042795913e-01
