0.000000000000000000e+00 0.000000000000000000e+00 0.000000000000000000e+00 0.000000000000000000e+00 0.000000000000000000e+00
5.100000000000000089e-01 5.040000000000000036e-01 5.040000000000000036e-01 5.420000000000000373e-01 5.520000000000000462e-01
5.120000000000000107e-01 5.080000000000000071e-01 4.839999999999999858e-01 5.340000000000000302e-01 5.320000000000000284e-01
4.959999999999999964e-01 5.040000000000000036e-01 5.460000000000000409e-01 5.140000000000000124e-01 5.200000000000000178e-01
5.140000000000000124e-01 5.240000000000000213e-01 5.320000000000000284e-01 5.200000000000000178e-01 5.240000000000000213e-01
4.799999999999999822e-01 5.300000000000000266e-01 6.059999999999999831e-01 4.939999999999999947e-01 5.260000000000000231e-01
4.979999999999999982e-01 5.440000000000000391e-01 4.939999999999999947e-01 5.420000000000000373e-01 5.240000000000000213e-01
5.180000000000000160e-01 4.560000000000000164e-01 5.160000000000000142e-01 4.819999999999999840e-01 5.340000000000000302e-01
5.220000000000000195e-01 4.620000000000000218e-01 4.779999999999999805e-01 4.580000000000000182e-01 5.100000000000000089e-01
4.279999999999999916e-01 4.440000000000000058e-01 4.139999999999999791e-01 4.540000000000000147e-01 4.580000000000000182e-01
3.940000000000000169e-01 3.739999999999999991e-01 2.640000000000000124e-01 4.139999999999999791e-01 3.260000000000000120e-01
