0.000000000000000000e+00 0.000000000000000000e+00 0.000000000000000000e+00 0.000000000000000000e+00 0.000000000000000000e+00
6.302870407995998514e-01 6.319192137473575999e-01 6.734153955428568983e-01 6.642212869442118972e-01 6.733695571013191827e-01
6.989500811468881691e-01 6.489955915170064760e-01 7.019711386647469187e-01 6.732320311633447352e-01 6.520393433574342978e-01
6.655866941197883246e-01 6.472954614246895222e-01 6.929209500359785334e-01 6.672019739072837519e-01 6.503578904219103896e-01
6.671526059239986095e-01 6.143147724813794452e-01 6.913811490212699029e-01 6.441300679080412817e-01 6.425371937632168295e-01
6.486086071684550314e-01 6.410847189796896606e-01 6.518724223287397646e-01 6.501153664066259275e-01 6.501467999784554808e-01
6.562213195691016798e-01 7.077199460334681058e-01 6.577236522854873479e-01 6.421130757027885272e-01 6.485205828710800535e-01
6.405924144839791889e-01 6.652807740723261087e-01 6.701546051390033787e-01 6.591322142329774092e-01 6.730223231112867355e-01
6.296578063885244214e-01 6.437190661983845930e-01 6.699145454771451291e-01 6.187338915418043594e-01 6.280450901469253333e-01
5.931861442451493716e-01 6.123194163495202513e-01 5.976048472251898058e-01 6.057853049998406236e-01 6.325625556389744553e-01
5.582974280593262506e-01 5.547633546760083467e-01 4.961383795293861643e-01 5.751177131106797180e-01 4.871657437431667903e-01
