0.000000000000000000e+00 0.000000000000000000e+00 0.000000000000000000e+00 0.000000000000000000e+00 0.000000000000000000e+00
3.567918103783832007e-01 3.492111604337757025e-01 3.477116543125005066e-01 3.977909272796688045e-01 4.120095534060594367e-01
3.607594065065027333e-01 3.546140870886508867e-01 3.228043349370868786e-01 3.882389686019750430e-01 3.855184032808260941e-01
3.399035296976530840e-01 3.553382765209085470e-01 4.114846231417401690e-01 3.619777760785705123e-01 3.743825664450667334e-01
3.641853555538022702e-01 3.768330645212138452e-01 3.878559361469569033e-01 3.734756940772568923e-01 3.770678271191683084e-01
3.202323514050114950e-01 3.919410989078009333e-01 4.905508362672665323e-01 3.512743421775453845e-01 3.838264508585172985e-01
3.454498865469886604e-01 4.101008393656070394e-01 3.411614469077495770e-01 4.056709635654793256e-01 3.834828813231519473e-01
3.777894741224879782e-01 3.002086493299807590e-01 3.779113595724620245e-01 3.280264802728037887e-01 4.018493178600827109e-01
3.895935472883166883e-01 3.142348929400380353e-01 3.384591061768609799e-01 3.040812591827590783e-01 3.753793361730238809e-01
2.820761533755525852e-01 2.912106471593626233e-01 2.504804043181583784e-01 3.203218385496998666e-01 3.248044227411318596e-01
2.719335066523831390e-01 2.126674855081766291e-01 9.026904905697116788e-02 2.823599535332688704e-01 2.289435511913379406e-01
