0.000000000000000000e+00 0.000000000000000000e+00 0.000000000000000000e+00 0.000000000000000000e+00 0.000000000000000000e+00
8.726546336591280983e-01 8.985795454545454364e-01 8.721804511278196115e-01 8.896340158379112406e-01 8.896340158379112406e-01
8.639222412807318063e-01 8.809319611206403167e-01 8.730531256667377615e-01 8.979416809605487160e-01 9.069056254889411584e-01
8.726546336591280983e-01 8.809319611206403167e-01 8.809319611206403167e-01 8.892230576441102485e-01 9.132653061224489388e-01
8.721804511278196115e-01 9.042918768735833668e-01 8.564942895651557198e-01 9.062656641604009966e-01 8.545127651923769552e-01
8.804535017221584159e-01 8.875808444153767685e-01 8.545127651923769552e-01 8.785714285714285587e-01 8.769208037825060309e-01
8.945035460992907250e-01 8.875808444153767685e-01 8.686050791313949526e-01 8.620289855072462704e-01 8.179314565483476462e-01
9.036437246963562320e-01 8.570570570570570368e-01 8.377272727272726538e-01 8.612244897959182577e-01 9.058612010068320952e-01
8.627450980392157298e-01 7.976190476190476719e-01 8.627450980392157298e-01 8.292192881745120703e-01 9.132653061224489388e-01
8.520874460773562031e-01 7.953950811093668527e-01 7.631557996974762670e-01 7.600225861095426527e-01 8.335664335664336733e-01
7.554236126969627874e-01 7.286309664228984850e-01 7.371779141104295441e-01 7.487004548408056070e-01 7.100389863547759139e-01
