0.000000000000000000e+00 0.000000000000000000e+00 0.000000000000000000e+00 0.000000000000000000e+00 0.000000000000000000e+00
8.985795454545454364e-01 8.899793755778393489e-01 8.899793755778393489e-01 8.813390313390312425e-01 8.982905982905983189e-01
8.809319611206403167e-01 8.813390313390312425e-01 8.982905982905983189e-01 8.813390313390312425e-01 8.730531256667377615e-01
9.069056254889411584e-01 8.896340158379112406e-01 8.809319611206403167e-01 8.726546336591280983e-01 9.048760991207034365e-01
8.804535017221584159e-01 9.048760991207034365e-01 8.726546336591280983e-01 8.892230576441102485e-01 8.545127651923769552e-01
8.721804511278196115e-01 8.373966199208917605e-01 8.292192881745120703e-01 8.970588235294117974e-01 8.861244019138756478e-01
9.042918768735833668e-01 8.620289855072462704e-01 8.777875586854460010e-01 8.694889230094319243e-01 8.377272727272726538e-01
9.036437246963562320e-01 8.346859691452803709e-01 8.474474021567001136e-01 7.930434782608695166e-01 8.892230576441102485e-01
8.462973593570608521e-01 7.976190476190476719e-01 8.031643293779215931e-01 8.202804746494067878e-01 8.709980487099804325e-01
8.520874460773562031e-01 7.381161971830985102e-01 8.078431372549019773e-01 7.600225861095426527e-01 8.065898345153665883e-01
7.132530120481928027e-01 7.286309664228984850e-01 7.134910751349108349e-01 7.487004548408056070e-01 7.216261998870694416e-01
