0.000000000000000000e+00 0.000000000000000000e+00 0.000000000000000000e+00 0.000000000000000000e+00 0.000000000000000000e+00
8.802898550724638227e-01 9.102898550724637383e-01 8.775362318840580489e-01 8.975362318840579556e-01 8.975362318840579556e-01
8.702898550724638138e-01 8.875362318840580578e-01 8.830434782608695965e-01 9.047826086956520797e-01 9.175362318840579734e-01
8.802898550724638227e-01 8.875362318840580578e-01 8.875362318840580578e-01 8.947826086956521818e-01 9.110144927536232284e-01
8.775362318840580489e-01 9.010144927536232196e-01 8.685507246376811263e-01 9.120289855072463148e-01 8.575362318840580311e-01
8.847826086956521729e-01 8.865217391304347494e-01 8.575362318840580311e-01 8.765217391304347405e-01 8.710144927536231929e-01
8.882608695652174369e-01 8.865217391304347494e-01 8.637681159420289578e-01 8.620289855072463814e-01 8.082608695652173658e-01
8.982608695652174458e-01 8.482608695652174013e-01 8.282608695652173836e-01 8.592753623188404966e-01 9.092753623188405410e-01
8.647826086956521552e-01 7.882608695652173481e-01 8.647826086956521552e-01 8.330434782608695521e-01 9.110144927536232284e-01
8.492753623188405987e-01 7.892753623188406564e-01 7.555072463768115476e-01 7.527536231884057738e-01 8.292753623188405809e-01
7.492753623188406209e-01 7.237681159420290555e-01 7.327536231884057560e-01 7.427536231884057649e-01 7.082608695652173880e-01
