0.000000000000000000e+00 0.000000000000000000e+00 0.000000000000000000e+00 0.000000000000000000e+00 0.000000000000000000e+00
7.514862013847065647e-01 8.100814563597509288e-01 7.475269393359266212e-01 7.855665588407965139e-01 7.855665588407965139e-01
7.323472729384292723e-01 7.664565979793972472e-01 7.562858668876092372e-01 8.005659230203651111e-01 8.243887939853205005e-01
7.514862013847065647e-01 7.664565979793972472e-01 7.664565979793972472e-01 7.816750029754564455e-01 8.270787942127576509e-01
7.475269393359266212e-01 8.098124222614646595e-01 7.278768356116468441e-01 8.158230666149863808e-01 7.101493590063866490e-01
7.629593851650108283e-01 7.752939734975468067e-01 7.101493590063866490e-01 7.576695018916588253e-01 7.587058764362871743e-01
7.939738449112552221e-01 7.752939734975468067e-01 7.405289769985169412e-01 7.240579710144927628e-01 6.624721810052870419e-01
8.107464656541532033e-01 7.277809473459427858e-01 6.950632889715185891e-01 7.229648557311093571e-01 8.129151965277811032e-01
7.259966134311665042e-01 6.299068254080536500e-01 7.259966134311665042e-01 6.603693661428229333e-01 8.270787942127576509e-01
7.053299377123707359e-01 6.009132216303864071e-01 5.875198050708043684e-01 5.957460030866371659e-01 6.703114883428806792e-01
5.316319963633565626e-01 5.032868294606689386e-01 5.640298157507389609e-01 5.799320564583461124e-01 4.975297702272497569e-01
