0.000000000000000000e+00 0.000000000000000000e+00 0.000000000000000000e+00 0.000000000000000000e+00 0.000000000000000000e+00
5.146666666666667167e-01 5.173333333333333117e-01 5.013333333333332975e-01 5.093333333333333046e-01 5.120000000000000107e-01
4.879999999999999893e-01 5.093333333333333046e-01 5.173333333333333117e-01 4.959999999999999964e-01 5.173333333333333117e-01
5.066666666666667096e-01 4.773333333333333317e-01 4.746666666666666812e-01 4.853333333333333388e-01 5.066666666666667096e-01
5.120000000000000107e-01 4.933333333333333459e-01 4.853333333333333388e-01 4.693333333333333246e-01 4.933333333333333459e-01
4.959999999999999964e-01 4.826666666666666883e-01 4.959999999999999964e-01 5.120000000000000107e-01 5.066666666666667096e-01
4.986666666666666470e-01 5.013333333333332975e-01 5.253333333333333188e-01 4.853333333333333388e-01 4.826666666666666883e-01
4.560000000000000164e-01 5.226666666666666128e-01 4.879999999999999893e-01 5.040000000000000036e-01 5.040000000000000036e-01
5.066666666666667096e-01 5.013333333333332975e-01 5.173333333333333117e-01 5.226666666666666128e-01 5.173333333333333117e-01
4.746666666666666812e-01 4.826666666666666883e-01 4.933333333333333459e-01 4.693333333333333246e-01 4.906666666666666399e-01
5.120000000000000107e-01 4.959999999999999964e-01 4.959999999999999964e-01 5.173333333333333117e-01 4.826666666666666883e-01
