0.000000000000000000e+00 0.000000000000000000e+00 0.000000000000000000e+00 0.000000000000000000e+00 0.000000000000000000e+00
5.520000000000000462e-01 5.420000000000000373e-01 5.440000000000000391e-01 5.440000000000000391e-01 5.520000000000000462e-01
5.460000000000000409e-01 5.460000000000000409e-01 5.560000000000000497e-01 5.520000000000000462e-01 5.400000000000000355e-01
5.699999999999999512e-01 5.480000000000000426e-01 5.600000000000000533e-01 5.580000000000000515e-01 5.560000000000000497e-01
5.400000000000000355e-01 5.320000000000000284e-01 5.639999999999999458e-01 5.280000000000000249e-01 5.360000000000000320e-01
5.280000000000000249e-01 5.340000000000000302e-01 5.380000000000000338e-01 5.360000000000000320e-01 5.320000000000000284e-01
5.320000000000000284e-01 5.240000000000000213e-01 5.460000000000000409e-01 5.200000000000000178e-01 5.260000000000000231e-01
5.320000000000000284e-01 5.080000000000000071e-01 5.020000000000000018e-01 5.260000000000000231e-01 5.080000000000000071e-01
4.719999999999999751e-01 4.959999999999999964e-01 5.000000000000000000e-01 4.779999999999999805e-01 5.380000000000000338e-01
4.979999999999999982e-01 4.899999999999999911e-01 5.180000000000000160e-01 4.959999999999999964e-01 4.299999999999999933e-01
2.520000000000000018e-01 2.520000000000000018e-01 2.780000000000000249e-01 2.520000000000000018e-01 3.240000000000000102e-01
