0.000000000000000000e+00 0.000000000000000000e+00 0.000000000000000000e+00 0.000000000000000000e+00 0.000000000000000000e+00
4.261588006762270231e-01 4.172460880889707902e-01 4.205340747103372134e-01 4.059339689941733331e-01 4.176328277046104098e-01
3.956874234245867927e-01 3.881657767933048842e-01 4.011798875740944514e-01 4.083187302025665377e-01 3.804608214883724027e-01
3.594913740433345883e-01 4.159982531603077516e-01 3.750469286446776462e-01 4.333895362861460709e-01 3.701281256406277476e-01
3.593395599700877630e-01 3.504121405560236546e-01 4.057635187636300933e-01 3.777328417103590907e-01 3.714561186183092389e-01
3.456975000846906898e-01 3.526313156959095529e-01 3.565334315548658317e-01 3.622308247876171450e-01 3.565328765132790845e-01
3.949392497710864647e-01 3.521322527722289264e-01 3.595194080898241329e-01 3.379385608424880227e-01 3.497121563318233428e-01
3.228446861108155708e-01 3.953028352990330396e-01 3.148231885645468298e-01 3.568165986132437739e-01 3.643359055275821601e-01
3.517100926970562758e-01 3.568181006254388943e-01 3.920953870764815608e-01 3.018936889185754313e-01 3.776365866223106993e-01
3.586133403253448093e-01 3.553654008958378463e-01 4.107045867130755812e-01 3.719941395421297869e-01 3.916804081370098833e-01
2.723741970606761709e-01 2.028118522797949241e-01 2.005143950547475240e-01 3.758032049179805267e-01 3.466959760476658325e-01
