0.000000000000000000e+00 0.000000000000000000e+00 0.000000000000000000e+00 0.000000000000000000e+00 0.000000000000000000e+00 0.000000000000000000e+00 0.000000000000000000e+00 0.000000000000000000e+00 0.000000000000000000e+00 0.000000000000000000e+00
9.766763848396501357e-01 9.591836734693877098e-01 9.533527696793002715e-01 9.475218658892128332e-01 9.562682215743439906e-01 8.804664723032069595e-01 8.658892128279883638e-01 8.629737609329446446e-01 9.212827988338192498e-01 9.241982507288629689e-01
8.600583090379009255e-01 9.475218658892128332e-01 8.833819241982506787e-01 8.950437317784256663e-01 9.533527696793002715e-01 8.804664723032069595e-01 9.387755102040816757e-01 9.562682215743439906e-01 9.446064139941691140e-01 9.533527696793002715e-01
8.571428571428570953e-01 9.387755102040816757e-01 8.892128279883382280e-01 8.104956268221574778e-01 9.650145772594752591e-01 9.300291545189504072e-01 7.259475218658891782e-01 8.892128279883382280e-01 8.571428571428570953e-01 9.533527696793002715e-01
9.271137026239066881e-01 8.309037900874635119e-01 8.279883381924197927e-01 9.416909620991253949e-01 8.309037900874635119e-01 9.300291545189504072e-01 9.096209912536442621e-01 8.804664723032069595e-01 9.475218658892128332e-01 8.658892128279883638e-01
9.037900874635568238e-01 8.046647230320699284e-01 9.387755102040816757e-01 9.241982507288629689e-01 6.647230320699708539e-01 9.620991253644315400e-01 9.679300291545189783e-01 9.212827988338192498e-01 8.804664723032069595e-01 8.629737609329446446e-01
8.892128279883382280e-01 8.571428571428570953e-01 9.329446064139941264e-01 8.950437317784256663e-01 9.241982507288629689e-01 9.212827988338192498e-01 9.183673469387755306e-01 9.504373177842565523e-01 8.571428571428570953e-01 8.862973760932945089e-01
9.037900874635568238e-01 9.562682215743439906e-01 9.504373177842565523e-01 9.037900874635568238e-01 8.571428571428570953e-01 9.446064139941691140e-01 8.104956268221574778e-01 9.300291545189504072e-01 8.454810495626822187e-01 7.405247813411078850e-01
8.367346938775510612e-01 8.046647230320699284e-01 9.271137026239066881e-01 8.717201166180758021e-01 9.300291545189504072e-01 8.192419825072886352e-01 9.387755102040816757e-01 9.300291545189504072e-01 8.396501457725947803e-01 9.212827988338192498e-01
8.309037900874635119e-01 7.900874635568513327e-01 8.104956268221574778e-01 9.125364431486880923e-01 9.387755102040816757e-01 8.454810495626822187e-01 9.475218658892128332e-01 9.125364431486880923e-01 9.475218658892128332e-01 7.667638483965014684e-01
