0.000000000000000000e+00 0.000000000000000000e+00 0.000000000000000000e+00 0.000000000000000000e+00 0.000000000000000000e+00 0.000000000000000000e+00 0.000000000000000000e+00 0.000000000000000000e+00 0.000000000000000000e+00 0.000000000000000000e+00
9.704946236559139905e-01 9.480122986315606681e-01 9.405854841503551445e-01 9.375606796116504604e-01 9.472226496384059669e-01 8.656225812924618346e-01 8.357142857142856318e-01 8.478935698447893632e-01 9.080784920942143179e-01 9.107843137254901800e-01
8.449717514124293061e-01 9.364814814814814703e-01 8.580062924325219109e-01 8.613954741379310498e-01 9.413825514825258090e-01 8.656225812924618346e-01 9.256756059558572947e-01 9.475262368815591252e-01 9.292007517735119126e-01 9.393081482792179360e-01
8.265764138970004282e-01 9.194520547945205236e-01 8.746248557137361601e-01 7.964837652557303915e-01 9.568770429972339731e-01 9.180797707188916856e-01 4.206081081081080586e-01 8.409090909090910504e-01 8.372187624093211378e-01 9.435390946502056897e-01
9.148874926798280516e-01 8.162047302291204343e-01 8.133686239428956632e-01 9.306229773462784127e-01 7.451055760557605545e-01 9.120738272237887134e-01 8.960331661337792575e-01 8.656225812924618346e-01 9.368505032321413628e-01 8.201322389420884207e-01
8.887818969667788949e-01 7.348539914390871397e-01 9.175603447289208958e-01 9.087840602242041044e-01 6.601004747994382305e-01 9.508666380174759514e-01 9.605932424669695324e-01 9.060798133968865908e-01 8.259206535866807641e-01 8.415984593163216010e-01
8.437619869581894916e-01 8.323073085557495254e-01 9.136918111700671474e-01 8.506531204644411925e-01 9.059758771929824483e-01 9.050007693491306515e-01 9.044263991720404849e-01 9.387171699124531310e-01 8.414209557956314756e-01 8.685604236880115625e-01
8.649171171816261161e-01 9.448629880081017562e-01 9.366533042184054247e-01 8.694056972759682811e-01 7.812870063114061292e-01 9.339080168348461441e-01 7.958052846086917098e-01 9.120738272237887134e-01 7.582997620092271074e-01 7.095571095571095999e-01
7.774791473586653012e-01 7.784429983128464681e-01 9.139859368260558892e-01 8.418824909898583453e-01 9.082887700534759690e-01 7.091948364511539982e-01 9.228081832113423921e-01 9.075969827586206629e-01 7.491789983114621743e-01 9.075979047143926115e-01
7.713963963963964554e-01 6.928358208955223141e-01 7.035751798226370646e-01 8.798009531819456219e-01 9.222851594109079398e-01 8.262926050853773852e-01 9.357142857142858317e-01 8.853609625668449334e-01 9.372101537710519903e-01 6.871865025079799683e-01
