0.000000000000000000e+00 0.000000000000000000e+00 0.000000000000000000e+00 0.000000000000000000e+00 0.000000000000000000e+00
9.000000000000000222e-01 9.000000000000000222e-01 8.977777777777777857e-01 8.955555555555555491e-01 8.888888888888888395e-01
9.066666666666666208e-01 8.977777777777777857e-01 8.955555555555555491e-01 8.955555555555555491e-01 9.000000000000000222e-01
9.000000000000000222e-01 8.933333333333333126e-01 8.977777777777777857e-01 9.022222222222222587e-01 9.022222222222222587e-01
9.000000000000000222e-01 9.000000000000000222e-01 9.088888888888888573e-01 9.000000000000000222e-01 8.933333333333333126e-01
9.111111111111110938e-01 9.044444444444444953e-01 9.044444444444444953e-01 9.044444444444444953e-01 9.044444444444444953e-01
8.955555555555555491e-01 8.844444444444444775e-01 8.888888888888888395e-01 8.866666666666667140e-01 9.022222222222222587e-01
9.000000000000000222e-01 9.022222222222222587e-01 8.955555555555555491e-01 9.155555555555555669e-01 8.733333333333332948e-01
8.822222222222222410e-01 8.800000000000000044e-01 8.488888888888889150e-01 8.844444444444444775e-01 8.622222222222222232e-01
8.177777777777778256e-01 8.266666666666666607e-01 8.355555555555556069e-01 8.111111111111111160e-01 8.377777777777777324e-01
7.577777777777777724e-01 7.511111111111110628e-01 7.711111111111110805e-01 7.622222222222222454e-01 7.733333333333333171e-01
