0.000000000000000000e+00 0.000000000000000000e+00 0.000000000000000000e+00 0.000000000000000000e+00 0.000000000000000000e+00
5.516842897487252984e-01 5.427043393966920481e-01 5.336798874065071807e-01 5.291502622129180544e-01 5.336798874065071807e-01
5.606218769267650170e-01 5.672984713143123248e-01 5.449534128916179165e-01 5.291502622129180544e-01 5.494433546781688493e-01
5.177730090386025719e-01 5.471997400909064391e-01 5.427043393966920481e-01 5.404524853202997692e-01 5.336798874065071807e-01
5.314165555903914706e-01 5.606218769267650170e-01 5.650754128629400519e-01 5.427043393966921592e-01 5.154881181947843505e-01
5.583913402703242213e-01 5.086138024080747444e-01 5.200546979779039347e-01 5.223332269729736854e-01 5.223332269729736854e-01
5.427043393966920481e-01 5.177730090386025719e-01 5.606218769267650170e-01 5.717373134189821515e-01 5.200546979779039347e-01
5.449534128916179165e-01 5.404524853202998802e-01 5.268809690580553706e-01 4.994005295240373510e-01 5.268809690580553706e-01
5.359402951822151984e-01 5.516842897487252984e-01 5.154881181947843505e-01 5.291502622129181654e-01 4.807993344421350734e-01
4.970884115415374893e-01 4.831378915198250579e-01 4.690453662019864467e-01 5.017090790488049068e-01 5.177730090386025719e-01
5.040141091499544812e-01 4.854725075177332427e-01 4.714045207910316782e-01 4.901301414477134410e-01 4.854725075177332427e-01
