0.000000000000000000e+00 0.000000000000000000e+00 0.000000000000000000e+00 0.000000000000000000e+00 0.000000000000000000e+00
1.089607660418972640e-01 1.203445179990473290e-01 1.208159269014763698e-01 1.407724258856729582e-01 1.127615317747112794e-01
1.572648832939974317e-01 1.627972278906989201e-01 1.183210328997972155e-01 8.947328820011513084e-02 1.295953761194686138e-01
1.259885044994830117e-01 1.364211078983634529e-01 1.395522517591388512e-01 1.367048673523564573e-01 1.579685481761759769e-01
1.138602148580829393e-01 1.548832987131380234e-01 1.675494020685629470e-01 1.343731495524221609e-01 1.245567668113602977e-01
1.099564814603399138e-01 1.264858596947070202e-01 1.118116692747400387e-01 1.129424659011584869e-01 1.337192617325616284e-01
8.435867132764660048e-02 1.129446346772063486e-01 1.648583557309924175e-01 2.240465362233944047e-01 1.180823258703612988e-01
1.465092054681686184e-01 1.514157914321967446e-01 1.551457354295417146e-01 9.330781143661899535e-02 6.402200993382656247e-02
1.043361001211955824e-01 1.232168805911484644e-01 9.592208657759898616e-02 1.178587088048972109e-01 1.010530705029325932e-01
7.782326274475510897e-02 2.163111581076281389e-02 4.041282253817538722e-02 1.049318863355340886e-01 -6.608378391001716937e-03
5.511627509527505797e-02 1.213392095290725253e-02 7.348836679370007730e-02 4.785068363165025790e-02 0.000000000000000000e+00
