0.000000000000000000e+00 0.000000000000000000e+00 0.000000000000000000e+00 0.000000000000000000e+00 0.000000000000000000e+00 0.000000000000000000e+00 0.000000000000000000e+00 0.000000000000000000e+00 0.000000000000000000e+00 0.000000000000000000e+00
8.552935715858380750e-01 8.334038736295235061e-01 9.235070821536534025e-01 8.301522337528677298e-01 8.645810369906722359e-01 7.218975042400526121e-01 8.140734102286962814e-01 8.338618838244172826e-01 7.390803998201913583e-01 8.150008702674882421e-01
6.688160858873279935e-01 9.240153982277592437e-01 9.368628362566315815e-01 8.212419552161923653e-01 7.825437012926717006e-01 8.188676340430793843e-01 7.848952559578736832e-01 7.904475067982974501e-01 9.034411727968711947e-01 7.866183537617912336e-01
8.680407646647531061e-01 8.464084805999257943e-01 8.648677733440284232e-01 9.206166890079313658e-01 8.687216556654626665e-01 7.830037493390550329e-01 8.250720660161605657e-01 8.364233182143635537e-01 8.599613044102705217e-01 7.332249702367023003e-01
8.053628850630819569e-01 8.995380712979708093e-01 8.722101033663033354e-01 8.279244276337369701e-01 9.090687975972672197e-01 7.662739883984673872e-01 8.089136002374662793e-01 8.857701586292248130e-01 9.270510449046911461e-01 8.439481416979738304e-01
8.350489191309338199e-01 8.352218371059723090e-01 8.119748523935580442e-01 8.424521104667176408e-01 8.762719940530220297e-01 8.106657765615844502e-01 9.106416164560029447e-01 7.886918914661623647e-01 7.551350147039135319e-01 8.418223082356792730e-01
7.660804431754087984e-01 8.808087287999821768e-01 7.827090086732438889e-01 7.751858951929782027e-01 8.623540010641652653e-01 9.170560303856917228e-01 8.607474652223028322e-01 8.197925192236256153e-01 8.957218324335345372e-01 8.961170608228187229e-01
7.836372257539210295e-01 8.512463494268917019e-01 9.268623252637416821e-01 9.254341946075517189e-01 8.033157116981251011e-01 8.634548304383162787e-01 7.987373258378942520e-01 7.806590918078231134e-01 9.023544906208572636e-01 8.138965964913629225e-01
7.566610845184353895e-01 9.652718861616502721e-01 8.309713320056706376e-01 8.434143911533300564e-01 8.415949261399058301e-01 9.279025331517278818e-01 8.284068470538550333e-01 7.977064918323714116e-01 6.989160348238077081e-01 7.598249238395607952e-01
8.694806255500602266e-01 9.254341946075517189e-01 7.473954394894890552e-01 9.257292154284378904e-01 8.730170828485616097e-01 7.228598529719036936e-01 7.913117837977725610e-01 7.552100343042604802e-01 7.938701759317143836e-01 8.646025640212748886e-01
7.902364977750619968e-01 7.166949889299344401e-01 7.618978131524946074e-01 9.008103099301516536e-01 7.539689949185666151e-01 7.660895756599906958e-01 7.992034229700764048e-01 8.278394622262761349e-01 8.049918434678172696e-01 8.141605536993791192e-01
8.321930366315344330e-01 8.790469535331213446e-01 8.706988304178258087e-01 8.802506304297219586e-01 8.640720535766066579e-01 7.724158445995337186e-01 8.293518525859508994e-01 7.935426939210266095e-01 8.931167520770856294e-01 8.137641100168744313e-01
8.797060266039590237e-01 8.178377832821200899e-01 8.887823346633573207e-01 9.182763316978289625e-01 8.652542276928203435e-01 6.549777694704238540e-01 6.752394927838857308e-01 8.439277206193598335e-01 8.685097834367960790e-01 8.754513627301312439e-01
8.351034233721216227e-01 8.148746855548762991e-01 7.736355589585763859e-01 7.229576020977948048e-01 7.076665111730195967e-01 8.541260582527930856e-01 7.185500110609557289e-01 7.189725573782366208e-01 8.415225843232087000e-01 8.457542933236134042e-01
7.980066730085695337e-01 8.320243779292697539e-01 7.546154281781179973e-01 7.705097394097527586e-01 7.992932710785068950e-01 8.953917759522340702e-01 8.502351021907351702e-01 7.866882806714737830e-01 8.281250570676172984e-01 8.196511860558951534e-01
6.230227578420270973e-01 7.918976943268108970e-01 7.678963442141644169e-01 8.135010822010896314e-01 7.849278669761055038e-01 7.915851798555261221e-01 7.365383366587455738e-01 8.126352001197305608e-01 8.143336722781371328e-01 7.341463791330308242e-01
8.280150467740251541e-01 7.792498189685156396e-01 7.924205842931920651e-01 7.855444872804263623e-01 7.610399275037690314e-01 7.537233491569731436e-01 8.705825411981111817e-01 8.450103526161135692e-01 8.107798969781665477e-01 7.772895897503573348e-01
8.610349019288523476e-01 6.410555314146869632e-01 7.124962775381780133e-01 8.794511491338897757e-01 7.192030006650732554e-01 8.714322072632610938e-01 8.226552685115043895e-01 7.196271728307715998e-01 8.788484622096206511e-01 9.153161701795401450e-01
8.589696427490457475e-01 8.021134205008785267e-01 9.159500454640561173e-01 8.615244730251629957e-01 8.060130143652032286e-01 8.255845839638977779e-01 6.973424380243963272e-01 8.344826335804145234e-01 6.946356158221652644e-01 8.855727905859542837e-01
8.909866220415391114e-01 7.705726845842539863e-01 7.594684051264055658e-01 7.258292212767105678e-01 6.884563032187254183e-01 8.115409484510113236e-01 7.285833239064755107e-01 8.896868318291323297e-01 8.161378833641087516e-01 7.151932464491439490e-01
7.083303007488572778e-01 7.606822664641500475e-01 6.684460153311031494e-01 7.777148759458155647e-01 6.680744585397825341e-01 6.263105027930849777e-01 5.987352321134266075e-01 5.480462917078608998e-01 8.650934406616984651e-01 8.082229372729237138e-01
