0.000000000000000000e+00 0.000000000000000000e+00 0.000000000000000000e+00 0.000000000000000000e+00 0.000000000000000000e+00 0.000000000000000000e+00 0.000000000000000000e+00 0.000000000000000000e+00 0.000000000000000000e+00 0.000000000000000000e+00
6.226548373800314673e-01 4.545264362252743884e-01 7.826307535642411661e-01 7.465679943919162342e-01 7.768310394772933725e-01 6.236906774314361357e-01 7.344562777743182114e-01 6.785322136112021951e-01 7.828156468093436793e-01 5.640231880564396949e-01
7.849483366465663803e-01 8.213058419243985941e-01 4.834228862026087037e-01 6.973032777114647196e-01 7.359670179031571058e-01 7.723117183364650584e-01 7.739305449461226782e-01 6.611445842166797648e-01 6.226198016500514854e-01 7.160072026262767064e-01
5.567118497015214329e-01 6.922800643329982684e-01 2.425223397233367828e-01 5.277557923434028631e-01 6.828903603712869197e-01 6.723932331429887110e-01 8.166683889902649485e-01 7.709049255441008386e-01 5.273971182868392171e-01 7.497136311569301270e-01
7.274089298874965026e-01 6.374537013579708589e-01 4.738030551132073054e-01 7.819039248716028734e-01 7.279621776068406769e-01 5.329513769101108522e-01 5.092956870217842935e-01 8.330559330075401059e-01 8.131790859786228731e-01 4.700195185106633144e-01
6.431587026704082000e-01 4.173080257754304134e-01 4.846083437654507553e-01 5.052902913317797173e-01 4.954155568006644028e-01 7.040902391694334739e-01 3.971325218620082032e-01 5.746996410754763307e-01 4.651371426474592563e-01 7.351641284693267719e-01
5.253495824830421990e-01 7.303924425666143971e-01 5.632986971476426907e-01 8.089178815981613591e-01 6.167622853325501753e-01 7.438735861090907120e-01 5.738310253004014205e-01 5.338811273259909118e-01 7.253898521772625951e-01 3.719887691946635044e-01
7.862710981019178647e-01 6.194416007604045538e-01 4.801947144141083257e-01 6.591090139393532832e-01 6.498111064616760579e-01 5.781131967844499453e-01 5.581889844499073883e-01 6.249738498097522355e-01 5.233546054188686902e-01 5.088012339528272809e-01
5.039715855767409325e-01 5.385944820041940195e-01 5.794623751825678237e-01 4.814892052613035656e-01 6.625058695206565984e-01 7.619441705620516592e-01 6.701483904611773568e-01 8.094524314161719580e-01 7.242140758000117362e-01 6.875490467190319421e-01
5.841542933845706997e-01 4.415485029927349037e-01 7.626574481699160968e-01 3.778688544176393993e-01 6.456170358495953998e-01 7.523137168117569606e-01 7.712011590370502212e-01 4.401665713902845334e-01 6.538294541646052505e-01 7.462430277965844683e-01
5.392118515621781016e-01 8.330092534308427554e-01 6.317151945534026369e-01 7.018342078484391955e-01 5.665087629417226989e-01 6.356666045018448674e-01 7.212096840705665146e-01 5.460823048001316460e-01 6.147561321853806104e-01 6.949545854165880554e-01
6.822322871381829579e-01 4.484194683961889027e-01 7.523595975536289115e-01 5.955389374330631869e-01 5.101731131638219674e-01 6.739466555159295824e-01 5.476956799208716475e-01 6.286785598196726887e-01 5.683450623417586334e-01 6.978042634191804483e-01
7.178000323007146521e-01 5.797796062423159480e-01 5.220429505118361346e-01 6.170058750232754186e-01 5.682686671865078143e-01 6.267243736958358902e-01 7.432133092269033181e-01 2.495477231714317290e-01 6.210647769146949715e-01 5.150065655200135595e-01
6.609794283088707978e-01 4.838421223285067629e-01 5.387102619546899618e-01 8.419751321058523974e-01 8.386632272878953298e-01 5.854782769453766855e-01 5.722529574747812209e-01 3.436169901659597570e-01 6.772784637385317330e-01 7.162171824792774588e-01
6.624635075111687810e-01 4.115685388610522133e-01 5.176162168872389113e-01 5.350463108689673675e-01 5.109270858817009930e-01 4.855146674725532852e-01 6.707667378269185354e-01 5.164344845533711537e-01 4.922090468627737803e-01 5.741695562523640994e-01
4.016269955900248489e-01 6.787874941922860117e-01 8.092251686965834523e-01 5.496279694703156693e-01 7.740502962447042279e-01 8.066828841760327329e-01 5.426356859542761368e-01 4.970830075983396767e-01 4.085322571348635190e-01 6.452426947709677396e-01
6.094353455743116710e-01 4.436105042029999113e-01 6.627727943244524633e-01 5.303012570736053144e-01 4.102761190277348091e-01 7.641856091918221017e-01 5.836694770137760280e-01 3.784464486431410313e-01 6.663227740743171701e-01 5.711106186625571901e-01
7.552161867160290809e-01 5.324926554922980726e-01 7.281565167900866387e-01 6.773085840848988015e-01 7.598818587549669434e-01 6.789733265293311781e-01 8.607451270096628804e-01 4.611756679133533487e-01 6.241821566572336444e-01 6.924529653040991661e-01
5.203445120805038071e-01 5.610509241653940382e-01 7.923346147377807736e-01 7.123307326518705240e-01 5.654427781692396016e-01 5.419643631359077895e-01 7.291288492289884626e-01 7.615170786313839590e-01 1.623143048607497418e-01 4.224084583589040043e-01
6.921032525399775093e-01 4.592876702437673209e-01 6.514285919984454942e-01 5.295154402639570268e-01 6.526053426590288087e-01 5.514548928364967351e-01 6.137078154408690533e-01 5.358856827036803105e-01 5.312128590732547728e-01 5.910297092183507406e-01
5.755863921612708323e-01 5.613151928283177661e-01 5.753582606642486663e-01 5.090373515809938354e-01 5.765308487477780464e-01 4.413085009262384117e-01 6.514149907475709211e-01 5.519249582735474835e-01 6.336759718484793469e-01 6.019473081328751141e-01
