0.000000000000000000e+00 0.000000000000000000e+00 0.000000000000000000e+00 0.000000000000000000e+00 0.000000000000000000e+00 0.000000000000000000e+00 0.000000000000000000e+00 0.000000000000000000e+00 0.000000000000000000e+00 0.000000000000000000e+00
8.687689122471731196e-01 7.546897546897546327e-01 7.689687573408504617e-01 8.517056577131670858e-01 8.862905458650138790e-01 8.359729701193115980e-01 7.853775853775855076e-01 8.353793691389599374e-01 8.699042291719637499e-01 8.699042291719637499e-01
7.546897546897546327e-01 8.687689122471731196e-01 8.192685027625469241e-01 7.675983436853002218e-01 8.699042291719637499e-01 8.699042291719637499e-01 8.697983697983696638e-01 8.359788359788359324e-01 7.356421356421356528e-01 6.937249217453415051e-01
8.854700854700855439e-01 8.862905458650138790e-01 8.529249537652899837e-01 8.193752780218946929e-01 7.689687573408504617e-01 8.355992355992357679e-01 8.687689122471731196e-01 7.689687573408504617e-01 8.687689122471731196e-01 8.342074592074592010e-01
9.183920762868131860e-01 8.699042291719637499e-01 8.699042291719637499e-01 8.854700854700855439e-01 9.183920762868131860e-01 9.018774018774018408e-01 7.689687573408504617e-01 8.699042291719637499e-01 8.862905458650138790e-01 7.689687573408504617e-01
7.853775853775855076e-01 7.689687573408504617e-01 8.854700854700855439e-01 9.183920762868131860e-01 9.019408424442749705e-01 7.870943477326456383e-01 7.512919896640827266e-01 8.854700854700855439e-01 8.854700854700855439e-01 8.359788359788359324e-01
8.366443068455451382e-01 7.689687573408504617e-01 8.862905458650138790e-01 8.193752780218946929e-01 7.512919896640827266e-01 7.853775853775855076e-01 8.534634458486642927e-01 8.697983697983696638e-01 8.699042291719637499e-01 8.371821415299676161e-01
8.366443068455451382e-01 8.687689122471731196e-01 8.032245532245533282e-01 9.346092503987241118e-01 7.709330848249194013e-01 8.862905458650138790e-01 7.533731188375712984e-01 8.681704260651629257e-01 7.546897546897546327e-01 9.346092503987241118e-01
7.722416472416471223e-01 8.366443068455451382e-01 8.854700854700855439e-01 8.366443068455451382e-01 8.690235690235690313e-01 9.024676850763807545e-01 7.853775853775855076e-01 8.359729701193115980e-01 8.342074592074592010e-01 8.854700854700855439e-01
7.879696051862480344e-01 8.179454115624329447e-01 8.862905458650138790e-01 8.193752780218946929e-01 8.699042291719637499e-01 7.870943477326456383e-01 8.697983697983696638e-01 7.879696051862480344e-01 8.525451145984327406e-01 9.019408424442749705e-01
7.689687573408504617e-01 8.534634458486642927e-01 8.854700854700855439e-01 8.697983697983696638e-01 7.709330848249194013e-01 7.689687573408504617e-01 8.854700854700855439e-01 8.854700854700855439e-01 7.512919896640827266e-01 8.697983697983696638e-01
7.879696051862480344e-01 8.353793691389599374e-01 8.699042291719637499e-01 8.207810760278145823e-01 7.101938301938303111e-01 7.887700534759357618e-01 7.709330848249194013e-01 8.521831936466082169e-01 9.335593007563631751e-01 8.032245532245533282e-01
9.018774018774018408e-01 8.028792912513842417e-01 7.689687573408504617e-01 8.854700854700855439e-01 8.853760737481667364e-01 8.208994708994709066e-01 8.699042291719637499e-01 8.699042291719637499e-01 8.854700854700855439e-01 7.259273725439138181e-01
8.541194255479970243e-01 9.180554247873710105e-01 7.412587412587412494e-01 8.699042291719637499e-01 8.690235690235690313e-01 7.709330848249194013e-01 7.709330848249194013e-01 8.193752780218946929e-01 7.533731188375712984e-01 7.870943477326456383e-01
7.546897546897546327e-01 9.019408424442749705e-01 8.690235690235690313e-01 9.180554247873710105e-01 8.862905458650138790e-01 8.042199488491048598e-01 7.571796395325808282e-01 8.207810760278145823e-01 8.045612923661703553e-01 8.359788359788359324e-01
9.019408424442749705e-01 8.359788359788359324e-01 7.853775853775855076e-01 8.534634458486642927e-01 8.534634458486642927e-01 9.019408424442749705e-01 8.042478842478842926e-01 7.709330848249194013e-01 9.019408424442749705e-01 8.045612923661703553e-01
9.024676850763807545e-01 7.524077989194268845e-01 8.372053872053871748e-01 7.689687573408504617e-01 8.525451145984327406e-01 8.862905458650138790e-01 8.699042291719637499e-01 8.854700854700855439e-01 9.024676850763807545e-01 8.193752780218946929e-01
8.016860010497338651e-01 8.193752780218946929e-01 9.346092503987241118e-01 8.356902356902358164e-01 7.709330848249194013e-01 7.709330848249194013e-01 7.709330848249194013e-01 8.366443068455451382e-01 8.687689122471731196e-01 7.675983436853002218e-01
7.689687573408504617e-01 8.699042291719637499e-01 8.534634458486642927e-01 9.019408424442749705e-01 7.709330848249194013e-01 8.355992355992357679e-01 7.372325741890959350e-01 7.853775853775855076e-01 8.862905458650138790e-01 8.541194255479970243e-01
8.862905458650138790e-01 8.835978835978836043e-01 8.854700854700855439e-01 8.690235690235690313e-01 8.699042291719637499e-01 7.709330848249194013e-01 8.699042291719637499e-01 8.366443068455451382e-01 8.699042291719637499e-01 8.541194255479970243e-01
7.412587412587412494e-01 8.699042291719637499e-01 9.174154899443731637e-01 9.163838256861511766e-01 7.689687573408504617e-01 8.854575317243615906e-01 8.853760737481667364e-01 8.835528665364172918e-01 9.018774018774018408e-01 7.728826728826728720e-01
7.253922200730711367e-01 7.709330848249194013e-01 8.193752780218946929e-01 7.546897546897546327e-01 8.366443068455451382e-01 8.193752780218946929e-01 8.534634458486642927e-01 8.374461417939679242e-01 8.193752780218946929e-01 7.870943477326456383e-01
8.853760737481667364e-01 7.870943477326456383e-01 8.854700854700855439e-01 8.697983697983696638e-01 8.342074592074592010e-01 8.374727668845315387e-01 8.699042291719637499e-01 8.681704260651629257e-01 7.089473684210525484e-01 9.024676850763807545e-01
8.862905458650138790e-01 8.835528665364172918e-01 7.887700534759357618e-01 9.019408424442749705e-01 7.709330848249194013e-01 8.862905458650138790e-01 8.862905458650138790e-01 8.505245798478880959e-01 7.533731188375712984e-01 8.680770553835568393e-01
9.183920762868131860e-01 7.512919896640827266e-01 7.887700534759357618e-01 8.854700854700855439e-01 8.862905458650138790e-01 8.862905458650138790e-01 9.183920762868131860e-01 8.208994708994709066e-01 8.862905458650138790e-01 7.383133662203430481e-01
8.193752780218946929e-01 9.019408424442749705e-01 9.024676850763807545e-01 4.126984126984127310e-01 8.032245532245533282e-01 8.699042291719637499e-01 8.690235690235690313e-01 8.016860010497338651e-01 8.848951647411210653e-01 8.990567425054094564e-01
7.879696051862480344e-01 8.534634458486642927e-01 8.042478842478842926e-01 8.853760737481667364e-01 8.534634458486642927e-01 7.209732988802756148e-01 8.374727668845315387e-01 8.862905458650138790e-01 7.709330848249194013e-01 7.101938301938303111e-01
8.032245532245533282e-01 7.709330848249194013e-01 7.101938301938303111e-01 8.862905458650138790e-01 8.207810760278145823e-01 8.045612923661703553e-01 8.218857155027367023e-01 8.193752780218946929e-01 8.699042291719637499e-01 8.053872053872054293e-01
8.699042291719637499e-01 8.540881306838753462e-01 7.578704149417540004e-01 8.015789473684210575e-01 6.939988116458705170e-01 7.562432839028584430e-01 8.366443068455451382e-01 8.862905458650138790e-01 8.016860010497338651e-01 7.709330848249194013e-01
8.862905458650138790e-01 8.697983697983696638e-01 7.870943477326456383e-01 9.163838256861511766e-01 8.854700854700855439e-01 9.019408424442749705e-01 8.690235690235690313e-01 8.703703703703703498e-01 8.862905458650138790e-01 8.372053872053871748e-01
7.689687573408504617e-01 7.689687573408504617e-01 9.173767752715121793e-01 8.690235690235690313e-01 9.164652836623461418e-01 8.999348999348999456e-01 9.164495505958919486e-01 8.680489905674250162e-01 7.383133662203430481e-01 7.383133662203430481e-01
7.562432839028584430e-01 7.383133662203430481e-01 9.002849002849003801e-01 8.697983697983696638e-01 8.525451145984327406e-01 8.534634458486642927e-01 8.355992355992357679e-01 8.192685027625469241e-01 8.854700854700855439e-01 8.848370927318295331e-01
8.862905458650138790e-01 7.694444444444443754e-01 7.372325741890959350e-01 8.854700854700855439e-01 8.680770553835568393e-01 9.019408424442749705e-01 8.862905458650138790e-01 7.546897546897546327e-01 8.193752780218946929e-01 8.854700854700855439e-01
9.183920762868131860e-01 8.862905458650138790e-01 7.570766743699074430e-01 8.366443068455451382e-01 8.042478842478842926e-01 8.541194255479970243e-01 8.862905458650138790e-01 7.709330848249194013e-01 9.018774018774018408e-01 8.379629629629631316e-01
9.009636814514863090e-01 8.161957090528518810e-01 8.862905458650138790e-01 8.854700854700855439e-01 8.372053872053871748e-01 7.709330848249194013e-01 9.024676850763807545e-01 7.533731188375712984e-01 7.533731188375712984e-01 7.709330848249194013e-01
8.699042291719637499e-01 8.193752780218946929e-01 8.207810760278145823e-01 7.853775853775855076e-01 8.032245532245533282e-01 9.180554247873710105e-01 8.699042291719637499e-01 7.546897546897546327e-01 8.194905869324474734e-01 8.028792912513842417e-01
8.359788359788359324e-01 8.032245532245533282e-01 9.019138755980860012e-01 8.208994708994709066e-01 7.013457556935817072e-01 8.699042291719637499e-01 9.009636814514863090e-01 7.689687573408504617e-01 8.194905869324474734e-01 8.535612535612534524e-01
8.699042291719637499e-01 9.183920762868131860e-01 9.346092503987241118e-01 8.862905458650138790e-01 8.699042291719637499e-01 7.897435897435897134e-01 8.193752780218946929e-01 8.042199488491048598e-01 1.666666666666666574e-01 7.879696051862480344e-01
9.018774018774018408e-01 7.709330848249194013e-01 7.240019240019240909e-01 9.346092503987241118e-01 9.002849002849003801e-01 8.193752780218946929e-01 7.383133662203430481e-01 7.887700534759357618e-01 7.675983436853002218e-01 9.164495505958919486e-01
8.026483320600967808e-01 7.689687573408504617e-01 8.042478842478842926e-01 7.870943477326456383e-01 8.016860010497338651e-01 7.730605285592497822e-01 7.412587412587412494e-01 8.854700854700855439e-01 8.193752780218946929e-01 8.379629629629631316e-01
7.740776490776489771e-01 7.259273725439138181e-01 7.709330848249194013e-01 7.888133030990173156e-01 8.862905458650138790e-01 8.534634458486642927e-01 7.412587412587412494e-01 8.814275155738570122e-01 8.687689122471731196e-01 8.194905869324474734e-01
9.019408424442749705e-01 7.887700534759357618e-01 7.709330848249194013e-01 7.709330848249194013e-01 7.512919896640827266e-01 9.164495505958919486e-01 7.709330848249194013e-01 8.697983697983696638e-01 7.722416472416471223e-01 8.534634458486642927e-01
8.689295703025680107e-01 7.045454545454544748e-01 8.699042291719637499e-01 7.853775853775855076e-01 8.372053872053871748e-01 9.009614076933538662e-01 8.349944629014397490e-01 8.690235690235690313e-01 7.372325741890959350e-01 8.853760737481667364e-01
7.570766743699074430e-01 7.407407407407405886e-01 8.534634458486642927e-01 7.879696051862480344e-01 9.024676850763807545e-01 7.709330848249194013e-01 8.848951647411210653e-01 7.895424836601306895e-01 8.208994708994709066e-01 7.101938301938303111e-01
7.728826728826728720e-01 8.045612923661703553e-01 8.534634458486642927e-01 7.533731188375712984e-01 7.546897546897546327e-01 8.696318696318696695e-01 7.709330848249194013e-01 9.018774018774018408e-01 7.879696051862480344e-01 7.565219341024002064e-01
7.897435897435897134e-01 9.346092503987241118e-01 7.412587412587412494e-01 8.541194255479970243e-01 9.346092503987241118e-01 8.699042291719637499e-01 8.860334018228755992e-01 9.019408424442749705e-01 9.024676850763807545e-01 8.032245532245533282e-01
7.853775853775855076e-01 8.699042291719637499e-01 8.015789473684210575e-01 7.372325741890959350e-01 8.372053872053871748e-01 8.703703703703703498e-01 7.709330848249194013e-01 8.699042291719637499e-01 8.193752780218946929e-01 8.193752780218946929e-01
8.690235690235690313e-01 7.372325741890959350e-01 6.921490151234879207e-01 9.019408424442749705e-01 8.190445826026887532e-01 9.024676850763807545e-01 8.355992355992357679e-01 8.680489905674250162e-01 7.689687573408504617e-01 8.366443068455451382e-01
8.057142857142856052e-01 8.518518518518517491e-01 7.853775853775855076e-01 7.730015082956259720e-01 8.193752780218946929e-01 9.019138755980860012e-01 8.208994708994709066e-01 8.540881306838753462e-01 7.709330848249194013e-01 8.854700854700855439e-01
9.019138755980860012e-01 8.192685027625469241e-01 9.003740582687950189e-01 9.164495505958919486e-01 7.094272523752905846e-01 7.546897546897546327e-01 7.730605285592497822e-01 8.993265993265993075e-01 8.699042291719637499e-01 8.218857155027367023e-01
8.219954648526076602e-01 9.019138755980860012e-01 7.740086000955566092e-01 7.879696051862480344e-01 8.697983697983696638e-01 7.101938301938303111e-01 7.512919896640827266e-01 7.546897546897546327e-01 7.740086000955566092e-01 7.352041262348106843e-01
8.993265993265993075e-01 7.412587412587412494e-01 8.848951647411210653e-01 9.183920762868131860e-01 8.366443068455451382e-01 8.535612535612534524e-01 8.359788359788359324e-01 7.546897546897546327e-01 8.374727668845315387e-01 8.042199488491048598e-01
8.699042291719637499e-01 7.255892255892256726e-01 8.699042291719637499e-01 9.341229341229341232e-01 8.854700854700855439e-01 7.372325741890959350e-01 9.019408424442749705e-01 7.870943477326456383e-01 8.016860010497338651e-01 8.203604674192909174e-01
8.862905458650138790e-01 9.024676850763807545e-01 8.374727668845315387e-01 9.002849002849003801e-01 7.407407407407405886e-01 8.379629629629631316e-01 8.529249537652899837e-01 7.253922200730711367e-01 8.862905458650138790e-01 7.675983436853002218e-01
8.541194255479970243e-01 8.862905458650138790e-01 8.862905458650138790e-01 8.207810760278145823e-01 7.709330848249194013e-01 7.412587412587412494e-01 7.574229691876750437e-01 7.709330848249194013e-01 8.207810760278145823e-01 8.862905458650138790e-01
8.193752780218946929e-01 8.355992355992357679e-01 8.359788359788359324e-01 7.412587412587412494e-01 8.862905458650138790e-01 8.193752780218946929e-01 6.439821948296523546e-01 8.854700854700855439e-01 8.218857155027367023e-01 8.208994708994709066e-01
8.699042291719637499e-01 8.353760737481668031e-01 7.421707421707420815e-01 8.525451145984327406e-01 7.894179894179894630e-01 1.666666666666666574e-01 8.687689122471731196e-01 8.703703703703703498e-01 8.342074592074592010e-01 8.680489905674250162e-01
7.546897546897546327e-01 9.173767752715121793e-01 7.240973312401882689e-01 8.835978835978836043e-01 9.335593007563631751e-01 8.193752780218946929e-01 8.848951647411210653e-01 9.183920762868131860e-01 9.164495505958919486e-01 8.517056577131670858e-01
8.862905458650138790e-01 7.879696051862480344e-01 7.860838348643226503e-01 8.193752780218946929e-01 6.218855218855218192e-01 7.533731188375712984e-01 7.879696051862480344e-01 8.521831936466082169e-01 8.860334018228755992e-01 8.699042291719637499e-01
8.541194255479970243e-01 8.854700854700855439e-01 9.183920762868131860e-01 6.933845610316198282e-01 8.366443068455451382e-01 7.694444444444443754e-01 8.032245532245533282e-01 7.740086000955566092e-01 8.207810760278145823e-01 9.164652836623461418e-01
8.355992355992357679e-01 8.854700854700855439e-01 8.302795395818650670e-01 7.546897546897546327e-01 8.192685027625469241e-01 7.240973312401882689e-01 8.190445826026887532e-01 8.219954648526076602e-01 8.207810760278145823e-01 8.366443068455451382e-01
8.379629629629631316e-01 9.019408424442749705e-01 7.100653594771241250e-01 8.854700854700855439e-01 7.412587412587412494e-01 7.737788097695217360e-01 7.412587412587412494e-01 9.183920762868131860e-01 7.546897546897546327e-01 8.657604973394446013e-01
8.378914628914628793e-01 8.703703703703703498e-01 7.546897546897546327e-01 8.203604674192909174e-01 8.517056577131670858e-01 8.355992355992357679e-01 8.058310026273413085e-01 9.019138755980860012e-01 6.933845610316198282e-01 8.541194255479970243e-01
7.715904139433552578e-01 8.699042291719637499e-01 6.419753086419753840e-01 8.541194255479970243e-01 8.993265993265993075e-01 8.697983697983696638e-01 9.170653907496012502e-01 8.541194255479970243e-01 8.699042291719637499e-01 9.007101086048453498e-01
9.174154899443731637e-01 9.174154899443731637e-01 8.207810760278145823e-01 8.525451145984327406e-01 9.024676850763807545e-01 9.164495505958919486e-01 7.201252853426766132e-01 8.372053872053871748e-01 8.057142857142856052e-01 9.019408424442749705e-01
7.546897546897546327e-01 8.045612923661703553e-01 7.089473684210525484e-01 7.582786754119340555e-01 9.024676850763807545e-01 7.582786754119340555e-01 7.410145410145411171e-01 8.190445826026887532e-01 7.722416472416471223e-01 6.676338396768505268e-01
7.870943477326456383e-01 9.164495505958919486e-01 7.089473684210525484e-01 8.126555126555126130e-01 8.854700854700855439e-01 7.709330848249194013e-01 8.372053872053871748e-01 7.887083935918562938e-01 8.047508047508048490e-01 7.689687573408504617e-01
7.412587412587412494e-01 8.532055311125078534e-01 6.891534391534390736e-01 7.410145410145411171e-01 7.709330848249194013e-01 7.538126361655773655e-01 7.372325741890959350e-01 8.862905458650138790e-01 7.709330848249194013e-01 7.887700534759357618e-01
7.870943477326456383e-01 8.371821415299676161e-01 7.709330848249194013e-01 8.493092634969064969e-01 7.538126361655773655e-01 8.854700854700855439e-01 7.227272727272726627e-01 8.214663643235072810e-01 8.525451145984327406e-01 8.697983697983696638e-01
8.214663643235072810e-01 7.101938301938303111e-01 8.862905458650138790e-01 9.183920762868131860e-01 9.335593007563631751e-01 8.045612923661703553e-01 8.193752780218946929e-01 8.042199488491048598e-01 7.383133662203430481e-01 8.854700854700855439e-01
7.101938301938303111e-01 9.002849002849003801e-01 8.355992355992357679e-01 8.207810760278145823e-01 7.709330848249194013e-01 8.207810760278145823e-01 7.709330848249194013e-01 8.862905458650138790e-01 8.052115583075335481e-01 8.862905458650138790e-01
6.939988116458705170e-01 8.207810760278145823e-01 8.541194255479970243e-01 8.540881306838753462e-01 8.835528665364172918e-01 8.540881306838753462e-01 7.709330848249194013e-01 8.699042291719637499e-01 9.024676850763807545e-01 8.359788359788359324e-01
8.862905458650138790e-01 7.217524077989194708e-01 8.342074592074592010e-01 7.881136950904391592e-01 9.024676850763807545e-01 9.011553273427471700e-01 7.407407407407405886e-01 8.699042291719637499e-01 7.559277570376349287e-01 7.709330848249194013e-01
8.042199488491048598e-01 7.691870057461454024e-01 7.383133662203430481e-01 7.456170904446767222e-01 7.749931749931748826e-01 6.872648049118638136e-01 7.247822535178857217e-01 8.055555555555554692e-01 8.052115583075335481e-01 8.214663643235072810e-01
7.740776490776489771e-01 6.304423545802856355e-01 8.359788359788359324e-01 7.709330848249194013e-01 8.207810760278145823e-01 7.243354746129441191e-01 7.030539311241065237e-01 9.005765347228761319e-01 8.854575317243615906e-01 8.193752780218946929e-01
7.086894586894586512e-01 8.203604674192909174e-01 7.101938301938303111e-01 7.897435897435897134e-01 8.525451145984327406e-01 8.192685027625469241e-01 7.559277570376349287e-01 8.854700854700855439e-01 9.019408424442749705e-01 8.045612923661703553e-01
7.709330848249194013e-01 8.854700854700855439e-01 6.726190476190475609e-01 8.366443068455451382e-01 7.412587412587412494e-01 7.879696051862480344e-01 6.984062577489235091e-01 7.740086000955566092e-01 7.512919896640827266e-01 9.183920762868131860e-01
8.015789473684210575e-01 7.412587412587412494e-01 7.574229691876750437e-01 6.939988116458705170e-01 8.860334018228755992e-01 8.862905458650138790e-01 8.015789473684210575e-01 7.412587412587412494e-01 8.681704260651629257e-01 9.002849002849003801e-01
7.101938301938303111e-01 8.854575317243615906e-01 8.027065527065526673e-01 8.699042291719637499e-01 9.183920762868131860e-01 6.848484848484849286e-01 9.164495505958919486e-01 9.497171590194845026e-01 8.307349903094584098e-01 8.697983697983696638e-01
8.529249537652899837e-01 7.709330848249194013e-01 8.204272434560294647e-01 7.259273725439138181e-01 8.177442148030382718e-01 6.439821948296523546e-01 8.192685027625469241e-01 8.047508047508048490e-01 8.045612923661703553e-01 8.359788359788359324e-01
6.848484848484849286e-01 6.439821948296523546e-01 8.862905458650138790e-01 7.879696051862480344e-01 7.259273725439138181e-01 9.019138755980860012e-01 7.423460612315100349e-01 9.019408424442749705e-01 7.264311129857348170e-01 5.774634050496120219e-01
7.737943893550300878e-01 8.045612923661703553e-01 8.535612535612534524e-01 8.997171590194845692e-01 7.538746630727762854e-01 7.410145410145411171e-01 8.207810760278145823e-01 7.861377108983127471e-01 7.412587412587412494e-01 9.019408424442749705e-01
7.709330848249194013e-01 8.486742122323183146e-01 8.353793691389599374e-01 7.101938301938303111e-01 6.800275076137145547e-01 8.535612535612534524e-01 8.534634458486642927e-01 6.018320530081043840e-01 8.045612923661703553e-01 8.355286653641730288e-01
9.024676850763807545e-01 8.529249537652899837e-01 7.409523809523809179e-01 6.607816711590296377e-01 5.619116766657750173e-01 7.853775853775855076e-01 6.848484848484849286e-01 9.183920762868131860e-01 8.653439153439154152e-01 7.709330848249194013e-01
8.689640768588136055e-01 7.383133662203430481e-01 6.419753086419753840e-01 8.525451145984327406e-01 8.822443706164636579e-01 6.649251132009753595e-01 9.332497911445279959e-01 8.990567425054094564e-01 8.207810760278145823e-01 6.110133594004562019e-01
8.680770553835568393e-01 7.571796395325808282e-01 7.562432839028584430e-01 9.019408424442749705e-01 8.213014935704010533e-01 7.220959595959595134e-01 5.773934498179187358e-01 8.027065527065526673e-01 8.661676487763445564e-01 8.202617455983428618e-01
6.891534391534390736e-01 9.019408424442749705e-01 8.828408828408828013e-01 6.218855218855218192e-01 7.709330848249194013e-01 7.255892255892256726e-01 9.024676850763807545e-01 9.332497911445279959e-01 7.574808851404596366e-01 7.881136950904391592e-01
6.509303561935141369e-01 7.844277631252678518e-01 5.579161176987263993e-01 5.876721373325787257e-01 7.691870057461454024e-01 9.009636814514863090e-01 7.186177790631661511e-01 7.101938301938303111e-01 7.563025210084033390e-01 6.439821948296523546e-01
6.297076023391813271e-01 5.877245708942763214e-01 7.383133662203430481e-01 8.697983697983696638e-01 7.220959595959595134e-01 8.359182981608611618e-01 6.939988116458705170e-01 8.374727668845315387e-01 6.350516514450941230e-01 8.656330749354004261e-01
8.692185007974481126e-01 8.374727668845315387e-01 9.326599326599326334e-01 8.862905458650138790e-01 6.543864819726888937e-01 9.015037593984963626e-01 7.417508417508417162e-01 8.193752780218946929e-01 9.164495505958919486e-01 6.939988116458705170e-01
6.304423545802856355e-01 8.193752780218946929e-01 7.410145410145411171e-01 7.879696051862480344e-01 8.045612923661703553e-01 8.372053872053871748e-01 6.170122275385433452e-01 8.535612535612534524e-01 7.347595734692508040e-01 8.045612923661703553e-01
5.579161176987263993e-01 7.709330848249194013e-01 8.359182981608611618e-01 8.651673529722310185e-01 6.505781799899446050e-01 8.042328042328042992e-01 7.407407407407405886e-01 7.854962497819640843e-01 5.403281265350230456e-01 7.240973312401882689e-01
9.002849002849003801e-01 7.870865517924342525e-01 5.285285285285284962e-01 8.540881306838753462e-01 7.525585844093735099e-01 6.439821948296523546e-01 5.285285285285284962e-01 6.439821948296523546e-01 8.203604674192909174e-01 7.070707070707070718e-01
8.540881306838753462e-01 6.154850502676589841e-01 7.412587412587412494e-01 9.019138755980860012e-01 9.332497911445279959e-01 8.372053872053871748e-01 9.002849002849003801e-01 8.045612923661703553e-01 6.800275076137145547e-01 7.102758352758353766e-01
6.419753086419753840e-01 7.654320987654320563e-01 7.714233841684819959e-01 8.028792912513842417e-01 8.862905458650138790e-01 8.960093522503852492e-01 8.216619981325862243e-01 7.101938301938303111e-01 6.765432098765432611e-01 8.374727668845315387e-01
7.895424836601306895e-01 6.806449306449305903e-01 8.183498183498184586e-01 7.308641975308641792e-01 7.953646370829033918e-01 9.174154899443731637e-01 6.891534391534390736e-01 6.208734201094133764e-01 8.207810760278145823e-01 9.164652836623461418e-01
6.171475118843540164e-01 8.997171590194845692e-01 7.240019240019240909e-01 9.183920762868131860e-01 7.574808851404596366e-01 8.378676158996526402e-01 8.372053872053871748e-01 6.257575757575757347e-01 7.879696051862480344e-01 6.607816711590296377e-01
9.164495505958919486e-01 7.220959595959595134e-01 7.372325741890959350e-01 9.164652836623461418e-01 7.546897546897546327e-01 6.143093707383595614e-01 9.174154899443731637e-01 7.574808851404596366e-01 5.853775853775854410e-01 7.992757025015090333e-01
7.220959595959595134e-01 7.007002801120446600e-01 6.018320530081043840e-01 8.484136310223266975e-01 6.171475118843540164e-01 9.183920762868131860e-01 8.851917026609075201e-01 7.264311129857348170e-01 5.185185185185184897e-01 7.728826728826728720e-01
7.412587412587412494e-01 9.163838256861511766e-01 8.541194255479970243e-01 5.579161176987263993e-01 8.142184737929419880e-01 9.002849002849003801e-01 9.015037593984963626e-01 7.220959595959595134e-01 7.412587412587412494e-01 7.259273725439138181e-01
8.218857155027367023e-01 8.703703703703703498e-01 8.994708994708995320e-01 8.854575317243615906e-01 8.192685027625469241e-01 8.862905458650138790e-01 7.709330848249194013e-01 7.887700534759357618e-01 7.709330848249194013e-01 7.396184062850729157e-01
8.016860010497338651e-01 8.378914628914628793e-01 8.699042291719637499e-01 8.534634458486642927e-01 9.180554247873710105e-01 8.854700854700855439e-01 8.366443068455451382e-01 8.359729701193115980e-01 7.546897546897546327e-01 8.374727668845315387e-01
7.853775853775855076e-01 7.887700534759357618e-01 8.699042291719637499e-01 7.675983436853002218e-01 8.688305029768444987e-01 8.026483320600967808e-01 7.689687573408504617e-01 8.854700854700855439e-01 8.207810760278145823e-01 8.699042291719637499e-01
8.854700854700855439e-01 7.551299589603281959e-01 8.697983697983696638e-01 8.854700854700855439e-01 7.879696051862480344e-01 9.024676850763807545e-01 8.193752780218946929e-01 8.677248677248677877e-01 8.862905458650138790e-01 8.854700854700855439e-01
8.862905458650138790e-01 8.355992355992357679e-01 7.709330848249194013e-01 9.018774018774018408e-01 8.529249537652899837e-01 9.024676850763807545e-01 7.533731188375712984e-01 8.525451145984327406e-01 8.193752780218946929e-01 8.179454115624329447e-01
8.854700854700855439e-01 7.546897546897546327e-01 8.862905458650138790e-01 7.562432839028584430e-01 7.546897546897546327e-01 8.366443068455451382e-01 8.854700854700855439e-01 7.086894586894586512e-01 8.699042291719637499e-01 8.697983697983696638e-01
8.342074592074592010e-01 8.179454115624329447e-01 8.342074592074592010e-01 9.024676850763807545e-01 8.342074592074592010e-01 7.709330848249194013e-01 7.709330848249194013e-01 7.709330848249194013e-01 8.193752780218946929e-01 7.728826728826728720e-01
8.207810760278145823e-01 7.689687573408504617e-01 8.366443068455451382e-01 8.056209150326796298e-01 7.533731188375712984e-01 8.193752780218946929e-01 9.183920762868131860e-01 8.699042291719637499e-01 8.854700854700855439e-01 8.687689122471731196e-01
8.690235690235690313e-01 9.019408424442749705e-01 8.523809523809523503e-01 9.018774018774018408e-01 8.854700854700855439e-01 8.016860010497338651e-01 7.709330848249194013e-01 7.713675213675212916e-01 9.018774018774018408e-01 7.709330848249194013e-01
7.546897546897546327e-01 8.207810760278145823e-01 8.690235690235690313e-01 8.699042291719637499e-01 8.032245532245533282e-01 8.372053872053871748e-01 7.709330848249194013e-01 9.019408424442749705e-01 7.709330848249194013e-01 8.854700854700855439e-01
8.854700854700855439e-01 8.359788359788359324e-01 7.894179894179894630e-01 8.699042291719637499e-01 8.353793691389599374e-01 8.207810760278145823e-01 8.854700854700855439e-01 8.517056577131670858e-01 8.699042291719637499e-01 8.342074592074592010e-01
9.018774018774018408e-01 8.193752780218946929e-01 8.699042291719637499e-01 8.699042291719637499e-01 8.342074592074592010e-01 8.042328042328042992e-01 7.546897546897546327e-01 8.690235690235690313e-01 8.860334018228755992e-01 8.359788359788359324e-01
8.699042291719637499e-01 7.853775853775855076e-01 8.699042291719637499e-01 8.854700854700855439e-01 9.346092503987241118e-01 8.207810760278145823e-01 8.862905458650138790e-01 7.383133662203430481e-01 8.862905458650138790e-01 8.521831936466082169e-01
8.862905458650138790e-01 8.699042291719637499e-01 8.862905458650138790e-01 8.862905458650138790e-01 8.697983697983696638e-01 8.193752780218946929e-01 8.177442148030382718e-01 8.193752780218946929e-01 8.690235690235690313e-01 8.854700854700855439e-01
7.689687573408504617e-01 9.180554247873710105e-01 8.517056577131670858e-01 9.346092503987241118e-01 8.854700854700855439e-01 8.862905458650138790e-01 7.870943477326456383e-01 8.534634458486642927e-01 8.687689122471731196e-01 8.355992355992357679e-01
7.709330848249194013e-01 8.016860010497338651e-01 8.525451145984327406e-01 8.192685027625469241e-01 7.562432839028584430e-01 8.193752780218946929e-01 7.689687573408504617e-01 8.862905458650138790e-01 7.881136950904391592e-01 9.183920762868131860e-01
8.853760737481667364e-01 9.019408424442749705e-01 7.709330848249194013e-01 9.024676850763807545e-01 7.533731188375712984e-01 8.854700854700855439e-01 9.019408424442749705e-01 8.193752780218946929e-01 8.355992355992357679e-01 8.194905869324474734e-01
8.057142857142856052e-01 8.703703703703703498e-01 8.699042291719637499e-01 8.847035188498603153e-01 8.378914628914628793e-01 8.697983697983696638e-01 7.709330848249194013e-01 8.355992355992357679e-01 9.019408424442749705e-01 8.523809523809523503e-01
7.709330848249194013e-01 7.209732988802756148e-01 7.533731188375712984e-01 8.366443068455451382e-01 8.529249537652899837e-01 8.480963480963481516e-01 8.535876301833749125e-01 7.101938301938303111e-01 8.047508047508048490e-01 8.687689122471731196e-01
7.879696051862480344e-01 8.854700854700855439e-01 8.193752780218946929e-01 7.412587412587412494e-01 8.690235690235690313e-01 8.534634458486642927e-01 9.173767752715121793e-01 8.016860010497338651e-01 7.709330848249194013e-01 7.546897546897546327e-01
8.366973245022025774e-01 9.024676850763807545e-01 7.709330848249194013e-01 7.217524077989194708e-01 8.359788359788359324e-01 8.525451145984327406e-01 8.193752780218946929e-01 7.728826728826728720e-01 8.517056577131670858e-01 8.518518518518517491e-01
8.532055311125078534e-01 7.562432839028584430e-01 8.525451145984327406e-01 8.342074592074592010e-01 8.687689122471731196e-01 8.534634458486642927e-01 8.525451145984327406e-01 7.394698620188816518e-01 7.546897546897546327e-01 8.680770553835568393e-01
8.851917026609075201e-01 9.183920762868131860e-01 8.699042291719637499e-01 7.546897546897546327e-01 8.359788359788359324e-01 9.019408424442749705e-01 9.183920762868131860e-01 8.854700854700855439e-01 8.517056577131670858e-01 8.208994708994709066e-01
7.562432839028584430e-01 8.860334018228755992e-01 8.194905869324474734e-01 8.213014935704010533e-01 7.709330848249194013e-01 9.335593007563631751e-01 7.675983436853002218e-01 7.838176786023178799e-01 8.853760737481667364e-01 7.546897546897546327e-01
7.694444444444443754e-01 8.699042291719637499e-01 8.534634458486642927e-01 9.332497911445279959e-01 8.366443068455451382e-01 7.101938301938303111e-01 8.054298642533935793e-01 9.346092503987241118e-01 8.699042291719637499e-01 8.192685027625469241e-01
8.505245798478880959e-01 7.240019240019240909e-01 8.525451145984327406e-01 7.412587412587412494e-01 7.879696051862480344e-01 7.372325741890959350e-01 7.897435897435897134e-01 7.546897546897546327e-01 9.009636814514863090e-01 8.214663643235072810e-01
8.179454115624329447e-01 9.170289170289169789e-01 8.042478842478842926e-01 9.024676850763807545e-01 7.372325741890959350e-01 8.355992355992357679e-01 8.378914628914628793e-01 9.024676850763807545e-01 8.193752780218946929e-01 8.862905458650138790e-01
8.161957090528518810e-01 8.534634458486642927e-01 8.192685027625469241e-01 7.565219341024002064e-01 8.045612923661703553e-01 8.835978835978836043e-01 8.517056577131670858e-01 7.533731188375712984e-01 8.534634458486642927e-01 8.374727668845315387e-01
8.355992355992357679e-01 6.947780707179204152e-01 8.699042291719637499e-01 8.192685027625469241e-01 8.366443068455451382e-01 9.019408424442749705e-01 9.183920762868131860e-01 9.018774018774018408e-01 8.690235690235690313e-01 7.101938301938303111e-01
7.101938301938303111e-01 7.872866127583107998e-01 8.529249537652899837e-01 8.703703703703703498e-01 8.324561403508772273e-01 8.296475392220074019e-01 7.709330848249194013e-01 8.862905458650138790e-01 8.032245532245533282e-01 8.359788359788359324e-01
7.412587412587412494e-01 9.019408424442749705e-01 7.895424836601306895e-01 8.192685027625469241e-01 7.559277570376349287e-01 7.740086000955566092e-01 9.164495505958919486e-01 6.933845610316198282e-01 7.243354746129441191e-01 8.517056577131670858e-01
9.024676850763807545e-01 8.015789473684210575e-01 7.383133662203430481e-01 8.697983697983696638e-01 8.534634458486642927e-01 7.854962497819640843e-01 7.722416472416471223e-01 7.577475434618291539e-01 8.353793691389599374e-01 8.516746411483252510e-01
8.366443068455451382e-01 8.656330749354004261e-01 8.207810760278145823e-01 8.697983697983696638e-01 7.709330848249194013e-01 8.193752780218946929e-01 8.193752780218946929e-01 8.342074592074592010e-01 6.945411562432838304e-01 8.342074592074592010e-01
8.371821415299676161e-01 7.094272523752905846e-01 8.690235690235690313e-01 8.190445826026887532e-01 8.862905458650138790e-01 7.694444444444443754e-01 7.844277631252678518e-01 8.854700854700855439e-01 8.535612535612534524e-01 8.699042291719637499e-01
9.164495505958919486e-01 6.939988116458705170e-01 7.879696051862480344e-01 8.690235690235690313e-01 8.851917026609075201e-01 8.534634458486642927e-01 8.193752780218946929e-01 7.562432839028584430e-01 8.541194255479970243e-01 7.512919896640827266e-01
8.045612923661703553e-01 9.183920762868131860e-01 8.862905458650138790e-01 8.190445826026887532e-01 8.699042291719637499e-01 8.862905458650138790e-01 7.879696051862480344e-01 8.371821415299676161e-01 8.355992355992357679e-01 7.870943477326456383e-01
7.101938301938303111e-01 8.862905458650138790e-01 9.164495505958919486e-01 7.533731188375712984e-01 7.394698620188816518e-01 8.190445826026887532e-01 9.019408424442749705e-01 7.101938301938303111e-01 8.540881306838753462e-01 7.866543013601837719e-01
9.183920762868131860e-01 8.193752780218946929e-01 8.862905458650138790e-01 7.897435897435897134e-01 7.546897546897546327e-01 8.690235690235690313e-01 7.070707070707070718e-01 8.828408828408828013e-01 7.348484848484848619e-01 7.372325741890959350e-01
8.696318696318696695e-01 8.353793691389599374e-01 6.939988116458705170e-01 7.388888888888889284e-01 8.045612923661703553e-01 8.854700854700855439e-01 8.690235690235690313e-01 8.862905458650138790e-01 9.174154899443731637e-01 7.578704149417540004e-01
9.019138755980860012e-01 7.209732988802756148e-01 9.183920762868131860e-01 7.533731188375712984e-01 8.534634458486642927e-01 7.481146304675716507e-01 7.063027295285358997e-01 7.259273725439138181e-01 8.366443068455451382e-01 7.394698620188816518e-01
8.042478842478842926e-01 8.699042291719637499e-01 7.461976660582930743e-01 8.359788359788359324e-01 8.203604674192909174e-01 8.690235690235690313e-01 9.183920762868131860e-01 8.854575317243615906e-01 6.978480456741326110e-01 8.699042291719637499e-01
8.505245798478880959e-01 7.512919896640827266e-01 8.207810760278145823e-01 8.699042291719637499e-01 8.366443068455451382e-01 8.190445826026887532e-01 7.694444444444443754e-01 7.870943477326456383e-01 7.372325741890959350e-01 7.571796395325808282e-01
7.372325741890959350e-01 8.860334018228755992e-01 8.359788359788359324e-01 8.680770553835568393e-01 7.689687573408504617e-01 8.854700854700855439e-01 7.101938301938303111e-01 8.540881306838753462e-01 8.993265993265993075e-01 8.015789473684210575e-01
9.018774018774018408e-01 8.505245798478880959e-01 8.990567425054094564e-01 9.008799497171590120e-01 7.191663670730245039e-01 8.214663643235072810e-01 7.709330848249194013e-01 7.533731188375712984e-01 7.533731188375712984e-01 8.860334018228755992e-01
6.933845610316198282e-01 8.042478842478842926e-01 8.193752780218946929e-01 7.709330848249194013e-01 7.675983436853002218e-01 7.870865517924342525e-01 7.533731188375712984e-01 8.854700854700855439e-01 8.525451145984327406e-01 8.359729701193115980e-01
8.203604674192909174e-01 8.487960377822706404e-01 9.346092503987241118e-01 8.193752780218946929e-01 7.694444444444443754e-01 7.709330848249194013e-01 8.529249537652899837e-01 8.213014935704010533e-01 7.533731188375712984e-01 7.394698620188816518e-01
7.555643879173290500e-01 7.640575798470535807e-01 7.689687573408504617e-01 8.359788359788359324e-01 6.933845610316198282e-01 7.853775853775855076e-01 8.027065527065526673e-01 8.015789473684210575e-01 8.680770553835568393e-01 8.016860010497338651e-01
7.853775853775855076e-01 8.372053872053871748e-01 7.240973312401882689e-01 8.366443068455451382e-01 8.860334018228755992e-01 8.015789473684210575e-01 8.990567425054094564e-01 8.481532147742817385e-01 8.374727668845315387e-01 8.359788359788359324e-01
9.183920762868131860e-01 6.666666666666666297e-01 8.028792912513842417e-01 7.372325741890959350e-01 7.372325741890959350e-01 7.870943477326456383e-01 9.019408424442749705e-01 8.208994708994709066e-01 8.042478842478842926e-01 8.512694975363274130e-01
7.546897546897546327e-01 8.835978835978836043e-01 9.164652836623461418e-01 8.690235690235690313e-01 9.335593007563631751e-01 8.843163721212502493e-01 7.243354746129441191e-01 9.005765347228761319e-01 7.372325741890959350e-01 8.374727668845315387e-01
8.532055311125078534e-01 8.374727668845315387e-01 8.372053872053871748e-01 8.324561403508772273e-01 8.324561403508772273e-01 8.697983697983696638e-01 8.026483320600967808e-01 8.372053872053871748e-01 7.728826728826728720e-01 8.529249537652899837e-01
8.862905458650138790e-01 8.192685027625469241e-01 8.342074592074592010e-01 9.170653907496012502e-01 8.534634458486642927e-01 7.689687573408504617e-01 9.183920762868131860e-01 8.203604674192909174e-01 7.709330848249194013e-01 8.699042291719637499e-01
9.170653907496012502e-01 8.828408828408828013e-01 8.703703703703703498e-01 8.862905458650138790e-01 7.872866127583107998e-01 8.177442148030382718e-01 8.525451145984327406e-01 8.853760737481667364e-01 8.505245798478880959e-01 8.687689122471731196e-01
7.713675213675212916e-01 7.100653594771241250e-01 7.574808851404596366e-01 8.993265993265993075e-01 7.872866127583107998e-01 9.173767752715121793e-01 7.352041262348106843e-01 8.355992355992357679e-01 8.161957090528518810e-01 7.412587412587412494e-01
9.002849002849003801e-01 7.533731188375712984e-01 8.862905458650138790e-01 8.823560402507770739e-01 8.353793691389599374e-01 7.421707421707420815e-01 8.324561403508772273e-01 9.346092503987241118e-01 7.728965328965329284e-01 8.697983697983696638e-01
8.366443068455451382e-01 6.933845610316198282e-01 9.346092503987241118e-01 7.879696051862480344e-01 8.703703703703703498e-01 9.346092503987241118e-01 7.854962497819640843e-01 8.015789473684210575e-01 8.841750841750841694e-01 8.032245532245533282e-01
8.190445826026887532e-01 7.081447963800903134e-01 7.417508417508417162e-01 8.699042291719637499e-01 7.070707070707070718e-01 7.879696051862480344e-01 8.214663643235072810e-01 6.872759856630823450e-01 8.523748395378690779e-01 7.870943477326456383e-01
8.032245532245533282e-01 8.219954648526076602e-01 8.218857155027367023e-01 6.933845610316198282e-01 7.675868593051254907e-01 7.709330848249194013e-01 9.164652836623461418e-01 7.396184062850729157e-01 8.703703703703703498e-01 8.372053872053871748e-01
8.374727668845315387e-01 8.058310026273413085e-01 9.183920762868131860e-01 8.851917026609075201e-01 7.533731188375712984e-01 8.161957090528518810e-01 8.371821415299676161e-01 7.412587412587412494e-01 9.015037593984963626e-01 8.862905458650138790e-01
8.193752780218946929e-01 6.958128078817734652e-01 6.755628177196802975e-01 7.730015082956259720e-01 8.366443068455451382e-01 7.240973312401882689e-01 8.374727668845315387e-01 7.102758352758353766e-01 8.680770553835568393e-01 7.053571428571427937e-01
8.523748395378690779e-01 7.831707668919293264e-01 8.190445826026887532e-01 7.879696051862480344e-01 9.183920762868131860e-01 7.730605285592497822e-01 9.009636814514863090e-01 9.183920762868131860e-01 8.139490139490139775e-01 8.529249537652899837e-01
7.653531777253256285e-01 7.533731188375712984e-01 8.142622383670644615e-01 7.533731188375712984e-01 9.183920762868131860e-01 8.848951647411210653e-01 7.900069322241773939e-01 7.022222222222223031e-01 7.562432839028584430e-01 8.534634458486642927e-01
8.697983697983696638e-01 7.546897546897546327e-01 8.536747273589377905e-01 7.709330848249194013e-01 7.091464091464091402e-01 8.138888888888887729e-01 7.533731188375712984e-01 7.546897546897546327e-01 7.410145410145411171e-01 7.412587412587412494e-01
7.512919896640827266e-01 7.782805429864253499e-01 7.547967905110760656e-01 8.862905458650138790e-01 8.854700854700855439e-01 8.366443068455451382e-01 7.392067392067392939e-01 9.164495505958919486e-01 9.019138755980860012e-01 9.019408424442749705e-01
7.533731188375712984e-01 7.550505050505050830e-01 7.101938301938303111e-01 8.015789473684210575e-01 8.699042291719637499e-01 7.879696051862480344e-01 8.359788359788359324e-01 8.843091531690511209e-01 8.203604674192909174e-01 9.335593007563631751e-01
9.163838256861511766e-01 8.828408828408828013e-01 7.740776490776489771e-01 8.631918334993627928e-01 8.193752780218946929e-01 8.529249537652899837e-01 7.022222222222223031e-01 7.555643879173290500e-01 7.101938301938303111e-01 7.550505050505050830e-01
9.183920762868131860e-01 9.019408424442749705e-01 7.533731188375712984e-01 7.533731188375712984e-01 7.511849901250822192e-01 8.177442148030382718e-01 7.675983436853002218e-01 9.024676850763807545e-01 8.324389172745482179e-01 8.697983697983696638e-01
8.292224571294338764e-01 8.208994708994709066e-01 6.933845610316198282e-01 6.773504273504272755e-01 9.164495505958919486e-01 7.383133662203430481e-01 7.101086048454470223e-01 7.412587412587412494e-01 7.388888888888889284e-01 6.542510121457491001e-01
6.933845610316198282e-01 7.421707421707420815e-01 7.101938301938303111e-01 6.913235016700510771e-01 8.204272434560294647e-01 8.541194255479970243e-01 7.372325741890959350e-01 8.853760737481667364e-01 8.680770553835568393e-01 8.848951647411210653e-01
8.177442148030382718e-01 6.868686868686868507e-01 7.694444444444443754e-01 7.495042212023342865e-01 8.216619981325862243e-01 7.694444444444443754e-01 9.346092503987241118e-01 6.792929292929293927e-01 9.183920762868131860e-01 9.164652836623461418e-01
8.828408828408829123e-01 8.366443068455451382e-01 8.835978835978836043e-01 7.264311129857348170e-01 8.529249537652899837e-01 8.699042291719637499e-01 8.355992355992357679e-01 8.193752780218946929e-01 7.888133030990173156e-01 8.193752780218946929e-01
8.690235690235690313e-01 8.053872053872054293e-01 9.332497911445279959e-01 7.220959595959595134e-01 6.939988116458705170e-01 9.002849002849003801e-01 7.220959595959595134e-01 7.421707421707420815e-01 9.008482166376903244e-01 7.259273725439138181e-01
7.163320612797964282e-01 8.047508047508048490e-01 8.862905458650138790e-01 8.283298826777087953e-01 7.717282717282717419e-01 8.296475392220074019e-01 7.857031857031856470e-01 8.042199488491048598e-01 6.561868686868687073e-01 7.301587301587301182e-01
9.170653907496012502e-01 6.940705888074308882e-01 5.619580560596894037e-01 8.015789473684210575e-01 8.517056577131670858e-01 7.259273725439138181e-01 7.235071806500377178e-01 9.346092503987241118e-01 7.209732988802756148e-01 7.562432839028584430e-01
7.256235827664397897e-01 9.170653907496012502e-01 7.565219341024002064e-01 8.529249537652899837e-01 8.207810760278145823e-01 7.714233841684819959e-01 9.164495505958919486e-01 8.541194255479970243e-01 8.372053872053871748e-01 8.829840719703047069e-01
7.163320612797964282e-01 6.883109524618958863e-01 7.675983436853002218e-01 6.057984213721917532e-01 7.086894586894586512e-01 7.854962497819640843e-01 8.015789473684210575e-01 8.059845559845558727e-01 8.027065527065526673e-01 6.921490151234879207e-01
7.209732988802756148e-01 8.194905869324474734e-01 7.896780333755123449e-01 5.384883315917798896e-01 6.933845610316198282e-01 7.709330848249194013e-01 8.179454115624328336e-01 8.027065527065526673e-01 8.208847145017358349e-01 6.655491401254113315e-01
6.933845610316198282e-01 9.497171590194845026e-01 8.302795395818650670e-01 7.801008555725535976e-01 8.634890270471332618e-01 7.398245614035087181e-01 7.512919896640827266e-01 8.219954648526076602e-01 7.689687573408504617e-01 8.661676487763445564e-01
6.792929292929293927e-01 6.924079065588498727e-01 6.704603640087510863e-01 8.342074592074592010e-01 8.177442148030382718e-01 9.173767752715121793e-01 7.089473684210525484e-01 8.137185811604417118e-01 7.829096550901062379e-01 7.500000000000000000e-01
6.522532384601349431e-01 9.183920762868131860e-01 8.529249537652899837e-01 7.533731188375712984e-01 7.574808851404596366e-01 6.257575757575757347e-01 8.814275155738570122e-01 8.137865219658887428e-01 5.285285285285284962e-01 8.862905458650138790e-01
5.877245708942763214e-01 7.412587412587412494e-01 5.312500000000000000e-01 8.490028490028489472e-01 6.933978719693004722e-01 8.101205394438477647e-01 6.188999172870141008e-01 6.398809523809524391e-01 8.027065527065526673e-01 7.889573784310625060e-01
8.028792912513842417e-01 8.110766045548655212e-01 6.595672751859363858e-01 6.947780707179204152e-01 7.348484848484848619e-01 8.167171174689972224e-01 8.488243782361428735e-01 7.394698620188816518e-01 7.740086000955566092e-01 8.467532467532468132e-01
8.374727668845315387e-01 8.200500151719664066e-01 9.018774018774018408e-01 7.801008555725535976e-01 7.053571428571427937e-01 8.862905458650138790e-01 7.229285590728246058e-01 7.716238010355657151e-01 8.862905458650138790e-01 7.240973312401882689e-01
7.415451815451815643e-01 8.676478430117847696e-01 8.535612535612534524e-01 6.018320530081043840e-01 6.373472176064399752e-01 7.801008555725535976e-01 8.042328042328042992e-01 7.992757025015090333e-01 5.579161176987263993e-01 8.260618349904064184e-01
7.401801686001050484e-01 6.729644624381466711e-01 8.177442148030382718e-01 7.872866127583107998e-01 7.101938301938303111e-01 7.556603773584904538e-01 5.731065373009106567e-01 7.101938301938303111e-01 6.924079065588498727e-01 6.904040404040404644e-01
6.904040404040404644e-01 8.216619981325862243e-01 7.691870057461454024e-01 7.546897546897546327e-01 8.541194255479970243e-01 8.355992355992357679e-01 8.317020206882533850e-01 7.559277570376349287e-01 8.484136310223266975e-01 8.045612923661703553e-01
7.187666135034556092e-01 6.904040404040404644e-01 8.214663643235072810e-01 6.755628177196802975e-01 8.677720273464953893e-01 7.675983436853002218e-01 6.143093707383595614e-01 6.110133594004562019e-01 7.895424836601306895e-01 7.091464091464091402e-01
7.070707070707070718e-01 8.101107074900535387e-01 8.689640768588136055e-01 8.529249537652899837e-01 8.697983697983696638e-01 7.531792444073145409e-01 6.414187411455171128e-01 7.352041262348106843e-01 7.322222222222222188e-01 7.690527065527065220e-01
6.733380106593798153e-01 7.956131170416883558e-01 6.773504273504272755e-01 5.384883315917798896e-01 7.077308656256025010e-01 5.420847268673355535e-01 7.193732193732192970e-01 8.047508047508048490e-01 8.320105820105819783e-01 6.755628177196802975e-01
7.209732988802756148e-01 8.047508047508048490e-01 6.695246971109040102e-01 8.288613691090471747e-01 8.042199488491048598e-01 6.350516514450941230e-01 7.534931861307573309e-01 9.164652836623461418e-01 7.802325581395348486e-01 7.802325581395348486e-01
8.763828763828763746e-01 7.163320612797964282e-01 8.356307435254803906e-01 8.668531231460293585e-01 6.933845610316198282e-01 5.418719211822660142e-01 7.191663670730245039e-01 5.255358635442787252e-01 9.183920762868131860e-01 5.931899641577059734e-01
