0.000000000000000000e+00 0.000000000000000000e+00 0.000000000000000000e+00 0.000000000000000000e+00 0.000000000000000000e+00
9.790081646226832524e-01 9.790081646226832524e-01 9.790081646226832524e-01 9.790081646226832524e-01 9.790081646226832524e-01
9.790081646226832524e-01 9.719698101589629990e-01 9.790081646226832524e-01 9.790081646226832524e-01 9.790081646226832524e-01
9.790928136492432765e-01 9.720698983695256201e-01 9.583701188455008291e-01 9.860349491847627545e-01 9.790081646226832524e-01
9.790081646226832524e-01 9.860349491847627545e-01 9.720698983695256201e-01 9.511688370410563698e-01 9.790928136492432765e-01
9.790928136492432765e-01 9.790081646226832524e-01 9.721446473326172955e-01 9.510499852114758790e-01 9.860349491847627545e-01
9.581863809007052923e-01 9.581048475542882636e-01 9.442243925966118390e-01 9.510785345051862016e-01 9.860349491847627545e-01
9.860349491847627545e-01 9.650369847528857958e-01 9.372068487369626943e-01 9.080710955710955545e-01 9.302624042925183856e-01
9.580423700011330146e-01 9.243045352584450258e-01 9.651308253451498231e-01 8.577020268753824395e-01 8.627027734170590323e-01
8.544628544628544153e-01 9.373902315609760061e-01 8.645021645021645496e-01 9.156611960007546847e-01 8.619248619248619514e-01
7.260978533289744741e-01 8.151551189525872987e-01 8.400998438973122928e-01 9.092749091842823317e-01 8.628760432291064930e-01
