0.000000000000000000e+00 0.000000000000000000e+00 0.000000000000000000e+00 0.000000000000000000e+00 0.000000000000000000e+00
9.843612212439541986e-01 9.843612212439541986e-01 9.843612212439541986e-01 9.843612212439541986e-01 9.843612212439541986e-01
9.843612212439541986e-01 9.791420406674760102e-01 9.843612212439541986e-01 9.843612212439541986e-01 9.843612212439541986e-01
9.843612212439541986e-01 9.791420406674760102e-01 9.686939947968892239e-01 9.895772416966504004e-01 9.843612212439541986e-01
9.843612212439541986e-01 9.895772416966504004e-01 9.791420406674760102e-01 9.634650244793849794e-01 9.843612212439541986e-01
9.843612212439541986e-01 9.843612212439541986e-01 9.791420406674760102e-01 9.634650244793849794e-01 9.895772416966504004e-01
9.686939947968892239e-01 9.686939947968892239e-01 9.582326839255744799e-01 9.634650244793848683e-01 9.895772416966504004e-01
9.895772416966504004e-01 9.739196491624405594e-01 9.529969176235566497e-01 9.320184396853853359e-01 9.477576687980067138e-01
9.686939947968892239e-01 9.425148793730028229e-01 9.739196491624405594e-01 8.951601691290009821e-01 9.004376722145790435e-01
8.951601691290009821e-01 9.529969176235566497e-01 9.004376722145791545e-01 9.372684899334993158e-01 9.004376722145791545e-01
8.100925873009825473e-01 8.634042048702649241e-01 8.845924813295054090e-01 9.320184396853854469e-01 9.004376722145791545e-01
