0.000000000000000000e+00 0.000000000000000000e+00 0.000000000000000000e+00 0.000000000000000000e+00 0.000000000000000000e+00
9.843612212439541986e-01 9.843612212439541986e-01 9.843612212439541986e-01 9.843612212439541986e-01 9.843612212439541986e-01
9.895772416966504004e-01 9.791420406674760102e-01 9.843612212439541986e-01 9.843612212439541986e-01 9.843612212439541986e-01
9.895772416966504004e-01 9.791420406674760102e-01 9.686939947968892239e-01 9.895772416966504004e-01 9.791420406674760102e-01
9.843612212439541986e-01 9.895772416966504004e-01 9.791420406674760102e-01 9.634650244793849794e-01 9.895772416966504004e-01
9.843612212439541986e-01 9.843612212439541986e-01 9.843612212439541986e-01 9.582326839255744799e-01 9.895772416966504004e-01
9.686939947968892239e-01 9.529969176235566497e-01 9.582326839255744799e-01 9.582326839255745909e-01 9.947901517343515909e-01
9.895772416966504004e-01 9.739196491624405594e-01 9.529969176235566497e-01 9.320184396853853359e-01 9.477576687980067138e-01
9.634650244793849794e-01 9.372684899334993158e-01 9.791420406674760102e-01 8.951601691290009821e-01 9.057110466368398782e-01
9.057110466368398782e-01 9.529969176235566497e-01 9.004376722145791545e-01 9.320184396853854469e-01 9.004376722145791545e-01
8.100925873009825473e-01 8.421409554753223059e-01 8.898784639238975780e-01 8.527823018338195338e-01 8.898784639238975780e-01
