0.000000000000000000e+00 0.000000000000000000e+00 0.000000000000000000e+00 0.000000000000000000e+00 0.000000000000000000e+00
6.320000000000000062e-01 5.000000000000000000e-01 5.440000000000000391e-01 5.480000000000000426e-01 4.959999999999999964e-01
5.600000000000000533e-01 4.119999999999999774e-01 5.959999999999999742e-01 6.199999999999999956e-01 5.280000000000000249e-01
5.839999999999999636e-01 5.040000000000000036e-01 5.719999999999999529e-01 5.000000000000000000e-01 4.959999999999999964e-01
5.000000000000000000e-01 3.920000000000000151e-01 5.000000000000000000e-01 4.359999999999999987e-01 5.000000000000000000e-01
5.320000000000000284e-01 5.360000000000000320e-01 5.280000000000000249e-01 4.919999999999999929e-01 5.120000000000000107e-01
5.120000000000000107e-01 4.520000000000000129e-01 5.000000000000000000e-01 5.000000000000000000e-01 5.080000000000000071e-01
4.359999999999999987e-01 5.000000000000000000e-01 4.040000000000000258e-01 4.799999999999999822e-01 4.719999999999999751e-01
5.000000000000000000e-01 4.279999999999999916e-01 5.000000000000000000e-01 5.000000000000000000e-01 5.000000000000000000e-01
5.000000000000000000e-01 5.000000000000000000e-01 5.000000000000000000e-01 5.000000000000000000e-01 5.000000000000000000e-01
5.000000000000000000e-01 5.000000000000000000e-01 5.000000000000000000e-01 5.000000000000000000e-01 5.000000000000000000e-01
