0.000000000000000000e+00 0.000000000000000000e+00 0.000000000000000000e+00 0.000000000000000000e+00 0.000000000000000000e+00
2.731005906389725735e-01 0.000000000000000000e+00 8.801126616314948470e-02 1.218666695553581175e-01 -6.337242505244779223e-02
1.253093039736596637e-01 -1.899376918202419218e-01 1.959591794226542283e-01 2.400691498741799601e-01 5.793042831735781273e-02
1.693934016908700269e-01 6.337242505244779223e-02 1.533595897329743107e-01 0.000000000000000000e+00 -6.337242505244779223e-02
0.000000000000000000e+00 -2.339350790275148972e-01 0.000000000000000000e+00 -1.286978904175573590e-01 0.000000000000000000e+00
7.884165279854435382e-02 1.063544516030499876e-01 6.948425633204645402e-02 -3.268602252303066946e-02 2.763949964113910501e-02
2.977896699944848277e-02 -1.238760208523000950e-01 0.000000000000000000e+00 0.000000000000000000e+00 6.375767130633383517e-02
-1.401999274465563217e-01 0.000000000000000000e+00 -1.933975113660912626e-01 -6.068300796911037243e-02 -6.449216582932458530e-02
0.000000000000000000e+00 -1.515658486145566863e-01 0.000000000000000000e+00 0.000000000000000000e+00 0.000000000000000000e+00
0.000000000000000000e+00 0.000000000000000000e+00 0.000000000000000000e+00 0.000000000000000000e+00 0.000000000000000000e+00
0.000000000000000000e+00 0.000000000000000000e+00 0.000000000000000000e+00 0.000000000000000000e+00 0.000000000000000000e+00
