0.000000000000000000e+00 0.000000000000000000e+00 0.000000000000000000e+00 0.000000000000000000e+00 0.000000000000000000e+00
0.000000000000000000e+00 1.118489087992612513e-01 -5.227083734893166883e-02 0.000000000000000000e+00 -1.554035660347433956e-01
1.824736770546140918e-01 8.913130356431728241e-02 1.385782588150118733e-01 0.000000000000000000e+00 -3.379329900261315162e-02
1.406881830564404023e-01 4.667600280093366083e-02 -9.534192529917124431e-03 8.980265101338745504e-02 3.268602252303066946e-02
-3.673591791853225708e-02 0.000000000000000000e+00 0.000000000000000000e+00 5.241424183609591503e-02 6.337242505244779223e-02
6.443705608558825126e-02 0.000000000000000000e+00 0.000000000000000000e+00 0.000000000000000000e+00 0.000000000000000000e+00
0.000000000000000000e+00 0.000000000000000000e+00 0.000000000000000000e+00 0.000000000000000000e+00 0.000000000000000000e+00
0.000000000000000000e+00 0.000000000000000000e+00 0.000000000000000000e+00 0.000000000000000000e+00 0.000000000000000000e+00
0.000000000000000000e+00 0.000000000000000000e+00 0.000000000000000000e+00 0.000000000000000000e+00 0.000000000000000000e+00
0.000000000000000000e+00 0.000000000000000000e+00 0.000000000000000000e+00 0.000000000000000000e+00 0.000000000000000000e+00
0.000000000000000000e+00 0.000000000000000000e+00 0.000000000000000000e+00 0.000000000000000000e+00 0.000000000000000000e+00
