0.000000000000000000e+00 0.000000000000000000e+00 0.000000000000000000e+00 0.000000000000000000e+00 0.000000000000000000e+00
9.089390565613186812e-01 8.935235312644829175e-01 8.910794571309059720e-01 8.910474304165889592e-01 8.954118625432230250e-01
9.042537224658809825e-01 8.931169138261878526e-01 8.998348752180511667e-01 8.913154059256767070e-01 9.021733459845098224e-01
9.154865655605330943e-01 8.818256424560140250e-01 8.975084601120965067e-01 8.910677288474546653e-01 8.977578930565706106e-01
9.020120024960622818e-01 9.018277371374159301e-01 8.858786732353598481e-01 9.081279931939040262e-01 8.995360945324870627e-01
9.034557042134256921e-01 8.885100564414998292e-01 9.039498788347360980e-01 9.041900004784201306e-01 9.012395442184283345e-01
9.076983014847750386e-01 8.941549732084167479e-01 8.917687155380494834e-01 8.874004416999932143e-01 8.989983653681639097e-01
9.000994880897257300e-01 8.776286972764649752e-01 8.751472962509480036e-01 8.781531606794764633e-01 8.819536737560849105e-01
8.639192796240149352e-01 8.395291032995736424e-01 8.122559669981270769e-01 8.913271009001672018e-01 8.698219186022280169e-01
8.319371793068516263e-01 8.485282836995645672e-01 7.776973903274713162e-01 8.136368528281504586e-01 8.316909990147065557e-01
7.105904725357865548e-01 7.012645731246542891e-01 6.799442401677038283e-01 7.307657370790886509e-01 6.817936815003129425e-01
