0.000000000000000000e+00 0.000000000000000000e+00 0.000000000000000000e+00 0.000000000000000000e+00 0.000000000000000000e+00
9.208247422680412297e-01 9.191752577319587392e-01 9.195876288659793341e-01 9.092783505154639068e-01 9.129896907216494828e-01
9.146391752577319734e-01 9.208247422680412297e-01 9.162886597938144639e-01 9.092783505154639068e-01 9.138144329896906726e-01
9.113402061855669922e-01 9.150515463917525683e-01 9.047422680412371410e-01 9.113402061855669922e-01 9.125773195876288879e-01
9.026804123711340555e-01 9.072164948453608213e-01 9.138144329896906726e-01 9.035051546391752453e-01 8.993814432989690744e-01
8.952577319587629034e-01 9.026804123711340555e-01 9.030927835051546504e-01 9.030927835051546504e-01 8.931958762886598180e-01
8.729896907216494473e-01 8.993814432989690744e-01 8.997938144329896692e-01 9.030927835051546504e-01 8.969072164948453940e-01
8.655670103092782952e-01 8.688659793814432764e-01 8.647422680412371054e-01 8.577319587628865483e-01 8.630927835051546149e-01
8.519587628865978868e-01 8.709278350515463618e-01 8.449484536082474406e-01 8.622680412371134251e-01 8.738144329896907481e-01
8.338144329896907125e-01 8.247422680412370699e-01 8.461855670103092253e-01 8.441237113402061398e-01 8.387628865979381843e-01
7.496907216494845816e-01 7.480412371134020910e-01 7.595876288659794140e-01 7.521649484536082619e-01 7.439175257731959201e-01
