0.000000000000000000e+00 0.000000000000000000e+00 0.000000000000000000e+00 0.000000000000000000e+00 0.000000000000000000e+00
9.129896907216494828e-01 9.179381443298969545e-01 9.150515463917525683e-01 9.216494845360824195e-01 9.204123711340206349e-01
9.125773195876288879e-01 9.146391752577319734e-01 9.125773195876288879e-01 9.142268041237113785e-01 9.171134020618556537e-01
9.014432989690721598e-01 9.096907216494845017e-01 9.129896907216494828e-01 9.002061855670102641e-01 9.084536082474227170e-01
8.907216494845361376e-01 9.039175257731958402e-01 9.051546391752577359e-01 8.944329896907216026e-01 9.002061855670102641e-01
8.762886597938144284e-01 8.903092783505154317e-01 8.907216494845361376e-01 8.911340206185567325e-01 8.709278350515463618e-01
8.527835051546391876e-01 8.713402061855669567e-01 8.725773195876288524e-01 8.820618556701030899e-01 8.639175257731959157e-01
8.358762886597937980e-01 8.321649484536082220e-01 8.226804123711339845e-01 8.325773195876288169e-01 8.395876288659793740e-01
7.781443298969071831e-01 8.078350515463917914e-01 7.880412371134020155e-01 8.127835051546391520e-01 7.789690721649484839e-01
7.468041237113401953e-01 7.579381443298969234e-01 7.455670103092782997e-01 7.595876288659794140e-01 7.583505154639175183e-01
6.878350515463917958e-01 6.927835051546391565e-01 6.828865979381443241e-01 7.039175257731958846e-01 6.894845360824741753e-01
