0.000000000000000000e+00 0.000000000000000000e+00 0.000000000000000000e+00 0.000000000000000000e+00 0.000000000000000000e+00
9.504711240853046528e-01 9.493500655606206262e-01 9.500768572522833022e-01 9.436588341295416571e-01 9.462807992151068825e-01
9.466828446149975207e-01 9.513259058741005969e-01 9.483354042615732560e-01 9.444481028390921962e-01 9.464960308180999649e-01
9.451134512179369951e-01 9.473885223060332095e-01 9.408122218738443898e-01 9.455379200406784923e-01 9.454781833990989481e-01
9.404417492383616572e-01 9.423656789774031983e-01 9.471829997270628798e-01 9.399012358321795491e-01 9.381849357404812295e-01
9.353567713097999947e-01 9.408250125184920432e-01 9.400948596175366934e-01 9.402501766626136792e-01 9.344458047792496558e-01
9.249839305264726530e-01 9.388903613276177174e-01 9.384073750498660438e-01 9.402209665049341414e-01 9.367435757423485665e-01
9.194857023537869045e-01 9.219451111614522798e-01 9.193405655257758102e-01 9.151724373252321243e-01 9.185058649362974892e-01
9.123205837899650561e-01 9.233671195587981329e-01 9.084925271275600123e-01 9.177735546922396459e-01 9.248659649466538513e-01
9.032645113626167621e-01 8.940363842894326618e-01 9.076286581829614564e-01 9.080680518279399260e-01 9.036235150510824043e-01
8.489342028046428235e-01 8.545387929231724744e-01 8.625151222728056899e-01 8.542485291638850509e-01 8.492908381074830704e-01
