0.000000000000000000e+00 0.000000000000000000e+00 0.000000000000000000e+00 0.000000000000000000e+00 0.000000000000000000e+00
8.897351280235593629e-01 8.959918870168355198e-01 8.923939603926307473e-01 9.007184763531242977e-01 8.991559853701188709e-01
8.892559826683360535e-01 8.918309102081996009e-01 8.892579907862701027e-01 8.914964765789682444e-01 8.950251426314521641e-01
8.758900000046634382e-01 8.861032509881697772e-01 8.901232887687414719e-01 8.742829113273699049e-01 8.844791645710353700e-01
8.632861317563640391e-01 8.789650245813577234e-01 8.810890827947123194e-01 8.677353958365630060e-01 8.746187378523698763e-01
8.473214061521096019e-01 8.637573002587697335e-01 8.642021143054849919e-01 8.645543790115697291e-01 8.415768397665803757e-01
8.220639037416918038e-01 8.423050898787806107e-01 8.434684997109288540e-01 8.548648155653951752e-01 8.346740202363084338e-01
8.048055581532287395e-01 8.007368036999908956e-01 7.897735879265267434e-01 8.012741304431728606e-01 8.079591056593176113e-01
7.466325368578664579e-01 7.774855132856384188e-01 7.570790143964430952e-01 7.814873916356938066e-01 7.483307410929745940e-01
7.203449207178411751e-01 7.289014181137627446e-01 7.154461312305852028e-01 7.295331233550522709e-01 7.279652532057988568e-01
6.490539993778126071e-01 6.551580721362179061e-01 6.429228536506534919e-01 6.707320967681055235e-01 6.511721052446938218e-01
