0.000000000000000000e+00 0.000000000000000000e+00 0.000000000000000000e+00 0.000000000000000000e+00 0.000000000000000000e+00
9.172507490321890611e-01 9.161485952322900861e-01 9.178325586150306581e-01 9.165431828594513552e-01 9.163700497161961778e-01
9.128681809489067600e-01 9.116340519009776822e-01 9.129119632744394641e-01 9.161863081545970067e-01 9.101057821205575937e-01
9.005026668822259106e-01 9.085861012756432098e-01 9.117258276878924539e-01 9.115222199044217266e-01 9.087393352643061695e-01
9.033521822346115560e-01 9.057819311979041776e-01 8.892521689621537551e-01 8.945856524020833200e-01 9.121375859984313106e-01
9.036284566375843985e-01 9.016361658205660490e-01 8.957670312849369543e-01 8.851947554705915655e-01 8.747515274313059086e-01
8.945001877350025055e-01 8.853637049130954617e-01 8.888372912532830350e-01 9.039207585497480713e-01 8.837774223179124533e-01
8.757874015474322871e-01 8.718776973121441509e-01 8.744748696755276773e-01 8.756933664864693379e-01 8.894261214635473811e-01
8.419419233205056585e-01 8.286011523598769690e-01 8.757361645446646303e-01 8.636033294930707260e-01 8.673196958932161138e-01
8.408034001221545983e-01 7.639951207363971930e-01 7.655910224813682330e-01 7.943982474736714927e-01 8.154499478464452000e-01
5.537298573570570426e-01 6.213112343850032415e-01 6.221888587125292691e-01 5.827115587659484897e-01 6.476898489893415656e-01
