0.000000000000000000e+00 0.000000000000000000e+00 0.000000000000000000e+00 0.000000000000000000e+00 0.000000000000000000e+00
9.489633614300485576e-01 9.480683461365769782e-01 9.492227074857427782e-01 9.483045838049358744e-01 9.483330144067525502e-01
9.454113580719527565e-01 9.456847253007223397e-01 9.459944771300121680e-01 9.484650272258602355e-01 9.446142681843311406e-01
9.396282546002825420e-01 9.432141336590859071e-01 9.462393121232107740e-01 9.451090260320341718e-01 9.438835324328824772e-01
9.403584631642408764e-01 9.429236589845788608e-01 9.324404460679456275e-01 9.353023664023155659e-01 9.459845584159387588e-01
9.414013694620830819e-01 9.413244198409136398e-01 9.355407883251966039e-01 9.291416327703148070e-01 9.243627335901052344e-01
9.341992368493654553e-01 9.310365399480008408e-01 9.332194032280025642e-01 9.416094700043444732e-01 9.277524282286558899e-01
9.247212224920989820e-01 9.225693350093274736e-01 9.251462436665607303e-01 9.254843270721087034e-01 9.330716927999138655e-01
9.007819658075888469e-01 8.975366051047894977e-01 9.228483287708133531e-01 9.177260409123008111e-01 9.169380522992238713e-01
9.043329747211246161e-01 8.588951766132889576e-01 8.628646662081129737e-01 8.807276961561225637e-01 8.883270654750733408e-01
7.349750806343399168e-01 7.684837795578630670e-01 7.912783870685063947e-01 7.434416534799404008e-01 7.868655757298719244e-01
