0.000000000000000000e+00 0.000000000000000000e+00 0.000000000000000000e+00 0.000000000000000000e+00 0.000000000000000000e+00
8.960457925822449265e-01 8.938948422199082255e-01 8.965154064798411815e-01 8.949442281568623647e-01 8.955036279644296160e-01
8.902779193501089150e-01 8.892980544769423235e-01 8.902533963439369646e-01 8.944941053530426345e-01 8.866597430277909364e-01
8.745475307733191483e-01 8.852035387833090407e-01 8.890223773415875108e-01 8.886716488816163162e-01 8.826048618225221798e-01
8.791219783926140785e-01 8.822715714964065592e-01 8.623426816081922741e-01 8.668649815910348666e-01 8.900474854334343711e-01
8.777014325528275096e-01 8.754499362065049084e-01 8.684188683618200288e-01 8.574978057364066597e-01 8.396156952898966574e-01
8.643947034361195714e-01 8.576630143102919046e-01 8.609419726718224863e-01 8.799111683954095042e-01 8.529456056600946967e-01
8.443086250216861322e-01 8.404195543599718432e-01 8.424780552226082131e-01 8.448323921402121073e-01 8.613449164154863835e-01
7.997093935450251267e-01 7.872554471044086455e-01 8.423651096631687984e-01 8.309524472845422061e-01 8.307020326282715805e-01
8.027756668908749837e-01 7.239174447391363287e-01 7.200935268760214614e-01 7.521468254156086219e-01 7.662079180441182524e-01
5.029397662246951617e-01 5.872597300512762963e-01 6.051928999422269140e-01 5.440158674166850616e-01 6.040155949369913069e-01
