0.000000000000000000e+00 0.000000000000000000e+00 0.000000000000000000e+00 0.000000000000000000e+00 0.000000000000000000e+00 0.000000000000000000e+00 0.000000000000000000e+00 0.000000000000000000e+00 0.000000000000000000e+00 0.000000000000000000e+00
9.368421052631579204e-01 9.329824561403509131e-01 9.357894736842105043e-01 9.340350877192982182e-01 9.350877192982456343e-01 9.357894736842105043e-01 9.357894736842105043e-01 9.361403508771929394e-01 9.368421052631579204e-01 9.410526315789473628e-01
9.375438596491227905e-01 9.343859649122806532e-01 9.382456140350877716e-01 9.364912280701754854e-01 9.375438596491227905e-01 9.407017543859649278e-01 9.389473684210526416e-01 9.357894736842105043e-01 9.375438596491227905e-01 9.375438596491227905e-01
9.389473684210526416e-01 9.357894736842105043e-01 9.357894736842105043e-01 9.396491228070175117e-01 9.343859649122806532e-01 9.364912280701754854e-01 9.364912280701754854e-01 9.368421052631579204e-01 9.347368421052631993e-01 9.389473684210526416e-01
9.368421052631579204e-01 9.340350877192982182e-01 9.368421052631579204e-01 9.361403508771929394e-01 9.357894736842105043e-01 9.347368421052631993e-01 9.333333333333333481e-01 9.347368421052631993e-01 9.371929824561403555e-01 9.357894736842105043e-01
9.347368421052631993e-01 9.350877192982456343e-01 9.368421052631579204e-01 9.407017543859649278e-01 9.392982456140350767e-01 9.329824561403509131e-01 9.371929824561403555e-01 9.354385964912280693e-01 9.294736842105263408e-01 9.361403508771929394e-01
9.389473684210526416e-01 9.326315789473683671e-01 9.284210526315789247e-01 9.326315789473683671e-01 9.382456140350877716e-01 9.385964912280702066e-01 9.164912280701754677e-01 9.357894736842105043e-01 9.368421052631579204e-01 9.368421052631579204e-01
9.361403508771929394e-01 9.347368421052631993e-01 9.361403508771929394e-01 9.414035087719297978e-01 9.364912280701754854e-01 9.354385964912280693e-01 9.319298245614034970e-01 9.294736842105263408e-01 9.368421052631579204e-01 9.340350877192982182e-01
9.266666666666666385e-01 9.305263157894736459e-01 9.249122807017543524e-01 9.354385964912280693e-01 9.340350877192982182e-01 9.270175438596490736e-01 9.291228070175439058e-01 9.357894736842105043e-01 9.347368421052631993e-01 9.329824561403509131e-01
9.161403508771930326e-01 9.326315789473683671e-01 9.277192982456140546e-01 9.340350877192982182e-01 9.378947368421052255e-01 9.315789473684210620e-01 9.382456140350877716e-01 9.340350877192982182e-01 9.347368421052631993e-01 9.396491228070175117e-01
9.354385964912280693e-01 9.382456140350877716e-01 9.364912280701754854e-01 9.315789473684210620e-01 9.329824561403509131e-01 9.322807017543859320e-01 9.333333333333333481e-01 9.333333333333333481e-01 9.357894736842105043e-01 9.284210526315789247e-01
9.343859649122806532e-01 9.357894736842105043e-01 9.333333333333333481e-01 9.284210526315789247e-01 9.336842105263157832e-01 9.280701754385964897e-01 9.263157894736842035e-01 9.396491228070175117e-01 9.322807017543859320e-01 9.343859649122806532e-01
9.364912280701754854e-01 9.315789473684210620e-01 9.368421052631579204e-01 9.343859649122806532e-01 9.347368421052631993e-01 9.143859649122807465e-01 9.270175438596490736e-01 9.189473684210526239e-01 9.315789473684210620e-01 9.329824561403509131e-01
9.385964912280702066e-01 9.280701754385964897e-01 9.336842105263157832e-01 9.347368421052631993e-01 9.382456140350877716e-01 9.203508771929824750e-01 9.368421052631579204e-01 9.378947368421052255e-01 9.312280701754386270e-01 9.354385964912280693e-01
9.350877192982456343e-01 9.322807017543859320e-01 9.382456140350877716e-01 9.301754385964912109e-01 9.273684210526316196e-01 9.270175438596490736e-01 9.080701754385964719e-01 9.396491228070175117e-01 9.336842105263157832e-01 9.238596491228070473e-01
9.210526315789473450e-01 9.291228070175439058e-01 9.231578947368420662e-01 9.207017543859649100e-01 9.354385964912280693e-01 9.270175438596490736e-01 9.249122807017543524e-01 9.438596491228070651e-01 9.378947368421052255e-01 9.315789473684210620e-01
9.326315789473683671e-01 9.350877192982456343e-01 9.038596491228070295e-01 9.371929824561403555e-01 9.305263157894736459e-01 9.319298245614034970e-01 9.231578947368420662e-01 9.329824561403509131e-01 9.319298245614034970e-01 9.322807017543859320e-01
9.273684210526316196e-01 9.392982456140350767e-01 9.252631578947367874e-01 9.329824561403509131e-01 9.385964912280702066e-01 9.291228070175439058e-01 9.108771929824561742e-01 9.322807017543859320e-01 9.301754385964912109e-01 9.231578947368420662e-01
9.347368421052631993e-01 9.319298245614034970e-01 9.340350877192982182e-01 9.164912280701754677e-01 9.270175438596490736e-01 9.361403508771929394e-01 9.252631578947367874e-01 9.178947368421052078e-01 9.336842105263157832e-01 9.350877192982456343e-01
9.396491228070175117e-01 9.238596491228070473e-01 9.161403508771930326e-01 9.273684210526316196e-01 9.326315789473683671e-01 9.249122807017543524e-01 9.210526315789473450e-01 9.375438596491227905e-01 9.375438596491227905e-01 9.378947368421052255e-01
9.245614035087719174e-01 9.308771929824561919e-01 9.221052631578947612e-01 9.277192982456140546e-01 9.375438596491227905e-01 9.315789473684210620e-01 9.407017543859649278e-01 9.231578947368420662e-01 9.312280701754386270e-01 9.294736842105263408e-01
9.280701754385964897e-01 9.389473684210526416e-01 9.259649122807017685e-01 9.350877192982456343e-01 9.343859649122806532e-01 9.287719298245613597e-01 9.196491228070174939e-01 9.350877192982456343e-01 9.329824561403509131e-01 9.322807017543859320e-01
9.291228070175439058e-01 9.301754385964912109e-01 9.185964912280701888e-01 9.224561403508771962e-01 9.270175438596490736e-01 9.350877192982456343e-01 9.189473684210526239e-01 9.200000000000000400e-01 9.270175438596490736e-01 9.354385964912280693e-01
9.221052631578947612e-01 9.266666666666666385e-01 9.308771929824561919e-01 8.954385964912280338e-01 9.291228070175439058e-01 9.108771929824561742e-01 9.017543859649123084e-01 9.217543859649123261e-01 9.242105263157894823e-01 9.336842105263157832e-01
9.049122807017543346e-01 9.231578947368420662e-01 8.975438596491227550e-01 9.228070175438596312e-01 9.333333333333333481e-01 9.357894736842105043e-01 9.277192982456140546e-01 9.178947368421052078e-01 9.203508771929824750e-01 9.322807017543859320e-01
9.319298245614034970e-01 9.150877192982456165e-01 9.284210526315789247e-01 9.368421052631579204e-01 9.154385964912280516e-01 9.396491228070175117e-01 9.263157894736842035e-01 9.126315789473684603e-01 9.347368421052631993e-01 9.231578947368420662e-01
9.122807017543859143e-01 9.270175438596490736e-01 9.280701754385964897e-01 9.315789473684210620e-01 8.842105263157894468e-01 9.133333333333333304e-01 9.354385964912280693e-01 9.171929824561403377e-01 9.322807017543859320e-01 9.291228070175439058e-01
9.259649122807017685e-01 9.238596491228070473e-01 9.256140350877193335e-01 9.007017543859648923e-01 9.235087719298246123e-01 9.185964912280701888e-01 9.294736842105263408e-01 9.014035087719298733e-01 9.336842105263157832e-01 9.214035087719297801e-01
8.908771929824561564e-01 9.052631578947368807e-01 9.175438596491227727e-01 9.017543859649123084e-01 9.375438596491227905e-01 9.003508771929824572e-01 9.287719298245613597e-01 9.143859649122807465e-01 9.238596491228070473e-01 8.992982456140350411e-01
9.399999999999999467e-01 9.175438596491227727e-01 8.750877192982455810e-01 9.333333333333333481e-01 9.182456140350877538e-01 9.277192982456140546e-01 9.171929824561403377e-01 9.087719298245614530e-01 9.263157894736842035e-01 9.449122807017543701e-01
9.350877192982456343e-01 9.203508771929824750e-01 9.333333333333333481e-01 9.049122807017543346e-01 9.175438596491227727e-01 9.133333333333333304e-01 9.319298245614034970e-01 9.200000000000000400e-01 9.063157894736841858e-01 8.884210526315790002e-01
9.224561403508771962e-01 9.140350877192982004e-01 9.021052631578947434e-01 9.056140350877193157e-01 9.122807017543859143e-01 9.200000000000000400e-01 9.252631578947367874e-01 9.017543859649123084e-01 9.154385964912280516e-01 9.263157894736842035e-01
9.235087719298246123e-01 9.080701754385964719e-01 9.291228070175439058e-01 9.210526315789473450e-01 9.017543859649123084e-01 9.329824561403509131e-01 9.315789473684210620e-01 9.312280701754386270e-01 9.073684210526316019e-01 9.045614035087718996e-01
9.063157894736841858e-01 8.873684210526315841e-01 9.000000000000000222e-01 9.192982456140350589e-01 9.294736842105263408e-01 9.143859649122807465e-01 9.063157894736841858e-01 9.245614035087719174e-01 9.010526315789473273e-01 9.308771929824561919e-01
9.252631578947367874e-01 9.270175438596490736e-01 9.242105263157894823e-01 9.024561403508771784e-01 9.161403508771930326e-01 9.308771929824561919e-01 8.866666666666667140e-01 9.235087719298246123e-01 9.122807017543859143e-01 8.712280701754385737e-01
8.814035087719298556e-01 9.326315789473683671e-01 9.070175438596491668e-01 9.017543859649123084e-01 9.136842105263157654e-01 9.298245614035087758e-01 8.789473684210525883e-01 8.961403508771930149e-01 9.164912280701754677e-01 9.101754385964911931e-01
9.164912280701754677e-01 9.157894736842104866e-01 9.115789473684210442e-01 9.322807017543859320e-01 9.182456140350877538e-01 9.347368421052631993e-01 9.063157894736841858e-01 9.291228070175439058e-01 8.821052631578947256e-01 9.105263157894737391e-01
9.115789473684210442e-01 9.256140350877193335e-01 8.982456140350877360e-01 9.084210526315789069e-01 9.084210526315789069e-01 9.214035087719297801e-01 8.978947368421053010e-01 8.743859649122807109e-01 8.480701754385965296e-01 8.957894736842105798e-01
8.694736842105262875e-01 9.021052631578947434e-01 8.842105263157894468e-01 8.919298245614034615e-01 9.073684210526316019e-01 9.154385964912280516e-01 9.178947368421052078e-01 8.894736842105263053e-01 8.996491228070175872e-01 9.284210526315789247e-01
9.038596491228070295e-01 9.098245614035087581e-01 9.305263157894736459e-01 9.087719298245614530e-01 8.877192982456140191e-01 9.052631578947368807e-01 9.010526315789473273e-01 8.810526315789474205e-01 9.329824561403509131e-01 9.087719298245614530e-01
9.052631578947368807e-01 9.077192982456140369e-01 8.845614035087718818e-01 8.778947368421052833e-01 9.259649122807017685e-01 9.105263157894737391e-01 8.828070175438595957e-01 9.185964912280701888e-01 9.070175438596491668e-01 8.926315789473684426e-01
9.126315789473684603e-01 9.207017543859649100e-01 8.936842105263157476e-01 8.764912280701754321e-01 9.192982456140350589e-01 8.778947368421052833e-01 9.150877192982456165e-01 9.171929824561403377e-01 9.098245614035087581e-01 9.280701754385964897e-01
8.877192982456140191e-01 9.312280701754386270e-01 8.494736842105262697e-01 9.164912280701754677e-01 9.108771929824561742e-01 9.231578947368420662e-01 9.024561403508771784e-01 9.371929824561403555e-01 8.607017543859649678e-01 9.080701754385964719e-01
8.933333333333333126e-01 8.764912280701754321e-01 8.691228070175438525e-01 8.638596491228069940e-01 8.971929824561403199e-01 8.926315789473684426e-01 8.740350877192982759e-01 9.157894736842104866e-01 8.926315789473684426e-01 9.056140350877193157e-01
9.038596491228070295e-01 8.536842105263158231e-01 8.624561403508771429e-01 8.757894736842105621e-01 9.238596491228070473e-01 8.901754385964911753e-01 8.856140350877192979e-01 9.350877192982456343e-01 8.880701754385964541e-01 8.315789473684210842e-01
9.294736842105263408e-01 8.192982456140350811e-01 9.294736842105263408e-01 8.859649122807017330e-01 9.242105263157894823e-01 8.915789473684210265e-01 8.778947368421052833e-01 8.796491228070175694e-01 8.750877192982455810e-01 8.803508771929824395e-01
8.596491228070175517e-01 9.007017543859648923e-01 8.684210526315789824e-01 8.694736842105262875e-01 8.585964912280701355e-01 8.740350877192982759e-01 9.042105263157894646e-01 9.084210526315789069e-01 9.098245614035087581e-01 9.238596491228070473e-01
8.677192982456140014e-01 8.863157894736841680e-01 8.782456140350877183e-01 8.866666666666667140e-01 9.084210526315789069e-01 9.119298245614034792e-01 8.940350877192982937e-01 9.066666666666666208e-01 8.915789473684210265e-01 8.936842105263157476e-01
8.435087719298245412e-01 8.929824561403508776e-01 8.814035087719298556e-01 8.512280701754385559e-01 8.649122807017544101e-01 8.621052631578947079e-01 9.200000000000000400e-01 9.154385964912280516e-01 9.171929824561403377e-01 8.638596491228069940e-01
8.396491228070175339e-01 8.887719298245614352e-01 8.838596491228070118e-01 8.950877192982455988e-01 8.259649122807017907e-01 8.649122807017544101e-01 9.056140350877193157e-01 8.971929824561403199e-01 8.761403508771929971e-01 8.824561403508771606e-01
8.649122807017544101e-01 8.687719298245614175e-01 8.950877192982455988e-01 8.680701754385964364e-01 9.326315789473683671e-01 8.891228070175438702e-01 8.824561403508771606e-01 9.175438596491227727e-01 8.954385964912280338e-01 9.035087719298245945e-01
8.694736842105262875e-01 8.736842105263158409e-01 8.961403508771930149e-01 8.989473684210526061e-01 9.178947368421052078e-01 8.140350877192982226e-01 8.782456140350877183e-01 8.392982456140350989e-01 8.638596491228069940e-01 8.891228070175438702e-01
8.628070175438596889e-01 9.010526315789473273e-01 8.733333333333332948e-01 8.045614035087719218e-01 8.207017543859649322e-01 8.645614035087719751e-01 8.708771929824561386e-01 8.392982456140350989e-01 9.224561403508771962e-01 8.557894736842105443e-01
8.350877192982456565e-01 8.726315789473684248e-01 8.147368421052632037e-01 8.501754385964912508e-01 8.666666666666666963e-01 8.515789473684211019e-01 9.143859649122807465e-01 8.722807017543859898e-01 8.694736842105262875e-01 8.614035087719298378e-01
8.364912280701753966e-01 9.024561403508771784e-01 8.515789473684211019e-01 8.866666666666667140e-01 8.743859649122807109e-01 8.950877192982455988e-01 8.614035087719298378e-01 8.754385964912280160e-01 8.943859649122807287e-01 8.392982456140350989e-01
8.645614035087719751e-01 8.375438596491228127e-01 8.673684210526315663e-01 8.747368421052631460e-01 8.852631578947368629e-01 8.547368421052631282e-01 7.908771929824561786e-01 8.094736842105263452e-01 8.743859649122807109e-01 8.880701754385964541e-01
8.266666666666666607e-01 8.842105263157894468e-01 8.624561403508771429e-01 8.224561403508772184e-01 8.638596491228069940e-01 9.164912280701754677e-01 8.810526315789474205e-01 8.147368421052632037e-01 8.143859649122806577e-01 9.021052631578947434e-01
8.522807017543859720e-01 8.228070175438596534e-01 8.147368421052632037e-01 8.270175438596490958e-01 8.028070175438596356e-01 8.270175438596490958e-01 8.361403508771929616e-01 8.371929824561403777e-01 8.459649122807018085e-01 8.182456140350876650e-01
9.017543859649123084e-01 8.494736842105262697e-01 8.498245614035088158e-01 8.270175438596490958e-01 8.305263157894736681e-01 8.596491228070175517e-01 8.628070175438596889e-01 8.624561403508771429e-01 8.554385964912281093e-01 8.442105263157895223e-01
8.912280701754385914e-01 8.224561403508772184e-01 8.284210526315789469e-01 8.414035087719298200e-01 8.561403508771929793e-01 8.368421052631579427e-01 8.280701754385965119e-01 8.284210526315789469e-01 8.547368421052631282e-01 8.494736842105262697e-01
8.957894736842105798e-01 8.771929824561403022e-01 8.326315789473683893e-01 7.747368421052631682e-01 8.010526315789473495e-01 8.154385964912280738e-01 8.252631578947368096e-01 8.564912280701754144e-01 7.971929824561403422e-01 8.273684210526315308e-01
8.877192982456140191e-01 8.484210526315789647e-01 8.456140350877192624e-01 8.442105263157895223e-01 7.915789473684210487e-01 8.266666666666666607e-01 7.600000000000000089e-01 9.003508771929824572e-01 7.894736842105263275e-01 7.880701754385964763e-01
8.150877192982456387e-01 8.101754385964912153e-01 8.803508771929824395e-01 8.059649122807017729e-01 8.063157894736842080e-01 8.105263157894736503e-01 8.691228070175438525e-01 7.905263157894736326e-01 8.417543859649122551e-01 8.059649122807017729e-01
7.964912280701754721e-01 8.168421052631579249e-01 8.319298245614035192e-01 8.199999999999999512e-01 8.389473684210526638e-01 8.059649122807017729e-01 7.936842105263157698e-01 7.803508771929824617e-01 8.066666666666666430e-01 7.715789473684210309e-01
7.856140350877193201e-01 8.445614035087719573e-01 7.800000000000000266e-01 7.701754385964911798e-01 7.768421052631578894e-01 8.000000000000000444e-01 7.996491228070174984e-01 6.733333333333333393e-01 7.891228070175438924e-01 7.954385964912280560e-01
8.291228070175438170e-01 8.445614035087719573e-01 8.049122807017543568e-01 6.747368421052631904e-01 8.291228070175438170e-01 7.810526315789473317e-01 7.957894736842104910e-01 7.603508771929824439e-01 7.915789473684210487e-01 8.140350877192982226e-01
7.754385964912280382e-01 8.126315789473683715e-01 7.971929824561403422e-01 6.856140350877193423e-01 7.589473684210525928e-01 7.399999999999999911e-01 8.182456140350876650e-01 7.357894736842105488e-01 7.522807017543859942e-01 8.800000000000000044e-01
7.922807017543859187e-01 7.722807017543860120e-01 7.894736842105263275e-01 7.645614035087718863e-01 7.136842105263158098e-01 7.280701754385965341e-01 6.971929824561403644e-01 7.294736842105262742e-01 7.866666666666666252e-01 8.031578947368420707e-01
8.266666666666666607e-01 6.312280701754385825e-01 7.975438596491227772e-01 7.217543859649122595e-01 7.161403508771929660e-01 7.585964912280701578e-01 6.266666666666667052e-01 6.726315789473684692e-01 7.817543859649123128e-01 7.894736842105263275e-01
7.066666666666666652e-01 6.642105263157894735e-01 6.505263157894737303e-01 7.645614035087718863e-01 6.684210526315789158e-01 7.698245614035087447e-01 7.891228070175438924e-01 7.449122807017544146e-01 8.357894736842105265e-01 6.378947368421052921e-01
7.684210526315788936e-01 7.340350877192982626e-01 5.536842105263157787e-01 5.887719298245613908e-01 5.912280701754385470e-01 6.884210526315789336e-01 7.126315789473683937e-01 7.610526315789473140e-01 7.259649122807017019e-01 6.929824561403509220e-01
6.677192982456140458e-01 6.873684210526316285e-01 5.431578947368420618e-01 6.077192982456139925e-01 7.414035087719298422e-01 5.894736842105262609e-01 5.635087719298245146e-01 6.221052631578947167e-01 5.740350877192982315e-01 6.670175438596491757e-01
6.371929824561403111e-01 7.192982456140351033e-01 6.873684210526316285e-01 5.912280701754385470e-01 6.143859649122807021e-01 6.049122807017544012e-01 5.691228070175438081e-01 6.115789473684209998e-01 7.617543859649122950e-01 5.617543859649122284e-01
5.396491228070174895e-01 5.796491228070175250e-01 5.943859649122806843e-01 5.919298245614035281e-01 5.659649122807017818e-01 6.407017543859648834e-01 6.161403508771929882e-01 6.438596491228070207e-01 5.624561403508772095e-01 5.340350877192981960e-01
5.021052631578947212e-01 5.603508771929824883e-01 5.350877192982456121e-01 4.996491228070175650e-01 5.438596491228070429e-01 5.392982456140350545e-01 5.729824561403509264e-01 5.873684210526315397e-01 5.922807017543859631e-01 5.091228070175438658e-01
