0.000000000000000000e+00 0.000000000000000000e+00 0.000000000000000000e+00 0.000000000000000000e+00 0.000000000000000000e+00 0.000000000000000000e+00 0.000000000000000000e+00 0.000000000000000000e+00 0.000000000000000000e+00 0.000000000000000000e+00
8.793853226689584135e-01 8.715454325110828515e-01 8.780738506736444071e-01 8.741665272564436151e-01 8.763603233524042135e-01 8.777738077449080967e-01 8.776265308477050331e-01 8.782601422264325608e-01 8.795283840799958952e-01 8.874390430562599796e-01
8.807979898539687325e-01 8.752459155668049773e-01 8.820689657155783570e-01 8.793366379364676577e-01 8.803790665800764748e-01 8.872269247282947857e-01 8.836233242239894814e-01 8.770556575577826974e-01 8.813821420137664120e-01 8.815327670823595030e-01
8.834814060129612123e-01 8.770556575577826974e-01 8.777738077449080967e-01 8.857743040530845491e-01 8.746550540138835483e-01 8.790397780793438587e-01 8.787502343646487191e-01 8.802711422703557442e-01 8.760288717051973872e-01 8.842093501677801282e-01
8.798199890333648909e-01 8.747678525750018919e-01 8.801189214254512283e-01 8.784066235891345720e-01 8.773374526373742821e-01 8.750067642286641911e-01 8.713791169884292920e-01 8.755798927006739341e-01 8.800207527624062109e-01 8.779229134381775213e-01
8.758773844547260712e-01 8.760680670252145585e-01 8.801189214254512283e-01 8.869419532146336493e-01 8.849915359296282036e-01 8.722680154450169754e-01 8.809017857804838370e-01 8.756125377997090453e-01 8.630631204191119288e-01 8.784066235891345720e-01
8.836233242239894814e-01 8.714869134747185164e-01 8.610074894525455713e-01 8.707694433365157360e-01 8.822106570389791624e-01 8.832795197742603355e-01 8.356608632327955366e-01 8.782266222336919670e-01 8.798199890333648909e-01 8.795283840799958952e-01
8.790108656028514655e-01 8.752896930723814695e-01 8.779726554839479835e-01 8.880762118862377541e-01 8.788940930478765790e-01 8.772912301116344569e-01 8.692191544961225258e-01 8.634289514141434418e-01 8.799685379367595539e-01 8.740207529638753803e-01
8.584266086277146934e-01 8.662591136277095760e-01 8.539558310622707982e-01 8.771413297827458377e-01 8.744635387978177965e-01 8.584293177262362073e-01 8.627860057020416695e-01 8.779229134381775213e-01 8.754338827180611071e-01 8.712690629061883296e-01
8.341364023898297786e-01 8.702279504894107065e-01 8.597177218640938978e-01 8.737346539289169156e-01 8.818662725426215099e-01 8.688607622737282155e-01 8.823541780850722160e-01 8.734558035026024347e-01 8.761821902509517868e-01 8.851799720901484259e-01
8.765599882989376646e-01 8.823541780850722160e-01 8.793366379364676577e-01 8.688607622737282155e-01 8.716863257282768673e-01 8.695882297094349456e-01 8.716395124528971694e-01 8.717724040588168410e-01 8.770556575577826974e-01 8.608884902056316291e-01
8.740932738070187336e-01 8.776265308477050331e-01 8.723219867439064856e-01 8.613750719232975417e-01 8.730991074555513043e-01 8.611182144849923725e-01 8.576546323331679655e-01 8.846150524657866443e-01 8.708542909467267279e-01 8.748000363844273819e-01
8.796408357960651125e-01 8.675371266125340153e-01 8.796732719806182876e-01 8.745118891828256302e-01 8.754338827180611071e-01 8.309032486938773276e-01 8.590664095057328753e-01 8.409318204925287921e-01 8.683098097138890470e-01 8.716863257282768673e-01
8.834277453149236292e-01 8.603624348230020091e-01 8.729579858863034669e-01 8.744626363798700952e-01 8.823541780850722160e-01 8.447300802794902586e-01 8.795283840799958952e-01 8.814333061376267153e-01 8.678069381606292598e-01 8.767025900749195744e-01
8.751023791940198970e-01 8.691985838396797392e-01 8.822106570389791624e-01 8.645937254860659449e-01 8.599722193028666029e-01 8.584293177262362073e-01 8.181573829329888969e-01 8.848938463103439567e-01 8.715245235604758278e-01 8.520202023967000660e-01
8.447654838848296377e-01 8.619516161796533238e-01 8.499147636264730021e-01 8.439216273489755782e-01 8.769932581449042530e-01 8.573933362121098911e-01 8.533831475712515546e-01 8.920347863697544177e-01 8.818662725426215099e-01 8.685816898519104212e-01
8.711944934555039266e-01 8.749716546438722764e-01 8.087522932896572536e-01 8.796048966695169113e-01 8.669551041929467461e-01 8.692191544961225258e-01 8.493833965778808670e-01 8.707379208310793706e-01 8.692191544961225258e-01 8.698569574557730721e-01
8.588324188484300903e-01 8.839780119599252028e-01 8.549639616943969234e-01 8.704831095139322628e-01 8.828458595128473307e-01 8.626615082819940605e-01 8.237852927038091799e-01 8.693266762268150316e-01 8.647158676642004993e-01 8.487117601882029350e-01
8.750067642286641911e-01 8.690831042181830224e-01 8.743141216287322326e-01 8.358531089076245424e-01 8.585532043658092860e-01 8.765211379111499390e-01 8.542552102825831106e-01 8.380242961758586073e-01 8.710569219256389939e-01 8.756433296068040217e-01
8.844783986119008068e-01 8.503972537773951679e-01 8.346369382945345583e-01 8.588324188484300903e-01 8.698406745957624198e-01 8.533831475712515546e-01 8.447654838848296377e-01 8.815327670823595030e-01 8.809412810825340001e-01 8.820142609224197461e-01
8.535531300744392258e-01 8.656477658160584010e-01 8.474249963804015850e-01 8.597177218640938978e-01 8.816852324587418632e-01 8.661834369916446841e-01 8.868022228607557178e-01 8.502543480620783356e-01 8.671456961771494276e-01 8.638107355915164431e-01
8.609878246908905242e-01 8.834814060129612123e-01 8.558945095749279641e-01 8.747156043738054665e-01 8.740932738070187336e-01 8.611905813860282199e-01 8.409400047566740755e-01 8.756433296068040217e-01 8.698773151604365372e-01 8.697216955833425578e-01
8.618394628238155164e-01 8.654860379749821364e-01 8.399806874692679060e-01 8.481818242263216012e-01 8.569782927890303714e-01 8.745902739833676387e-01 8.402668670520019312e-01 8.424229417393295227e-01 8.576113051975335910e-01 8.761430806943664162e-01
8.467370456220331132e-01 8.576627202933668759e-01 8.649826502619865076e-01 7.911889570431928087e-01 8.612033295653115372e-01 8.238676581037513991e-01 8.041751595112608397e-01 8.453109007331829350e-01 8.517572255385709168e-01 8.715245235604758278e-01
8.114086667969915290e-01 8.487117601882029350e-01 7.956592122619997598e-01 8.493777265399788945e-01 8.707594475052867766e-01 8.765138346443328565e-01 8.589106538261712664e-01 8.386698000918119122e-01 8.420632186332839275e-01 8.679069829292593852e-01
8.669390293647193380e-01 8.323952496860124173e-01 8.615011350954430158e-01 8.795283840799958952e-01 8.324300511753106591e-01 8.823285134467173663e-01 8.568966628916111494e-01 8.262894215522190722e-01 8.742013975292824979e-01 8.495907641336742921e-01
8.256159379803190701e-01 8.573933362121098911e-01 8.606072881742279357e-01 8.672938219897938783e-01 7.684483000349776605e-01 8.276374747632401219e-01 8.746377397211364535e-01 8.363661386172296375e-01 8.689477560867007178e-01 8.619516161796533238e-01
8.557788173458428238e-01 8.502101979091685191e-01 8.551314725662821914e-01 8.017686199570243089e-01 8.498379629299298577e-01 8.398849282533488170e-01 8.627131826616185606e-01 8.036434993592473930e-01 8.707248627439647670e-01 8.457115280522805589e-01
7.817869189876038849e-01 8.111089057039803096e-01 8.372777622840796852e-01 8.045363821169918550e-01 8.787520933289435510e-01 8.017835717709169696e-01 8.613035205984459486e-01 8.310743995497771319e-01 8.511061517648468300e-01 7.987855275431621216e-01
8.848503668737225381e-01 8.363739801479487257e-01 7.501783940604367373e-01 8.713791169884292920e-01 8.400484230868622282e-01 8.597177218640938978e-01 8.365317211659780705e-01 8.191072269636583414e-01 8.564265043535886912e-01 8.948627554984009969e-01
8.734352494502144459e-01 8.424978860884800858e-01 8.708798111989302093e-01 8.108892749126129784e-01 8.382160861659315731e-01 8.280724993419792401e-01 8.668367119336863880e-01 8.418335613057625899e-01 8.135312927048978793e-01 7.770633211647300920e-01
8.472153307143031054e-01 8.294783949266005818e-01 8.045436054938371884e-01 8.117481153298632401e-01 8.254472338627293349e-01 8.431984377949631737e-01 8.532131387236779885e-01 8.038580027344578438e-01 8.320928494805051034e-01 8.559843085437250920e-01
8.499365648285617247e-01 8.177010342993430436e-01 8.612033295653115372e-01 8.444006618414980903e-01 8.041751595112608397e-01 8.687986780925819330e-01 8.675371266125340153e-01 8.672743685689062731e-01 8.161560624297845568e-01 8.102160019735908936e-01
8.140811270672408950e-01 7.748209823594099932e-01 8.005128472976159593e-01 8.411987302924226473e-01 8.624886920341297003e-01 8.310743995497771319e-01 8.135859047333039440e-01 8.519014590697115974e-01 8.029154575142142258e-01 8.650891031145540033e-01
8.538175838557324759e-01 8.572869664130912115e-01 8.513449104206555207e-01 8.057253103839052688e-01 8.346369382945345583e-01 8.656477658160584010e-01 7.733655159105381482e-01 8.504554217950686112e-01 8.265182614594154265e-01 7.425528682187688689e-01
7.628258008049874084e-01 8.687750911957908828e-01 8.146870983065837013e-01 8.040038482379981977e-01 8.293319406473622646e-01 8.637087637198188617e-01 7.579098532004501232e-01 7.927688599656768087e-01 8.351246030479528848e-01 8.215825812443773302e-01
8.348006994736342223e-01 8.338892154669651502e-01 8.253589415737045965e-01 8.678001833247291907e-01 8.391337139922641075e-01 8.730027072113422104e-01 8.134782974283291113e-01 8.615135249985296229e-01 7.642225695610560532e-01 8.223172745992437527e-01
8.242700523113809519e-01 8.543649753343474096e-01 7.969065420152876555e-01 8.176415652019795033e-01 8.176932108865069271e-01 8.448899543443849636e-01 7.958931498677541683e-01 7.488611807723016822e-01 6.979660001561404092e-01 7.921270187327161816e-01
7.392685387592874413e-01 8.044817534519549396e-01 7.684331622308139265e-01 7.838665975555763055e-01 8.156121178847904885e-01 8.328088634512247346e-01 8.382907908028606192e-01 7.792392600651864010e-01 8.003204709443263454e-01 8.599996989968987648e-01
8.085351632535963118e-01 8.208483515145522658e-01 8.637245540324707260e-01 8.185320355722000008e-01 7.754874807146668880e-01 8.111529106576055304e-01 8.024879007836168698e-01 7.621099545232392636e-01 8.682359316458440057e-01 8.183696482975149067e-01
8.109865295859477463e-01 8.168931516857806940e-01 7.691775439138083259e-01 7.558080841462478938e-01 8.539932562591833198e-01 8.219616687951041278e-01 7.658320536501540543e-01 8.387939242640723991e-01 8.146420956062329077e-01 7.852910025014977480e-01
8.260203215673741495e-01 8.440144582599287126e-01 7.876060234982427133e-01 7.530892730530578394e-01 8.397295076829498495e-01 7.558013842215401956e-01 8.308639420976606793e-01 8.355751847780900077e-01 8.203056300190428862e-01 8.589419669959076353e-01
7.755310260106779152e-01 8.662947932926423622e-01 7.001941300163834203e-01 8.355672743574106276e-01 8.224837808813637574e-01 8.485352784156303674e-01 8.055798322789660126e-01 8.772472876040170453e-01 7.221551725011419176e-01 8.171841156349881619e-01
7.867046347379179627e-01 7.530425350605189916e-01 7.383592514734633738e-01 7.280987524844522163e-01 7.948952132814923743e-01 7.853258124256484729e-01 7.481013066793409383e-01 8.322686148653659632e-01 7.856044585675617808e-01 8.120220355442339111e-01
8.083891778143765805e-01 7.090817152465047624e-01 7.256910575150633536e-01 7.517455576447680254e-01 8.501192423775697504e-01 7.803664414434263730e-01 7.715024309348024190e-01 8.730229828482994892e-01 7.762246435593365135e-01 6.652902407371455995e-01
8.615651574593445883e-01 6.440470743207316051e-01 8.599560858320932644e-01 7.720684243534657876e-01 8.499703577278931999e-01 7.832136304815785488e-01 7.560874061539650803e-01 7.593657477918467347e-01 7.509331794249299863e-01 7.607843703601453456e-01
7.200709912419553937e-01 8.024001015413556592e-01 7.369555266607762389e-01 7.399457502846411572e-01 7.185958903522750019e-01 7.484109885062940615e-01 8.087893609373835169e-01 8.175915427758704279e-01 8.207267531177919739e-01 8.496094216584438863e-01
7.368771948035071073e-01 7.729361505807944566e-01 7.565227097564066749e-01 7.733487576174963296e-01 8.173254487726709927e-01 8.241683705554313510e-01 7.883808329720546348e-01 8.136539496122985327e-01 7.831580875735756342e-01 7.873686149261216460e-01
6.890736223308149277e-01 7.860347851449799306e-01 7.630505561979854523e-01 7.038613663081491056e-01 7.302924220960707036e-01 7.245404691730726876e-01 8.421601936380789244e-01 8.325024796253361892e-01 8.344385652214831861e-01 7.287564900041036964e-01
6.826482269743163744e-01 7.782111702150178445e-01 7.678026763597777249e-01 7.902456857796852363e-01 6.569598504787200755e-01 7.310657040031056653e-01 8.116328634050528068e-01 7.945740045508432603e-01 7.529709053743410818e-01 7.649802819714537350e-01
7.305849994174976603e-01 7.382429424794273443e-01 7.902192192674170057e-01 7.371895448546815777e-01 8.676670064732220355e-01 7.783560147398332907e-01 7.649350713505664867e-01 8.366484467049152274e-01 7.909270504664520640e-01 8.070892883185062372e-01
7.394785088366158110e-01 7.478665200922294254e-01 7.923930934547085414e-01 7.979230293513877026e-01 8.360274756162543452e-01 6.344772146572015270e-01 7.568687082618053008e-01 6.816168145760660435e-01 7.291750617997508899e-01 7.782463805446734328e-01
7.270981226706193512e-01 8.024214533277457262e-01 7.473517195133385638e-01 6.180254726923974928e-01 6.464093760680432732e-01 7.301619991458666581e-01 7.423278152078692793e-01 6.851079785674057954e-01 8.453722217004128181e-01 7.124146005177635077e-01
6.741235998997328061e-01 7.475344748544312523e-01 6.379857331613492111e-01 7.033291327522555036e-01 7.338604384940774494e-01 7.067253665575277122e-01 8.287751949348697300e-01 7.452671379359394610e-01 7.402345682502696755e-01 7.256040522866372688e-01
6.770517440659931108e-01 8.049511293883959695e-01 7.060569194593121489e-01 7.737192175366506275e-01 7.489851523782899978e-01 7.904138881096446356e-01 7.241578992487921473e-01 7.516595667083869614e-01 7.893600995356946370e-01 6.807022361445796976e-01
7.297699814993483525e-01 6.795480108189646540e-01 7.381060608218444896e-01 7.502545955556609858e-01 7.705492737091027555e-01 7.115969685152746527e-01 5.903293259506373625e-01 6.261148090261389187e-01 7.496769802193454790e-01 7.761558311478683470e-01
6.601327920794558546e-01 7.686663836585042597e-01 7.258916999468512099e-01 6.554079662620478919e-01 7.288688068190863900e-01 8.336264112126213766e-01 7.628511510389602845e-01 6.381361815470023569e-01 6.364728031949328235e-01 8.043549220991561555e-01
7.073763049436309069e-01 6.541155671183020992e-01 6.378366811729522245e-01 6.607742480116585160e-01 6.145406613937274276e-01 6.601175814147977050e-01 6.755960758692097778e-01 6.776643713054023577e-01 6.951499064587141063e-01 6.442149698603706343e-01
8.035879226839037770e-01 7.014808150842199996e-01 7.048020599688151755e-01 6.669431376191513605e-01 6.652064649109752370e-01 7.213730286406121461e-01 7.286056434340605348e-01 7.254726897916073947e-01 7.138539459039453527e-01 6.928019658662789571e-01
7.839524103557760082e-01 6.545794912719913317e-01 6.676183683170241467e-01 6.855783971885681671e-01 7.144123867883321877e-01 6.819351462802851760e-01 6.609728446046561068e-01 6.609694810580390989e-01 7.146989795671736534e-01 7.049130615642292819e-01
7.916820750007289575e-01 7.557635521567288572e-01 6.683591392726785374e-01 5.715235594187585422e-01 6.141645742529374674e-01 6.385328091559792085e-01 6.590164148110271292e-01 7.168066243353202749e-01 6.105784767224364806e-01 6.586958052279161535e-01
7.755149821534617072e-01 7.020957785337054169e-01 6.964394177801610519e-01 6.924767031430764108e-01 5.978527115399016045e-01 6.637952549986441131e-01 5.454245859680788566e-01 8.017835717709169696e-01 5.882181368140508848e-01 5.875951765770206503e-01
6.397010998966407014e-01 6.306927633831839186e-01 7.609313096899242845e-01 6.287069539126154405e-01 6.278656911899903603e-01 6.369100650442830469e-01 7.419911034116957183e-01 5.950253811011467775e-01 6.886021985154022751e-01 6.233050658080412365e-01
6.056569650869572108e-01 6.450215559274906640e-01 6.697768549586472497e-01 6.478383889662708839e-01 6.868213454742172486e-01 6.234783859412437179e-01 5.995682008015091879e-01 5.779985865348362672e-01 6.240539658436929926e-01 5.608401162890038760e-01
5.874942905214273203e-01 6.975628267158749951e-01 5.771708386816524206e-01 5.605400091858344647e-01 5.713910431687333480e-01 6.159307776197134876e-01 6.101033527913997112e-01 3.956870264226494127e-01 5.984327808039067165e-01 6.077029393354321796e-01
6.789220204006295445e-01 6.966564689853719239e-01 6.238051638513943953e-01 4.025070768096418727e-01 6.669134803880080176e-01 5.874434606748906162e-01 6.024926195611653990e-01 5.455292495936053809e-01 5.986414926338969877e-01 6.391342639309092188e-01
5.805862053824064617e-01 6.482359365295981002e-01 6.220169139096745070e-01 4.161500103437070774e-01 5.496002693009284235e-01 5.175678971572290621e-01 6.455587960500268618e-01 5.113521503701492499e-01 5.442178977514564586e-01 7.613238721890237537e-01
6.019463390096014832e-01 5.740712873289458562e-01 6.016801283422572588e-01 5.516426070540884075e-01 4.638582850682480552e-01 4.933629327275831922e-01 4.429972996327758983e-01 4.886173198921723304e-01 5.908065385884073706e-01 6.218988975691149834e-01
6.636259223973539623e-01 3.466733719407286141e-01 6.163428761413856094e-01 4.721806516389188135e-01 4.675562562464480876e-01 5.409910557916993712e-01 3.156331278253173833e-01 3.972912981514375441e-01 5.876189888073023448e-01 6.101702158477521065e-01
4.570203906502588453e-01 4.178464836440279329e-01 3.694503935251996496e-01 5.684806839661642464e-01 3.908908844190926990e-01 5.690334325630399537e-01 6.036437272855879055e-01 5.278399268308769932e-01 6.885018591380094310e-01 3.388634974629357588e-01
5.736139799866448730e-01 5.018544054526749010e-01 1.731605924326520551e-01 2.436695552659207953e-01 2.654443531270651579e-01 4.291880398534640983e-01 4.735681654939449259e-01 5.477605581683058222e-01 4.942605005527448969e-01 4.461969819957717354e-01
4.204086384600707604e-01 4.316039739284111554e-01 1.506736438962220648e-01 2.989640691817582185e-01 5.238621875490515611e-01 2.451527591474306489e-01 1.878777451909808827e-01 3.056660860829335524e-01 2.316850887412499616e-01 4.412206551972909785e-01
3.474013264460635297e-01 5.132226103593741096e-01 4.316039739284111554e-01 2.660194926707299956e-01 3.306988829298371790e-01 2.884964951068141881e-01 2.163126183982286566e-01 2.957148120850142115e-01 5.538246846296349668e-01 2.258311542478565193e-01
1.651572055246625370e-01 2.350948545243604637e-01 3.071030392531306497e-01 2.814790519786535272e-01 2.067037645931414924e-01 3.927243262988331374e-01 3.390316984577189663e-01 3.837686448514408544e-01 2.035116543691104785e-01 1.329329756634375082e-01
2.214278433790361350e-02 2.242627156713756786e-01 1.314651936103464480e-01 -1.873500336269921795e-02 1.836803828160002150e-01 1.524431867933411788e-01 2.508859044498262247e-01 2.705753023183941064e-01 2.865262067305680560e-01 9.595206546424900340e-02
