0.000000000000000000e+00 0.000000000000000000e+00 0.000000000000000000e+00 0.000000000000000000e+00 0.000000000000000000e+00
9.142268041237113785e-01 9.167010309278350588e-01 9.142268041237113785e-01 9.175257731958762486e-01 9.195876288659793341e-01
9.142268041237113785e-01 9.138144329896906726e-01 9.129896907216494828e-01 9.113402061855669922e-01 9.154639175257731631e-01
9.076288659793814162e-01 9.059793814432989256e-01 9.158762886597938691e-01 9.113402061855669922e-01 9.125773195876288879e-01
8.985567010309278846e-01 9.117525773195875871e-01 9.096907216494845017e-01 9.035051546391752453e-01 9.002061855670102641e-01
9.002061855670102641e-01 9.002061855670102641e-01 9.002061855670102641e-01 8.981443298969071787e-01 8.870103092783505616e-01
8.841237113402061754e-01 8.684536082474226815e-01 8.956701030927834983e-01 8.944329896907216026e-01 8.787628865979381088e-01
8.837113402061855805e-01 8.701030927835051720e-01 8.589690721649484439e-01 8.931958762886598180e-01 8.725773195876288524e-01
8.354639175257732031e-01 8.540206185567010833e-01 8.098969072164948768e-01 8.276288659793814562e-01 8.383505154639174783e-01
8.086597938144329811e-01 7.719587628865979267e-01 7.785567010309278890e-01 7.694845360824742464e-01 8.107216494845360666e-01
7.385567010309278535e-01 7.162886597938143973e-01 7.364948453608247680e-01 7.257731958762886348e-01 7.072164948453608657e-01
