0.000000000000000000e+00 0.000000000000000000e+00 0.000000000000000000e+00 0.000000000000000000e+00 0.000000000000000000e+00
9.146391752577319734e-01 9.171134020618556537e-01 9.125773195876288879e-01 9.158762886597938691e-01 9.154639175257731631e-01
9.146391752577319734e-01 9.125773195876288879e-01 9.187628865979381443e-01 9.101030927835052076e-01 9.183505154639175494e-01
9.059793814432989256e-01 9.051546391752577359e-01 9.125773195876288879e-01 9.026804123711340555e-01 9.092783505154639068e-01
8.948453608247423086e-01 9.059793814432989256e-01 9.026804123711340555e-01 8.878350515463917514e-01 9.014432989690721598e-01
8.791752577319588147e-01 8.820618556701030899e-01 8.824742268041236848e-01 8.870103092783505616e-01 8.795876288659794096e-01
8.705154639175257669e-01 8.630927835051546149e-01 8.486597938144330167e-01 8.709278350515463618e-01 8.643298969072165105e-01
8.416494845360824595e-01 8.329896907216495228e-01 8.412371134020618646e-01 8.395876288659793740e-01 8.362886597938143929e-01
7.896907216494845061e-01 8.189690721649484084e-01 7.773195876288659933e-01 7.872164948453608257e-01 8.004123711340206393e-01
7.492783505154638757e-01 7.319587628865978912e-01 7.418556701030928346e-01 7.459793814432990056e-01 7.558762886597938380e-01
6.870103092783504950e-01 6.870103092783504950e-01 6.870103092783504950e-01 6.828865979381443241e-01 6.800000000000000488e-01
