0.000000000000000000e+00 0.000000000000000000e+00 0.000000000000000000e+00 0.000000000000000000e+00 0.000000000000000000e+00
9.138370731926395152e-01 9.158861619593292591e-01 9.138773196179098557e-01 9.164795256197549866e-01 9.187470394144601205e-01
9.136615636449387789e-01 9.132713286924449836e-01 9.129060761351656117e-01 9.102186804091745298e-01 9.152003364997096657e-01
9.067787118280818959e-01 9.057654212675065875e-01 9.160236507832706376e-01 9.109248165970840194e-01 9.118736246699820081e-01
8.990040861033451458e-01 9.109855405741236201e-01 9.093270905668534576e-01 9.026835487403619407e-01 9.000621896537175370e-01
8.995521650594013874e-01 8.993448699947746983e-01 9.002181397104521698e-01 8.986781213152456038e-01 8.871697365033476279e-01
8.843717227346138410e-01 8.679732935918877956e-01 8.950323202310368487e-01 8.931258794780267962e-01 8.796120345760722881e-01
8.835643454713315581e-01 8.696005678726350663e-01 8.573748245433998605e-01 8.921643930957785518e-01 8.720213820347607614e-01
8.302123171105394439e-01 8.527197571565601208e-01 8.012488018249698252e-01 8.248498837239008896e-01 8.326457997542873191e-01
7.965208877630806095e-01 7.543489510439609358e-01 7.572040657171610345e-01 7.478895148998951914e-01 8.011401897377494752e-01
7.076849631303184784e-01 6.655111079943816232e-01 6.924910457833397537e-01 6.763315544034378402e-01 6.570438506072016072e-01
