0.000000000000000000e+00 0.000000000000000000e+00 0.000000000000000000e+00 0.000000000000000000e+00 0.000000000000000000e+00
8.913466740119612153e-01 8.944554821954527890e-01 8.913600229574453193e-01 8.954865840424149903e-01 8.981375105334472586e-01
8.913836526718615927e-01 8.908140109597743050e-01 8.898284067593161817e-01 8.878067572058717660e-01 8.929346890671762127e-01
8.831859631799469090e-01 8.812203790714221441e-01 8.935175128206346296e-01 8.879936849105135588e-01 8.893600325533177475e-01
8.729362126280428846e-01 8.884875316390220545e-01 8.858275068772236693e-01 8.786798628119468768e-01 8.746089133221842671e-01
8.751481632835184099e-01 8.751080122667389549e-01 8.746210376582954638e-01 8.719861032548249513e-01 8.587683549381820436e-01
8.559575767707747751e-01 8.376881702033782684e-01 8.694365385020805803e-01 8.688023982256658506e-01 8.499510697280202587e-01
8.560588883099278235e-01 8.406920307099067236e-01 8.278444784791051392e-01 8.682184000118415845e-01 8.430476261249537639e-01
8.050490918970895082e-01 8.241036435306526853e-01 7.788447218675111916e-01 7.941740390117070225e-01 8.070191743040493471e-01
7.784605483804684090e-01 7.380164489488305612e-01 7.476979212994472324e-01 7.396212870652599802e-01 7.792681625371968845e-01
7.087555762885149324e-01 6.855678292201010660e-01 7.093115449664363359e-01 6.960992874921887452e-01 6.739646022854964835e-01
