0.000000000000000000e+00 0.000000000000000000e+00 0.000000000000000000e+00 0.000000000000000000e+00 0.000000000000000000e+00
9.733986732006534304e-01 9.733986732006534304e-01 9.799960388195683159e-01 9.866659999333267095e-01 9.733188165920482193e-01
9.733188165920482193e-01 9.733986732006534304e-01 9.667260843731432240e-01 9.733986732006534304e-01 9.733986732006534304e-01
9.800653398673201400e-01 9.733986732006534304e-01 9.733986732006534304e-01 9.733188165920482193e-01 9.667260843731432240e-01
9.666666666666666741e-01 9.535165159936248580e-01 9.733952987135446877e-01 9.667920501533947553e-01 9.866613311991462298e-01
9.667920501533947553e-01 9.601313464679801513e-01 9.733986732006534304e-01 9.600640064006400465e-01 9.733333333333332726e-01
9.536249355836985409e-01 9.866666666666666918e-01 9.599920776391365207e-01 9.866613311991462298e-01 9.667713239141809689e-01
9.333988718020739261e-01 9.800653398673201400e-01 9.600640064006400465e-01 9.800653398673201400e-01 9.733188165920482193e-01
9.667946386475382292e-01 9.200982560354278306e-01 9.601761585426884515e-01 9.401030982168291361e-01 9.400104831894569024e-01
8.782465876331215782e-01 9.398884527990084559e-01 9.063439341912434832e-01 8.916523727844481995e-01 9.265534114422308010e-01
7.722707298978486179e-01 9.397708115262709549e-01 9.059549745824256872e-01 8.025262981784720973e-01 9.192918192918192455e-01
