0.000000000000000000e+00 0.000000000000000000e+00 0.000000000000000000e+00 0.000000000000000000e+00 0.000000000000000000e+00
9.733986732006534304e-01 9.667260843731432240e-01 9.667260843731432240e-01 9.733986732006534304e-01 9.733188165920482193e-01
9.733188165920482193e-01 9.667260843731432240e-01 9.601253834867279346e-01 9.733986732006534304e-01 9.601253834867279346e-01
9.733188165920482193e-01 9.667260843731432240e-01 9.601253834867279346e-01 9.799960388195683159e-01 9.667260843731432240e-01
9.733986732006534304e-01 9.535165159936248580e-01 9.667260843731432240e-01 9.601810323030850469e-01 9.667260843731432240e-01
9.667980131346468609e-01 9.666535242124701943e-01 9.667260843731432240e-01 9.733952987135446877e-01 9.667260843731432240e-01
9.601253834867279346e-01 9.535094918760217420e-01 9.601818884132197196e-01 9.800653398673201400e-01 9.666486504520735989e-01
9.192307692307691847e-01 9.057993661931599272e-01 9.468275711066252986e-01 8.987236305023033056e-01 9.534030784030784744e-01
9.265534114422308010e-01 9.190388289124321597e-01 9.398554797270173289e-01 9.058201058201058586e-01 9.401230608890850382e-01
8.623703504094484273e-01 8.701476782508050789e-01 8.772006085633557992e-01 8.698138306897699179e-01 8.844183386470522157e-01
5.978294334975368107e-01 5.963389656938044014e-01 5.831081708730649904e-01 6.793398553318622524e-01 6.558394942676524231e-01
