0.000000000000000000e+00 0.000000000000000000e+00 0.000000000000000000e+00 0.000000000000000000e+00 0.000000000000000000e+00
9.799773240006911523e-01 9.749643868139776792e-01 9.749643868139776792e-01 9.799773240006911523e-01 9.799773240006911523e-01
9.799773240006911523e-01 9.749643868139776792e-01 9.699484522385712904e-01 9.799773240006911523e-01 9.699484522385712904e-01
9.799773240006911523e-01 9.749643868139776792e-01 9.699484522385712904e-01 9.849873095629201325e-01 9.749643868139776792e-01
9.799773240006911523e-01 9.649294735310393056e-01 9.749643868139776792e-01 9.699484522385712904e-01 9.749643868139776792e-01
9.749643868139776792e-01 9.749643868139776792e-01 9.749643868139776792e-01 9.799773240006911523e-01 9.749643868139776792e-01
9.699484522385712904e-01 9.649294735310393056e-01 9.699484522385712904e-01 9.849873095629201325e-01 9.749643868139776792e-01
9.397872099576584093e-01 9.297072418538835370e-01 9.599074029416703180e-01 9.246621004453464687e-01 9.649294735310393056e-01
9.448221466968736992e-01 9.397872099576584093e-01 9.548821916864927983e-01 9.297072418538835370e-01 9.548821916864927983e-01
8.993825042154693916e-01 9.044458094447794805e-01 9.095053600721657583e-01 9.044458094447794805e-01 9.145612184114425558e-01
7.557777451076473918e-01 7.557777451076473918e-01 7.505701536535778207e-01 7.920577981154881542e-01 7.817217464602663757e-01
