0.000000000000000000e+00 0.000000000000000000e+00
6.266666666666667052e-01 6.266666666666667052e-01
6.199999999999999956e-01 5.666666666666666519e-01
4.933333333333333459e-01 5.733333333333333615e-01
5.799999999999999600e-01 6.333333333333333037e-01
5.600000000000000533e-01 5.066666666666667096e-01
5.400000000000000355e-01 6.266666666666667052e-01
5.333333333333333259e-01 6.133333333333332860e-01
5.533333333333333437e-01 5.533333333333333437e-01
5.866666666666666696e-01 5.666666666666666519e-01
5.066666666666667096e-01 4.933333333333333459e-01
5.066666666666667096e-01 6.266666666666667052e-01
6.866666666666666474e-01 5.266666666666666163e-01
4.066666666666666763e-01 5.133333333333333082e-01
5.000000000000000000e-01 5.200000000000000178e-01
5.266666666666666163e-01 5.333333333333333259e-01
5.466666666666666341e-01 5.200000000000000178e-01
4.666666666666666741e-01 4.600000000000000200e-01
4.866666666666666918e-01 5.466666666666666341e-01
4.799999999999999822e-01 5.066666666666667096e-01
5.266666666666666163e-01 6.066666666666666874e-01
4.866666666666666918e-01 4.733333333333333282e-01
4.133333333333333304e-01 6.066666666666666874e-01
4.666666666666666741e-01 4.266666666666666941e-01
5.866666666666666696e-01 4.533333333333333104e-01
5.200000000000000178e-01 5.400000000000000355e-01
6.400000000000000133e-01 6.066666666666666874e-01
7.066666666666666652e-01 5.733333333333333615e-01
5.266666666666666163e-01 5.866666666666666696e-01
5.200000000000000178e-01 5.933333333333333792e-01
6.066666666666666874e-01 4.933333333333333459e-01
5.333333333333333259e-01 4.400000000000000022e-01
4.199999999999999845e-01 4.533333333333333104e-01
6.066666666666666874e-01 4.199999999999999845e-01
4.600000000000000200e-01 4.266666666666666941e-01
4.466666666666666563e-01 4.866666666666666918e-01
4.933333333333333459e-01 4.799999999999999822e-01
4.533333333333333104e-01 4.333333333333333481e-01
4.666666666666666741e-01 4.799999999999999822e-01
5.466666666666666341e-01 4.866666666666666918e-01
4.266666666666666941e-01 5.266666666666666163e-01
4.000000000000000222e-01 3.866666666666666585e-01
3.866666666666666585e-01 3.800000000000000044e-01
4.400000000000000022e-01 4.266666666666666941e-01
3.733333333333333504e-01 4.133333333333333304e-01
3.666666666666666408e-01 3.333333333333333148e-01
