0.000000000000000000e+00 0.000000000000000000e+00 0.000000000000000000e+00 0.000000000000000000e+00 0.000000000000000000e+00
8.514285714285714235e-01 8.414485411389437397e-01 8.414485411389437397e-01 8.658410732714139080e-01 8.459575243824628554e-01
8.414485411389437397e-01 8.130169003955411977e-01 8.658410732714139080e-01 8.514285714285714235e-01 8.616887513299158474e-01
8.933552091878589341e-01 8.317307692307691624e-01 8.658410732714139080e-01 8.414485411389437397e-01 8.557692307692307265e-01
8.459575243824628554e-01 8.761904761904761862e-01 8.658410732714139080e-01 8.557692307692307265e-01 8.514285714285714235e-01
8.076923076923077094e-01 8.514285714285714235e-01 8.634453781512605453e-01 8.571571271601239328e-01 8.862044817927170470e-01
8.761904761904761862e-01 8.616887513299158474e-01 8.831355627472131653e-01 8.679398618447784486e-01 7.984496124031007502e-01
8.365412515717187691e-01 8.311856957346919206e-01 8.634453781512605453e-01 8.466981132075471761e-01 8.466981132075471761e-01
7.931818181818182101e-01 8.571571271601239328e-01 8.358585858585858563e-01 7.737556561085973117e-01 7.887037789516456732e-01
8.188832922516343649e-01 8.117830493373426881e-01 8.466981132075471761e-01 8.679398618447784486e-01 8.317307692307691624e-01
8.117830493373426881e-01 8.039215686274510109e-01 8.117830493373426881e-01 8.679398618447784486e-01 7.435897435897436125e-01
