0.000000000000000000e+00 0.000000000000000000e+00 0.000000000000000000e+00 0.000000000000000000e+00 0.000000000000000000e+00
8.628144654088050203e-01 8.628144654088050203e-01 9.091981132075471761e-01 8.628144654088050203e-01 8.675314465408805464e-01
8.628144654088050203e-01 8.580974842767294941e-01 8.533805031446540790e-01 8.836477987421383906e-01 8.675314465408805464e-01
9.461477987421383906e-01 8.533805031446540790e-01 8.742138364779874493e-01 8.628144654088050203e-01 8.789308176100629755e-01
9.064465408805031377e-01 9.044811320754717610e-01 8.694968553459119232e-01 9.433962264150943522e-01 8.836477987421383906e-01
8.325471698113207086e-01 8.628144654088050203e-01 9.225628930817610929e-01 8.305817610062893319e-01 9.575471698113207086e-01
8.930817610062893319e-01 8.675314465408805464e-01 9.064465408805031377e-01 9.622641509433962348e-01 8.466981132075471761e-01
8.136792452830188260e-01 8.466981132075471761e-01 9.131289308176100405e-01 9.300314465408805464e-01 8.372641509433962348e-01
7.983490566037736436e-01 8.856132075471698784e-01 8.514150943396225912e-01 8.352987421383648581e-01 7.955974842767294941e-01
8.164308176100629755e-01 8.400157232704402732e-01 8.533805031446540790e-01 8.647798742138365080e-01 9.064465408805031377e-01
8.050314465408805464e-01 8.191823899371069029e-01 8.191823899371069029e-01 9.111635220125786638e-01 7.680817610062893319e-01
