0.000000000000000000e+00 0.000000000000000000e+00 0.000000000000000000e+00 0.000000000000000000e+00 0.000000000000000000e+00
8.628144654088050203e-01 8.580974842767294941e-01 8.580974842767294941e-01 8.836477987421383906e-01 8.742138364779874493e-01
8.580974842767294941e-01 8.439465408805031377e-01 8.836477987421383906e-01 8.628144654088050203e-01 8.675314465408805464e-01
9.253144654088050203e-01 8.533805031446540790e-01 8.836477987421383906e-01 8.580974842767294941e-01 8.789308176100629755e-01
8.742138364779874493e-01 8.883647798742138058e-01 8.836477987421383906e-01 8.789308176100629755e-01 8.628144654088050203e-01
8.278301886792452935e-01 8.628144654088050203e-01 9.111635220125786638e-01 8.514150943396225912e-01 9.367138364779874493e-01
8.883647798742138058e-01 8.675314465408805464e-01 9.205974842767294941e-01 8.561320754716981174e-01 7.841981132075471761e-01
8.419811320754717610e-01 8.258647798742138058e-01 9.111635220125786638e-01 8.466981132075471761e-01 8.466981132075471761e-01
7.566823899371069029e-01 8.514150943396225912e-01 8.144654088050313767e-01 7.358490566037736436e-01 7.794811320754717610e-01
7.936320754716981174e-01 7.775157232704402732e-01 8.466981132075471761e-01 8.561320754716981174e-01 8.533805031446540790e-01
7.775157232704402732e-01 7.613993710691824290e-01 7.775157232704402732e-01 8.561320754716981174e-01 7.102987421383647471e-01
