0.000000000000000000e+00 0.000000000000000000e+00 0.000000000000000000e+00 0.000000000000000000e+00 0.000000000000000000e+00
7.038332823248528713e-01 7.038332823248528713e-01 7.827474784559881327e-01 7.038332823248528713e-01 7.236330588312580581e-01
7.038332823248528713e-01 6.849980334999089537e-01 6.670402374139009494e-01 7.338727559779485432e-01 7.236330588312580581e-01
8.216874925601396207e-01 6.670402374139009494e-01 6.975072156706755289e-01 7.038332823248528713e-01 7.152689531334822659e-01
7.246847860110209316e-01 7.634976688530634714e-01 6.805165136621420530e-01 7.688920395955852749e-01 7.338727559779485432e-01
6.361233110218693643e-01 7.038332823248528713e-01 7.392376565473486316e-01 6.841387972845729415e-01 8.157960260317488332e-01
7.739391003542867020e-01 7.236330588312580581e-01 7.246847860110209316e-01 8.327041650040514220e-01 6.933962264150943522e-01
5.711838103803348332e-01 6.933962264150943522e-01 7.104472244237685086e-01 8.117263845726447880e-01 6.542675582174689586e-01
6.702980472501389730e-01 6.946282192763387764e-01 7.145837799794421130e-01 7.069644521778443158e-01 5.911949685534590992e-01
6.230209757852007701e-01 7.312673937374143396e-01 6.670402374139009494e-01 6.642338045525698620e-01 7.246847860110209316e-01
6.312624336418889426e-01 7.011148754115401616e-01 7.011148754115401616e-01 7.406535345189096953e-01 5.888674199885103322e-01
