0.000000000000000000e+00 0.000000000000000000e+00 0.000000000000000000e+00 0.000000000000000000e+00 0.000000000000000000e+00
7.663157894736841724e-01 7.659649122807017374e-01 7.659649122807017374e-01 7.687719298245614397e-01 7.663157894736841724e-01
7.666666666666667185e-01 7.666666666666667185e-01 7.677192982456140236e-01 7.666666666666667185e-01 7.666666666666667185e-01
7.656140350877193024e-01 7.670175438596491535e-01 7.666666666666667185e-01 7.684210526315788936e-01 7.663157894736841724e-01
7.663157894736841724e-01 7.663157894736841724e-01 7.673684210526315885e-01 7.649122807017544323e-01 7.677192982456140236e-01
7.473684210526315708e-01 7.663157894736841724e-01 7.600000000000000089e-01 7.536842105263157343e-01 7.638596491228070162e-01
7.673684210526315885e-01 7.424561403508771473e-01 7.561403508771930015e-01 7.621052631578947301e-01 5.000000000000000000e-01
7.550877192982455854e-01 7.550877192982455854e-01 7.677192982456140236e-01 7.670175438596491535e-01 7.452631578947368496e-01
6.600000000000000311e-01 7.449122807017544146e-01 7.119298245614035237e-01 6.877192982456140635e-01 7.168421052631579471e-01
6.575438596491227639e-01 6.845614035087719262e-01 7.063157894736842302e-01 5.185964912280701666e-01 6.842105263157894912e-01
6.624561403508771873e-01 5.000000000000000000e-01 6.589473684210526150e-01 6.585964912280701800e-01 5.000000000000000000e-01
