0.000000000000000000e+00 0.000000000000000000e+00 0.000000000000000000e+00 0.000000000000000000e+00 0.000000000000000000e+00
7.683918538945384569e-01 7.683918538945384569e-01 7.687035589098113464e-01 7.680351915185732459e-01 7.659164672922766925e-01
7.684925818152503751e-01 7.699197939230724153e-01 7.697418981070952571e-01 7.610105395445029286e-01 7.676999649339852905e-01
7.560771392499980870e-01 7.675076006419634389e-01 7.663732562125730174e-01 6.938169687031748856e-01 7.591631419536473135e-01
7.594693847851300417e-01 7.609916484480667709e-01 7.550614494960037337e-01 7.580829568447018385e-01 3.333333333333333148e-01
7.650020490603595125e-01 7.660720263010911690e-01 3.333333333333333148e-01 5.892659321583157972e-01 7.640161056678707041e-01
1.955216608890174290e-01 3.333333333333333148e-01 2.509822073070504533e-01 3.333333333333333148e-01 5.832614637806863289e-01
3.333333333333333148e-01 5.838748339644674878e-01 3.333333333333333148e-01 3.333333333333333148e-01 3.333333333333333148e-01
3.333333333333333148e-01 3.333333333333333148e-01 3.333333333333333148e-01 3.333333333333333148e-01 6.812946876200650648e-01
3.333333333333333148e-01 3.333333333333333148e-01 3.333333333333333148e-01 3.333333333333333148e-01 3.330212965129885072e-01
3.336428947223115116e-01 3.333333333333333148e-01 3.594285714285713751e-01 3.182343496803825555e-01 3.333333333333333148e-01
