0.000000000000000000e+00 0.000000000000000000e+00 0.000000000000000000e+00 0.000000000000000000e+00 0.000000000000000000e+00
7.662697484268985448e-01 7.659164672922766925e-01 7.659164672922766925e-01 7.687409244526597352e-01 7.662650281944887176e-01
7.666135387421526559e-01 7.666664081252906326e-01 7.675946620311243640e-01 7.664962211258916636e-01 7.666666379398753284e-01
7.656121882647028976e-01 7.669619991911891255e-01 7.666664081252906326e-01 7.683918538945384569e-01 7.663101504203733150e-01
7.661494957817958085e-01 7.663084241251555406e-01 7.673532692987946602e-01 7.648510218235984315e-01 7.677136930604911980e-01
7.440606351786411832e-01 7.661221798137355377e-01 7.591830159665093891e-01 7.517741935483870375e-01 7.634332318803275230e-01
7.673619767860604401e-01 7.383272356828634031e-01 7.545834324023714679e-01 7.614963852316606330e-01 3.333333333333333148e-01
7.536728049724585876e-01 7.536728049724585876e-01 7.675451825041988974e-01 7.668848353929031969e-01 7.416291387288318493e-01
6.366140506075774752e-01 7.410739268023820436e-01 7.026681903569111931e-01 6.729318305605070938e-01 7.090981530493183360e-01
6.333572173109804915e-01 6.691556020415081463e-01 6.956717375498682188e-01 3.733770333756616377e-01 6.687349316367051655e-01
6.398520157883453852e-01 3.333333333333333148e-01 6.351407096145730291e-01 6.203108794101437340e-01 3.333333333333333148e-01
