0.000000000000000000e+00 0.000000000000000000e+00 0.000000000000000000e+00 0.000000000000000000e+00 0.000000000000000000e+00
5.369775153744444918e-01 5.369775153744444918e-01 5.378619362198161502e-01 5.363021407777694982e-01 5.321501334767265723e-01
5.388458272607367094e-01 5.415556744014915491e-01 5.400370116765028650e-01 5.267983257150611331e-01 5.355277431550515832e-01
5.213962472601346709e-01 5.364163630656596515e-01 5.346780222162231810e-01 4.172047313365058741e-01 5.236518970873280665e-01
5.268299296616925087e-01 5.268824089572672342e-01 5.213199196325652984e-01 5.238867727728178103e-01 0.000000000000000000e+00
5.317092075941917129e-01 5.337451119779450526e-01 0.000000000000000000e+00 3.247494191011873754e-01 5.315852225860755453e-01
-6.088265473426881513e-01 0.000000000000000000e+00 -4.952841495437827479e-01 0.000000000000000000e+00 3.224627098358384125e-01
0.000000000000000000e+00 3.210465968850984564e-01 0.000000000000000000e+00 0.000000000000000000e+00 0.000000000000000000e+00
0.000000000000000000e+00 0.000000000000000000e+00 0.000000000000000000e+00 0.000000000000000000e+00 3.833340156657591424e-01
0.000000000000000000e+00 0.000000000000000000e+00 0.000000000000000000e+00 0.000000000000000000e+00 -2.649994700015899721e-02
-1.874487514876899477e-02 0.000000000000000000e+00 1.972787847664287525e-02 -1.955564564983521270e-01 0.000000000000000000e+00
