0.000000000000000000e+00 0.000000000000000000e+00 0.000000000000000000e+00 0.000000000000000000e+00 0.000000000000000000e+00 0.000000000000000000e+00 0.000000000000000000e+00 0.000000000000000000e+00 0.000000000000000000e+00 0.000000000000000000e+00
8.214285714285713969e-01 8.214285714285713969e-01 8.214285714285713969e-01 8.214285714285713969e-01 8.214285714285713969e-01 8.214285714285713969e-01 8.214285714285713969e-01 8.214285714285713969e-01 8.214285714285713969e-01 8.214285714285713969e-01
8.214285714285713969e-01 8.214285714285713969e-01 8.214285714285713969e-01 8.214285714285713969e-01 8.214285714285713969e-01 8.214285714285713969e-01 8.214285714285713969e-01 8.214285714285713969e-01 8.214285714285713969e-01 8.214285714285713969e-01
8.214285714285713969e-01 8.214285714285713969e-01 8.214285714285713969e-01 8.214285714285713969e-01 8.214285714285713969e-01 8.214285714285713969e-01 8.214285714285713969e-01 8.214285714285713969e-01 8.214285714285713969e-01 8.214285714285713969e-01
8.214285714285713969e-01 8.214285714285713969e-01 8.214285714285713969e-01 8.214285714285713969e-01 8.214285714285713969e-01 7.857142857142856984e-01 7.857142857142856984e-01 8.214285714285713969e-01 8.214285714285713969e-01 8.214285714285713969e-01
8.214285714285713969e-01 8.214285714285713969e-01 8.214285714285713969e-01 8.214285714285713969e-01 8.214285714285713969e-01 8.214285714285713969e-01 8.214285714285713969e-01 8.214285714285713969e-01 8.214285714285713969e-01 8.214285714285713969e-01
8.214285714285713969e-01 8.214285714285713969e-01 8.214285714285713969e-01 8.214285714285713969e-01 8.214285714285713969e-01 8.214285714285713969e-01 8.214285714285713969e-01 8.214285714285713969e-01 8.214285714285713969e-01 8.214285714285713969e-01
8.214285714285713969e-01 8.214285714285713969e-01 8.214285714285713969e-01 8.214285714285713969e-01 7.857142857142856984e-01 8.214285714285713969e-01 8.214285714285713969e-01 8.214285714285713969e-01 8.214285714285713969e-01 8.214285714285713969e-01
8.214285714285713969e-01 8.214285714285713969e-01 8.214285714285713969e-01 8.214285714285713969e-01 8.214285714285713969e-01 8.214285714285713969e-01 8.214285714285713969e-01 8.214285714285713969e-01 8.214285714285713969e-01 8.214285714285713969e-01
8.214285714285713969e-01 8.214285714285713969e-01 8.214285714285713969e-01 7.857142857142856984e-01 8.214285714285713969e-01 8.214285714285713969e-01 8.214285714285713969e-01 8.214285714285713969e-01 8.214285714285713969e-01 8.214285714285713969e-01
8.214285714285713969e-01 8.214285714285713969e-01 8.214285714285713969e-01 8.214285714285713969e-01 8.214285714285713969e-01 8.214285714285713969e-01 7.857142857142856984e-01 8.214285714285713969e-01 8.214285714285713969e-01 8.214285714285713969e-01
8.214285714285713969e-01 8.214285714285713969e-01 8.214285714285713969e-01 8.214285714285713969e-01 8.214285714285713969e-01 8.214285714285713969e-01 8.214285714285713969e-01 8.214285714285713969e-01 7.857142857142856984e-01 8.214285714285713969e-01
8.214285714285713969e-01 8.214285714285713969e-01 7.857142857142856984e-01 8.214285714285713969e-01 8.214285714285713969e-01 8.214285714285713969e-01 8.214285714285713969e-01 8.214285714285713969e-01 7.857142857142856984e-01 8.214285714285713969e-01
8.214285714285713969e-01 8.214285714285713969e-01 8.214285714285713969e-01 8.214285714285713969e-01 8.214285714285713969e-01 8.214285714285713969e-01 8.214285714285713969e-01 8.214285714285713969e-01 8.214285714285713969e-01 8.214285714285713969e-01
