0.000000000000000000e+00 0.000000000000000000e+00 0.000000000000000000e+00 0.000000000000000000e+00 0.000000000000000000e+00 0.000000000000000000e+00 0.000000000000000000e+00 0.000000000000000000e+00 0.000000000000000000e+00 0.000000000000000000e+00
8.095238095238095344e-01 8.095238095238095344e-01 8.095238095238095344e-01 8.095238095238095344e-01 8.095238095238095344e-01 8.095238095238095344e-01 8.095238095238095344e-01 8.095238095238095344e-01 8.095238095238095344e-01 8.095238095238095344e-01
8.095238095238095344e-01 8.095238095238095344e-01 8.095238095238095344e-01 8.095238095238095344e-01 8.095238095238095344e-01 8.095238095238095344e-01 8.095238095238095344e-01 8.095238095238095344e-01 8.095238095238095344e-01 8.095238095238095344e-01
8.095238095238095344e-01 8.095238095238095344e-01 8.095238095238095344e-01 8.095238095238095344e-01 8.095238095238095344e-01 8.095238095238095344e-01 8.095238095238095344e-01 8.095238095238095344e-01 8.095238095238095344e-01 8.095238095238095344e-01
8.095238095238095344e-01 8.095238095238095344e-01 8.095238095238095344e-01 8.095238095238095344e-01 8.095238095238095344e-01 7.666666666666666075e-01 7.666666666666666075e-01 8.095238095238095344e-01 8.095238095238095344e-01 8.095238095238095344e-01
8.095238095238095344e-01 8.095238095238095344e-01 8.095238095238095344e-01 8.095238095238095344e-01 8.095238095238095344e-01 8.095238095238095344e-01 8.095238095238095344e-01 8.095238095238095344e-01 8.095238095238095344e-01 8.095238095238095344e-01
8.095238095238095344e-01 8.095238095238095344e-01 8.095238095238095344e-01 8.095238095238095344e-01 8.095238095238095344e-01 8.095238095238095344e-01 8.095238095238095344e-01 8.095238095238095344e-01 8.095238095238095344e-01 8.095238095238095344e-01
8.095238095238095344e-01 8.095238095238095344e-01 8.095238095238095344e-01 8.095238095238095344e-01 7.666666666666666075e-01 8.095238095238095344e-01 8.095238095238095344e-01 8.095238095238095344e-01 8.095238095238095344e-01 8.095238095238095344e-01
8.095238095238095344e-01 8.095238095238095344e-01 8.095238095238095344e-01 8.095238095238095344e-01 8.095238095238095344e-01 8.095238095238095344e-01 8.095238095238095344e-01 8.095238095238095344e-01 8.095238095238095344e-01 8.095238095238095344e-01
8.095238095238095344e-01 8.095238095238095344e-01 8.095238095238095344e-01 7.666666666666666075e-01 8.095238095238095344e-01 8.095238095238095344e-01 8.095238095238095344e-01 8.095238095238095344e-01 8.095238095238095344e-01 8.095238095238095344e-01
8.095238095238095344e-01 8.095238095238095344e-01 8.095238095238095344e-01 8.095238095238095344e-01 8.095238095238095344e-01 8.095238095238095344e-01 7.666666666666666075e-01 8.095238095238095344e-01 8.095238095238095344e-01 8.095238095238095344e-01
8.095238095238095344e-01 8.095238095238095344e-01 8.095238095238095344e-01 8.095238095238095344e-01 8.095238095238095344e-01 8.095238095238095344e-01 8.095238095238095344e-01 8.095238095238095344e-01 7.666666666666666075e-01 8.095238095238095344e-01
8.095238095238095344e-01 8.095238095238095344e-01 7.666666666666666075e-01 8.095238095238095344e-01 8.095238095238095344e-01 8.095238095238095344e-01 8.095238095238095344e-01 8.095238095238095344e-01 7.666666666666666075e-01 8.095238095238095344e-01
8.095238095238095344e-01 8.095238095238095344e-01 8.095238095238095344e-01 8.095238095238095344e-01 8.095238095238095344e-01 8.095238095238095344e-01 8.095238095238095344e-01 8.095238095238095344e-01 8.095238095238095344e-01 8.095238095238095344e-01
