0.000000000000000000e+00 0.000000000000000000e+00 0.000000000000000000e+00 0.000000000000000000e+00 0.000000000000000000e+00 0.000000000000000000e+00 0.000000000000000000e+00 0.000000000000000000e+00 0.000000000000000000e+00 0.000000000000000000e+00
8.076923076923077094e-01 8.076923076923077094e-01 8.076923076923077094e-01 8.076923076923077094e-01 8.076923076923077094e-01 8.076923076923077094e-01 8.076923076923077094e-01 8.076923076923077094e-01 8.076923076923077094e-01 8.076923076923077094e-01
8.076923076923077094e-01 8.076923076923077094e-01 8.076923076923077094e-01 8.076923076923077094e-01 8.076923076923077094e-01 8.076923076923077094e-01 8.076923076923077094e-01 8.076923076923077094e-01 8.076923076923077094e-01 8.076923076923077094e-01
8.076923076923077094e-01 8.076923076923077094e-01 8.076923076923077094e-01 8.076923076923077094e-01 8.076923076923077094e-01 8.076923076923077094e-01 8.076923076923077094e-01 8.076923076923077094e-01 8.076923076923077094e-01 8.076923076923077094e-01
8.076923076923077094e-01 8.076923076923077094e-01 8.076923076923077094e-01 8.076923076923077094e-01 8.076923076923077094e-01 7.692307692307691624e-01 7.692307692307691624e-01 8.076923076923077094e-01 8.076923076923077094e-01 8.076923076923077094e-01
8.076923076923077094e-01 8.076923076923077094e-01 8.076923076923077094e-01 8.076923076923077094e-01 8.076923076923077094e-01 8.076923076923077094e-01 8.076923076923077094e-01 8.076923076923077094e-01 8.076923076923077094e-01 8.076923076923077094e-01
8.076923076923077094e-01 8.076923076923077094e-01 8.076923076923077094e-01 8.076923076923077094e-01 8.076923076923077094e-01 8.076923076923077094e-01 8.076923076923077094e-01 8.076923076923077094e-01 8.076923076923077094e-01 8.076923076923077094e-01
8.076923076923077094e-01 8.076923076923077094e-01 8.076923076923077094e-01 8.076923076923077094e-01 7.692307692307691624e-01 8.076923076923077094e-01 8.076923076923077094e-01 8.076923076923077094e-01 8.076923076923077094e-01 8.076923076923077094e-01
8.076923076923077094e-01 8.076923076923077094e-01 8.076923076923077094e-01 8.076923076923077094e-01 8.076923076923077094e-01 8.076923076923077094e-01 8.076923076923077094e-01 8.076923076923077094e-01 8.076923076923077094e-01 8.076923076923077094e-01
8.076923076923077094e-01 8.076923076923077094e-01 8.076923076923077094e-01 7.692307692307691624e-01 8.076923076923077094e-01 8.076923076923077094e-01 8.076923076923077094e-01 8.076923076923077094e-01 8.076923076923077094e-01 8.076923076923077094e-01
8.076923076923077094e-01 8.076923076923077094e-01 8.076923076923077094e-01 8.076923076923077094e-01 8.076923076923077094e-01 8.076923076923077094e-01 7.692307692307691624e-01 8.076923076923077094e-01 8.076923076923077094e-01 8.076923076923077094e-01
8.076923076923077094e-01 8.076923076923077094e-01 8.076923076923077094e-01 8.076923076923077094e-01 8.076923076923077094e-01 8.076923076923077094e-01 8.076923076923077094e-01 8.076923076923077094e-01 7.692307692307691624e-01 8.076923076923077094e-01
8.076923076923077094e-01 8.076923076923077094e-01 7.692307692307691624e-01 8.076923076923077094e-01 8.076923076923077094e-01 8.076923076923077094e-01 8.076923076923077094e-01 8.076923076923077094e-01 7.692307692307691624e-01 8.076923076923077094e-01
8.076923076923077094e-01 8.076923076923077094e-01 8.076923076923077094e-01 8.076923076923077094e-01 8.076923076923077094e-01 8.076923076923077094e-01 8.076923076923077094e-01 8.076923076923077094e-01 8.076923076923077094e-01 8.076923076923077094e-01
