0.000000000000000000e+00 0.000000000000000000e+00 0.000000000000000000e+00 0.000000000000000000e+00 0.000000000000000000e+00
1.000000000000000000e+00 1.000000000000000000e+00 1.000000000000000000e+00 1.000000000000000000e+00 1.000000000000000000e+00
9.944444444444444642e-01 1.000000000000000000e+00 1.000000000000000000e+00 1.000000000000000000e+00 1.000000000000000000e+00
1.000000000000000000e+00 1.000000000000000000e+00 1.000000000000000000e+00 1.000000000000000000e+00 1.000000000000000000e+00
1.000000000000000000e+00 1.000000000000000000e+00 9.944444444444444642e-01 1.000000000000000000e+00 1.000000000000000000e+00
1.000000000000000000e+00 1.000000000000000000e+00 1.000000000000000000e+00 1.000000000000000000e+00 9.833333333333332815e-01
1.000000000000000000e+00 1.000000000000000000e+00 9.888888888888889284e-01 1.000000000000000000e+00 9.944444444444444642e-01
9.944444444444444642e-01 9.944444444444444642e-01 1.000000000000000000e+00 9.888888888888889284e-01 1.000000000000000000e+00
9.944444444444444642e-01 9.777777777777777457e-01 9.666666666666666741e-01 9.722222222222222099e-01 1.000000000000000000e+00
9.166666666666666297e-01 1.000000000000000000e+00 9.611111111111111382e-01 9.555555555555556024e-01 7.944444444444443976e-01
9.111111111111110938e-01 7.055555555555556024e-01 6.777777777777778123e-01 6.611111111111110938e-01 6.722222222222222765e-01
