0.000000000000000000e+00 0.000000000000000000e+00 0.000000000000000000e+00 0.000000000000000000e+00 0.000000000000000000e+00
1.000000000000000000e+00 1.000000000000000000e+00 9.944444444444444642e-01 1.000000000000000000e+00 1.000000000000000000e+00
1.000000000000000000e+00 1.000000000000000000e+00 1.000000000000000000e+00 1.000000000000000000e+00 1.000000000000000000e+00
9.944444444444444642e-01 1.000000000000000000e+00 9.888888888888889284e-01 1.000000000000000000e+00 1.000000000000000000e+00
1.000000000000000000e+00 1.000000000000000000e+00 1.000000000000000000e+00 1.000000000000000000e+00 1.000000000000000000e+00
1.000000000000000000e+00 1.000000000000000000e+00 1.000000000000000000e+00 9.944444444444444642e-01 9.944444444444444642e-01
1.000000000000000000e+00 1.000000000000000000e+00 9.833333333333332815e-01 9.944444444444444642e-01 1.000000000000000000e+00
1.000000000000000000e+00 1.000000000000000000e+00 1.000000000000000000e+00 9.944444444444444642e-01 1.000000000000000000e+00
9.944444444444444642e-01 9.888888888888889284e-01 9.666666666666666741e-01 9.499999999999999556e-01 9.777777777777777457e-01
9.888888888888889284e-01 9.555555555555556024e-01 9.833333333333332815e-01 9.722222222222222099e-01 8.555555555555555136e-01
7.555555555555555358e-01 7.666666666666667185e-01 6.888888888888888840e-01 7.833333333333333259e-01 6.999999999999999556e-01
