0.000000000000000000e+00 0.000000000000000000e+00 0.000000000000000000e+00 0.000000000000000000e+00 0.000000000000000000e+00
8.342268041237113074e-01 8.420618556701030544e-01 8.305154639175257314e-01 8.424742268041237603e-01 8.371134020618556937e-01
8.387628865979381843e-01 8.263917525773195605e-01 8.486597938144330167e-01 8.432989690721649501e-01 8.449484536082474406e-01
8.305154639175257314e-01 8.334020618556701177e-01 8.239175257731958801e-01 8.255670103092783707e-01 8.255670103092783707e-01
8.585567010309278491e-01 8.358762886597937980e-01 8.251546391752577758e-01 8.276288659793814562e-01 8.342268041237113074e-01
8.173195876288660289e-01 8.338144329896907125e-01 8.230927835051546904e-01 8.140206185567010477e-01 8.350515463917526082e-01
8.082474226804123862e-01 8.325773195876288169e-01 7.773195876288659933e-01 7.571134020618556226e-01 8.148453608247422375e-01
7.909278350515464018e-01 7.995876288659793385e-01 7.740206185567010122e-01 8.012371134020618291e-01 7.822680412371133540e-01
7.616494845360824995e-01 8.012371134020618291e-01 7.764948453608246925e-01 8.218556701030927947e-01 7.554639175257732431e-01
7.740206185567010122e-01 7.744329896907216071e-01 7.257731958762886348e-01 7.558762886597938380e-01 7.637113402061855849e-01
7.369072164948453629e-01 7.513402061855669611e-01 7.393814432989690433e-01 7.451546391752577048e-01 7.587628865979381132e-01
