0.000000000000000000e+00 0.000000000000000000e+00 0.000000000000000000e+00 0.000000000000000000e+00 0.000000000000000000e+00
8.284536082474226459e-01 8.408247422680412697e-01 8.321649484536082220e-01 8.412371134020618646e-01 8.334020618556701177e-01
8.379381443298968835e-01 8.239175257731958801e-01 8.383505154639174783e-01 8.354639175257732031e-01 8.292783505154639467e-01
8.202061855670103041e-01 8.288659793814433518e-01 8.230927835051546904e-01 8.202061855670103041e-01 8.230927835051546904e-01
8.461855670103092253e-01 8.222680412371133896e-01 8.115463917525773674e-01 8.119587628865979623e-01 8.358762886597937980e-01
8.065979381443298957e-01 8.197938144329897092e-01 7.847422680412371454e-01 8.119587628865979623e-01 8.004123711340206393e-01
8.049484536082474051e-01 7.863917525773196360e-01 7.496907216494845816e-01 7.632989690721649900e-01 8.024742268041237248e-01
7.719587628865979267e-01 8.000000000000000444e-01 7.785567010309278890e-01 8.024742268041237248e-01 7.377319587628865527e-01
7.319587628865978912e-01 7.455670103092782997e-01 7.468041237113401953e-01 7.406185567010309390e-01 7.204123711340205682e-01
7.039175257731958846e-01 6.849484536082474095e-01 6.606185567010309789e-01 6.729896907216494917e-01 7.117525773195876315e-01
6.494845360824742508e-01 6.738144329896906815e-01 6.494845360824742508e-01 6.408247422680412031e-01 6.762886597938144728e-01
