0.000000000000000000e+00 0.000000000000000000e+00 0.000000000000000000e+00 0.000000000000000000e+00 0.000000000000000000e+00
9.025318710796063071e-01 9.074769092446195451e-01 9.001801306221800525e-01 9.065286408537595042e-01 9.036634588447043370e-01
9.051515570332568927e-01 8.985589918384699892e-01 9.106618194087405804e-01 9.076513003279007563e-01 9.079091341395573167e-01
8.994213369673107472e-01 9.025485164900578505e-01 8.937488607958939957e-01 8.976491237786293764e-01 8.969220109194092627e-01
9.160399498738497348e-01 9.010222994487010473e-01 8.951966103920205864e-01 8.973964194587330523e-01 9.025484670518475472e-01
8.916987677534193857e-01 9.027293798406861303e-01 8.962017289187604874e-01 8.880125058809105187e-01 9.032429720607711987e-01
8.856865970756251372e-01 8.986635117172060427e-01 8.645826920867508703e-01 8.471437073242400473e-01 8.889029646962112174e-01
8.760624714497560195e-01 8.746000384066364708e-01 8.563294688442626423e-01 8.745232724719602668e-01 8.639027192183278414e-01
8.551314778729410815e-01 8.766266458416728247e-01 8.604753915421518018e-01 8.917963299906944696e-01 8.424592447074212842e-01
8.660764977957238209e-01 8.549308271894339173e-01 8.279593174319712645e-01 8.480000263711490183e-01 8.558742192875177235e-01
8.345767530950884971e-01 8.451760843146447488e-01 8.290779535593207905e-01 8.398630765447993030e-01 8.597247570073324185e-01
