0.000000000000000000e+00 0.000000000000000000e+00 0.000000000000000000e+00 0.000000000000000000e+00 0.000000000000000000e+00
8.991071022677410429e-01 9.064432968457725170e-01 9.012791114847724661e-01 9.064285486371703726e-01 9.028005070586700986e-01
9.047585494740569834e-01 8.964068411693222327e-01 9.043550239776211308e-01 9.033260399935332252e-01 8.976464307372777895e-01
8.938085796167756225e-01 8.986549866549553567e-01 8.936858750680847230e-01 8.944928243719680871e-01 8.953044997811000494e-01
9.089627273064381230e-01 8.943299333304226550e-01 8.868631791205813242e-01 8.891043901307027486e-01 9.031869022382256196e-01
8.854616784192489432e-01 8.945108909725819624e-01 8.733427346755018306e-01 8.884648324608561687e-01 8.824590531866203236e-01
8.839070341427364141e-01 8.690393809636882683e-01 8.482833239129615732e-01 8.496560949065462554e-01 8.769474217751559442e-01
8.652117118410180829e-01 8.767087013239648341e-01 8.665767759464658715e-01 8.804445563675005193e-01 8.340496696971547719e-01
8.379320161000974876e-01 8.414486416360148491e-01 8.446059892177216755e-01 8.382323704449301527e-01 8.266024881246040179e-01
8.188229268953098883e-01 7.966588102894743839e-01 7.776418625784634608e-01 7.808351693515975800e-01 8.187318719761459418e-01
7.730626767791459741e-01 7.899963984822533369e-01 7.607072358182100924e-01 7.597308657560271072e-01 7.937500701631223787e-01
