0.000000000000000000e+00 0.000000000000000000e+00 0.000000000000000000e+00 0.000000000000000000e+00 0.000000000000000000e+00
5.259911279353166602e-01 5.259911279353166602e-01 5.220856916136996650e-01 5.194679381593345635e-01 5.194679381593345635e-01
5.075431016179807742e-01 5.207782419843047794e-01 5.207782419843047794e-01 5.128728387747146789e-01 5.155196836374795755e-01
5.062030191520389133e-01 4.980963762164908881e-01 5.233903084371991365e-01 5.233903084371991365e-01 5.048598287762833259e-01
4.926270454366991070e-01 5.075431016179807742e-01 5.035135056184054658e-01 4.926270454366991070e-01 5.155196836374795755e-01
4.980963762164908881e-01 4.898722587899552172e-01 4.758877609244982487e-01 4.829247628053589536e-01 5.115449455253340272e-01
4.994554858172299827e-01 4.744692702750876179e-01 4.716209323756476723e-01 4.497479767940990580e-01 4.939993665478326079e-01
4.744692702750876179e-01 4.407273415266643179e-01 4.346200154423737749e-01 4.687572221665852745e-01 4.629825422919531253e-01
4.376832949367233105e-01 4.190002678874990005e-01 4.174091344083504240e-01 4.330810359199181447e-01 4.437525510130755357e-01
3.860448319106188353e-01 4.142101737369699999e-01 3.667643654626804861e-01 4.011819272792708779e-01 4.205859210753525868e-01
3.613407258826575874e-01 3.685557397915996680e-01 3.649648198496550644e-01 3.445934868824627739e-01 3.576824495189518394e-01
