0.000000000000000000e+00 0.000000000000000000e+00 0.000000000000000000e+00 0.000000000000000000e+00 0.000000000000000000e+00
2.470006160586530608e-01 2.379059696828851322e-01 2.450915971762486212e-01 2.421158483164924935e-01 2.443812211699308845e-01
2.470432602570346858e-01 2.550944416887062638e-01 2.357812749946803510e-01 2.450185579839456729e-01 2.313421428810943370e-01
2.171992168228470688e-01 2.269395171899687980e-01 2.419538161357313033e-01 2.472304769468411934e-01 2.351285970358628075e-01
2.070572244445104959e-01 2.426712081043166658e-01 2.001759973468412168e-01 2.161339062968518354e-01 2.613524821373656160e-01
2.334785221160894375e-01 2.221081764133866765e-01 1.997634034116783641e-01 1.961003910315065046e-01 2.287646700877312700e-01
2.236048963558831815e-01 2.138789033783024263e-01 2.075161431683523461e-01 2.033476632385926297e-01 2.142567144023246051e-01
1.951236578615036243e-01 1.830403642458061919e-01 1.624557763138494149e-01 1.882814407975628712e-01 2.106246182326494132e-01
1.876263091581099329e-01 1.757926708123886406e-01 1.708244331640700053e-01 1.441983975142368535e-01 1.626858389415269945e-01
1.261578177556972047e-01 1.788929370684269882e-01 1.443233567938982109e-01 1.430898547670799714e-01 1.510336830831382759e-01
1.213210519992976855e-01 1.177971116768675303e-01 1.335614020053522977e-01 1.529231446371037695e-01 1.275853464127799375e-01
