0.000000000000000000e+00 0.000000000000000000e+00 0.000000000000000000e+00 0.000000000000000000e+00 0.000000000000000000e+00
2.525919761327308777e-01 2.528068566276803764e-01 2.472937885304278827e-01 2.435915309741958357e-01 2.435365888684550562e-01
2.289047584643521538e-01 2.477009445026038537e-01 2.472871153052817739e-01 2.351041317264206953e-01 2.391099542423265889e-01
2.285839886830139389e-01 2.155122458165759369e-01 2.507581012395804221e-01 2.513008440553959333e-01 2.259650936932514620e-01
2.104670972208812219e-01 2.321462605279732139e-01 2.230020233844092759e-01 2.107939659664166687e-01 2.429597278182726861e-01
2.235147969633688725e-01 2.081615952601433284e-01 1.908715679471687243e-01 2.035978953490544807e-01 2.348815172952954666e-01
2.170025912569761573e-01 1.955632027952226848e-01 2.000892597191929190e-01 1.645946530755647563e-01 2.149714560309364531e-01
2.046967453290311489e-01 1.572101481046060956e-01 1.519359648760138237e-01 1.954784555092462517e-01 1.882596762300889903e-01
1.612489951800444854e-01 1.290592823756894769e-01 1.310585273155797370e-01 1.518180145768673606e-01 1.726934437174217074e-01
9.932380974996651846e-02 1.341668918562457236e-01 9.039401561631017767e-02 1.131771092572302906e-01 1.493959974224735865e-01
7.478308084193562022e-02 9.953493794469557565e-02 7.792252325139252533e-02 5.982419226783798616e-02 7.381199699796106573e-02
