0.000000000000000000e+00 0.000000000000000000e+00 0.000000000000000000e+00 0.000000000000000000e+00 0.000000000000000000e+00
8.739495798319327768e-01 8.823529411764705621e-01 8.655462184873949916e-01 8.823529411764705621e-01 8.907563025210084584e-01
9.075630252100840289e-01 9.075630252100840289e-01 8.739495798319327768e-01 8.907563025210084584e-01 8.823529411764705621e-01
8.991596638655462437e-01 8.739495798319327768e-01 9.075630252100840289e-01 9.327731092436974958e-01 8.739495798319327768e-01
8.739495798319327768e-01 9.243697478991597105e-01 8.823529411764705621e-01 9.243697478991597105e-01 8.991596638655462437e-01
8.907563025210084584e-01 9.159663865546218142e-01 9.075630252100840289e-01 9.159663865546218142e-01 9.159663865546218142e-01
8.571428571428570953e-01 8.487394957983193100e-01 9.159663865546218142e-01 9.075630252100840289e-01 8.991596638655462437e-01
8.571428571428570953e-01 8.739495798319327768e-01 8.907563025210084584e-01 8.823529411764705621e-01 9.075630252100840289e-01
8.655462184873949916e-01 8.151260504201680579e-01 8.823529411764705621e-01 8.907563025210084584e-01 8.403361344537815247e-01
8.823529411764705621e-01 8.487394957983193100e-01 8.907563025210084584e-01 8.739495798319327768e-01 8.655462184873949916e-01
7.815126050420168058e-01 8.487394957983193100e-01 8.067226890756302726e-01 7.983193277310924874e-01 8.151260504201680579e-01
