0.000000000000000000e+00 0.000000000000000000e+00 0.000000000000000000e+00 0.000000000000000000e+00 0.000000000000000000e+00
8.982905982905983189e-01 8.899793755778393489e-01 8.982905982905983189e-01 8.726546336591280983e-01 8.979416809605487160e-01
8.813390313390312425e-01 8.899793755778393489e-01 8.809319611206403167e-01 8.813390313390312425e-01 8.721804511278196115e-01
8.721804511278196115e-01 8.809319611206403167e-01 8.633754305396096340e-01 8.721804511278196115e-01 8.721804511278196115e-01
8.759678379988088404e-01 8.730531256667377615e-01 8.809319611206403167e-01 9.146096440872559796e-01 8.633754305396096340e-01
8.346859691452803709e-01 9.137681159420290022e-01 8.462973593570608521e-01 8.462973593570608521e-01 8.979416809605487160e-01
8.665620094191524014e-01 8.487702773417059587e-01 8.633754305396096340e-01 8.386958693015623689e-01 8.520874460773562031e-01
8.959183673469388598e-01 8.676307007786427938e-01 8.799019607843137081e-01 8.665620094191524014e-01 7.941176470588235947e-01
8.474474021567001136e-01 7.872522347454333769e-01 8.833421310610060084e-01 8.537977885379778309e-01 8.474474021567001136e-01
7.744897959183674185e-01 8.278906904163813030e-01 7.872522347454333769e-01 8.115526732523943299e-01 8.405300774270400010e-01
7.442082636732744172e-01 8.057520404197434649e-01 7.254449571522743057e-01 7.872522347454333769e-01 7.100389863547759139e-01
