0.000000000000000000e+00 0.000000000000000000e+00 0.000000000000000000e+00 0.000000000000000000e+00 0.000000000000000000e+00
1.000000000000000000e+00 1.000000000000000000e+00 1.000000000000000000e+00 1.000000000000000000e+00 1.000000000000000000e+00
1.000000000000000000e+00 1.000000000000000000e+00 1.000000000000000000e+00 1.000000000000000000e+00 1.000000000000000000e+00
1.000000000000000000e+00 1.000000000000000000e+00 1.000000000000000000e+00 1.000000000000000000e+00 1.000000000000000000e+00
9.642401021711366482e-01 1.000000000000000000e+00 1.000000000000000000e+00 9.638709677419354804e-01 1.000000000000000000e+00
1.000000000000000000e+00 1.000000000000000000e+00 9.638709677419354804e-01 1.000000000000000000e+00 1.000000000000000000e+00
1.000000000000000000e+00 9.638709677419354804e-01 1.000000000000000000e+00 9.638709677419354804e-01 1.000000000000000000e+00
9.638709677419354804e-01 9.638709677419354804e-01 9.638709677419354804e-01 1.000000000000000000e+00 9.638709677419354804e-01
8.893280632411066922e-01 1.000000000000000000e+00 1.000000000000000000e+00 9.638709677419354804e-01 1.000000000000000000e+00
9.270833333333332593e-01 9.270833333333332593e-01 9.638709677419354804e-01 1.000000000000000000e+00 8.502673796791443417e-01
9.270833333333332593e-01 9.270833333333332593e-01 8.893280632411066922e-01 8.502673796791443417e-01 9.270833333333332593e-01
