0.000000000000000000e+00 0.000000000000000000e+00 0.000000000000000000e+00 0.000000000000000000e+00 0.000000000000000000e+00
8.350515463917526082e-01 8.399999999999999689e-01 8.313402061855670322e-01 8.404123711340205638e-01 8.441237113402061398e-01
8.334020618556701177e-01 8.136082474226804528e-01 8.329896907216495228e-01 8.247422680412370699e-01 8.070103092783504906e-01
8.243298969072164750e-01 8.197938144329897092e-01 8.255670103092783707e-01 8.210309278350514939e-01 8.276288659793814562e-01
8.131958762886597469e-01 8.226804123711339845e-01 7.995876288659793385e-01 8.156701030927835383e-01 8.173195876288660289e-01
7.830927835051546548e-01 7.859793814432989301e-01 8.136082474226804528e-01 8.045360824742268102e-01 8.057731958762887059e-01
7.521649484536082619e-01 7.859793814432989301e-01 7.835051546391752497e-01 7.950515463917525727e-01 7.880412371134020155e-01
7.587628865979381132e-01 7.620618556701030943e-01 7.608247422680411987e-01 7.344329896907216826e-01 7.373195876288659578e-01
7.261855670103092297e-01 7.088659793814432453e-01 7.397938144329896382e-01 7.253608247422680400e-01 7.323711340206185971e-01
7.183505154639174828e-01 6.898969072164948813e-01 6.861855670103093052e-01 7.426804123711340244e-01 6.870103092783504950e-01
6.919587628865979667e-01 6.936082474226804573e-01 6.729896907216494917e-01 6.701030927835051054e-01 6.647422680412371498e-01
