0.000000000000000000e+00 0.000000000000000000e+00 0.000000000000000000e+00 0.000000000000000000e+00 0.000000000000000000e+00
8.374025170888304004e-01 8.411235938058894135e-01 8.323465167570389678e-01 8.413157310973045089e-01 8.454702149862642901e-01
8.335371742351252999e-01 8.133517054263584845e-01 8.325888153887962551e-01 8.251415875455434534e-01 8.055080298712260500e-01
8.243153110968360897e-01 8.189896465073595033e-01 8.260756833340542338e-01 8.207177366681598363e-01 8.284309379780629978e-01
8.129441260317245010e-01 8.236567762784184898e-01 7.961653042212486486e-01 8.149057580554751601e-01 8.156787232798002885e-01
7.776068504592612562e-01 7.803816794532980605e-01 8.118166832597157878e-01 8.024178092264534490e-01 8.035805849188697447e-01
7.361990626756782508e-01 7.808396853948816885e-01 7.767732035464627316e-01 7.892184801794515092e-01 7.811298735394363035e-01
7.485902144676930270e-01 7.483367976874076843e-01 7.456008209286182353e-01 7.217053073395510721e-01 7.077753979795790018e-01
7.041287064244031724e-01 6.721170794691675443e-01 7.146754046093916068e-01 7.049944796523847090e-01 7.063858885566254298e-01
6.950580522127288718e-01 6.466846893629194515e-01 6.490966542783482840e-01 7.219196438804923455e-01 6.446869757071709284e-01
6.439510961857444205e-01 6.453818313358270498e-01 6.261461796350740183e-01 6.183583290011431810e-01 6.094837513800913653e-01
