0.000000000000000000e+00 0.000000000000000000e+00 0.000000000000000000e+00 0.000000000000000000e+00 0.000000000000000000e+00
9.017754442880400179e-01 9.042290221079413159e-01 9.012920435653450912e-01 8.996094324014763943e-01 9.034764510532163895e-01
9.013550645038462816e-01 8.926353499600545582e-01 8.999360114337551231e-01 8.983278041711497686e-01 8.938766149920689408e-01
8.986988570751121008e-01 9.061428497461905263e-01 9.025021544162914466e-01 8.987315023398180225e-01 9.035139206802678125e-01
8.946568590679303545e-01 8.926405452564354359e-01 8.937972085747369899e-01 8.981465119514491224e-01 8.847940111642249583e-01
8.890789473175558788e-01 8.814054283995469419e-01 8.968644453572440778e-01 8.898404043272736264e-01 8.981580746750644773e-01
8.686284322945947434e-01 8.871463505681690398e-01 8.792273807129270535e-01 8.835457856858517367e-01 8.853740924962635317e-01
8.676254313923832395e-01 8.620029455023381360e-01 8.639737762578066915e-01 8.426034521502528962e-01 8.611820648571848480e-01
8.493834017159110905e-01 8.378289443198709829e-01 8.586067133341301894e-01 8.485282499553014057e-01 8.515699981167612620e-01
8.494223403344960399e-01 8.174455503981260529e-01 8.171953349505041153e-01 8.538175960883723770e-01 8.184570375046497093e-01
8.238000250660496571e-01 8.201158782376106737e-01 8.090341745807844154e-01 7.982812325407250276e-01 7.977836069904987726e-01
