0.000000000000000000e+00 0.000000000000000000e+00 0.000000000000000000e+00 0.000000000000000000e+00 0.000000000000000000e+00
6.793662204867575438e-01 6.793662204867575438e-01 6.793662204867575438e-01 6.793662204867575438e-01 6.793662204867575438e-01
6.793662204867575438e-01 6.201736729460423092e-01 6.793662204867575438e-01 6.793662204867575438e-01 6.793662204867575438e-01
6.793662204867575438e-01 6.201736729460423092e-01 6.201736729460423092e-01 6.793662204867575438e-01 6.201736729460423092e-01
6.793662204867575438e-01 6.201736729460423092e-01 6.201736729460423092e-01 6.793662204867575438e-01 6.793662204867575438e-01
6.793662204867575438e-01 5.609681940050743609e-01 5.887840577551898269e-01 5.887840577551898269e-01 6.407232755171874405e-01
6.201736729460423092e-01 6.793662204867575438e-01 4.385290096535145454e-01 6.201736729460423092e-01 5.008354224706333957e-01
5.887840577551898269e-01 5.887840577551898269e-01 6.201736729460423092e-01 5.887840577551898269e-01 5.374838498865700531e-01
5.887840577551898269e-01 5.887840577551898269e-01 5.887840577551898269e-01 5.887840577551898269e-01 5.887840577551898269e-01
5.887840577551898269e-01 5.374838498865700531e-01 5.887840577551898269e-01 5.374838498865700531e-01 5.374838498865700531e-01
5.374838498865700531e-01 5.887840577551898269e-01 5.374838498865700531e-01 5.374838498865700531e-01 5.887840577551898269e-01
