0.000000000000000000e+00 0.000000000000000000e+00 0.000000000000000000e+00 0.000000000000000000e+00 0.000000000000000000e+00
8.902336054038840762e-01 8.616887513299158474e-01 8.731707317073170715e-01 8.616887513299158474e-01 8.459575243824628554e-01
8.761904761904761862e-01 8.514285714285714235e-01 8.459575243824628554e-01 8.798076923076922906e-01 8.902336054038840762e-01
8.597626752966558428e-01 9.170540515905568624e-01 8.616887513299158474e-01 8.616887513299158474e-01 8.459575243824628554e-01
8.253229974160207760e-01 8.722484276729559616e-01 8.616887513299158474e-01 8.514285714285714235e-01 8.365412515717187691e-01
8.574922000168647696e-01 8.311856957346919206e-01 8.696563667851608948e-01 9.038461538461538547e-01 8.521963824289406908e-01
8.521963824289406908e-01 8.571571271601239328e-01 8.317307692307691624e-01 8.571571271601239328e-01 8.514285714285714235e-01
8.868362510881130367e-01 8.317307692307691624e-01 7.910191833672703954e-01 8.211477987421383906e-01 8.188832922516343649e-01
7.636363636363636687e-01 8.311856957346919206e-01 8.311856957346919206e-01 8.019047619047618980e-01 7.636363636363636687e-01
8.117830493373426881e-01 8.358585858585858563e-01 7.828265953892414863e-01 8.117830493373426881e-01 7.737556561085973117e-01
7.321536783420190542e-01 7.636363636363636687e-01 7.636650103017815772e-01 6.355626752102523369e-01 8.117830493373426881e-01
