0.000000000000000000e+00 0.000000000000000000e+00 0.000000000000000000e+00 0.000000000000000000e+00 0.000000000000000000e+00
8.371134020618556937e-01 8.371134020618556937e-01 8.334020618556701177e-01 8.404123711340205638e-01 8.367010309278350988e-01
8.268041237113401554e-01 8.334020618556701177e-01 8.296907216494845416e-01 8.181443298969072186e-01 8.103092783505154717e-01
8.437113402061855449e-01 8.395876288659793740e-01 8.263917525773195605e-01 8.329896907216495228e-01 8.148453608247422375e-01
8.247422680412370699e-01 8.519587628865978868e-01 8.131958762886597469e-01 8.437113402061855449e-01 8.206185567010308990e-01
7.938144329896906770e-01 8.222680412371133896e-01 8.189690721649484084e-01 8.065979381443298957e-01 8.028865979381443196e-01
8.107216494845360666e-01 7.777319587628865882e-01 7.884536082474227214e-01 7.785567010309278890e-01 7.703092783505154362e-01
7.703092783505154362e-01 7.319587628865978912e-01 7.554639175257732431e-01 8.107216494845360666e-01 7.315463917525772963e-01
7.505154639175257714e-01 7.859793814432989301e-01 7.241237113402061443e-01 7.237113402061855494e-01 7.711340206185567370e-01
7.216494845360824639e-01 7.121649484536082264e-01 7.414432989690721287e-01 7.459793814432990056e-01 6.853608247422680044e-01
6.618556701030927636e-01 7.084536082474226504e-01 6.635051546391752542e-01 7.096907216494845461e-01 6.696907216494845105e-01
