0.000000000000000000e+00 0.000000000000000000e+00 0.000000000000000000e+00 0.000000000000000000e+00 0.000000000000000000e+00
8.334020618556701177e-01 8.334020618556701177e-01 8.317525773195876271e-01 8.362886597938143929e-01 8.338144329896907125e-01
8.276288659793814562e-01 8.284536082474226459e-01 8.329896907216495228e-01 8.280412371134020511e-01 8.197938144329897092e-01
8.292783505154639467e-01 8.115463917525773674e-01 8.197938144329897092e-01 8.325773195876288169e-01 8.210309278350514939e-01
8.280412371134020511e-01 8.321649484536082220e-01 8.119587628865979623e-01 8.268041237113401554e-01 8.115463917525773674e-01
7.818556701030927591e-01 8.197938144329897092e-01 8.136082474226804528e-01 7.942268041237113829e-01 7.764948453608246925e-01
8.107216494845360666e-01 7.847422680412371454e-01 7.835051546391752497e-01 7.810309278350515694e-01 7.711340206185567370e-01
7.711340206185567370e-01 7.340206185567009767e-01 7.352577319587628724e-01 8.016494845360824240e-01 7.451546391752577048e-01
7.558762886597938380e-01 7.567010309278350277e-01 7.105154639175257358e-01 7.393814432989690433e-01 7.892783505154639112e-01
7.414432989690721287e-01 7.076288659793814606e-01 7.521649484536082619e-01 7.492783505154638757e-01 6.197938144329896426e-01
6.585567010309277824e-01 6.787628865979381532e-01 6.420618556701030988e-01 6.292783505154638801e-01 6.206185567010309434e-01
