0.000000000000000000e+00 0.000000000000000000e+00 0.000000000000000000e+00 0.000000000000000000e+00 0.000000000000000000e+00
8.382303436726784573e-01 8.365068605658791956e-01 8.339049407724730134e-01 8.417903025317681198e-01 8.373343633786649587e-01
8.271753631817457819e-01 8.342642102691776307e-01 8.300360192037506968e-01 8.181944389471791368e-01 8.088405531741923449e-01
8.430899148211533634e-01 8.400300126174918836e-01 8.246284004625621389e-01 8.309177655220357783e-01 8.188424709255320844e-01
8.243583443753973450e-01 8.511409827753828594e-01 8.110451576860802092e-01 8.428878751931723201e-01 8.264508487202881781e-01
7.971228483496061168e-01 8.260090380036546609e-01 8.174398897637257244e-01 8.116653313919680590e-01 8.030237892898310914e-01
8.136386102465612558e-01 7.800576231323401721e-01 7.911961409620054120e-01 7.738830048386319271e-01 7.720572849832761930e-01
7.721011002956874592e-01 7.171780620026162456e-01 7.528270159701555553e-01 8.164553264066640725e-01 7.283865449374319345e-01
7.500090639210649224e-01 7.898964205512881698e-01 7.119224629545912730e-01 7.187591997122553256e-01 7.652991654155363310e-01
7.321405751967107189e-01 7.145125918394245046e-01 7.344742411886617806e-01 7.375685886957594750e-01 6.787049513717839933e-01
6.409536722312634272e-01 6.929820144044517294e-01 6.403477101849825992e-01 7.004134048830524817e-01 6.694918291350180350e-01
