0.000000000000000000e+00 0.000000000000000000e+00 0.000000000000000000e+00 0.000000000000000000e+00 0.000000000000000000e+00
9.866666666666666918e-01 9.799819837854069071e-01 9.732905982905982745e-01 9.866613311991462298e-01 9.662114547743811954e-01
9.799979997999800352e-01 9.799959587795513682e-01 9.595500583492998503e-01 9.663809316043793229e-01 9.799819837854069071e-01
9.733153171187401975e-01 9.666303532282913835e-01 9.866613311991462298e-01 9.598532746431907015e-01 9.666535242124701943e-01
9.799979997999800352e-01 9.865966188455579378e-01 9.731020432140301546e-01 9.866613311991462298e-01 9.665831244778613218e-01
9.071103188750248014e-01 9.799819837854069071e-01 9.532692307692308686e-01 9.731020432140301546e-01 9.866613311991462298e-01
9.733313331333133256e-01 9.866613311991462298e-01 9.799819837854069071e-01 9.866613311991462298e-01 9.731932376911159865e-01
8.980585905929059365e-01 9.799979997999800352e-01 9.733226623982926817e-01 9.207516339869282751e-01 9.866613311991462298e-01
9.535774410774410237e-01 9.337429940529671235e-01 9.403799082152000111e-01 9.735032054619683350e-01 9.467683905964072721e-01
9.397591005851331225e-01 8.104140680411866526e-01 8.473803455111866834e-01 8.751737811143751600e-01 9.465333172993414257e-01
7.467120010616281611e-01 7.361192935600854304e-01 6.954522760974374274e-01 7.734707194279529796e-01 7.122109702754864102e-01
