0.000000000000000000e+00 0.000000000000000000e+00 0.000000000000000000e+00 0.000000000000000000e+00 0.000000000000000000e+00
9.498537899183338018e-01 9.899943883118170751e-01 9.649294735310393056e-01 9.749643868139776792e-01 9.397872099576584093e-01
9.448221466968738103e-01 9.699484522385712904e-01 9.899943883118170751e-01 9.799773240006911523e-01 9.649294735310393056e-01
9.599074029416703180e-01 9.649294735310393056e-01 9.749643868139776792e-01 9.899943883118170751e-01 9.749643868139776792e-01
9.899943883118170751e-01 9.849873095629201325e-01 9.749643868139776792e-01 9.849873095629201325e-01 9.849873095629201325e-01
9.649294735310393056e-01 9.799773240006911523e-01 9.649294735310393056e-01 9.899943883118170751e-01 9.899943883118170751e-01
9.799773240006911523e-01 9.799773240006911523e-01 9.799773240006911523e-01 9.749643868139776792e-01 9.799773240006911523e-01
8.841694156413438810e-01 9.949986041307908868e-01 9.649294735310393056e-01 9.799773240006911523e-01 9.699484522385712904e-01
9.749643868139776792e-01 9.649294735310393056e-01 9.297072418538835370e-01 9.899943883118170751e-01 9.448221466968736992e-01
9.498537899183338018e-01 9.246621004453464687e-01 9.498537899183338018e-01 9.949986041307908868e-01 9.699484522385712904e-01
9.297072418538836480e-01 8.892443733617636514e-01 8.943153806124548577e-01 8.740073734751262480e-01 7.557777451076473918e-01
