0.000000000000000000e+00 0.000000000000000000e+00 0.000000000000000000e+00 0.000000000000000000e+00 0.000000000000000000e+00
9.009615387357736704e-01 9.802614379131475708e-01 9.323025228455877889e-01 9.512056245040940716e-01 8.802347605750713289e-01
8.904156242929774923e-01 9.422641542234349021e-01 9.802614379131475708e-01 9.599999999999999645e-01 9.324274712510064456e-01
9.204296341006058535e-01 9.324274712510064456e-01 9.502534347117247426e-01 9.802614379131475708e-01 9.500633396673705544e-01
9.802614379131475708e-01 9.701940582194068519e-01 9.500633396673705544e-01 9.705825243243505485e-01 9.704529837799866776e-01
9.319279787971898044e-01 9.610256413181585966e-01 9.307448939920689446e-01 9.802614379131475708e-01 9.802614379131475708e-01
9.602561024455322780e-01 9.602561024455322780e-01 9.604483138441105572e-01 9.513327995330069786e-01 9.608330831646842984e-01
7.718546795234519919e-01 9.900660066007335169e-01 9.308070493157879488e-01 9.602561024455322780e-01 9.399999999999999467e-01
9.508244052150521819e-01 9.315538857953780116e-01 8.616098422967396475e-01 9.799999999999999822e-01 8.916659995861607735e-01
9.015037604471399790e-01 8.576384089808773981e-01 9.029544848836924542e-01 9.900660066007335169e-01 9.405645081081335235e-01
8.653821056275549095e-01 7.810942985639425240e-01 8.003651486358905887e-01 7.707830199727593312e-01 5.786356517139031874e-01
