0.000000000000000000e+00 0.000000000000000000e+00 0.000000000000000000e+00 0.000000000000000000e+00 0.000000000000000000e+00
4.669680501450809151e-01 3.574876198834074925e-01 6.249031343258973914e-01 5.485308264839412473e-01 4.034045712467518863e-01
6.086879346791240764e-01 5.039275816264615626e-01 5.662232504337767480e-01 3.855337078651685512e-01 4.006064452436358669e-01
4.700582935877054003e-01 3.384576612903225645e-01 3.865293865293865094e-01 3.333333333333333148e-01 4.791666666666666297e-01
3.333987665832393033e-01 3.333333333333333148e-01 5.299422619344746899e-01 5.515407777564225178e-01 4.915254237288135819e-01
5.869526099687556453e-01 4.766161184030875964e-01 3.508686749276983541e-01 3.333333333333333148e-01 4.765859445878986578e-01
5.753205128205127750e-01 3.333333333333333148e-01 6.036892924052457143e-01 6.104940443282906859e-01 3.333333333333333148e-01
3.555093555093555291e-01 5.799395112896257309e-01 3.508686749276983541e-01 3.333333333333333148e-01 3.666817906836055685e-01
6.159999999999999920e-01 5.323895323895323495e-01 4.526501535847329283e-01 4.678623769976969493e-01 3.333333333333333148e-01
5.879232966136271887e-01 5.265151515151516026e-01 3.333333333333333148e-01 5.316328001152903493e-01 3.618247694334650322e-01
3.373297447190277687e-01 3.333333333333333148e-01 3.333333333333333148e-01 3.315508021390374260e-01 3.333333333333333148e-01
