0.000000000000000000e+00 0.000000000000000000e+00 0.000000000000000000e+00 0.000000000000000000e+00 0.000000000000000000e+00
3.673591791853225708e-02 1.760056322703504039e-01 -1.036023773564955924e-01 1.385782588150118733e-01 2.339350790275148972e-01
2.261007387853709583e-01 1.773241389867145912e-01 -1.427563689007127212e-01 1.353505936367919160e-01 1.515658486145566863e-01
0.000000000000000000e+00 0.000000000000000000e+00 1.483881653604748330e-01 3.629770043203138508e-02 1.007636594083711860e-02
-8.571428571428571508e-02 0.000000000000000000e+00 1.086250893187136746e-01 0.000000000000000000e+00 0.000000000000000000e+00
0.000000000000000000e+00 0.000000000000000000e+00 1.245562896728604624e-01 0.000000000000000000e+00 0.000000000000000000e+00
0.000000000000000000e+00 0.000000000000000000e+00 0.000000000000000000e+00 0.000000000000000000e+00 0.000000000000000000e+00
0.000000000000000000e+00 0.000000000000000000e+00 0.000000000000000000e+00 0.000000000000000000e+00 0.000000000000000000e+00
0.000000000000000000e+00 0.000000000000000000e+00 0.000000000000000000e+00 0.000000000000000000e+00 0.000000000000000000e+00
0.000000000000000000e+00 0.000000000000000000e+00 0.000000000000000000e+00 0.000000000000000000e+00 0.000000000000000000e+00
0.000000000000000000e+00 0.000000000000000000e+00 0.000000000000000000e+00 0.000000000000000000e+00 0.000000000000000000e+00
