0.000000000000000000e+00 0.000000000000000000e+00 0.000000000000000000e+00 0.000000000000000000e+00 0.000000000000000000e+00
9.367496997597597463e-01 9.339012822232720668e-01 9.367496997597597463e-01 9.367496997597597463e-01 9.324757965283126948e-01
9.410159993916740184e-01 9.310494543362093367e-01 9.424364274332176494e-01 9.410159993916740184e-01 9.310494543362093367e-01
9.310494543362093367e-01 9.310494543362093367e-01 9.367496997597597463e-01 9.339012822232719557e-01 9.424364274332176494e-01
9.381726393551284016e-01 9.324757965283125838e-01 9.224731920893186610e-01 9.267652492192905989e-01 9.367496997597597463e-01
9.081081950005519543e-01 9.167380443590790184e-01 9.210407425205011656e-01 9.153020145163985877e-01 9.267652492192905989e-01
8.994449591653184140e-01 8.965496274986127778e-01 9.081081950005518433e-01 9.324757965283125838e-01 9.109884741312592737e-01
8.921993908798748762e-01 8.936504412303006850e-01 8.820143891774380185e-01 8.878403537951855551e-01 8.965496274986127778e-01
8.834723859805259094e-01 8.761722306588914932e-01 8.659085002840644085e-01 8.820143891774382405e-01 8.659085002840644085e-01
8.333007401033496464e-01 7.786534752814637805e-01 8.077089990587537072e-01 8.407602379857040953e-01 8.167830604886676671e-01
7.156659680170476268e-01 7.316681430846488920e-01 7.156659680170476268e-01 7.268866469614531090e-01 7.236899615814961217e-01
