0.000000000000000000e+00 0.000000000000000000e+00 0.000000000000000000e+00 0.000000000000000000e+00 0.000000000000000000e+00
8.751782952216863309e-01 8.696269779052056004e-01 8.751458698017969828e-01 8.750378110927119479e-01 8.667736823695709747e-01
8.834805923713379139e-01 8.642410588509952252e-01 8.863026169339919269e-01 8.835569779098050303e-01 8.640062310366302123e-01
8.640382417400578330e-01 8.641663201420864970e-01 8.753512916866099669e-01 8.696753148327783789e-01 8.862369438079402695e-01
8.786351365183465711e-01 8.670199690080724331e-01 8.483646178500643398e-01 8.562852947168986262e-01 8.753404764018902773e-01
8.224043345897992241e-01 8.370209617262863722e-01 8.459130127759365569e-01 8.348239488124266083e-01 8.565342556716696309e-01
8.066108179081515894e-01 8.014633895499033711e-01 8.226652375045210297e-01 8.679104914886863753e-01 8.276661091649769597e-01
7.943206083172189569e-01 7.976718096114741030e-01 7.763570003849094014e-01 7.837161441958252484e-01 8.016034285836427520e-01
7.794880016474783346e-01 7.678190384868394114e-01 7.499178649839184363e-01 7.771583660648480052e-01 7.479231464206349544e-01
6.943079334547272996e-01 6.082058545772471847e-01 6.557955249782956297e-01 7.104988611973267476e-01 6.689792261005076401e-01
5.124428676388920190e-01 5.366394589250892411e-01 5.068709376093195607e-01 5.299547080692517120e-01 5.243560711153054665e-01
