0.000000000000000000e+00 0.000000000000000000e+00 0.000000000000000000e+00 0.000000000000000000e+00 0.000000000000000000e+00
6.652528417389543813e-01 6.652528417389543813e-01 6.652528417389543813e-01 6.652528417389543813e-01 6.652528417389543813e-01
6.652528417389543813e-01 1.217161238900369147e-01 1.408590424547527531e-01 6.814048685384672677e-01 6.652528417389543813e-01
1.408590424547527531e-01 6.733170725823608427e-01 1.217161238900369147e-01 1.408590424547527531e-01 1.217161238900369147e-01
9.916068621812160200e-02 9.916068621812160200e-02 1.217161238900369147e-01 1.217161238900369147e-01 9.916068621812160200e-02
1.217161238900369147e-01 9.916068621812160200e-02 1.217161238900369147e-01 1.217161238900369147e-01 1.217161238900369147e-01
0.000000000000000000e+00 6.996258002685225297e-02 1.217161238900369147e-01 9.916068621812160200e-02 1.217161238900369147e-01
1.408590424547527531e-01 1.217161238900369147e-01 6.996258002685225297e-02 9.916068621812160200e-02 1.217161238900369147e-01
1.217161238900369147e-01 0.000000000000000000e+00 6.996258002685225297e-02 1.217161238900369147e-01 0.000000000000000000e+00
6.996258002685225297e-02 9.916068621812160200e-02 0.000000000000000000e+00 6.996258002685225297e-02 0.000000000000000000e+00
6.996258002685225297e-02 0.000000000000000000e+00 6.996258002685225297e-02 6.996258002685225297e-02 6.996258002685225297e-02
