0.000000000000000000e+00 0.000000000000000000e+00 0.000000000000000000e+00 0.000000000000000000e+00 0.000000000000000000e+00
8.827940307328605574e-01 8.529793971705905697e-01 9.009929043066916554e-01 8.936416671931930455e-01 9.550448590197906373e-01
8.745665862250699973e-01 9.264867322528678173e-01 9.133033510757982976e-01 8.582254365779851124e-01 9.483853083853084343e-01
8.276902564433452625e-01 8.680591945848616930e-01 9.701599169774366427e-01 9.880688534278960766e-01 8.581827587481063446e-01
9.648977428140137480e-01 8.725969303316839509e-01 8.550705722154385846e-01 9.539627146695741633e-01 8.442077643481769034e-01
9.532572270640717882e-01 9.427511889403011880e-01 9.532545523628557227e-01 9.343474827165545449e-01 9.174772013441697682e-01
8.927428432815883719e-01 8.684092422699433156e-01 8.196477017485888084e-01 8.834878286249043811e-01 9.536731685139110404e-01
9.215937508905595044e-01 9.327515553248946212e-01 8.970576498262075038e-01 8.948244222052987862e-01 8.257052673111067165e-01
9.519119154871467092e-01 6.426792448994114171e-01 9.649120042312429035e-01 9.852624321296216126e-01 9.253788486951796122e-01
8.585377470826387469e-01 9.817496315445179977e-01 8.915238602728807749e-01 8.681094566149528680e-01 9.954385285394833360e-01
9.052059274950536860e-01 8.918234454092632824e-01 6.243246120301123581e-01 9.599700163224753613e-01 9.497150519611130548e-01
