0.000000000000000000e+00 0.000000000000000000e+00 0.000000000000000000e+00 0.000000000000000000e+00 0.000000000000000000e+00
8.774419107220565728e-01 9.162187937288875927e-01 9.321596753443202044e-01 9.336209757716561475e-01 8.939179632248939189e-01
8.695652173913042127e-01 9.239611892964556539e-01 9.155888277922288321e-01 9.268996941970539805e-01 8.979733219130631161e-01
9.103711967352231538e-01 8.987268518518518601e-01 9.112907200236559646e-01 8.586679307065732125e-01 9.124683913635479593e-01
9.008798443446444093e-01 8.545425954318512929e-01 9.308822476345850472e-01 8.514258169103832152e-01 9.140136419491460273e-01
7.619340344916230023e-01 8.514258169103832152e-01 9.041191872257257067e-01 8.950195687207428419e-01 8.690476190476190688e-01
6.998863205759757733e-01 8.879000234283018766e-01 8.410671593131928692e-01 7.591137120721646037e-01 8.954244990704399720e-01
7.945430347617652433e-01 7.903068086743789689e-01 7.541372518008366832e-01 8.397243258404456512e-01 8.544613574967353520e-01
7.356672932330827752e-01 8.224193828223071989e-01 6.415770609318995898e-01 5.189084743089238394e-01 7.219564697440803425e-01
4.801819363222872283e-01 6.954558811743648539e-01 5.743055176554058283e-01 7.145800168555107579e-01 5.928230932203389925e-01
5.020216500747854971e-01 3.939393939393939781e-01 3.939393939393939781e-01 3.939393939393939781e-01 4.620901639344262568e-01
