0.000000000000000000e+00 0.000000000000000000e+00 0.000000000000000000e+00 0.000000000000000000e+00 0.000000000000000000e+00
7.730636513245209285e-01 7.928096499418147980e-01 8.225962558810487879e-01 7.802626177121423368e-01 7.756054057762229448e-01
7.737236033146217551e-01 8.229522182507412742e-01 7.745922481014697603e-01 8.347679152632713206e-01 7.515841091062330781e-01
7.515841091062330781e-01 7.214607223870772579e-01 7.643177053554413014e-01 7.631482872678493345e-01 7.868526837498682758e-01
7.559771130303628572e-01 7.383746197305519621e-01 7.618709211289959038e-01 7.754140259126298673e-01 8.295114442173265878e-01
7.043918294037884165e-01 7.392618790054460431e-01 7.747474747474746293e-01 7.915920087043080144e-01 7.300971060929845047e-01
8.126323452675520143e-01 7.014103284352382062e-01 7.213515612072147754e-01 7.577933652799963005e-01 6.545430285810711624e-01
6.901857449172027481e-01 7.942823460064838414e-01 8.639093137254901800e-01 7.039993775287891609e-01 7.769733568724316308e-01
7.385947888589399213e-01 8.468122635381974961e-01 8.341440595132599833e-01 8.337081199249412045e-01 8.291316526610644777e-01
6.809458756180069017e-01 7.631009634091298066e-01 7.510859746278621962e-01 6.840367235104077848e-01 6.619658119658120565e-01
6.549520949520949431e-01 7.673404218547678068e-01 6.334042394387222608e-01 5.971685177567530589e-01 6.345804701845322304e-01
