0.000000000000000000e+00 0.000000000000000000e+00 0.000000000000000000e+00 0.000000000000000000e+00 0.000000000000000000e+00
7.010248993391257066e-01 7.197170139388167076e-01 7.531358958297329487e-01 7.059051333019741303e-01 6.955604783117017575e-01
7.005235789199618646e-01 7.517461653863353188e-01 6.977062819329211685e-01 7.659669063431678859e-01 6.670061655100132381e-01
6.670061655100132381e-01 6.224843973722531398e-01 6.830153950964846787e-01 6.745172926669448232e-01 7.096873530581156997e-01
6.734018459790712674e-01 6.491594944852130400e-01 6.800971064090836071e-01 6.925866795751043359e-01 7.538355430050321937e-01
5.984428889990367484e-01 6.429106692323015571e-01 6.898108141540020277e-01 7.159589154628157592e-01 6.338687234816141602e-01
7.350801693121777891e-01 5.899596259549455546e-01 6.214265370675753353e-01 6.637318165857866159e-01 5.278057131736633156e-01
5.774007927741977575e-01 7.052491449961724168e-01 8.002963119094541611e-01 5.930848040985624570e-01 6.818672847756912514e-01
6.448192376301271622e-01 7.778986387302404548e-01 7.606240670942031601e-01 7.570238973556382422e-01 7.549221993077900317e-01
5.789504366068017882e-01 6.708345226784004911e-01 6.617248978210923394e-01 5.589856985338521600e-01 5.620375661207371865e-01
5.740307837112125222e-01 6.729323990811423295e-01 5.273854429205672156e-01 4.342929792909438480e-01 4.872695380313947777e-01
