0.000000000000000000e+00 0.000000000000000000e+00 0.000000000000000000e+00 0.000000000000000000e+00 0.000000000000000000e+00
6.029274238401090003e-01 6.029274238401090003e-01 6.029274238401090003e-01 6.029274238401090003e-01 6.029274238401090003e-01
6.110391045735873439e-01 6.013953023157354583e-01 6.013953023157354583e-01 5.947144627168281517e-01 6.003718998346410096e-01
5.916078487566859279e-01 6.165587302576684969e-01 5.936805649082688152e-01 6.095257368606949999e-01 5.879646765087082061e-01
6.367389839317805222e-01 5.900489812523441735e-01 6.245063970444295620e-01 6.085148970593516893e-01 6.039468589478144134e-01
5.624158926315816487e-01 5.863970588235294379e-01 5.993468997046416114e-01 5.121663297377857527e-01 6.024171132741439338e-01
6.254932393820518133e-01 5.957467287399760281e-01 6.658525500590900537e-01 5.832504425094749978e-01 5.895285296734019687e-01
5.931630021203915248e-01 6.155585707824513531e-01 5.936805649082688152e-01 5.983202957749823581e-01 5.203390009728037224e-01
4.727701746106653946e-01 6.445538461538462549e-01 5.910886399967495430e-01 5.785017344528962102e-01 5.972920818702349699e-01
5.769110668598252945e-01 4.826987492078677056e-01 4.765117782024635984e-01 5.853498782005956969e-01 5.957467287399760281e-01
5.197587268548886641e-01 4.746437587793186363e-01 6.067055587208265433e-01 5.678225652117925293e-01 5.745052403892751958e-01
