0.000000000000000000e+00 0.000000000000000000e+00 0.000000000000000000e+00 0.000000000000000000e+00 0.000000000000000000e+00
6.512280701754386003e-01 6.512280701754386003e-01 6.512280701754386003e-01 6.512280701754386003e-01 6.512280701754386003e-01
6.568421052631578938e-01 6.501754385964912952e-01 6.501754385964912952e-01 6.456140350877193068e-01 6.494736842105263142e-01
6.435087719298245856e-01 6.607017543859649011e-01 6.449122807017544368e-01 6.557894736842104777e-01 6.410526315789473184e-01
6.750877192982456254e-01 6.424561403508771695e-01 6.663157894736841946e-01 6.550877192982456076e-01 6.519298245614034704e-01
6.242105263157894379e-01 6.400000000000000133e-01 6.487719298245614441e-01 5.929824561403508332e-01 6.508771929824561653e-01
6.670175438596490647e-01 6.463157894736841769e-01 6.964912280701754943e-01 6.378947368421052921e-01 6.421052631578947345e-01
6.445614035087718907e-01 6.600000000000000311e-01 6.449122807017544368e-01 6.480701754385964630e-01 5.978947368421052566e-01
5.701754385964912242e-01 6.800000000000000488e-01 6.431578947368421506e-01 6.347368421052631549e-01 6.473684210526315930e-01
6.336842105263158498e-01 5.757894736842105177e-01 5.722807017543859454e-01 6.392982456140350322e-01 6.463157894736841769e-01
5.975438596491228216e-01 5.712280701754386403e-01 6.536842105263158675e-01 6.277192982456140102e-01 6.319298245614035636e-01
