0.000000000000000000e+00 0.000000000000000000e+00 0.000000000000000000e+00 0.000000000000000000e+00 0.000000000000000000e+00
4.221051985905164283e-01 4.221051985905164283e-01 4.221051985905164283e-01 4.221051985905164283e-01 4.221051985905164283e-01
4.139967893035373381e-01 4.046483685425515953e-01 4.046483685425515953e-01 4.005289662043553522e-01 4.028851900304106781e-01
3.874545978244453015e-01 3.778128931061954243e-01 3.922322702763680891e-01 3.940168659288590947e-01 3.612530530610011392e-01
3.790246839922716826e-01 3.717242442160844096e-01 3.649668412727767874e-01 3.261387122488362267e-01 3.778128931061954243e-01
2.105672946173671456e-01 3.313805729250728360e-01 3.039285385334369871e-01 1.699437154648349435e-01 3.004714479750147937e-01
2.096569673443836601e-01 2.642344031722966835e-01 1.280825340188299633e-01 3.188450359320948446e-01 3.107661596800858073e-01
1.897021714412074622e-01 1.575157737687761517e-01 2.494869876134740982e-01 1.805787796286538183e-01 7.972410051791008201e-02
3.748975029753798954e-02 4.192218081503185784e-02 3.748975029753798954e-02 1.162476387438192843e-01 4.192218081503185784e-02
4.962043762158187959e-02 3.748975029753798954e-02 3.748975029753798954e-02 3.748975029753798954e-02 3.748975029753798954e-02
3.246137365805977504e-02 3.246137365805977504e-02 3.246137365805977504e-02 2.649994700015899721e-02 3.246137365805977504e-02
