0.000000000000000000e+00 0.000000000000000000e+00 0.000000000000000000e+00 0.000000000000000000e+00 0.000000000000000000e+00
9.078947368421053099e-01 9.078947368421053099e-01 9.035087719298245945e-01 9.078947368421053099e-01 8.991228070175438791e-01
9.166666666666666297e-01 9.035087719298245945e-01 8.991228070175438791e-01 9.078947368421053099e-01 8.947368421052631637e-01
9.210526315789473450e-01 9.166666666666666297e-01 8.903508771929824483e-01 8.991228070175438791e-01 9.122807017543859143e-01
9.035087719298245945e-01 9.078947368421053099e-01 8.596491228070175517e-01 9.342105263157894912e-01 9.166666666666666297e-01
9.078947368421053099e-01 9.298245614035087758e-01 7.412280701754385692e-01 9.298245614035087758e-01 8.640350877192982670e-01
8.552631578947368363e-01 9.078947368421053099e-01 9.078947368421053099e-01 8.947368421052631637e-01 8.596491228070175517e-01
8.991228070175438791e-01 9.078947368421053099e-01 8.377192982456140857e-01 8.421052631578946901e-01 7.368421052631578538e-01
9.210526315789473450e-01 7.675438596491228616e-01 9.166666666666666297e-01 6.842105263157894912e-01 7.807017543859648967e-01
7.061403508771929571e-01 8.421052631578946901e-01 9.078947368421053099e-01 7.807017543859648967e-01 9.078947368421053099e-01
8.859649122807017330e-01 8.552631578947368363e-01 7.675438596491228616e-01 6.885964912280702066e-01 8.991228070175438791e-01
