0.000000000000000000e+00 0.000000000000000000e+00 0.000000000000000000e+00 0.000000000000000000e+00 0.000000000000000000e+00
8.947368421052631637e-01 9.078947368421053099e-01 9.035087719298245945e-01 9.166666666666666297e-01 8.947368421052631637e-01
9.166666666666666297e-01 9.035087719298245945e-01 9.035087719298245945e-01 9.122807017543859143e-01 9.078947368421053099e-01
9.254385964912280604e-01 8.991228070175438791e-01 8.815789473684210176e-01 9.298245614035087758e-01 7.236842105263158187e-01
8.333333333333333703e-01 9.035087719298245945e-01 8.508771929824561209e-01 9.122807017543859143e-01 9.342105263157894912e-01
8.684210526315789824e-01 8.684210526315789824e-01 8.508771929824561209e-01 8.640350877192982670e-01 8.245614035087719396e-01
8.026315789473684736e-01 7.894736842105263275e-01 7.982456140350877583e-01 8.377192982456140857e-01 7.894736842105263275e-01
7.587719298245614308e-01 5.263157894736841813e-01 7.850877192982456121e-01 8.114035087719297934e-01 7.500000000000000000e-01
5.263157894736841813e-01 5.263157894736841813e-01 5.263157894736841813e-01 5.263157894736841813e-01 5.394736842105263275e-01
5.263157894736841813e-01 5.263157894736841813e-01 5.263157894736841813e-01 5.263157894736841813e-01 5.263157894736841813e-01
5.263157894736841813e-01 5.657894736842105088e-01 7.192982456140351033e-01 5.263157894736841813e-01 6.447368421052631637e-01
