0.000000000000000000e+00 0.000000000000000000e+00 0.000000000000000000e+00 0.000000000000000000e+00 0.000000000000000000e+00
6.361308054853912486e-01 6.189332627824991606e-01 6.048287567417796051e-01 6.166910200673224596e-01 6.378441559834214791e-01
5.994528160558694196e-01 5.994982199747328488e-01 6.187428354555876142e-01 6.472591375315110973e-01 6.042176223992096196e-01
6.163897086810700143e-01 5.981578324135576885e-01 5.881172608841235272e-01 5.946165569345701618e-01 6.430427921655992307e-01
6.142086291881093674e-01 5.683263696458134007e-01 6.179239663863568266e-01 5.978936842098480087e-01 6.289387065381063513e-01
5.833775256507486295e-01 5.939567099567099051e-01 6.047245849273855667e-01 5.943093549476529125e-01 5.934562938012711841e-01
5.531322692243078043e-01 5.854545915521525146e-01 6.059442928602415401e-01 5.613647722974802745e-01 5.611368185276677245e-01
5.601671818939371050e-01 5.741573590441415575e-01 5.476592197566573228e-01 5.706673446984629194e-01 6.146712936186620180e-01
5.163877043957053603e-01 5.618576685254732528e-01 5.043792423501703981e-01 5.659685473720562632e-01 5.494626599761364139e-01
4.701775063395121634e-01 3.938185706061352875e-01 4.885745372815653020e-01 4.820054061101454734e-01 4.664705641843373551e-01
2.842653244683581160e-01 3.568438558445172215e-01 3.331489196790812790e-01 2.603610475464022689e-01 2.392221610713630708e-01
