0.000000000000000000e+00 0.000000000000000000e+00 0.000000000000000000e+00 0.000000000000000000e+00 0.000000000000000000e+00
6.800941111346281431e-01 7.286248844379542566e-01 7.181309072864082710e-01 6.949366078203743635e-01 7.139249882788029078e-01
6.991652165261083018e-01 6.970515683139152374e-01 6.949366078203744745e-01 7.244308110509932730e-01 7.033886234191988329e-01
7.097141834726301557e-01 6.822186029581883693e-01 7.054984053844488567e-01 6.885837316953948850e-01 6.928203230275510327e-01
7.139249882788029078e-01 6.737121046856735518e-01 7.223320258409947625e-01 6.949366078203743635e-01 7.160285531240279111e-01
6.928203230275510327e-01 7.118202020173352018e-01 7.012775643225884759e-01 6.970515683139152374e-01 6.970515683139152374e-01
6.822186029581883693e-01 6.864634003353711211e-01 7.054984053844487457e-01 6.758408754203084623e-01 6.415980049844294264e-01
6.991652165261083018e-01 6.630461689974704864e-01 6.651823475976760269e-01 6.991652165261083018e-01 7.097141834726302667e-01
6.394442031083625855e-01 6.673170161175271398e-01 6.523421052041805668e-01 6.885837316953948850e-01 6.673170161175271398e-01
6.112835312320753500e-01 5.805866764651845813e-01 6.415980049844294264e-01 6.091042603692736757e-01 6.156362562422716955e-01
5.291502622129181654e-01 5.539225778231305908e-01 5.359402951822151984e-01 5.040141091499544812e-01 4.994005295240373510e-01
