0.000000000000000000e+00 0.000000000000000000e+00 0.000000000000000000e+00 0.000000000000000000e+00 0.000000000000000000e+00
9.666625509322139820e-01 9.777667984189724049e-01 9.722145040288969753e-01 9.666625509322139820e-01 9.666625509322139820e-01
9.611099107997160829e-01 9.777667984189724049e-01 9.555555555555556024e-01 9.611099107997160829e-01 9.777777777777777457e-01
9.499984567424919479e-01 9.777777777777777457e-01 9.722145040288969753e-01 9.777777777777777457e-01 9.611099107997160829e-01
9.777667984189724049e-01 9.611003056404556766e-01 9.666625509322139820e-01 9.666625509322139820e-01 9.722213648569399957e-01
9.777667984189724049e-01 9.777667984189724049e-01 9.444375848870231183e-01 9.610522085870607523e-01 9.610522085870607523e-01
9.554675903018308158e-01 9.611003056404556766e-01 9.498746867167919827e-01 9.443826473859844306e-01 9.611003056404556766e-01
9.498746867167919827e-01 9.442724458204334592e-01 9.047055526143690241e-01 9.386598097834506493e-01 9.330357142857143016e-01
8.701013460512692088e-01 8.989898989898990056e-01 8.989898989898990056e-01 8.817234581807942284e-01 9.330357142857143016e-01
8.701013460512692088e-01 8.102903133084219389e-01 8.583792289535798758e-01 8.583792289535798758e-01 7.979149959903768519e-01
5.052741048878324204e-01 4.034090909090909394e-01 4.564012385794564142e-01 4.861778846153845812e-01 4.357366771159875141e-01
