0.000000000000000000e+00 0.000000000000000000e+00 0.000000000000000000e+00 0.000000000000000000e+00 0.000000000000000000e+00
9.449695734505159095e-01 9.449695734505159095e-01 9.565007145952775236e-01 9.557915826199321341e-01 9.565007145952775236e-01
9.013921122009447284e-01 9.565007145952775236e-01 9.449695734505159095e-01 9.111111111111110938e-01 9.555555555555556024e-01
9.111111111111110938e-01 9.555555555555556024e-01 9.555555555555556024e-01 9.555555555555556024e-01 8.891084489487740550e-01
9.459053029269173241e-01 9.445027488828396933e-01 9.565007145952775236e-01 9.672041516493515845e-01 9.565007145952775236e-01
9.557915826199321341e-01 9.449695734505159095e-01 8.944271909999158554e-01 8.944271909999158554e-01 9.459053029269173241e-01
9.013921122009447284e-01 9.459053029269173241e-01 9.459053029269173241e-01 9.227349952516802345e-01 9.250243797288715264e-01
9.250243797288715264e-01 8.646229325746458416e-01 8.164965809277260345e-01 8.646229325746458416e-01 8.844083999045815325e-01
7.248611789946811657e-01 8.646229325746458416e-01 7.977240352174655991e-01 7.884298457197200793e-01 8.548504142651103255e-01
7.791937224739795553e-01 7.337993857053427549e-01 8.164965809277260345e-01 7.700132167581936748e-01 6.807456457050177212e-01
3.535533905932737309e-01 3.015113445777635737e-01 4.108907018066590422e-01 5.859040724295678793e-01 2.156655464068768235e-01
