0.000000000000000000e+00 0.000000000000000000e+00 0.000000000000000000e+00 0.000000000000000000e+00 0.000000000000000000e+00 0.000000000000000000e+00 0.000000000000000000e+00 0.000000000000000000e+00 0.000000000000000000e+00 0.000000000000000000e+00
9.019408424442749705e-01 8.690235690235690313e-01 7.709330848249194013e-01 8.862905458650138790e-01 8.699042291719637499e-01 8.193752780218946929e-01 8.525451145984327406e-01 8.359788359788359324e-01 9.183920762868131860e-01 9.024676850763807545e-01
7.709330848249194013e-01 8.016860010497338651e-01 7.870943477326456383e-01 8.862905458650138790e-01 8.193752780218946929e-01 8.854700854700855439e-01 7.709330848249194013e-01 7.709330848249194013e-01 8.854700854700855439e-01 8.854700854700855439e-01
7.879696051862480344e-01 7.709330848249194013e-01 8.687689122471731196e-01 8.697983697983696638e-01 7.709330848249194013e-01 7.709330848249194013e-01 8.854700854700855439e-01 8.342074592074592010e-01 8.193752780218946929e-01 8.862905458650138790e-01
8.193752780218946929e-01 8.862905458650138790e-01 8.854700854700855439e-01 8.525451145984327406e-01 9.346092503987241118e-01 7.533731188375712984e-01 7.709330848249194013e-01 9.019408424442749705e-01 8.862905458650138790e-01 8.372053872053871748e-01
8.045612923661703553e-01 7.689687573408504617e-01 7.675983436853002218e-01 8.534634458486642927e-01 7.546897546897546327e-01 9.019408424442749705e-01 7.853775853775855076e-01 8.016860010497338651e-01 7.709330848249194013e-01 8.193752780218946929e-01
7.709330848249194013e-01 7.870943477326456383e-01 8.541194255479970243e-01 8.699042291719637499e-01 7.709330848249194013e-01 8.690235690235690313e-01 8.193752780218946929e-01 7.879696051862480344e-01 8.862905458650138790e-01 8.687689122471731196e-01
7.546897546897546327e-01 7.562432839028584430e-01 7.264311129857348170e-01 8.540881306838753462e-01 7.709330848249194013e-01 8.703703703703703498e-01 8.203604674192909174e-01 9.019408424442749705e-01 8.854700854700855439e-01 8.854700854700855439e-01
8.355992355992357679e-01 8.862905458650138790e-01 8.342074592074592010e-01 8.854700854700855439e-01 8.193752780218946929e-01 8.862905458650138790e-01 7.887700534759357618e-01 8.366443068455451382e-01 8.862905458650138790e-01 8.862905458650138790e-01
8.862905458650138790e-01 8.534634458486642927e-01 8.854700854700855439e-01 8.862905458650138790e-01 8.860334018228755992e-01 8.699042291719637499e-01 7.709330848249194013e-01 8.541194255479970243e-01 8.541194255479970243e-01 8.540881306838753462e-01
8.697983697983696638e-01 8.862905458650138790e-01 8.321298087255534215e-01 9.024676850763807545e-01 7.574808851404596366e-01 8.697983697983696638e-01 8.699042291719637499e-01 8.047508047508048490e-01 7.407407407407405886e-01 8.529249537652899837e-01
7.259273725439138181e-01 8.854700854700855439e-01 8.193752780218946929e-01 7.456170904446767222e-01 7.853775853775855076e-01 9.183920762868131860e-01 8.374727668845315387e-01 8.699042291719637499e-01 9.019408424442749705e-01 8.534634458486642927e-01
8.355992355992357679e-01 8.862905458650138790e-01 9.024676850763807545e-01 7.870943477326456383e-01 9.183920762868131860e-01 8.525451145984327406e-01 8.032245532245533282e-01 8.193752780218946929e-01 8.699042291719637499e-01 8.379629629629631316e-01
8.854700854700855439e-01 7.533731188375712984e-01 8.854700854700855439e-01 8.699042291719637499e-01 7.259273725439138181e-01 8.862905458650138790e-01 9.019408424442749705e-01 8.355992355992357679e-01 7.396184062850729157e-01 8.862905458650138790e-01
8.862905458650138790e-01 8.851917026609075201e-01 8.193752780218946929e-01 8.374727668845315387e-01 8.053872053872054293e-01 7.887700534759357618e-01 8.534634458486642927e-01 6.556183301946013620e-01 8.862905458650138790e-01 8.371821415299676161e-01
8.703703703703703498e-01 8.862905458650138790e-01 7.565219341024002064e-01 8.193752780218946929e-01 8.193752780218946929e-01 8.379629629629631316e-01 8.862905458650138790e-01 8.517056577131670858e-01 8.862905458650138790e-01 8.193752780218946929e-01
8.699042291719637499e-01 8.529249537652899837e-01 6.939988116458705170e-01 8.854700854700855439e-01 8.541194255479970243e-01 8.042478842478842926e-01 8.862905458650138790e-01 8.862905458650138790e-01 7.870943477326456383e-01 8.862905458650138790e-01
8.342074592074592010e-01 8.862905458650138790e-01 9.024676850763807545e-01 9.019408424442749705e-01 7.240973312401882689e-01 8.355992355992357679e-01 8.216619981325862243e-01 8.374727668845315387e-01 8.699042291719637499e-01 9.024676850763807545e-01
8.541194255479970243e-01 9.024676850763807545e-01 8.862905458650138790e-01 7.887083935918562938e-01 8.193752780218946929e-01 8.541194255479970243e-01 8.541194255479970243e-01 7.070707070707070718e-01 8.699042291719637499e-01 8.697983697983696638e-01
9.019408424442749705e-01 2.315462315462315512e-01 9.024676850763807545e-01 8.379629629629631316e-01 9.019408424442749705e-01 8.699042291719637499e-01 8.862905458650138790e-01 8.374727668845315387e-01 8.193752780218946929e-01 8.862905458650138790e-01
9.019408424442749705e-01 9.346092503987241118e-01 7.709330848249194013e-01 8.203604674192909174e-01 8.699042291719637499e-01 8.699042291719637499e-01 7.538126361655773655e-01 8.534634458486642927e-01 9.019408424442749705e-01 8.862905458650138790e-01
8.703703703703703498e-01 8.862905458650138790e-01 8.193752780218946929e-01 8.699042291719637499e-01 6.561868686868687073e-01 7.101938301938303111e-01 9.019408424442749705e-01 9.335593007563631751e-01 7.063027295285358997e-01 9.332497911445279959e-01
9.019408424442749705e-01 9.183920762868131860e-01 8.045315904139433982e-01 8.193752780218946929e-01 8.193752780218946929e-01 8.374727668845315387e-01 8.697983697983696638e-01 7.730015082956259720e-01 9.170289170289169789e-01 8.703703703703703498e-01
8.193752780218946929e-01 8.203604674192909174e-01 7.887700534759357618e-01 8.703703703703703498e-01 9.024676850763807545e-01 7.887700534759357618e-01 7.709330848249194013e-01 8.045315904139433982e-01 8.862905458650138790e-01 8.534634458486642927e-01
8.862905458650138790e-01 8.862905458650138790e-01 7.565219341024002064e-01 8.699042291719637499e-01 6.891414141414141659e-01 8.355992355992357679e-01 8.862905458650138790e-01 6.745230078563411169e-01 8.862905458650138790e-01 7.503437704289804833e-01
7.565219341024002064e-01 7.565219341024002064e-01 8.862905458650138790e-01 8.203604674192909174e-01 7.872866127583107998e-01 7.562432839028584430e-01 6.939988116458705170e-01 6.018320530081043840e-01 8.703703703703703498e-01 7.396184062850729157e-01
8.374727668845315387e-01 7.565219341024002064e-01 8.860334018228755992e-01 9.024676850763807545e-01 7.887083935918562938e-01 8.862905458650138790e-01 8.862905458650138790e-01 8.853760737481667364e-01 8.042199488491048598e-01 8.862905458650138790e-01
7.565219341024002064e-01 8.042478842478842926e-01 8.862905458650138790e-01 6.176522284996862622e-01 7.992757025015090333e-01 8.203604674192909174e-01 8.541194255479970243e-01 1.666666666666666574e-01 8.862905458650138790e-01 8.534634458486642927e-01
6.018320530081043840e-01 8.862905458650138790e-01 9.019408424442749705e-01 7.887083935918562938e-01 8.541194255479970243e-01 9.183920762868131860e-01 8.193752780218946929e-01 8.047508047508048490e-01 6.891414141414141659e-01 8.374727668845315387e-01
7.900069322241773939e-01 8.379629629629631316e-01 7.730015082956259720e-01 8.207810760278145823e-01 8.541194255479970243e-01 7.714233841684819959e-01 6.595672751859363858e-01 8.862905458650138790e-01 8.203604674192909174e-01 7.259273725439138181e-01
8.862905458650138790e-01 8.541194255479970243e-01 7.728965328965329284e-01 9.024676850763807545e-01 9.019408424442749705e-01 7.728826728826728720e-01 8.862905458650138790e-01 7.030539311241065237e-01 8.541194255479970243e-01 8.529249537652899837e-01
6.414187411455171128e-01 7.717282717282717419e-01 7.038705022575989512e-01 8.862905458650138790e-01 8.680770553835568393e-01 7.255892255892256726e-01 8.380952380952381153e-01 8.862905458650138790e-01 8.056209150326796298e-01 7.872866127583107998e-01
6.994078718216649726e-01 7.690527065527065220e-01 6.556183301946013620e-01 8.517056577131670858e-01 7.187666135034556092e-01 8.355992355992357679e-01 8.027065527065526673e-01 8.862905458650138790e-01 8.193752780218946929e-01 8.193752780218946929e-01
8.862905458650138790e-01 9.019138755980860012e-01 8.703703703703703498e-01 8.862905458650138790e-01 7.565219341024002064e-01 6.848484848484849286e-01 8.699042291719637499e-01 9.019138755980860012e-01 7.872866127583107998e-01 7.844277631252678518e-01
8.027065527065526673e-01 6.218855218855218192e-01 9.170653907496012502e-01 6.733380106593798153e-01 7.396184062850729157e-01 7.503607503607504503e-01 6.772782772782773852e-01 7.243354746129441191e-01 9.024676850763807545e-01 9.183920762868131860e-01
8.380952380952381153e-01 8.862905458650138790e-01 5.719561203432171892e-01 9.183920762868131860e-01 9.019138755980860012e-01 7.348272642390289988e-01 9.024676850763807545e-01 7.248677248677249940e-01 1.666666666666666574e-01 8.699042291719637499e-01
7.654320987654320563e-01 8.541194255479970243e-01 7.007002801120446600e-01 9.024676850763807545e-01 6.296296296296296502e-01 7.550505050505050830e-01 7.396184062850729157e-01 8.862905458650138790e-01 9.346092503987241118e-01 8.374727668845315387e-01
8.703703703703703498e-01 8.203604674192909174e-01 8.366443068455451382e-01 8.027065527065526673e-01 8.355992355992357679e-01 7.038705022575989512e-01 8.541194255479970243e-01 7.396184062850729157e-01 7.456170904446767222e-01 7.713675213675212916e-01
6.746031746031745380e-01 6.439821948296523546e-01 9.164652836623461418e-01 7.565219341024002064e-01 7.721661054994388707e-01 8.380952380952381153e-01 7.691870057461454024e-01 6.666666666666666297e-01 8.056209150326796298e-01 8.379629629629631316e-01
7.030539311241065237e-01 7.887083935918562938e-01 6.800275076137145547e-01 5.877245708942763214e-01 6.018320530081043840e-01 8.027065527065526673e-01 8.027065527065526673e-01 8.203604674192909174e-01 8.697983697983696638e-01 7.691870057461454024e-01
8.203604674192909174e-01 6.649251132009753595e-01 8.027065527065526673e-01 8.862905458650138790e-01 6.948710518690234261e-01 9.024676850763807545e-01 8.056209150326796298e-01 8.862905458650138790e-01 8.505245798478880959e-01 8.027065527065526673e-01
7.844277631252678518e-01 8.027065527065526673e-01 8.219954648526076602e-01 5.907407407407406774e-01 6.848484848484849286e-01 9.019408424442749705e-01 8.027065527065526673e-01 7.691870057461454024e-01 8.689295703025680107e-01 6.556183301946013620e-01
8.374727668845315387e-01 7.248677248677249940e-01 7.396184062850729157e-01 8.862905458650138790e-01 8.862905458650138790e-01 8.862905458650138790e-01 6.800275076137145547e-01 8.703703703703703498e-01 8.057142857142856052e-01 6.848484848484849286e-01
7.690527065527065220e-01 6.891534391534390736e-01 8.851917026609075201e-01 6.556183301946013620e-01 9.174154899443731637e-01 6.733380106593798153e-01 8.862905458650138790e-01 6.994078718216649726e-01 6.556183301946013620e-01 8.862905458650138790e-01
6.154850502676589841e-01 5.470177970177969584e-01 6.018320530081043840e-01 8.379629629629631316e-01 7.714233841684819959e-01 5.577248677248677344e-01 8.862905458650138790e-01 5.853775853775854410e-01 6.904040404040404644e-01 7.654320987654320563e-01
6.884388493583895041e-01 8.203604674192909174e-01 7.220959595959595134e-01 7.248677248677249940e-01 8.862905458650138790e-01 6.296296296296296502e-01 8.541194255479970243e-01 7.556603773584904538e-01 6.567856422665859784e-01 7.396184062850729157e-01
5.579161176987263993e-01 7.372806405064470381e-01 8.862905458650138790e-01 7.992757025015090333e-01 6.018320530081043840e-01 6.439821948296523546e-01 6.018320530081043840e-01 6.373472176064399752e-01 7.844277631252678518e-01 6.891534391534390736e-01
3.756613756613756405e-01 8.697983697983696638e-01 8.203604674192909174e-01 6.800275076137145547e-01 8.699042291719637499e-01 8.193752780218946929e-01 8.703703703703703498e-01 8.862905458650138790e-01 7.870865517924342525e-01 7.030539311241065237e-01
6.790911536674247850e-01 6.018320530081043840e-01 7.844277631252678518e-01 9.183920762868131860e-01 8.380952380952381153e-01 6.018320530081043840e-01 7.872866127583107998e-01 6.018320530081043840e-01 6.018320530081043840e-01 7.691870057461454024e-01
8.027065527065526673e-01 7.870865517924342525e-01 6.350516514450941230e-01 8.541194255479970243e-01 6.439821948296523546e-01 8.541194255479970243e-01 8.862905458650138790e-01 7.550505050505050830e-01 6.018320530081043840e-01 6.439821948296523546e-01
7.456170904446767222e-01 6.154850502676589841e-01 8.380952380952381153e-01 7.844277631252678518e-01 7.187666135034556092e-01 9.024676850763807545e-01 5.579161176987263993e-01 6.683908045977010604e-01 6.595672751859363858e-01 5.434491978609625740e-01
5.853775853775854410e-01 7.030539311241065237e-01 6.296296296296296502e-01 5.719561203432171892e-01 7.394698620188816518e-01 6.264223722275795714e-01 7.456170904446767222e-01 9.332497911445279959e-01 6.296296296296296502e-01 7.396184062850729157e-01
6.018320530081043840e-01 7.380952380952380265e-01 6.733380106593798153e-01 7.721661054994388707e-01 5.380116959064328297e-01 8.862905458650138790e-01 8.380952380952381153e-01 5.308432371250707549e-01 6.595672751859363858e-01 6.350516514450941230e-01
6.218855218855218192e-01 7.038705022575989512e-01 6.018320530081043840e-01 6.290078644888082993e-01 7.654320987654320563e-01 6.439821948296523546e-01 7.654320987654320563e-01 6.218855218855218192e-01 9.024676850763807545e-01 6.154046317980744751e-01
7.030539311241065237e-01 6.439821948296523546e-01 8.216619981325862243e-01 7.654320987654320563e-01 7.844277631252678518e-01 7.844277631252678518e-01 8.203604674192909174e-01 6.806400721208024640e-01 7.030539311241065237e-01 8.177442148030382718e-01
6.018320530081043840e-01 6.800275076137145547e-01 8.355992355992357679e-01 9.024676850763807545e-01 6.522532384601349431e-01 7.691870057461454024e-01 6.733380106593798153e-01 6.556183301946013620e-01 8.703703703703703498e-01 6.018320530081043840e-01
5.396825396825396526e-01 7.030539311241065237e-01 7.601164382773578643e-01 6.018320530081043840e-01 8.027065527065526673e-01 5.579161176987263993e-01 6.018320530081043840e-01 7.844277631252678518e-01 6.505781799899446050e-01 6.891534391534390736e-01
6.556183301946013620e-01 6.154850502676589841e-01 5.312500000000000000e-01 7.030539311241065237e-01 6.296296296296296502e-01 6.556183301946013620e-01 6.154850502676589841e-01 7.601164382773578643e-01 6.018320530081043840e-01 6.296296296296296502e-01
5.579161176987263993e-01 6.018320530081043840e-01 6.556183301946013620e-01 6.800275076137145547e-01 5.308432371250707549e-01 6.154046317980744751e-01 7.030539311241065237e-01 6.434061179823892251e-01 8.374727668845315387e-01 6.018320530081043840e-01
6.018320530081043840e-01 5.877245708942763214e-01 6.412698412698412120e-01 5.853775853775854410e-01 5.731065373009106567e-01 5.731065373009106567e-01 8.047508047508048490e-01 5.731065373009106567e-01 6.666666666666666297e-01 6.439821948296523546e-01
7.053571428571427937e-01 6.505781799899446050e-01 7.101086048454470223e-01 6.018320530081043840e-01 5.046296296296296502e-01 6.655491401254113315e-01 5.877245708942763214e-01 6.138260432378079834e-01 5.853775853775854410e-01 8.862905458650138790e-01
5.877245708942763214e-01 5.579605579605578791e-01 6.884388493583895041e-01 6.296296296296296502e-01 7.550505050505050830e-01 8.541194255479970243e-01 5.283605283605283809e-01 6.154850502676589841e-01 6.800275076137145547e-01 8.203604674192909174e-01
6.018320530081043840e-01 5.579605579605578791e-01 6.018320530081043840e-01 6.695246971109040102e-01 6.018320530081043840e-01 6.018320530081043840e-01 1.666666666666666574e-01 6.218855218855218192e-01 6.154046317980744751e-01 6.018320530081043840e-01
6.018320530081043840e-01 7.187666135034556092e-01 5.046296296296296502e-01 5.853775853775854410e-01 5.877245708942763214e-01 5.579161176987263993e-01 6.296296296296296502e-01 6.891534391534390736e-01 6.884388493583895041e-01 5.380116959064328297e-01
5.719561203432171892e-01 6.556183301946013620e-01 8.541194255479970243e-01 6.522532384601349431e-01 5.046296296296296502e-01 6.018320530081043840e-01 6.556183301946013620e-01 5.179465179465179148e-01 5.719561203432171892e-01 5.046296296296296502e-01
5.579161176987263993e-01 5.579161176987263993e-01 6.556183301946013620e-01 5.046296296296296502e-01 5.343687086568881250e-01 5.308432371250707549e-01 5.579161176987263993e-01 5.579605579605578791e-01 5.731065373009106567e-01 6.828852522891096788e-01
6.018320530081043840e-01 5.579161176987263993e-01 5.579161176987263993e-01 6.891534391534390736e-01 8.541194255479970243e-01 5.719561203432171892e-01 8.541194255479970243e-01 5.877245708942763214e-01 5.579161176987263993e-01 5.731065373009106567e-01
5.577248677248677344e-01 5.579605579605578791e-01 7.187666135034556092e-01 5.579161176987263993e-01 6.018320530081043840e-01 7.030539311241065237e-01 7.801008555725535976e-01 5.731065373009106567e-01 5.396825396825396526e-01 5.579161176987263993e-01
6.018320530081043840e-01 6.018320530081043840e-01 6.018320530081043840e-01 5.719561203432171892e-01 7.392067392067392939e-01 5.579161176987263993e-01 7.714233841684819959e-01 6.018320530081043840e-01 7.307060755336617364e-01 5.046296296296296502e-01
5.579161176987263993e-01 5.719561203432171892e-01 6.018320530081043840e-01 6.018320530081043840e-01 6.567856422665859784e-01 5.434491978609625740e-01 5.719561203432171892e-01 6.556183301946013620e-01 6.296296296296296502e-01 5.731065373009106567e-01
5.283605283605283809e-01 6.218855218855218192e-01 6.994078718216649726e-01 6.018320530081043840e-01 6.154850502676589841e-01 6.154850502676589841e-01 6.018320530081043840e-01 6.018320530081043840e-01 5.579161176987263993e-01 6.018320530081043840e-01
6.018320530081043840e-01 6.154850502676589841e-01 5.046296296296296502e-01 5.283605283605283809e-01 7.030539311241065237e-01 5.579161176987263993e-01 6.018320530081043840e-01 5.046296296296296502e-01 6.018320530081043840e-01 5.179465179465179148e-01
6.018320530081043840e-01 6.800275076137145547e-01 5.719561203432171892e-01 7.077308656256025010e-01 5.285285285285284962e-01 6.018320530081043840e-01 5.877245708942763214e-01 6.138260432378079834e-01 6.018320530081043840e-01 5.719561203432171892e-01
5.719561203432171892e-01 6.018320530081043840e-01 5.877245708942763214e-01 5.579161176987263993e-01 5.854916018850445658e-01 6.018320530081043840e-01 6.018320530081043840e-01 5.719561203432171892e-01 5.396825396825396526e-01 5.719561203432171892e-01
5.719561203432171892e-01 5.046296296296296502e-01 5.877245708942763214e-01 6.018320530081043840e-01 5.877245708942763214e-01 5.986177565124933819e-01 5.046296296296296502e-01 6.188999172870141008e-01 8.703703703703703498e-01 5.046296296296296502e-01
5.579605579605578791e-01 5.579161176987263993e-01 6.154850502676589841e-01 6.018320530081043840e-01 7.456170904446767222e-01 5.579605579605578791e-01 5.420847268673355535e-01 6.018320530081043840e-01 6.800275076137145547e-01 1.666666666666666574e-01
5.579161176987263993e-01 5.308432371250707549e-01 8.697983697983696638e-01 5.877245708942763214e-01 5.434491978609625740e-01 7.227272727272726627e-01 5.579161176987263993e-01 6.018320530081043840e-01 6.018320530081043840e-01 5.719561203432171892e-01
6.018320530081043840e-01 5.579161176987263993e-01 5.046296296296296502e-01 6.018320530081043840e-01 6.264223722275795714e-01 5.854916018850445658e-01 5.420847268673355535e-01 4.616312377506407993e-01 5.179465179465179148e-01 5.579161176987263993e-01
6.018320530081043840e-01 5.283605283605283809e-01 6.154850502676589841e-01 5.434491978609625740e-01 5.854916018850445658e-01 6.018320530081043840e-01 5.719561203432171892e-01 5.179465179465179148e-01 6.018320530081043840e-01 1.666666666666666574e-01
6.018320530081043840e-01 5.719561203432171892e-01 6.018320530081043840e-01 5.179465179465179148e-01 5.719561203432171892e-01 5.179465179465179148e-01 5.579605579605578791e-01 5.579605579605578791e-01 6.018320530081043840e-01 5.719561203432171892e-01
6.505781799899446050e-01 5.719561203432171892e-01 5.579605579605578791e-01 5.046296296296296502e-01 6.567856422665859784e-01 6.018320530081043840e-01 5.046296296296296502e-01 5.579161176987263993e-01 6.018320530081043840e-01 6.018320530081043840e-01
5.719561203432171892e-01 5.719561203432171892e-01 5.046296296296296502e-01 5.719561203432171892e-01 5.579161176987263993e-01 5.719561203432171892e-01 5.308432371250707549e-01 5.877245708942763214e-01 5.579161176987263993e-01 6.018320530081043840e-01
5.046296296296296502e-01 5.308432371250707549e-01 4.765300059417706957e-01 5.420847268673355535e-01 5.719561203432171892e-01 5.719561203432171892e-01 5.579605579605578791e-01 5.179465179465179148e-01 5.719561203432171892e-01 5.854916018850445658e-01
5.719561203432171892e-01 5.046296296296296502e-01 5.731065373009106567e-01 6.018320530081043840e-01 6.018320530081043840e-01 5.719561203432171892e-01 5.579605579605578791e-01 5.046296296296296502e-01 5.046296296296296502e-01 5.579605579605578791e-01
5.579161176987263993e-01 5.719561203432171892e-01 5.380116959064328297e-01 5.046296296296296502e-01 5.579605579605578791e-01 5.579605579605578791e-01 1.666666666666666574e-01 5.283605283605283809e-01 5.185185185185184897e-01 5.579161176987263993e-01
1.666666666666666574e-01 5.719561203432171892e-01 5.719561203432171892e-01 5.046296296296296502e-01 6.018320530081043840e-01 5.283605283605283809e-01 4.616312377506407993e-01 5.380116959064328297e-01 5.854916018850445658e-01 5.579605579605578791e-01
5.719561203432171892e-01 5.579605579605578791e-01 4.765300059417706957e-01 5.719561203432171892e-01 5.046296296296296502e-01 5.719561203432171892e-01 5.719561203432171892e-01 5.719561203432171892e-01 5.308432371250707549e-01 5.579605579605578791e-01
6.018320530081043840e-01 5.046296296296296502e-01 5.719561203432171892e-01 6.018320530081043840e-01 5.719561203432171892e-01 5.179465179465179148e-01 5.046296296296296502e-01 5.046296296296296502e-01 5.046296296296296502e-01 5.046296296296296502e-01
5.719561203432171892e-01 5.719561203432171892e-01 5.986177565124933819e-01 5.308432371250707549e-01 5.719561203432171892e-01 5.420847268673355535e-01 5.179465179465179148e-01 6.018320530081043840e-01 5.046296296296296502e-01 5.719561203432171892e-01
5.719561203432171892e-01 5.434491978609625740e-01 5.719561203432171892e-01 5.579605579605578791e-01 5.046296296296296502e-01 5.719561203432171892e-01 5.719561203432171892e-01 5.719561203432171892e-01 5.046296296296296502e-01 5.719561203432171892e-01
5.854916018850445658e-01 5.046296296296296502e-01 5.308432371250707549e-01 5.285285285285284962e-01 6.018320530081043840e-01 5.308432371250707549e-01 5.046296296296296502e-01 5.046296296296296502e-01 5.719561203432171892e-01 5.308432371250707549e-01
5.719561203432171892e-01 5.434491978609625740e-01 5.046296296296296502e-01 5.179465179465179148e-01 5.308432371250707549e-01 5.308432371250707549e-01 5.046296296296296502e-01 1.666666666666666574e-01 5.046296296296296502e-01 5.380116959064328297e-01
5.179465179465179148e-01 5.343687086568881250e-01 4.908424908424908195e-01 5.308432371250707549e-01 4.908424908424908195e-01 5.308432371250707549e-01 5.380116959064328297e-01 5.046296296296296502e-01 5.719561203432171892e-01 4.908424908424908195e-01
5.046296296296296502e-01 5.719561203432171892e-01 5.719561203432171892e-01 5.046296296296296502e-01 5.719561203432171892e-01 5.308432371250707549e-01 5.719561203432171892e-01 5.179465179465179148e-01 5.579605579605578791e-01 1.666666666666666574e-01
5.046296296296296502e-01 5.308432371250707549e-01 5.046296296296296502e-01 5.308432371250707549e-01 5.719561203432171892e-01 5.719561203432171892e-01 5.283605283605283809e-01 5.719561203432171892e-01 5.046296296296296502e-01 5.719561203432171892e-01
5.283605283605283809e-01 5.719561203432171892e-01 5.434491978609625740e-01 5.046296296296296502e-01 5.719561203432171892e-01 4.908424908424908195e-01 5.308432371250707549e-01 5.719561203432171892e-01 5.719561203432171892e-01 5.434491978609625740e-01
5.046296296296296502e-01 5.283605283605283809e-01 5.046296296296296502e-01 5.046296296296296502e-01 5.719561203432171892e-01 5.719561203432171892e-01 5.434491978609625740e-01 5.046296296296296502e-01 5.046296296296296502e-01 5.719561203432171892e-01
4.765300059417706957e-01 4.765300059417706957e-01 4.616312377506407993e-01 5.854916018850445658e-01 5.255358635442787252e-01 4.908424908424908195e-01 5.046296296296296502e-01 5.579605579605578791e-01 4.765300059417706957e-01 5.719561203432171892e-01
5.308432371250707549e-01 5.719561203432171892e-01 5.046296296296296502e-01 5.579605579605578791e-01 5.046296296296296502e-01 5.046296296296296502e-01 5.046296296296296502e-01 5.046296296296296502e-01 5.719561203432171892e-01 5.719561203432171892e-01
5.046296296296296502e-01 5.046296296296296502e-01 5.308432371250707549e-01 5.046296296296296502e-01 5.046296296296296502e-01 5.719561203432171892e-01 5.179465179465179148e-01 5.434491978609625740e-01 5.719561203432171892e-01 5.046296296296296502e-01
1.666666666666666574e-01 5.308432371250707549e-01 5.046296296296296502e-01 5.719561203432171892e-01 5.179465179465179148e-01 5.046296296296296502e-01 5.719561203432171892e-01 5.046296296296296502e-01 2.005224030540486424e-01 5.308432371250707549e-01
7.709330848249194013e-01 8.854700854700855439e-01 8.854700854700855439e-01 9.346092503987241118e-01 8.862905458650138790e-01 7.709330848249194013e-01 7.689687573408504617e-01 8.359788359788359324e-01 8.699042291719637499e-01 7.728826728826728720e-01
8.862905458650138790e-01 7.728826728826728720e-01 9.024676850763807545e-01 7.853775853775855076e-01 8.854700854700855439e-01 1.666666666666666574e-01 9.019408424442749705e-01 7.870943477326456383e-01 8.862905458650138790e-01 8.854700854700855439e-01
9.018774018774018408e-01 8.862905458650138790e-01 7.533731188375712984e-01 8.697983697983696638e-01 9.019408424442749705e-01 8.699042291719637499e-01 8.854700854700855439e-01 8.541194255479970243e-01 8.028792912513842417e-01 8.529249537652899837e-01
7.259273725439138181e-01 8.697983697983696638e-01 7.870943477326456383e-01 8.697983697983696638e-01 7.255892255892256726e-01 8.854700854700855439e-01 8.190445826026887532e-01 7.879696051862480344e-01 8.862905458650138790e-01 8.862905458650138790e-01
7.887700534759357618e-01 7.565219341024002064e-01 9.019408424442749705e-01 7.533731188375712984e-01 7.421707421707420815e-01 8.703703703703703498e-01 8.703703703703703498e-01 7.694444444444443754e-01 8.687689122471731196e-01 8.541194255479970243e-01
7.709330848249194013e-01 9.346092503987241118e-01 8.179454115624329447e-01 9.024676850763807545e-01 8.366443068455451382e-01 7.187666135034556092e-01 8.371821415299676161e-01 7.887700534759357618e-01 8.015789473684210575e-01 7.870943477326456383e-01
8.355992355992357679e-01 8.862905458650138790e-01 8.032245532245533282e-01 8.374727668845315387e-01 8.534634458486642927e-01 8.699042291719637499e-01 8.355992355992357679e-01 7.870943477326456383e-01 9.335593007563631751e-01 8.056209150326796298e-01
8.355992355992357679e-01 8.862905458650138790e-01 8.193752780218946929e-01 8.862905458650138790e-01 7.533731188375712984e-01 8.862905458650138790e-01 8.697983697983696638e-01 8.374727668845315387e-01 7.565219341024002064e-01 7.412587412587412494e-01
8.697983697983696638e-01 8.862905458650138790e-01 8.862905458650138790e-01 8.699042291719637499e-01 8.862905458650138790e-01 8.699042291719637499e-01 8.703703703703703498e-01 8.193752780218946929e-01 8.697983697983696638e-01 8.015789473684210575e-01
7.533731188375712984e-01 8.366443068455451382e-01 7.565219341024002064e-01 9.183920762868131860e-01 8.505245798478880959e-01 7.259273725439138181e-01 8.366443068455451382e-01 7.870943477326456383e-01 8.374727668845315387e-01 8.015789473684210575e-01
7.713675213675212916e-01 8.366443068455451382e-01 9.024676850763807545e-01 8.193752780218946929e-01 8.204272434560294647e-01 8.862905458650138790e-01 8.703703703703703498e-01 7.721661054994388707e-01 8.862905458650138790e-01 8.703703703703703498e-01
8.193752780218946929e-01 7.308641975308641792e-01 8.042478842478842926e-01 8.529249537652899837e-01 7.565219341024002064e-01 8.699042291719637499e-01 8.015789473684210575e-01 8.862905458650138790e-01 8.541194255479970243e-01 8.193752780218946929e-01
8.862905458650138790e-01 8.699042291719637499e-01 9.024676850763807545e-01 7.887700534759357618e-01 7.872866127583107998e-01 8.366443068455451382e-01 8.541194255479970243e-01 8.687689122471731196e-01 8.703703703703703498e-01 8.179454115624329447e-01
8.374727668845315387e-01 8.042478842478842926e-01 8.703703703703703498e-01 8.355992355992357679e-01 8.366443068455451382e-01 9.183920762868131860e-01 8.213014935704010533e-01 8.193752780218946929e-01 8.342074592074592010e-01 8.862905458650138790e-01
9.024676850763807545e-01 8.534634458486642927e-01 8.355992355992357679e-01 8.355992355992357679e-01 7.887700534759357618e-01 8.047508047508048490e-01 8.862905458650138790e-01 7.870943477326456383e-01 7.412587412587412494e-01 8.541194255479970243e-01
8.355992355992357679e-01 8.015789473684210575e-01 8.529249537652899837e-01 7.709330848249194013e-01 8.541194255479970243e-01 7.070707070707070718e-01 8.193752780218946929e-01 9.019408424442749705e-01 8.193752780218946929e-01 9.019408424442749705e-01
8.541194255479970243e-01 8.214663643235072810e-01 7.533731188375712984e-01 8.366443068455451382e-01 9.174154899443731637e-01 8.193752780218946929e-01 7.538746630727762854e-01 8.054298642533935793e-01 7.694444444444443754e-01 8.703703703703703498e-01
8.703703703703703498e-01 8.355992355992357679e-01 7.887083935918562938e-01 8.697983697983696638e-01 7.396184062850729157e-01 8.862905458650138790e-01 7.872866127583107998e-01 7.565219341024002064e-01 9.183920762868131860e-01 8.699042291719637499e-01
6.939988116458705170e-01 7.220959595959595134e-01 8.374727668845315387e-01 8.697983697983696638e-01 8.193752780218946929e-01 1.666666666666666574e-01 8.697983697983696638e-01 8.214663643235072810e-01 8.193752780218946929e-01 8.699042291719637499e-01
8.862905458650138790e-01 8.862905458650138790e-01 8.219954648526076602e-01 8.862905458650138790e-01 6.994078718216649726e-01 8.703703703703703498e-01 9.183920762868131860e-01 8.378914628914628793e-01 7.714233841684819959e-01 7.713675213675212916e-01
9.183920762868131860e-01 7.887700534759357618e-01 6.790911536674247850e-01 8.862905458650138790e-01 8.534634458486642927e-01 6.800275076137145547e-01 7.565219341024002064e-01 8.703703703703703498e-01 8.193752780218946929e-01 8.854700854700855439e-01
8.697983697983696638e-01 8.541194255479970243e-01 8.190445826026887532e-01 7.870943477326456383e-01 8.862905458650138790e-01 8.862905458650138790e-01 8.699042291719637499e-01 7.191919191919192711e-01 9.024676850763807545e-01 8.862905458650138790e-01
6.577143180916765752e-01 8.047508047508048490e-01 8.703703703703703498e-01 8.380952380952381153e-01 8.862905458650138790e-01 8.699042291719637499e-01 5.984816640554345701e-01 8.529249537652899837e-01 7.866543013601837719e-01 8.216619981325862243e-01
8.042478842478842926e-01 7.887700534759357618e-01 8.529249537652899837e-01 7.714233841684819959e-01 9.024676850763807545e-01 8.697983697983696638e-01 8.203604674192909174e-01 8.216619981325862243e-01 7.571796395325808282e-01 8.203604674192909174e-01
8.862905458650138790e-01 8.697983697983696638e-01 8.027065527065526673e-01 8.703703703703703498e-01 8.177442148030382718e-01 7.721661054994388707e-01 9.173767752715121793e-01 8.862905458650138790e-01 7.394698620188816518e-01 8.862905458650138790e-01
1.666666666666666574e-01 7.456170904446767222e-01 8.851917026609075201e-01 8.680770553835568393e-01 8.862905458650138790e-01 8.056209150326796298e-01 7.227272727272726627e-01 7.307060755336617364e-01 7.887083935918562938e-01 8.862905458650138790e-01
7.870943477326456383e-01 8.216619981325862243e-01 8.342074592074592010e-01 7.503607503607504503e-01 8.703703703703703498e-01 8.697983697983696638e-01 8.541194255479970243e-01 8.703703703703703498e-01 8.015789473684210575e-01 8.366443068455451382e-01
8.862905458650138790e-01 7.691870057461454024e-01 7.887700534759357618e-01 8.042478842478842926e-01 8.042478842478842926e-01 6.655491401254113315e-01 8.541194255479970243e-01 6.018320530081043840e-01 8.862905458650138790e-01 8.862905458650138790e-01
8.047508047508048490e-01 8.177442148030382718e-01 7.714233841684819959e-01 9.183920762868131860e-01 8.380952380952381153e-01 8.374727668845315387e-01 8.374727668845315387e-01 8.047508047508048490e-01 8.380952380952381153e-01 8.355992355992357679e-01
8.177442148030382718e-01 8.862905458650138790e-01 8.703703703703703498e-01 7.844277631252678518e-01 5.579161176987263993e-01 8.015789473684210575e-01 6.848484848484849286e-01 8.355992355992357679e-01 8.862905458650138790e-01 8.380952380952381153e-01
7.714233841684819959e-01 6.561868686868687073e-01 7.713675213675212916e-01 5.731065373009106567e-01 8.862905458650138790e-01 7.887700534759357618e-01 8.862905458650138790e-01 8.355992355992357679e-01 5.579161176987263993e-01 7.419172113289760340e-01
8.703703703703703498e-01 9.019408424442749705e-01 8.203604674192909174e-01 9.019408424442749705e-01 4.908424908424908195e-01 8.027065527065526673e-01 6.649251132009753595e-01 7.410145410145411171e-01 7.248677248677249940e-01 7.227272727272726627e-01
8.015789473684210575e-01 6.428922290991255784e-01 8.862905458650138790e-01 8.216619981325862243e-01 8.703703703703703498e-01 8.374727668845315387e-01 9.024676850763807545e-01 9.024676850763807545e-01 8.697983697983696638e-01 8.015789473684210575e-01
6.439821948296523546e-01 6.110133594004562019e-01 7.714233841684819959e-01 7.456170904446767222e-01 7.456170904446767222e-01 7.456170904446767222e-01 6.505781799899446050e-01 8.203604674192909174e-01 6.683908045977010604e-01 8.862905458650138790e-01
6.567856422665859784e-01 6.350516514450941230e-01 6.018320530081043840e-01 5.579161176987263993e-01 7.198665976654591292e-01 6.296296296296296502e-01 8.214663643235072810e-01 7.550505050505050830e-01 8.529249537652899837e-01 9.019408424442749705e-01
8.851917026609075201e-01 7.562432839028584430e-01 5.470177970177969584e-01 8.027065527065526673e-01 8.541194255479970243e-01 8.529249537652899837e-01 7.380952380952380265e-01 7.503607503607504503e-01 5.853775853775854410e-01 5.434491978609625740e-01
8.862905458650138790e-01 5.731065373009106567e-01 5.579161176987263993e-01 8.541194255479970243e-01 7.204772684399168847e-01 6.304423545802856355e-01 6.154046317980744751e-01 8.703703703703703498e-01 7.372806405064470381e-01 8.374727668845315387e-01
8.529249537652899837e-01 5.877245708942763214e-01 5.719561203432171892e-01 6.006746784735398359e-01 1.666666666666666574e-01 6.154046317980744751e-01 5.877245708942763214e-01 6.218855218855218192e-01 8.703703703703703498e-01 6.439821948296523546e-01
8.366443068455451382e-01 8.374727668845315387e-01 5.579161176987263993e-01 7.372806405064470381e-01 6.191604398274709320e-01 7.248677248677249940e-01 8.541194255479970243e-01 8.355992355992357679e-01 7.556603773584904538e-01 8.379629629629631316e-01
8.047508047508048490e-01 6.522532384601349431e-01 8.529249537652899837e-01 8.355992355992357679e-01 9.346092503987241118e-01 8.832616658703615897e-01 7.307060755336617364e-01 6.790911536674247850e-01 6.439821948296523546e-01 8.355992355992357679e-01
6.018320530081043840e-01 8.703703703703703498e-01 6.018320530081043840e-01 8.203604674192909174e-01 6.439821948296523546e-01 7.070707070707070718e-01 7.844277631252678518e-01 6.800275076137145547e-01 6.057984213721917532e-01 6.439821948296523546e-01
7.030539311241065237e-01 8.216619981325862243e-01 7.713675213675212916e-01 6.505781799899446050e-01 8.216619981325862243e-01 6.522532384601349431e-01 6.277777777777777679e-01 8.219954648526076602e-01 6.006746784735398359e-01 7.654320987654320563e-01
7.348272642390289988e-01 6.350516514450941230e-01 8.027065527065526673e-01 9.019408424442749705e-01 5.046296296296296502e-01 6.350516514450941230e-01 7.866543013601837719e-01 7.713675213675212916e-01 8.027065527065526673e-01 7.844277631252678518e-01
8.027065527065526673e-01 5.420847268673355535e-01 6.154046317980744751e-01 5.731065373009106567e-01 7.456170904446767222e-01 5.434491978609625740e-01 7.992757025015090333e-01 6.296296296296296502e-01 9.170653907496012502e-01 8.862905458650138790e-01
6.576879910213243585e-01 8.697983697983696638e-01 7.714233841684819959e-01 8.374727668845315387e-01 5.853775853775854410e-01 6.733380106593798153e-01 7.728826728826728720e-01 6.277777777777777679e-01 7.887083935918562938e-01 5.126262626262625410e-01
8.054298642533935793e-01 6.848484848484849286e-01 8.177442148030382718e-01 5.470177970177969584e-01 7.030539311241065237e-01 6.695246971109040102e-01 8.216619981325862243e-01 7.372806405064470381e-01 8.862905458650138790e-01 7.380952380952380265e-01
6.350516514450941230e-01 8.027065527065526673e-01 6.218855218855218192e-01 9.024676850763807545e-01 6.830409356725146708e-01 8.682725278469959340e-01 6.556183301946013620e-01 1.666666666666666574e-01 5.579161176987263993e-01 8.541194255479970243e-01
8.703703703703703498e-01 7.503607503607504503e-01 7.187666135034556092e-01 7.310532222812925474e-01 5.853775853775854410e-01 6.649251132009753595e-01 5.731065373009106567e-01 7.007002801120446600e-01 8.203604674192909174e-01 5.854916018850445658e-01
5.579161176987263993e-01 7.556603773584904538e-01 8.374727668845315387e-01 1.666666666666666574e-01 6.800275076137145547e-01 5.877245708942763214e-01 8.203604674192909174e-01 6.940705888074308882e-01 7.556603773584904538e-01 6.884388493583895041e-01
6.018320530081043840e-01 8.529249537652899837e-01 5.577248677248677344e-01 7.887083935918562938e-01 7.134341889058871677e-01 8.374727668845315387e-01 9.183920762868131860e-01 6.556183301946013620e-01 6.218855218855218192e-01 8.374727668845315387e-01
7.944219523166892172e-01 5.579161176987263993e-01 8.047508047508048490e-01 7.204772684399168847e-01 5.312500000000000000e-01 8.697983697983696638e-01 5.312500000000000000e-01 5.731065373009106567e-01 6.110133594004562019e-01 6.018320530081043840e-01
8.703703703703703498e-01 6.733380106593798153e-01 8.862905458650138790e-01 6.649251132009753595e-01 5.420847268673355535e-01 5.877245708942763214e-01 5.283605283605283809e-01 8.703703703703703498e-01 7.101086048454470223e-01 8.697983697983696638e-01
8.697983697983696638e-01 6.018320530081043840e-01 7.556603773584904538e-01 7.348272642390289988e-01 5.853775853775854410e-01 8.862905458650138790e-01 7.550505050505050830e-01 7.503607503607504503e-01 5.731065373009106567e-01 7.380952380952380265e-01
6.296296296296296502e-01 8.056209150326796298e-01 5.126262626262625410e-01 7.887083935918562938e-01 6.350516514450941230e-01 6.138260432378079834e-01 6.800275076137145547e-01 6.018320530081043840e-01 5.420847268673355535e-01 6.567856422665859784e-01
6.018320530081043840e-01 6.414187411455171128e-01 7.887083935918562938e-01 6.188999172870141008e-01 1.666666666666666574e-01 9.024676850763807545e-01 5.420847268673355535e-01 5.694444444444444198e-01 8.329807201987652343e-01 6.766515732032973851e-01
6.018320530081043840e-01 6.006746784735398359e-01 7.654320987654320563e-01 5.877245708942763214e-01 6.790911536674247850e-01 5.420847268673355535e-01 6.414187411455171128e-01 7.172410505743839204e-01 6.434061179823892251e-01 7.992757025015090333e-01
6.683908045977010604e-01 8.521831936466082169e-01 6.512484053216693880e-01 5.434491978609625740e-01 6.018320530081043840e-01 6.018320530081043840e-01 7.153244843006772991e-01 5.719561203432171892e-01 6.018320530081043840e-01 8.203604674192909174e-01
8.529249537652899837e-01 7.007002801120446600e-01 1.666666666666666574e-01 6.154850502676589841e-01 5.579161176987263993e-01 7.101086048454470223e-01 8.668531231460293585e-01 5.081837190857307895e-01 5.577248677248677344e-01 6.994078718216649726e-01
8.203604674192909174e-01 5.719561203432171892e-01 5.579161176987263993e-01 6.434061179823892251e-01 6.655491401254113315e-01 5.579161176987263993e-01 6.218855218855218192e-01 6.567856422665859784e-01 5.420847268673355535e-01 5.579161176987263993e-01
5.579161176987263993e-01 5.579605579605578791e-01 5.081837190857307895e-01 7.887083935918562938e-01 6.067019400352733349e-01 7.021072796934865190e-01 5.984816640554345701e-01 5.579161176987263993e-01 5.577248677248677344e-01 5.731065373009106567e-01
5.877245708942763214e-01 7.153244843006772991e-01 6.188999172870141008e-01 6.576879910213243585e-01 8.129808725553407944e-01 7.380952380952380265e-01 8.380952380952381153e-01 5.931899641577059734e-01 5.606837606837605792e-01 5.877245708942763214e-01
7.348272642390289988e-01 5.731065373009106567e-01 4.460784313725489891e-01 7.101086048454470223e-01 5.579161176987263993e-01 5.343687086568881250e-01 5.731065373009106567e-01 5.719561203432171892e-01 5.434491978609625740e-01 6.018320530081043840e-01
5.949735449735449322e-01 5.126262626262625410e-01 8.047508047508048490e-01 5.579161176987263993e-01 5.081837190857307895e-01 7.055601967882670911e-01 5.579161176987263993e-01 6.830409356725146708e-01 5.420847268673355535e-01 6.006746784735398359e-01
5.434491978609625740e-01 5.853775853775854410e-01 5.579161176987263993e-01 5.579605579605578791e-01 6.006746784735398359e-01 5.434491978609625740e-01 5.046296296296296502e-01 5.126262626262625410e-01 8.027065527065526673e-01 5.283605283605283809e-01
7.204772684399168847e-01 6.505781799899446050e-01 6.154850502676589841e-01 5.527984560242624745e-01 6.018320530081043840e-01 6.154850502676589841e-01 8.177442148030382718e-01 5.731065373009106567e-01 4.765300059417706957e-01 5.877245708942763214e-01
6.505781799899446050e-01 5.420847268673355535e-01 5.308432371250707549e-01 5.694444444444444198e-01 7.973684210526315042e-01 6.683908045977010604e-01 5.420847268673355535e-01 7.992757025015090333e-01 5.986177565124933819e-01 5.420847268673355535e-01
5.420847268673355535e-01 5.126262626262625410e-01 5.579161176987263993e-01 5.434491978609625740e-01 5.126262626262625410e-01 5.579605579605578791e-01 4.460784313725489891e-01 6.399081144843856706e-01 5.579161176987263993e-01 5.126262626262625410e-01
5.731065373009106567e-01 6.296296296296296502e-01 5.579161176987263993e-01 5.046296296296296502e-01 5.420847268673355535e-01 5.579161176987263993e-01 6.057984213721917532e-01 5.079365079365079083e-01 5.949735449735449322e-01 5.285285285285284962e-01
5.694444444444444198e-01 5.420847268673355535e-01 5.579161176987263993e-01 1.666666666666666574e-01 6.264223722275795714e-01 5.126262626262625410e-01 5.106005106005105931e-01 5.046296296296296502e-01 5.283605283605283809e-01 5.179465179465179148e-01
4.765300059417706957e-01 5.434491978609625740e-01 5.046296296296296502e-01 5.731065373009106567e-01 5.434491978609625740e-01 5.283605283605283809e-01 5.719561203432171892e-01 5.949735449735449322e-01 5.719561203432171892e-01 5.731065373009106567e-01
5.854916018850445658e-01 5.719561203432171892e-01 5.283605283605283809e-01 5.283605283605283809e-01 5.579605579605578791e-01 5.877245708942763214e-01 4.765300059417706957e-01 5.719561203432171892e-01 5.308432371250707549e-01 5.126262626262625410e-01
5.255358635442787252e-01 5.046296296296296502e-01 5.179465179465179148e-01 6.018320530081043840e-01 1.666666666666666574e-01 5.854916018850445658e-01 4.460784313725489891e-01 5.420847268673355535e-01 6.412698412698412120e-01 5.081837190857307895e-01
1.666666666666666574e-01 4.765300059417706957e-01 5.434491978609625740e-01 6.296296296296296502e-01 5.731065373009106567e-01 5.434491978609625740e-01 5.579605579605578791e-01 5.579161176987263993e-01 5.420847268673355535e-01 6.154850502676589841e-01
6.018320530081043840e-01 5.434491978609625740e-01 5.283605283605283809e-01 4.616312377506407993e-01 5.283605283605283809e-01 1.666666666666666574e-01 1.666666666666666574e-01 5.283605283605283809e-01 5.420847268673355535e-01 5.420847268673355535e-01
5.719561203432171892e-01 8.027065527065526673e-01 5.877245708942763214e-01 8.216619981325862243e-01 6.188999172870141008e-01 4.765300059417706957e-01 7.172410505743839204e-01 6.412698412698412120e-01 7.187666135034556092e-01 6.800275076137145547e-01
5.420847268673355535e-01 5.283605283605283809e-01 5.434491978609625740e-01 5.579161176987263993e-01 5.126262626262625410e-01 5.081837190857307895e-01 1.666666666666666574e-01 5.126262626262625410e-01 5.046296296296296502e-01 6.414187411455171128e-01
5.283605283605283809e-01 5.308432371250707549e-01 5.046296296296296502e-01 5.283605283605283809e-01 5.731065373009106567e-01 5.731065373009106567e-01 6.154850502676589841e-01 5.179465179465179148e-01 4.789067142008318068e-01 6.018320530081043840e-01
5.854916018850445658e-01 1.666666666666666574e-01 6.156283402046113240e-01 5.416666666666666297e-01 5.420847268673355535e-01 5.864995430212821548e-01 5.420847268673355535e-01 1.666666666666666574e-01 4.460784313725489891e-01 6.884388493583895041e-01
4.765300059417706957e-01 5.343687086568881250e-01 5.046296296296296502e-01 5.579605579605578791e-01 5.283605283605283809e-01 5.046296296296296502e-01 5.719561203432171892e-01 5.126262626262625410e-01 5.308432371250707549e-01 5.719561203432171892e-01
5.854916018850445658e-01 5.283605283605283809e-01 5.283605283605283809e-01 5.046296296296296502e-01 5.283605283605283809e-01 5.308432371250707549e-01 4.908424908424908195e-01 5.308432371250707549e-01 5.046296296296296502e-01 5.283605283605283809e-01
5.420847268673355535e-01 6.018320530081043840e-01 5.434491978609625740e-01 5.877245708942763214e-01 5.420847268673355535e-01 5.380116959064328297e-01 6.154850502676589841e-01 5.255358635442787252e-01 4.765300059417706957e-01 7.172410505743839204e-01
5.579605579605578791e-01 5.126262626262625410e-01 5.308432371250707549e-01 5.434491978609625740e-01 5.308432371250707549e-01 5.046296296296296502e-01 4.908424908424908195e-01 5.046296296296296502e-01 4.908424908424908195e-01 1.666666666666666574e-01
5.079365079365079083e-01 5.854916018850445658e-01 4.765300059417706957e-01 5.179465179465179148e-01 1.666666666666666574e-01 1.666666666666666574e-01 5.434491978609625740e-01 5.046296296296296502e-01 5.283605283605283809e-01 5.731065373009106567e-01
4.765300059417706957e-01 5.434491978609625740e-01 1.666666666666666574e-01 4.908424908424908195e-01 5.420847268673355535e-01 5.731065373009106567e-01 5.179465179465179148e-01 4.789067142008318068e-01 5.126262626262625410e-01 5.126262626262625410e-01
1.666666666666666574e-01 4.789067142008318068e-01 5.283605283605283809e-01 5.283605283605283809e-01 1.666666666666666574e-01 5.579605579605578791e-01 4.908424908424908195e-01 5.179465179465179148e-01 5.434491978609625740e-01 5.434491978609625740e-01
4.908424908424908195e-01 5.126262626262625410e-01 5.046296296296296502e-01 5.126262626262625410e-01 5.719561203432171892e-01 5.283605283605283809e-01 4.765300059417706957e-01 5.046296296296296502e-01 5.126262626262625410e-01 5.046296296296296502e-01
4.765300059417706957e-01 1.666666666666666574e-01 5.126262626262625410e-01 5.126262626262625410e-01 4.297958547607916846e-01 5.079365079365079083e-01 4.415584415584416500e-01 6.556183301946013620e-01 4.899315048358173219e-01 4.765300059417706957e-01
5.719561203432171892e-01 1.666666666666666574e-01 5.148755312689738961e-01 5.046296296296296502e-01 5.046296296296296502e-01 5.126262626262625410e-01 4.765300059417706957e-01 4.967320261437908613e-01 5.283605283605283809e-01 4.616312377506407993e-01
4.765300059417706957e-01 5.308432371250707549e-01 4.126984126984127310e-01 4.895635673624288420e-01 4.789067142008318068e-01 5.434491978609625740e-01 5.854916018850445658e-01 4.789067142008318068e-01 1.666666666666666574e-01 4.765300059417706957e-01
1.666666666666666574e-01 1.666666666666666574e-01 1.666666666666666574e-01 6.287346959883127751e-01 3.756613756613756405e-01 4.460784313725489891e-01 4.789067142008318068e-01 4.765300059417706957e-01 4.126984126984127310e-01 4.460784313725489891e-01
