0.000000000000000000e+00 0.000000000000000000e+00
8.600936531274780972e-01 8.323148993037752241e-01
7.892700915666699402e-01 8.168511940089083767e-01
6.619684638946263799e-01 8.380206380834700486e-01
8.053872662568292151e-01 8.380206380834700486e-01
8.323148993037752241e-01 8.380206380834700486e-01
5.690501029130339283e-01 6.381649953194596936e-01
7.461285782300156599e-01 6.602586845506127622e-01
8.323148993037752241e-01 7.242455855256795250e-01
8.323148993037752241e-01 8.094999088258616471e-01
8.094999088258616471e-01 7.461285782300156599e-01
8.380206380834700486e-01 8.820104430654692740e-01
8.380206380834700486e-01 7.541588928785796231e-01
8.380206380834700486e-01 7.954821951113958400e-01
8.597269536210950802e-01 8.323148993037752241e-01
8.380206380834700486e-01 8.380206380834700486e-01
7.892700915666699402e-01 8.380206380834700486e-01
7.461285782300156599e-01 7.128891149634438706e-01
7.461285782300156599e-01 8.380206380834700486e-01
6.221710168382551531e-01 8.323148993037752241e-01
7.759774130632280942e-01 6.892181949450164602e-01
7.975857215562236480e-01 8.380206380834700486e-01
7.879092800517907280e-01 8.597269536210950802e-01
7.954821951113958400e-01 7.461285782300156599e-01
7.745966692414832933e-01 8.600936531274780972e-01
8.380206380834700486e-01 7.232784198342051551e-01
8.597269536210950802e-01 7.232784198342051551e-01
7.954821951113958400e-01 8.597269536210950802e-01
8.600936531274780972e-01 8.380206380834700486e-01
8.820104430654692740e-01 8.380206380834700486e-01
8.820104430654692740e-01 8.164965809277259234e-01
7.351470441147052171e-01 7.954821951113958400e-01
8.557239703978810619e-01 7.461285782300156599e-01
7.954821951113958400e-01 8.597269536210950802e-01
6.942183831461817833e-01 8.164965809277259234e-01
8.094999088258616471e-01 8.597269536210950802e-01
6.782402329135959196e-01 6.992212226653672369e-01
7.548398491282626299e-01 6.203390706384861453e-01
5.937393699957592696e-01 7.961815202531468127e-01
8.380206380834700486e-01 7.351470441147052171e-01
8.380206380834700486e-01 6.599120175960897505e-01
7.441607631687251478e-01 5.295290690121257082e-01
7.351470441147052171e-01 8.164965809277259234e-01
6.240873164395929207e-01 5.721784249161624425e-01
6.968731476445666484e-01 8.380206380834700486e-01
8.820104430654692740e-01 8.164965809277259234e-01
6.952103603844604907e-01 6.599120175960897505e-01
8.380206380834700486e-01 5.222329678670935005e-01
5.261367915016469388e-01 6.418674080138396798e-01
6.240873164395929207e-01 8.094999088258616471e-01
8.380206380834700486e-01 7.178549574029903235e-01
5.721784249161624425e-01 7.158337756607726643e-01
5.721784249161624425e-01 7.541588928785796231e-01
5.855400437691199445e-01 6.032092391024974631e-01
5.721784249161624425e-01 6.418674080138396798e-01
5.721784249161624425e-01 6.049193494630823453e-01
5.892556509887896254e-01 8.094999088258616471e-01
5.295290690121257082e-01 6.782402329135959196e-01
5.553157971080657784e-01 5.261367915016469388e-01
5.507910552258941106e-01 5.553157971080657784e-01
5.721784249161624425e-01 5.553157971080657784e-01
5.892556509887896254e-01 5.553157971080657784e-01
8.380206380834700486e-01 5.507910552258941106e-01
5.721784249161624425e-01 5.553157971080657784e-01
9.045340337332907765e-01 5.836336336535248304e-01
5.721784249161624425e-01 5.553157971080657784e-01
5.336877381387777897e-01 5.553157971080657784e-01
5.990422978731537729e-01 5.721784249161624425e-01
5.336877381387777897e-01 6.599120175960897505e-01
5.669467095138408519e-01 5.553157971080657784e-01
5.336877381387777897e-01 5.222329678670935005e-01
6.065548512226350830e-01 5.553157971080657784e-01
5.553157971080657784e-01 5.553157971080657784e-01
5.083422507289528935e-01 5.553157971080657784e-01
5.222329678670935005e-01 5.553157971080657784e-01
5.121475197315839001e-01 5.445288127427020397e-01
5.222329678670935005e-01 5.121475197315839001e-01
5.222329678670935005e-01 5.937393699957592696e-01
5.770839022692476616e-01 5.445288127427020397e-01
5.990422978731537729e-01 5.553157971080657784e-01
6.065548512226350830e-01 5.222329678670935005e-01
5.669467095138408519e-01 5.445288127427020397e-01
5.222329678670935005e-01 5.222329678670935005e-01
5.222329678670935005e-01 5.336877381387777897e-01
5.669467095138408519e-01 5.222329678670935005e-01
5.669467095138408519e-01 5.222329678670935005e-01
5.770839022692476616e-01 5.770839022692476616e-01
5.721784249161624425e-01 5.222329678670935005e-01
5.553157971080657784e-01 5.222329678670935005e-01
5.440409098323898407e-01 5.445288127427020397e-01
5.222329678670935005e-01 5.222329678670935005e-01
5.553157971080657784e-01 5.222329678670935005e-01
5.669467095138408519e-01 5.669467095138408519e-01
5.669467095138408519e-01 5.445288127427020397e-01
5.669467095138408519e-01 5.669467095138408519e-01
5.222329678670935005e-01 5.445288127427020397e-01
5.222329678670935005e-01 5.669467095138408519e-01
5.222329678670935005e-01 5.222329678670935005e-01
5.669467095138408519e-01 5.222329678670935005e-01
5.445288127427020397e-01 5.222329678670935005e-01
5.669467095138408519e-01 5.222329678670935005e-01
7.461285782300156599e-01 6.134383589318973540e-01
8.600936531274780972e-01 8.323148993037752241e-01
8.380206380834700486e-01 8.820104430654692740e-01
7.759774130632280942e-01 7.027819284987273374e-01
7.461285782300156599e-01 6.619684638946263799e-01
6.602586845506127622e-01 8.820104430654692740e-01
8.820104430654692740e-01 7.684732793678399343e-01
8.323148993037752241e-01 8.380206380834700486e-01
8.597269536210950802e-01 8.168511940089083767e-01
7.654655446197431434e-01 7.654655446197431434e-01
7.879092800517907280e-01 8.380206380834700486e-01
7.667979486648716092e-01 8.600936531274780972e-01
8.168511940089083767e-01 8.380206380834700486e-01
8.380206380834700486e-01 7.461285782300156599e-01
8.094999088258616471e-01 7.461285782300156599e-01
8.380206380834700486e-01 8.380206380834700486e-01
8.597269536210950802e-01 7.144957674337002462e-01
5.802588531856593956e-01 7.872315085026536652e-01
6.240873164395929207e-01 8.380206380834700486e-01
8.380206380834700486e-01 6.742815985200936169e-01
5.937393699957592696e-01 8.380206380834700486e-01
7.158337756607726643e-01 6.742815985200936169e-01
8.179178119091964350e-01 7.745966692414832933e-01
8.597269536210950802e-01 8.380206380834700486e-01
7.341356053727927655e-01 7.954821951113958400e-01
6.599120175960897505e-01 7.548398491282626299e-01
8.380206380834700486e-01 7.745966692414832933e-01
8.164965809277259234e-01 5.625439504630119769e-01
7.144957674337002462e-01 7.879092800517907280e-01
8.380206380834700486e-01 7.040550852099378698e-01
6.032092391024974631e-01 7.745966692414832933e-01
6.005722461958789005e-01 5.029086923675210041e-01
8.380206380834700486e-01 8.380206380834700486e-01
6.065548512226350830e-01 8.164965809277259234e-01
6.322813738224616342e-01 6.005722461958789005e-01
5.825517280354629568e-01 8.380206380834700486e-01
7.954821951113958400e-01 7.548398491282626299e-01
5.052911526399114228e-01 7.892700915666699402e-01
7.954821951113958400e-01 7.954821951113958400e-01
5.261367915016469388e-01 6.749365589450485592e-01
5.261367915016469388e-01 5.721784249161624425e-01
6.599120175960897505e-01 5.721784249161624425e-01
6.749365589450485592e-01 5.937393699957592696e-01
5.855400437691199445e-01 8.105379514521363626e-01
5.507910552258941106e-01 7.562073137440072923e-01
5.052911526399114228e-01 5.553157971080657784e-01
5.786375623578446925e-01 5.553157971080657784e-01
5.507910552258941106e-01 6.629260947655161162e-01
6.418674080138396798e-01 6.240873164395929207e-01
6.106440313576270151e-01 7.961815202531468127e-01
5.121475197315839001e-01 4.906399210184636539e-01
5.620744208813469589e-01 5.937393699957592696e-01
5.052911526399114228e-01 6.278031600888845931e-01
6.065548512226350830e-01 4.906399210184636539e-01
5.222329678670935005e-01 4.691054041892088189e-01
5.336877381387777897e-01 4.906399210184636539e-01
5.721784249161624425e-01 5.222329678670935005e-01
5.937393699957592696e-01 5.669467095138408519e-01
5.121475197315839001e-01 5.669467095138408519e-01
5.295290690121257082e-01 4.777665429529546204e-01
4.906399210184636539e-01 4.906399210184636539e-01
5.553157971080657784e-01 5.669467095138408519e-01
5.222329678670935005e-01 4.691054041892088189e-01
5.222329678670935005e-01 5.222329678670935005e-01
5.121475197315839001e-01 5.669467095138408519e-01
5.521714861007721575e-01 5.669467095138408519e-01
5.222329678670935005e-01 5.222329678670935005e-01
5.000000000000000000e-01 5.222329678670935005e-01
5.222329678670935005e-01 5.445288127427020397e-01
5.669467095138408519e-01 5.669467095138408519e-01
5.669467095138408519e-01 4.906399210184636539e-01
4.906399210184636539e-01 4.871773518462231833e-01
4.554632899703754401e-01 5.669467095138408519e-01
4.691054041892088189e-01 5.000000000000000000e-01
4.906399210184636539e-01 4.330127018922192983e-01
5.000000000000000000e-01 5.222329678670935005e-01
5.222329678670935005e-01 4.330127018922192983e-01
4.777665429529546204e-01 4.510554770077443432e-01
5.669467095138408519e-01 5.222329678670935005e-01
5.222329678670935005e-01 4.777665429529546204e-01
4.330127018922192983e-01 4.554632899703754401e-01
4.777665429529546204e-01 5.445288127427020397e-01
4.777665429529546204e-01 5.222329678670935005e-01
4.330127018922192983e-01 5.222329678670935005e-01
5.669467095138408519e-01 5.222329678670935005e-01
4.554632899703754401e-01 4.777665429529546204e-01
4.330127018922192983e-01 4.474784540339842298e-01
4.330127018922192983e-01 5.000000000000000000e-01
0.000000000000000000e+00 4.330127018922192983e-01
0.000000000000000000e+00 0.000000000000000000e+00
