0.000000000000000000e+00 0.000000000000000000e+00 0.000000000000000000e+00 0.000000000000000000e+00 0.000000000000000000e+00
9.324757965283126948e-01 9.339012822232720668e-01 9.438560258486801136e-01 9.267652492192907099e-01 9.324757965283126948e-01
9.324757965283126948e-01 9.296222517045285016e-01 9.239047569960878725e-01 9.424364274332176494e-01 9.424364274332176494e-01
9.296222517045283906e-01 9.239047569960877615e-01 9.210407425205010545e-01 9.296222517045283906e-01 9.310494543362093367e-01
9.224731920893185499e-01 9.267652492192904878e-01 9.138650790549167624e-01 9.239047569960877615e-01 9.181731728321416153e-01
9.167380443590789074e-01 9.109884741312592737e-01 9.296222517045282796e-01 9.196074041555872824e-01 9.095487960223349599e-01
9.153020145163985877e-01 9.167380443590789074e-01 8.965496274986127778e-01 8.994449591653184140e-01 9.167380443590789074e-01
8.907473627227481261e-01 8.892943519692703136e-01 8.849293757131130311e-01 8.703135521249487638e-01 8.936504412303006850e-01
8.526349862356613629e-01 8.820143891774382405e-01 8.849293757131131422e-01 8.892943519692703136e-01 8.452218643646175478e-01
8.046738469715540853e-01 7.955361574295525262e-01 8.167830604886676671e-01 8.122518614443139384e-01 7.955361574295526372e-01
6.186404847588913292e-01 6.342400916271065947e-01 6.342400916271064837e-01 6.342400916271065947e-01 6.479207008329809225e-01
