0.000000000000000000e+00 0.000000000000000000e+00 0.000000000000000000e+00 0.000000000000000000e+00 0.000000000000000000e+00
7.652631578947368673e-01 7.652631578947368673e-01 7.652631578947368673e-01 7.652631578947368673e-01 7.652631578947368673e-01
7.168421052631579471e-01 7.168421052631579471e-01 7.196491228070175383e-01 7.287719298245614041e-01 7.210526315789473895e-01
6.915789473684210709e-01 6.936842105263157920e-01 6.757894736842104955e-01 6.894736842105263497e-01 6.782456140350877627e-01
6.449122807017544368e-01 6.459649122807017418e-01 6.428070175438596046e-01 6.407017543859648834e-01 6.543859649122807376e-01
6.319298245614035636e-01 6.277192982456140102e-01 6.249122807017544190e-01 6.294736842105262964e-01 6.214035087719298467e-01
5.996491228070175428e-01 6.021052631578946990e-01 5.915789473684210931e-01 5.842105263157895134e-01 5.877192982456140857e-01
5.670175438596490869e-01 5.484210526315789203e-01 5.856140350877192535e-01 5.726315789473683804e-01 5.761403508771929527e-01
5.154385964912280294e-01 5.017543859649122862e-01 5.298245614035087536e-01 5.045614035087718774e-01 5.024561403508771562e-01
5.014035087719298511e-01 5.000000000000000000e-01 5.347368421052631771e-01 5.010526315789474161e-01 5.308771929824561697e-01
5.000000000000000000e-01 5.000000000000000000e-01 5.000000000000000000e-01 5.000000000000000000e-01 5.000000000000000000e-01
