0.000000000000000000e+00 0.000000000000000000e+00 0.000000000000000000e+00 0.000000000000000000e+00 0.000000000000000000e+00
7.515745727751060867e-01 7.515745727751060867e-01 7.515745727751060867e-01 7.515745727751060867e-01 7.515745727751060867e-01
6.921599876647164251e-01 6.921599876647164251e-01 6.957349174563297600e-01 7.072347521339286125e-01 6.975158451233065549e-01
6.591567266800628655e-01 6.619667677077691881e-01 6.377080764106602961e-01 6.563352647230141779e-01 6.410890392249737335e-01
5.936805649082688152e-01 5.952307993095564687e-01 5.905690177607781921e-01 5.874425566347616368e-01 6.075025079432767594e-01
5.742512317186072579e-01 5.678225652117925293e-01 5.635008701614773186e-01 5.705089674234133934e-01 5.580575543393828664e-01
5.232324221599241598e-01 5.272611424719858553e-01 5.098117443041880748e-01 4.973039954452593836e-01 5.032909984240289125e-01
4.671156941845017174e-01 4.327442484539827938e-01 4.997056217549462609e-01 4.771332205448551855e-01 4.833141134427776930e-01
3.667521594558236786e-01 3.372201568922880699e-01 3.963868561222715914e-01 3.433904041864286882e-01 3.387683056447094443e-01
3.364446765244601956e-01 3.333333333333333148e-01 4.061962621051679045e-01 3.356682560664715487e-01 3.985017358515822727e-01
3.333333333333333148e-01 3.333333333333333148e-01 3.333333333333333148e-01 3.333333333333333148e-01 3.333333333333333148e-01
