0.000000000000000000e+00 0.000000000000000000e+00 0.000000000000000000e+00 0.000000000000000000e+00 0.000000000000000000e+00
9.032773619497842521e-01 9.057623202914402150e-01 9.044734897304976817e-01 9.048928026843757744e-01 9.001660213089500706e-01
9.058581523917931255e-01 8.936867174285085813e-01 8.991886892500627892e-01 8.982986837843419670e-01 9.011452015181982134e-01
9.006208731370608511e-01 9.013147816288026304e-01 8.999230340419038798e-01 9.031921058241034750e-01 8.939719671992875094e-01
8.956913438360136759e-01 8.868513674305750216e-01 8.866113834098152680e-01 8.875183968850657301e-01 8.976019288931461615e-01
8.683854796954439959e-01 8.929718915616449149e-01 8.828069726941659701e-01 8.974530466433107145e-01 8.915111461812056382e-01
8.669314796733635919e-01 8.655317985487952503e-01 8.829739190160902362e-01 8.759633159792312718e-01 8.721867660178392878e-01
8.894852086197139185e-01 8.594454270126974382e-01 8.426895074449638479e-01 8.610797032347220492e-01 8.748100325482671691e-01
8.377403847067137477e-01 8.712778015568281020e-01 8.504705795098820298e-01 8.448896429236626426e-01 8.427272551557102309e-01
8.523919687469267981e-01 8.319661984806291377e-01 8.561975295916013362e-01 8.203904376830546408e-01 8.317807302671859082e-01
8.257949032963463054e-01 8.508572887033789556e-01 8.125806098741620298e-01 8.059291919126188031e-01 8.109220062518405214e-01
