0.000000000000000000e+00 0.000000000000000000e+00 0.000000000000000000e+00 0.000000000000000000e+00 0.000000000000000000e+00
9.000000000000000222e-01 9.076923076923076872e-01 6.769230769230769607e-01 8.846153846153845812e-01 9.076923076923076872e-01
8.846153846153845812e-01 9.076923076923076872e-01 8.846153846153845812e-01 8.769230769230769162e-01 8.769230769230769162e-01
1.846153846153846256e-01 8.461538461538461453e-01 9.230769230769231282e-01 8.846153846153845812e-01 8.846153846153845812e-01
9.153846153846153522e-01 1.846153846153846256e-01 8.153846153846153744e-01 1.846153846153846256e-01 9.230769230769231282e-01
8.384615384615384803e-01 8.153846153846153744e-01 1.846153846153846256e-01 1.846153846153846256e-01 8.153846153846153744e-01
8.153846153846153744e-01 1.846153846153846256e-01 8.153846153846153744e-01 8.230769230769230393e-01 8.153846153846153744e-01
1.846153846153846256e-01 8.153846153846153744e-01 8.230769230769230393e-01 8.153846153846153744e-01 4.153846153846154077e-01
8.153846153846153744e-01 7.307692307692307265e-01 1.846153846153846256e-01 8.153846153846153744e-01 8.153846153846153744e-01
1.846153846153846256e-01 1.846153846153846256e-01 8.923076923076923572e-01 8.692307692307692513e-01 1.846153846153846256e-01
5.615384615384615419e-01 8.153846153846153744e-01 1.846153846153846256e-01 8.153846153846153744e-01 8.076923076923077094e-01
