0.000000000000000000e+00 0.000000000000000000e+00 0.000000000000000000e+00 0.000000000000000000e+00 0.000000000000000000e+00
5.683676120334627546e-01 5.576301819254675385e-01 5.598955904811061535e-01 5.761145942180424528e-01 5.604622314875770117e-01
5.810416142580612231e-01 5.665879897516000741e-01 5.567491994378787057e-01 5.853721507885415454e-01 5.660128402063885344e-01
5.554697549402779488e-01 5.400049925510846949e-01 5.626273242871374647e-01 5.579623763856749186e-01 5.349673202614378953e-01
5.466086181070183292e-01 5.207406143506472240e-01 5.163934932819125301e-01 5.306947488143725078e-01 5.299494809576198451e-01
5.109510469300849733e-01 4.983676060331113100e-01 4.771021708652685711e-01 4.590642590642590726e-01 4.891126573360889407e-01
4.482389244510018855e-01 4.128831179014778030e-01 4.165486357448438537e-01 4.139424764550798663e-01 4.230530263627423904e-01
3.631297224963166426e-01 3.258076501032513561e-01 2.975695311142837474e-01 3.388536489557495979e-01 3.203001229610107359e-01
2.204588155988697895e-01 1.781713905480124538e-01 2.487457723350415539e-01 2.368791638864631566e-01 1.939911939911940220e-01
1.666666666666666574e-01 1.666666666666666574e-01 1.722916732936773110e-01 1.670006680026720203e-01 1.722916732936773110e-01
1.666666666666666574e-01 1.666666666666666574e-01 1.666666666666666574e-01 1.666666666666666574e-01 1.666666666666666574e-01
