0.000000000000000000e+00 0.000000000000000000e+00 0.000000000000000000e+00 0.000000000000000000e+00 0.000000000000000000e+00
6.715818805046949169e-01 6.737121046856735518e-01 6.651823475976760269e-01 6.779682063997461983e-01 6.566284252824339251e-01
6.843416950292855461e-01 6.928203230275510327e-01 6.523421052041805668e-01 6.822186029581883693e-01 6.694501890025541524e-01
6.372887013660990529e-01 6.609084656743322572e-01 6.758408754203083513e-01 6.694501890025541524e-01 6.523421052041805668e-01
6.779682063997461983e-01 6.566284252824339251e-01 6.673170161175271398e-01 6.437501240560830063e-01 6.651823475976760269e-01
6.715818805046948059e-01 6.587692227851031923e-01 6.459005771444670252e-01 6.199813617270191202e-01 6.415980049844294264e-01
6.673170161175271398e-01 6.178097513708317168e-01 6.134608563080632404e-01 6.091042603692736757e-01 6.566284252824339251e-01
6.025545618448174823e-01 5.981779742592407967e-01 5.827932738115634281e-01 6.112835312320752390e-01 5.827932738115634281e-01
5.040141091499544812e-01 5.200546979779039347e-01 5.336798874065071807e-01 5.672984713143122137e-01 5.200546979779039347e-01
4.737594326237737907e-01 4.831378915198250579e-01 5.109085588983175441e-01 4.761101646561317624e-01 4.784567784961237802e-01
4.714045207910316782e-01 4.714045207910316782e-01 4.714045207910316782e-01 4.714045207910316782e-01 4.714045207910316782e-01
