0.000000000000000000e+00 0.000000000000000000e+00 0.000000000000000000e+00 0.000000000000000000e+00 0.000000000000000000e+00
9.799999999999999822e-01 9.799999999999999822e-01 9.866666666666666918e-01 9.599999999999999645e-01 9.733333333333333837e-01
9.666666666666666741e-01 9.599999999999999645e-01 9.866666666666666918e-01 9.533333333333333659e-01 9.666666666666666741e-01
9.533333333333333659e-01 9.799999999999999822e-01 9.599999999999999645e-01 9.533333333333333659e-01 9.733333333333333837e-01
9.933333333333332904e-01 9.599999999999999645e-01 9.799999999999999822e-01 9.133333333333333304e-01 9.466666666666666563e-01
9.599999999999999645e-01 9.799999999999999822e-01 9.799999999999999822e-01 9.799999999999999822e-01 9.866666666666666918e-01
9.799999999999999822e-01 9.399999999999999467e-01 9.666666666666666741e-01 8.399999999999999689e-01 9.933333333333332904e-01
9.333333333333333481e-01 9.399999999999999467e-01 9.266666666666666385e-01 9.133333333333333304e-01 9.866666666666666918e-01
8.733333333333332948e-01 9.399999999999999467e-01 9.466666666666666563e-01 9.466666666666666563e-01 8.666666666666666963e-01
8.000000000000000444e-01 9.733333333333333837e-01 8.933333333333333126e-01 9.200000000000000400e-01 7.533333333333332993e-01
4.733333333333333282e-01 6.133333333333332860e-01 5.466666666666666341e-01 4.466666666666666563e-01 6.266666666666667052e-01
