0.000000000000000000e+00 0.000000000000000000e+00 0.000000000000000000e+00 0.000000000000000000e+00 0.000000000000000000e+00
9.799979997999800352e-01 9.799819837854069071e-01 9.662114547743811954e-01 9.799819837854069071e-01 9.799819837854069071e-01
9.866613311991462298e-01 9.599686028257456982e-01 9.799819837854069071e-01 9.733184961916445666e-01 9.333333333333332371e-01
9.534960210499295874e-01 9.136462665874430789e-01 9.466666666666666563e-01 9.866613311991462298e-01 9.664424648850632460e-01
9.732905982905982745e-01 8.802580258025801685e-01 9.666366396423446972e-01 9.664424648850632460e-01 9.463838868880886102e-01
9.595588235294117974e-01 9.595588235294117974e-01 9.866659999333267095e-01 9.731020432140301546e-01 9.799999999999999822e-01
9.600640064006400465e-01 9.799959587795513682e-01 9.733184961916445666e-01 9.330378856396341902e-01 9.799979997999800352e-01
9.799979997999800352e-01 9.798544439040628440e-01 9.531888130603506371e-01 9.401861754802931515e-01 9.404806724394353390e-01
9.602212124555720152e-01 8.665359285660038102e-01 8.867784737657439242e-01 9.535672514619882856e-01 8.454694297417866267e-01
8.045490747732184644e-01 8.210284664830119761e-01 8.825139772508192593e-01 8.993549059920741273e-01 9.210747372440265535e-01
3.834028378839143270e-01 6.760846911708980889e-01 7.191086657327533382e-01 5.336613892454713515e-01 8.513921316204755563e-01
