0.000000000000000000e+00 0.000000000000000000e+00 0.000000000000000000e+00 0.000000000000000000e+00 0.000000000000000000e+00
9.849873095629201325e-01 9.849873095629201325e-01 9.749643868139776792e-01 9.849873095629201325e-01 9.849873095629201325e-01
9.899943883118170751e-01 9.699484522385712904e-01 9.849873095629201325e-01 9.799773240006911523e-01 9.498537899183338018e-01
9.649294735310393056e-01 9.347489264800230568e-01 9.599074029416703180e-01 9.899943883118170751e-01 9.749643868139776792e-01
9.799773240006911523e-01 9.095053600721657583e-01 9.749643868139776792e-01 9.749643868139776792e-01 9.599074029416703180e-01
9.699484522385712904e-01 9.699484522385712904e-01 9.899943883118170751e-01 9.799773240006911523e-01 9.849873095629201325e-01
9.699484522385712904e-01 9.849873095629201325e-01 9.799773240006911523e-01 9.498537899183338018e-01 9.849873095629201325e-01
9.849873095629201325e-01 9.849873095629201325e-01 9.649294735310393056e-01 9.548821916864927983e-01 9.548821916864927983e-01
9.699484522385712904e-01 8.993825042154693916e-01 9.145612184114425558e-01 9.649294735310393056e-01 8.841694156413438810e-01
8.485281374238571317e-01 8.689201472069929544e-01 9.095053600721658693e-01 9.246621004453464687e-01 9.397872099576584093e-01
5.904988474915838781e-01 7.713624310270756901e-01 8.126636587311026894e-01 6.662498697102228196e-01 8.892443733617636514e-01
