0.000000000000000000e+00 0.000000000000000000e+00 0.000000000000000000e+00 0.000000000000000000e+00 0.000000000000000000e+00
9.700646731340519802e-01 9.705825243243505485e-01 9.512056245040940716e-01 9.705825243243505485e-01 9.705825243243505485e-01
9.802614379131475708e-01 9.407529036048868365e-01 9.705825243243505485e-01 9.604483138441105572e-01 9.000000000000000222e-01
9.317408759720555711e-01 8.701740522174060688e-01 9.200000000000000400e-01 9.802614379131475708e-01 9.505705135135391615e-01
9.610256413181585966e-01 8.200546721339408984e-01 9.505705135135391615e-01 9.505705135135391615e-01 9.202454315103018034e-01
9.407529036048868365e-01 9.407529036048868365e-01 9.800653398673927486e-01 9.608330831646842984e-01 9.699999999999999734e-01
9.400626729340297860e-01 9.701940582194068519e-01 9.604483138441105572e-01 9.029544848836924542e-01 9.700646731340519802e-01
9.700646731340519802e-01 9.704529837799866776e-01 9.322400674763769990e-01 9.101820546182064486e-01 9.107896934165237157e-01
9.419487097519982921e-01 8.093341918275387403e-01 8.301660498166058000e-01 9.315538857953780116e-01 7.830013631551873132e-01
7.169783191960760194e-01 7.616867402091765937e-01 8.283814409286689440e-01 8.590388264202976076e-01 8.828888296640547972e-01
3.494181209608539507e-01 6.254848093812381826e-01 6.947590408610138102e-01 4.588347533579955062e-01 8.031994554228566452e-01
