0.000000000000000000e+00 0.000000000000000000e+00 0.000000000000000000e+00 0.000000000000000000e+00 0.000000000000000000e+00
8.224650051212019086e-01 8.266666666666666607e-01 8.501108647450110745e-01 7.355419936065097364e-01 6.431372549019607199e-01
8.266666666666666607e-01 8.634453781512605453e-01 7.282882882882881770e-01 8.501108647450110745e-01 8.406862745098039325e-01
8.696563667851608948e-01 8.363897878460986313e-01 8.414485411389437397e-01 8.597626752966558428e-01 8.597626752966558428e-01
8.459575243824628554e-01 8.761904761904761862e-01 8.597626752966558428e-01 8.311856957346919206e-01 8.597626752966558428e-01
8.358585858585858563e-01 8.616887513299158474e-01 8.415278342137342271e-01 8.521963824289406908e-01 8.514285714285714235e-01
8.253229974160207760e-01 8.521963824289406908e-01 8.358585858585858563e-01 4.491525423728813804e-01 4.491525423728813804e-01
8.632154882154882136e-01 8.467474011359983344e-01 8.632154882154882136e-01 7.293076522644457160e-01 8.467474011359983344e-01
8.864132809086937570e-01 8.642533936651584092e-01 8.227272727272727515e-01 8.746115100203621928e-01 8.340874811463047100e-01
7.523809523809523725e-01 9.328165374677002131e-01 9.179292929292929282e-01 8.065476190476190688e-01 7.743055555555554692e-01
7.743055555555554692e-01 4.491525423728813804e-01 6.608695652173912638e-01 8.746115100203621928e-01 9.024756189047262733e-01
