0.000000000000000000e+00 0.000000000000000000e+00 0.000000000000000000e+00 0.000000000000000000e+00 0.000000000000000000e+00
9.799999999999999822e-01 9.666666666666666741e-01 9.666666666666666741e-01 9.733333333333333837e-01 9.666666666666666741e-01
9.733333333333333837e-01 9.733333333333333837e-01 9.666666666666666741e-01 9.666666666666666741e-01 9.666666666666666741e-01
9.599999999999999645e-01 9.733333333333333837e-01 9.599999999999999645e-01 9.666666666666666741e-01 9.533333333333333659e-01
9.533333333333333659e-01 9.666666666666666741e-01 9.599999999999999645e-01 9.599999999999999645e-01 9.666666666666666741e-01
9.599999999999999645e-01 9.666666666666666741e-01 9.599999999999999645e-01 9.733333333333333837e-01 9.733333333333333837e-01
9.466666666666666563e-01 9.599999999999999645e-01 9.666666666666666741e-01 9.466666666666666563e-01 9.533333333333333659e-01
9.533333333333333659e-01 9.333333333333333481e-01 9.666666666666666741e-01 9.599999999999999645e-01 9.466666666666666563e-01
9.599999999999999645e-01 9.333333333333333481e-01 9.200000000000000400e-01 9.333333333333333481e-01 8.933333333333333126e-01
9.000000000000000222e-01 8.933333333333333126e-01 8.800000000000000044e-01 8.800000000000000044e-01 8.933333333333333126e-01
8.066666666666666430e-01 8.000000000000000444e-01 7.199999999999999734e-01 7.600000000000000089e-01 8.266666666666666607e-01
