0.000000000000000000e+00 0.000000000000000000e+00 0.000000000000000000e+00 0.000000000000000000e+00 0.000000000000000000e+00
9.849873095629201325e-01 9.749643868139776792e-01 9.749643868139776792e-01 9.799773240006911523e-01 9.749643868139776792e-01
9.799773240006911523e-01 9.799773240006911523e-01 9.749643868139776792e-01 9.749643868139776792e-01 9.749643868139776792e-01
9.699484522385712904e-01 9.799773240006911523e-01 9.699484522385712904e-01 9.749643868139776792e-01 9.649294735310393056e-01
9.649294735310393056e-01 9.749643868139776792e-01 9.699484522385712904e-01 9.699484522385712904e-01 9.749643868139776792e-01
9.699484522385712904e-01 9.749643868139776792e-01 9.699484522385712904e-01 9.799773240006911523e-01 9.799773240006911523e-01
9.599074029416703180e-01 9.699484522385712904e-01 9.749643868139776792e-01 9.599074029416703180e-01 9.649294735310393056e-01
9.649294735310393056e-01 9.498537899183338018e-01 9.749643868139776792e-01 9.699484522385712904e-01 9.599074029416703180e-01
9.699484522385712904e-01 9.498537899183338018e-01 9.397872099576584093e-01 9.498537899183338018e-01 9.196134453610869119e-01
9.246621004453464687e-01 9.196134453610869119e-01 9.095053600721657583e-01 9.095053600721657583e-01 9.196134453610869119e-01
8.536327599670064936e-01 8.485281374238570207e-01 7.868926229162401809e-01 8.178019320104348289e-01 8.689201472069929544e-01
