0.000000000000000000e+00 0.000000000000000000e+00 0.000000000000000000e+00 0.000000000000000000e+00 0.000000000000000000e+00
9.600640064007112118e-01 9.600640064007112118e-01 9.501900570190067175e-01 9.604483138441105572e-01 9.604483138441105572e-01
9.600640064007112118e-01 9.501900570190067175e-01 9.604483138441105572e-01 9.501900570190067175e-01 9.501900570190067175e-01
9.502534347117247426e-01 9.604483138441105572e-01 9.501900570190067175e-01 9.600640064007112118e-01 9.402507669779170962e-01
9.404389739723582053e-01 9.402507669779170962e-01 9.402507669779170962e-01 9.507609132177048394e-01 9.501900570190067175e-01
9.501900570190067175e-01 9.604483138441105572e-01 9.604483138441105572e-01 9.502534347117247426e-01 9.402507669779170962e-01
9.209829062632353125e-01 9.405645081081335235e-01 9.505705135135391615e-01 9.305585027027278855e-01 9.305585027027278855e-01
9.501900570190067175e-01 8.923230638853717478e-01 9.402507669779170962e-01 9.304343040364820849e-01 9.016847186826344451e-01
9.504436439082343258e-01 9.016847186826344451e-01 8.828295892956408153e-01 8.735597291253239804e-01 8.552040718968855204e-01
8.371178587914984703e-01 8.104408984731077403e-01 8.181122608676250074e-01 8.371178587914984703e-01 8.192831837689924512e-01
6.695059500377673611e-01 5.952182697091012997e-01 6.351801879130775097e-01 6.039945818434843128e-01 6.044807725217786754e-01
