0.000000000000000000e+00 0.000000000000000000e+00 0.000000000000000000e+00 0.000000000000000000e+00 0.000000000000000000e+00
4.733088809529720220e-01 5.369912641247764906e-01 5.129767733451741085e-01 5.124211856340686877e-01 5.258175225917162132e-01
5.013036099107849308e-01 5.153294194390084515e-01 5.016966567057629112e-01 5.165031557494793590e-01 4.988566907375934778e-01
4.916793189270883269e-01 4.969720859268672020e-01 4.742618890519073038e-01 4.761622079109346095e-01 5.141710062276828586e-01
4.765091337644560832e-01 5.011322629410187579e-01 4.665769954739237835e-01 5.023924990527560697e-01 4.991840441358414981e-01
4.754425304755502402e-01 5.321762636087425946e-01 5.114663975826551079e-01 4.978945709203089209e-01 4.813865757328655293e-01
4.832541768593065501e-01 5.369330796678369877e-01 4.369480495113727270e-01 4.950546447771302372e-01 5.054217279316880473e-01
4.510838352801245787e-01 4.697714902318483321e-01 4.634944861535076899e-01 4.645452202523935870e-01 4.553134743213820834e-01
4.762962471331754766e-01 4.609494256203411910e-01 4.599775590114520973e-01 4.692683095449088349e-01 4.763649275285967710e-01
4.753028870467688738e-01 4.781150914997809309e-01 4.652987072716216477e-01 4.493268133894878225e-01 3.984931157081924025e-01
4.238904694167852649e-01 4.278657525381223681e-01 3.961023951922799102e-01 4.034821706799829877e-01 3.937939362573856239e-01
