0.000000000000000000e+00 0.000000000000000000e+00 0.000000000000000000e+00 0.000000000000000000e+00 0.000000000000000000e+00
5.871997577958931736e-01 6.394442031083625855e-01 6.199813617270191202e-01 6.199813617270191202e-01 6.308118226187232613e-01
6.091042603692737867e-01 6.199813617270191202e-01 6.091042603692737867e-01 6.221511070471545946e-01 6.091042603692737867e-01
6.003672949860684449e-01 6.047397971212264967e-01 5.871997577958931736e-01 5.893996946046036189e-01 6.199813617270191202e-01
5.915974607413012620e-01 6.091042603692737867e-01 5.827932738115634281e-01 6.091042603692737867e-01 6.069230227595222571e-01
5.937930803084709996e-01 6.351314824506812950e-01 6.178097513708317168e-01 6.069230227595222571e-01 5.915974607413012620e-01
5.981779742592407967e-01 6.394442031083625855e-01 5.628498911788115677e-01 6.069230227595222571e-01 6.156362562422716955e-01
5.717373134189822625e-01 5.937930803084709996e-01 5.805866764651845813e-01 5.849976258261415651e-01 5.783778080881811778e-01
5.981779742592407967e-01 5.937930803084709996e-01 5.871997577958930625e-01 5.981779742592407967e-01 5.959865770300535326e-01
6.156362562422715845e-01 6.156362562422715845e-01 6.069230227595221461e-01 6.003672949860684449e-01 5.783778080881810668e-01
6.003672949860684449e-01 6.221511070471545946e-01 5.937930803084709996e-01 6.047397971212264967e-01 5.937930803084709996e-01
