0.000000000000000000e+00 0.000000000000000000e+00 0.000000000000000000e+00 0.000000000000000000e+00 0.000000000000000000e+00
6.029274238401090003e-01 6.029274238401090003e-01 6.029274238401090003e-01 6.029274238401090003e-01 6.029274238401090003e-01
5.869200176756517173e-01 6.019064063533414721e-01 5.837759377772401281e-01 5.921266448354018941e-01 6.003718998346410096e-01
5.843010082700804686e-01 5.853498782005956969e-01 5.848256548058166082e-01 5.884863781036946406e-01 5.900489812523441735e-01
5.139265293415200553e-01 6.054730579102816090e-01 5.806165658052900858e-01 4.117339370461504666e-01 6.279540070172100474e-01
5.962622517901579045e-01 5.790310897754549213e-01 6.080088965374956800e-01 5.848256548058166082e-01 5.853498782005956969e-01
5.742512317186072579e-01 5.869200176756517173e-01 4.354048870585884856e-01 5.884863781036946406e-01 5.699725819959913231e-01
6.064885635542058839e-01 5.150972788439229788e-01 5.168493491770016490e-01 5.884863781036946406e-01 5.832504425094749978e-01
5.575106740846162978e-01 3.770278634899583703e-01 5.688984703512445229e-01 5.858736792688954420e-01 5.742512317186072579e-01
4.601348806956284121e-01 5.821981743694906175e-01 4.334104636724759874e-01 5.785017344528962102e-01 4.307413600891861760e-01
5.003046017146848268e-01 4.347407815202219972e-01 4.082785913937337918e-01 5.139265293415200553e-01 4.055006224091501910e-01
