0.000000000000000000e+00 0.000000000000000000e+00 0.000000000000000000e+00 0.000000000000000000e+00 0.000000000000000000e+00
6.512280701754386003e-01 6.512280701754386003e-01 6.512280701754386003e-01 6.512280701754386003e-01 6.512280701754386003e-01
6.403508771929824483e-01 6.505263157894736192e-01 6.382456140350877272e-01 6.438596491228070207e-01 6.494736842105263142e-01
6.385964912280701622e-01 6.392982456140350322e-01 6.389473684210525972e-01 6.414035087719298645e-01 6.424561403508771695e-01
5.940350877192982493e-01 6.529824561403508865e-01 6.361403508771930060e-01 5.375438596491227683e-01 6.687719298245613508e-01
6.466666666666667229e-01 6.350877192982455899e-01 6.547368421052631726e-01 6.389473684210525972e-01 6.392982456140350322e-01
6.319298245614035636e-01 6.403508771929824483e-01 5.498245614035087714e-01 6.414035087719298645e-01 6.291228070175438614e-01
6.536842105263157565e-01 5.947368421052631193e-01 5.957894736842105354e-01 6.414035087719298645e-01 6.378947368421052921e-01
6.210526315789474117e-01 5.203508771929824528e-01 6.284210526315789913e-01 6.396491228070175783e-01 6.319298245614035636e-01
5.631578947368420796e-01 6.371929824561403111e-01 5.487719298245613553e-01 6.347368421052631549e-01 5.473684210526316152e-01
5.859649122807017996e-01 5.494736842105263364e-01 5.357894736842104821e-01 5.940350877192982493e-01 5.343859649122807420e-01
