0.000000000000000000e+00 0.000000000000000000e+00 0.000000000000000000e+00 0.000000000000000000e+00 0.000000000000000000e+00
7.105263157894736725e-01 7.192982456140351033e-01 7.192982456140351033e-01 7.105263157894736725e-01 7.412280701754385692e-01
7.280701754385965341e-01 7.324561403508771384e-01 7.061403508771929571e-01 7.061403508771929571e-01 6.929824561403509220e-01
6.754385964912280604e-01 6.578947368421053099e-01 7.149122807017543879e-01 6.754385964912280604e-01 7.105263157894736725e-01
6.885964912280702066e-01 6.798245614035087758e-01 6.403508771929824483e-01 6.535087719298245945e-01 6.666666666666666297e-01
6.666666666666666297e-01 6.184210526315789824e-01 6.491228070175438791e-01 6.184210526315789824e-01 6.491228070175438791e-01
6.184210526315789824e-01 5.833333333333333703e-01 6.184210526315789824e-01 6.315789473684210176e-01 6.228070175438596978e-01
5.789473684210526550e-01 5.438596491228070429e-01 6.008771929824561209e-01 5.657894736842105088e-01 5.614035087719297934e-01
5.350877192982456121e-01 5.614035087719297934e-01 5.877192982456140857e-01 5.350877192982456121e-01 5.263157894736841813e-01
5.394736842105263275e-01 5.350877192982456121e-01 5.307017543859648967e-01 5.570175438596490780e-01 5.482456140350877583e-01
5.307017543859648967e-01 5.350877192982456121e-01 5.350877192982456121e-01 5.307017543859648967e-01 5.307017543859648967e-01
