0.000000000000000000e+00 0.000000000000000000e+00 0.000000000000000000e+00 0.000000000000000000e+00 0.000000000000000000e+00
7.232793046746535115e-01 7.013080969047571500e-01 6.910569105691055647e-01 6.546796116504853824e-01 7.375475563359671360e-01
7.006056092350509967e-01 7.213200628601361686e-01 6.687523003312476622e-01 7.136577708006279774e-01 6.839377197388245566e-01
6.444930441649960873e-01 6.864188443135811335e-01 6.842105263157893802e-01 6.834842425874894101e-01 6.695652173913043681e-01
6.949712756748247511e-01 6.732721912872583481e-01 6.342343787599262761e-01 6.133084863585920310e-01 6.551395478938317751e-01
6.154668860551213427e-01 6.021603656003323701e-01 6.834757444811607741e-01 6.401515151515151381e-01 6.576298701298701754e-01
6.244932432432432901e-01 5.654582964927792332e-01 5.983233096409695806e-01 6.228564249670218711e-01 6.116327378479435861e-01
5.455641049411328325e-01 5.655687933164430525e-01 5.768448961555456833e-01 5.531856713152858429e-01 5.905446040761777038e-01
5.953947368421053099e-01 5.252499828387067193e-01 5.259672060872361277e-01 5.772023503652896625e-01 4.668911335578002642e-01
5.324036095159967452e-01 4.434320241691842579e-01 4.620103822557810047e-01 5.431273218507260969e-01 4.668911335578002642e-01
4.600454112649234872e-01 4.677972560975610095e-01 4.740355354864042026e-01 4.882154882154882136e-01 3.823370055986996530e-01
