0.000000000000000000e+00 0.000000000000000000e+00 0.000000000000000000e+00 0.000000000000000000e+00 0.000000000000000000e+00
7.244308110509932730e-01 7.328143618194780107e-01 7.160285531240279111e-01 7.054984053844487457e-01 7.033886234191988329e-01
7.160285531240279111e-01 6.885837316953948850e-01 6.864634003353711211e-01 7.139249882788029078e-01 7.097141834726301557e-01
7.076069216419208496e-01 7.097141834726302667e-01 7.012775643225884759e-01 6.822186029581883693e-01 6.949366078203743635e-01
7.160285531240279111e-01 6.970515683139152374e-01 7.097141834726302667e-01 6.907027017626485854e-01 6.970515683139152374e-01
7.286248844379542566e-01 7.012775643225884759e-01 7.012775643225884759e-01 7.349074015744356814e-01 6.991652165261083018e-01
7.181309072864082710e-01 7.286248844379542566e-01 7.054984053844487457e-01 6.523421052041805668e-01 6.737121046856735518e-01
6.779682063997461983e-01 6.970515683139152374e-01 6.673170161175272508e-01 6.949366078203744745e-01 6.758408754203084623e-01
6.329725288053361654e-01 6.779682063997461983e-01 6.308118226187232613e-01 6.991652165261083018e-01 6.587692227851031923e-01
6.673170161175271398e-01 5.893996946046037300e-01 5.783778080881811778e-01 6.134608563080632404e-01 5.783778080881810668e-01
5.404524853202998802e-01 5.017090790488050178e-01 5.040141091499544812e-01 5.154881181947844615e-01 4.994005295240373510e-01
