0.000000000000000000e+00 0.000000000000000000e+00 0.000000000000000000e+00 0.000000000000000000e+00 0.000000000000000000e+00
7.097141834726301557e-01 7.097141834726301557e-01 7.118202020173352018e-01 7.076069216419208496e-01 7.076069216419208496e-01
7.202320613678776517e-01 6.949366078203743635e-01 7.033886234191988329e-01 7.181309072864082710e-01 7.265284272177899849e-01
7.012775643225884759e-01 6.885837316953948850e-01 6.907027017626485854e-01 7.076069216419208496e-01 7.097141834726301557e-01
7.033886234191988329e-01 6.864634003353711211e-01 6.885837316953948850e-01 6.991652165261083018e-01 7.202320613678776517e-01
6.970515683139152374e-01 6.758408754203085733e-01 6.991652165261083018e-01 7.033886234191988329e-01 7.033886234191988329e-01
7.118202020173352018e-01 7.139249882788029078e-01 6.885837316953948850e-01 6.673170161175271398e-01 7.033886234191989439e-01
6.715818805046948059e-01 6.609084656743322572e-01 6.928203230275510327e-01 6.885837316953948850e-01 6.843416950292854350e-01
6.308118226187232613e-01 6.949366078203744745e-01 6.566284252824339251e-01 6.822186029581883693e-01 6.864634003353711211e-01
6.544860579110910459e-01 6.156362562422716955e-01 6.286493458200684836e-01 6.415980049844294264e-01 6.069230227595222571e-01
5.606218769267650170e-01 5.154881181947844615e-01 5.063156678946005851e-01 5.359402951822151984e-01 5.177730090386026829e-01
