0.000000000000000000e+00 0.000000000000000000e+00 0.000000000000000000e+00 0.000000000000000000e+00 0.000000000000000000e+00
9.929834341485238580e-01 9.929824561403508554e-01 9.894739278483347666e-01 9.915789473684210042e-01 9.894739278483347666e-01
9.880762577980854999e-01 9.908891483807151790e-01 9.894739278483347666e-01 9.964914734359116011e-01 9.908891483807151790e-01
9.887729036857032527e-01 9.929824561403508554e-01 9.964914734359116011e-01 9.915799239942503229e-01 9.943869443027973931e-01
9.957894736842105576e-01 9.880723650750726783e-01 9.866863459257710911e-01 9.838792723953990738e-01 9.943869443027973931e-01
9.901764138399767878e-01 9.859891905529045708e-01 9.666595517718133967e-01 9.922809460833654782e-01 9.852750455570284949e-01
9.511654703954728340e-01 8.711524054219874635e-01 9.943859649122807065e-01 9.908969562213292281e-01 9.756406522035652173e-01
8.722498079725574671e-01 9.804474480256887281e-01 9.936961997925586321e-01 9.219008340352784492e-01 9.784212577715738490e-01
9.880762577980854999e-01 9.923004929865152368e-01 8.617778500576996903e-01 9.591637139376878451e-01 9.770733342179980241e-01
8.526593650907170474e-01 8.524189328503564145e-01 8.598244810695221396e-01 8.563676490829109644e-01 8.786959712319897253e-01
7.485380116959063912e-01 7.796869224296006928e-01 7.698126449609966615e-01 8.567334461876326968e-01 9.236102623807470602e-01
