0.000000000000000000e+00 0.000000000000000000e+00 0.000000000000000000e+00 0.000000000000000000e+00 0.000000000000000000e+00
9.859736522520902158e-01 9.929834341485238580e-01 9.922809460833654782e-01 9.929824561403508554e-01 9.971929824561402977e-01
9.943869443027973931e-01 9.964914734359116011e-01 9.894739278483347666e-01 9.950879643183961898e-01 9.957904544570709282e-01
9.894797752097305166e-01 9.803595673994093262e-01 9.880762577980854999e-01 9.915799239942503229e-01 9.964914734359116011e-01
9.894758769572815638e-01 9.866785712629501104e-01 9.874034320997383540e-01 9.908891483807151790e-01 9.943898824917107859e-01
9.894758769572815638e-01 9.852828091605850824e-01 9.880996151023831997e-01 9.755656775274941239e-01 9.887758252863941832e-01
9.584849369824171017e-01 8.765091889398873848e-01 9.852828091605850824e-01 9.874160758931762594e-01 9.797999192556605674e-01
8.664401656859350709e-01 9.652555437082377399e-01 9.791643818062103488e-01 9.544214766958318830e-01 9.176454551277248850e-01
9.867213341829380591e-01 9.881249207180489158e-01 8.652350870815433970e-01 9.895031656920172392e-01 9.647810709739260693e-01
8.304234152448092265e-01 8.600062883195769281e-01 8.710174451923569094e-01 8.588460247369936740e-01 9.279943988376158082e-01
7.071067811865474617e-01 5.678959415808825240e-01 7.160578562540772518e-01 7.663458699285092823e-01 7.649147334830489475e-01
