0.000000000000000000e+00 0.000000000000000000e+00 0.000000000000000000e+00
6.870175438596490824e-01 6.880701754385964986e-01 6.856140350877193423e-01
6.957894736842105132e-01 6.940350877192982271e-01 7.178947368421052522e-01
6.891228070175439147e-01 6.929824561403509220e-01 6.926315789473683759e-01
7.021052631578947878e-01 6.922807017543859409e-01 6.866666666666666474e-01
7.126315789473683937e-01 6.954385964912280782e-01 7.091228070175438214e-01
6.947368421052632081e-01 6.947368421052632081e-01 6.859649122807017774e-01
6.859649122807017774e-01 6.926315789473683759e-01 6.866666666666666474e-01
6.929824561403509220e-01 7.091228070175438214e-01 6.908771929824560898e-01
7.136842105263158098e-01 6.961403508771929483e-01 7.112280701754385426e-01
6.968421052631579293e-01 7.105263157894736725e-01 7.182456140350876872e-01
6.873684210526316285e-01 7.080701754385965163e-01 7.066666666666666652e-01
6.849122807017543613e-01 7.108771929824561076e-01 6.863157894736842124e-01
6.838596491228070562e-01 7.171929824561403821e-01 6.312280701754385825e-01
