0.000000000000000000e+00 0.000000000000000000e+00 0.000000000000000000e+00 0.000000000000000000e+00 0.000000000000000000e+00 0.000000000000000000e+00 0.000000000000000000e+00 0.000000000000000000e+00 0.000000000000000000e+00 0.000000000000000000e+00
6.912280701754385248e-01 6.919298245614036169e-01 6.982456140350876694e-01 6.870175438596490824e-01 6.971929824561403644e-01 6.929824561403508110e-01 6.936842105263157920e-01 6.933333333333333570e-01 6.908771929824562008e-01 6.915789473684210709e-01
6.954385964912280782e-01 6.877192982456140635e-01 6.908771929824560898e-01 6.936842105263157920e-01 7.108771929824562186e-01 6.989473684210525395e-01 6.880701754385964986e-01 6.905263157894736548e-01 6.971929824561403644e-01 6.919298245614035059e-01
6.905263157894736548e-01 6.940350877192982271e-01 6.929824561403508110e-01 7.185964912280702332e-01 6.880701754385964986e-01 6.901754385964912197e-01 6.971929824561403644e-01 7.157894736842105310e-01 6.905263157894736548e-01 6.912280701754385248e-01
6.985964912280702155e-01 6.894736842105263497e-01 6.933333333333333570e-01 6.915789473684210709e-01 6.950877192982456432e-01 6.943859649122807731e-01 6.936842105263157920e-01 6.957894736842105132e-01 7.101754385964912375e-01 7.210526315789473895e-01
6.954385964912280782e-01 6.859649122807017774e-01 7.122807017543859587e-01 7.140350877192982448e-01 7.199999999999999734e-01 6.835087719298245101e-01 6.950877192982456432e-01 7.003508771929825016e-01 6.859649122807017774e-01 7.024561403508771118e-01
6.908771929824562008e-01 7.143859649122806799e-01 7.182456140350876872e-01 6.915789473684210709e-01 7.157894736842105310e-01 7.087719298245613864e-01 6.891228070175439147e-01 7.161403508771930770e-01 7.133333333333333748e-01 7.080701754385965163e-01
7.189473684210525573e-01 7.056140350877193601e-01 6.964912280701753833e-01 6.873684210526316285e-01 6.954385964912280782e-01 6.898245614035087847e-01 6.873684210526316285e-01 7.224561403508771296e-01 6.950877192982456432e-01 6.964912280701753833e-01
7.049122807017543790e-01 7.098245614035088025e-01 6.908771929824562008e-01 7.185964912280702332e-01 7.094736842105262564e-01 6.999999999999999556e-01 6.821052631578947700e-01 6.866666666666667584e-01 6.933333333333333570e-01 7.207017543859648434e-01
7.161403508771929660e-01 7.164912280701754010e-01 6.866666666666666474e-01 6.905263157894736548e-01 7.175438596491228171e-01 6.961403508771929483e-01 6.666666666666666297e-01 6.870175438596490824e-01 7.245614035087719618e-01 7.077192982456139703e-01
7.203508771929824084e-01 7.098245614035088025e-01 6.887719298245613686e-01 6.957894736842105132e-01 7.073684210526316463e-01 6.961403508771930593e-01 7.168421052631579471e-01 7.185964912280702332e-01 7.094736842105262564e-01 6.887719298245613686e-01
7.003508771929825016e-01 7.021052631578947878e-01 7.231578947368421106e-01 6.982456140350876694e-01 6.985964912280702155e-01 7.091228070175439324e-01 7.003508771929825016e-01 6.929824561403508110e-01 6.982456140350876694e-01 6.929824561403508110e-01
6.550877192982456076e-01 7.010526315789473717e-01 7.098245614035088025e-01 6.968421052631579293e-01 7.122807017543859587e-01 7.122807017543859587e-01 6.747368421052630794e-01 7.115789473684210886e-01 6.199999999999999956e-01 7.157894736842105310e-01
6.803508771929824839e-01 6.792982456140350678e-01 6.705263157894736370e-01 7.140350877192982448e-01 6.571929824561403288e-01 7.066666666666666652e-01 7.063157894736842302e-01 6.610526315789473362e-01 6.870175438596490824e-01 6.901754385964912197e-01
