0.000000000000000000e+00 0.000000000000000000e+00 0.000000000000000000e+00 0.000000000000000000e+00 0.000000000000000000e+00 0.000000000000000000e+00 0.000000000000000000e+00 0.000000000000000000e+00 0.000000000000000000e+00 0.000000000000000000e+00
6.985964912280702155e-01 6.915789473684210709e-01 6.933333333333333570e-01 6.954385964912280782e-01 6.996491228070176316e-01 6.824561403508770940e-01 6.915789473684210709e-01 6.877192982456140635e-01 6.929824561403508110e-01 6.863157894736842124e-01
6.901754385964912197e-01 6.915789473684210709e-01 6.926315789473683759e-01 6.929824561403508110e-01 7.154385964912279849e-01 6.989473684210526505e-01 6.971929824561403644e-01 6.894736842105262387e-01 6.947368421052630971e-01 6.915789473684210709e-01
6.845614035087719262e-01 6.884210526315789336e-01 6.989473684210526505e-01 7.182456140350876872e-01 6.898245614035087847e-01 7.021052631578947878e-01 6.821052631578947700e-01 7.140350877192982448e-01 6.950877192982456432e-01 6.947368421052630971e-01
6.971929824561403644e-01 6.873684210526316285e-01 7.007017543859649367e-01 6.968421052631579293e-01 6.936842105263157920e-01 6.964912280701753833e-01 6.950877192982456432e-01 6.954385964912280782e-01 7.126315789473683937e-01 7.182456140350876872e-01
7.024561403508771118e-01 6.999999999999999556e-01 7.161403508771930770e-01 7.126315789473683937e-01 7.189473684210525573e-01 6.835087719298245101e-01 7.031578947368420929e-01 6.954385964912280782e-01 6.856140350877193423e-01 6.943859649122806621e-01
6.992982456140350855e-01 7.098245614035088025e-01 7.171929824561402711e-01 6.929824561403508110e-01 7.052631578947368141e-01 7.157894736842105310e-01 6.982456140350876694e-01 7.101754385964912375e-01 7.140350877192982448e-01 7.168421052631579471e-01
7.228070175438596756e-01 7.136842105263156988e-01 6.964912280701753833e-01 6.894736842105262387e-01 6.908771929824562008e-01 6.891228070175439147e-01 6.845614035087719262e-01 7.256140350877192668e-01 6.915789473684210709e-01 6.989473684210526505e-01
6.996491228070176316e-01 7.066666666666666652e-01 6.884210526315790446e-01 7.178947368421052522e-01 7.101754385964912375e-01 6.989473684210526505e-01 6.789473684210526327e-01 7.031578947368422039e-01 6.936842105263157920e-01 7.164912280701754010e-01
7.028070175438596578e-01 7.147368421052631149e-01 6.975438596491227994e-01 6.943859649122806621e-01 7.192982456140351033e-01 6.954385964912280782e-01 6.831578947368420751e-01 6.852631578947367963e-01 7.185964912280702332e-01 7.235087719298245457e-01
7.192982456140351033e-01 7.129824561403508287e-01 6.891228070175439147e-01 6.933333333333333570e-01 7.031578947368420929e-01 6.898245614035087847e-01 7.199999999999999734e-01 7.136842105263158098e-01 7.084210526315789513e-01 6.901754385964912197e-01
6.912280701754386358e-01 7.105263157894736725e-01 7.214035087719298245e-01 6.933333333333333570e-01 7.031578947368422039e-01 7.084210526315789513e-01 7.007017543859648256e-01 6.929824561403508110e-01 7.031578947368420929e-01 6.789473684210526327e-01
6.508771929824561653e-01 6.947368421052630971e-01 7.017543859649122417e-01 6.936842105263157920e-01 7.115789473684210886e-01 7.189473684210526683e-01 6.856140350877193423e-01 7.182456140350876872e-01 6.473684210526315930e-01 7.094736842105262564e-01
6.754385964912281715e-01 6.985964912280702155e-01 7.070175438596491002e-01 7.094736842105262564e-01 6.670175438596491757e-01 7.150877192982456609e-01 7.178947368421052522e-01 6.554385964912281537e-01 6.859649122807017774e-01 7.112280701754385426e-01
