0.000000000000000000e+00 0.000000000000000000e+00 0.000000000000000000e+00 0.000000000000000000e+00 0.000000000000000000e+00
7.652631578947368673e-01 7.652631578947368673e-01 7.652631578947368673e-01 7.652631578947368673e-01 7.652631578947368673e-01
7.649122807017543213e-01 7.659649122807017374e-01 7.519298245614034482e-01 7.617543859649122950e-01 7.680701754385965696e-01
7.845614035087719040e-01 7.614035087719297490e-01 7.771929824561403244e-01 7.761403508771929083e-01 7.463157894736842657e-01
7.750877192982456032e-01 7.614035087719297490e-01 7.621052631578947301e-01 7.540350877192982804e-01 7.445614035087719795e-01
8.494736842105263808e-01 7.582456140350877227e-01 7.617543859649122950e-01 7.771929824561403244e-01 7.677192982456140236e-01
8.028070175438596356e-01 8.035087719298246167e-01 8.438596491228069763e-01 7.519298245614034482e-01 7.712280701754385959e-01
7.533333333333334103e-01 7.235087719298245457e-01 7.726315789473684470e-01 8.561403508771929793e-01 7.761403508771929083e-01
7.656140350877193024e-01 7.263157894736842479e-01 7.459649122807017196e-01 7.670175438596491535e-01 7.480701754385965518e-01
7.347368421052631327e-01 7.235087719298245457e-01 7.028070175438596578e-01 7.028070175438596578e-01 7.385964912280701400e-01
7.596491228070174628e-01 6.231578947368421328e-01 7.670175438596491535e-01 5.999999999999999778e-01 7.329824561403508465e-01
