0.000000000000000000e+00 0.000000000000000000e+00 0.000000000000000000e+00 0.000000000000000000e+00 0.000000000000000000e+00
7.652631578947368673e-01 7.652631578947368673e-01 7.652631578947368673e-01 7.652631578947368673e-01 7.652631578947368673e-01
7.221052631578948056e-01 7.192982456140351033e-01 7.084210526315789513e-01 7.199999999999999734e-01 7.235087719298245457e-01
6.919298245614035059e-01 6.884210526315789336e-01 6.964912280701753833e-01 6.849122807017543613e-01 6.803508771929824839e-01
6.431578947368421506e-01 6.505263157894736192e-01 6.578947368421053099e-01 6.505263157894736192e-01 6.389473684210525972e-01
5.978947368421052566e-01 6.066666666666666874e-01 6.108771929824561298e-01 6.122807017543859809e-01 6.231578947368421328e-01
5.915789473684210931e-01 5.908771929824561120e-01 5.817543859649122462e-01 6.045614035087719662e-01 5.891228070175438258e-01
5.757894736842105177e-01 5.799999999999999600e-01 5.663157894736842168e-01 5.585964912280702022e-01 5.550877192982456299e-01
5.157894736842105754e-01 5.024561403508771562e-01 5.312280701754386047e-01 5.087719298245614308e-01 5.575438596491227861e-01
5.224561403508771740e-01 5.000000000000000000e-01 5.003508771929824350e-01 5.035087719298245723e-01 5.000000000000000000e-01
5.000000000000000000e-01 5.000000000000000000e-01 5.000000000000000000e-01 5.000000000000000000e-01 5.000000000000000000e-01
