0.000000000000000000e+00 0.000000000000000000e+00 0.000000000000000000e+00 0.000000000000000000e+00 0.000000000000000000e+00
6.008589839759757023e-01 6.008589839759757023e-01 6.008589839759757023e-01 6.008589839759757023e-01 6.008589839759757023e-01
6.003181336384725286e-01 6.019407744825927553e-01 5.803214480910097173e-01 5.954517089089471638e-01 6.051869120081526665e-01
6.306694793257527909e-01 5.949111193321133806e-01 6.192698487986219025e-01 6.176433248901718187e-01 5.716779184629230404e-01
6.160172487244498507e-01 5.949111193321133806e-01 5.959923215620424042e-01 5.835628720094849786e-01 5.689765585670399917e-01
7.329507681140421393e-01 5.900467406080436295e-01 5.954517089089471638e-01 6.192698487986219025e-01 6.046458054695108553e-01
6.590319416773221528e-01 6.601274588780075003e-01 7.239227659930267400e-01 5.803214480910097173e-01 6.100585226510814030e-01
5.824823725107175498e-01 5.365114676340542177e-01 6.122247158924885024e-01 7.434030409959803132e-01 6.176433248901718187e-01
6.013998640375679550e-01 5.408484138857403423e-01 5.711376644344960951e-01 6.035636946973581551e-01 5.743790901870039489e-01
5.538411572917963932e-01 5.365114676340542177e-01 5.043822047323877067e-01 5.043822047323877067e-01 5.597892954492245110e-01
5.922084940913407980e-01 3.747748423693740838e-01 6.035636946973581551e-01 3.333333333333333148e-01 5.511362296577444475e-01
