0.000000000000000000e+00 0.000000000000000000e+00 0.000000000000000000e+00 0.000000000000000000e+00 0.000000000000000000e+00
6.503833727154362254e-01 6.371904024767801600e-01 6.465522781312255107e-01 6.709681561376475978e-01 6.660712274095174079e-01
6.608746205025515241e-01 6.765010351966873614e-01 6.597316741201633139e-01 6.806210691823899595e-01 6.802706771786113382e-01
6.633825944170771427e-01 6.384406636441931626e-01 6.665365345826013144e-01 6.560534591194968623e-01 6.806210691823899595e-01
6.661225701142603484e-01 6.464167457029235120e-01 6.761180078387641901e-01 6.786256865723969689e-01 6.619309170436902257e-01
6.559479054779806528e-01 6.595208070617907259e-01 6.345272111103728019e-01 6.661225701142603484e-01 6.727309344790548540e-01
6.384763265792204878e-01 6.462502526783908685e-01 6.559479054779806528e-01 6.604414261460100910e-01 6.630954787413245732e-01
6.540294886470416902e-01 6.378276396469241272e-01 6.284020433616372969e-01 6.061913567563864680e-01 6.074394584409240627e-01
5.876362593230063380e-01 6.059855556902613571e-01 5.632798573975044132e-01 6.317340067340067034e-01 5.811051693404634122e-01
5.026649650927107471e-01 5.465985639203494451e-01 5.619616739519357473e-01 5.113759274369533703e-01 5.018880813677677466e-01
3.845549142514326224e-01 4.165398274987315852e-01 3.508686749276983541e-01 4.469798122720659572e-01 3.905062383479133148e-01
