0.000000000000000000e+00 0.000000000000000000e+00 0.000000000000000000e+00 0.000000000000000000e+00 0.000000000000000000e+00
6.519999999999999130e-01 6.400000000000000133e-01 6.479999999999999094e-01 6.719999999999999307e-01 6.679999999999999272e-01
6.639999999999999236e-01 6.799999999999999378e-01 6.640000000000000346e-01 6.879999999999999449e-01 6.839999999999999414e-01
6.719999999999999307e-01 6.440000000000000169e-01 6.720000000000000417e-01 6.639999999999999236e-01 6.879999999999999449e-01
6.759999999999999343e-01 6.600000000000000311e-01 6.839999999999999414e-01 6.919999999999999485e-01 6.759999999999999343e-01
6.720000000000000417e-01 6.760000000000000453e-01 6.480000000000000204e-01 6.759999999999999343e-01 6.879999999999999449e-01
6.600000000000000311e-01 6.640000000000000346e-01 6.720000000000000417e-01 6.800000000000000488e-01 6.800000000000000488e-01
6.760000000000000453e-01 6.560000000000000275e-01 6.520000000000000240e-01 6.320000000000000062e-01 6.400000000000000133e-01
6.320000000000000062e-01 6.360000000000000098e-01 6.079999999999999849e-01 6.639999999999999236e-01 6.239999999999999991e-01
5.759999999999999565e-01 6.079999999999999849e-01 6.199999999999999956e-01 5.879999999999999671e-01 5.799999999999999600e-01
5.240000000000000213e-01 5.400000000000000355e-01 5.080000000000000071e-01 5.560000000000000497e-01 5.240000000000000213e-01
