0.000000000000000000e+00 0.000000000000000000e+00 0.000000000000000000e+00 0.000000000000000000e+00 0.000000000000000000e+00
3.068510026372891497e-01 2.844400619942871744e-01 2.984550410743900817e-01 3.461780809412343674e-01 3.399500518250424541e-01
3.342181536126756503e-01 3.680496786089373362e-01 3.365520762781989417e-01 3.946793728431469694e-01 3.768972770730657507e-01
3.630922845918441721e-01 2.972872439257729371e-01 3.558583453780551631e-01 3.442947720546600809e-01 3.946793728431469694e-01
3.748789971250483521e-01 3.478392380269824669e-01 3.873349464594226244e-01 4.205997823396689927e-01 3.855498004780298915e-01
3.814281712704201688e-01 3.919831548048891001e-01 3.205777008895574487e-01 3.748789971250483521e-01 4.169098616211569519e-01
3.666177875533832564e-01 3.668766095474567668e-01 3.814281712704201688e-01 4.103646773287978888e-01 4.026694495033062426e-01
4.075471937925149724e-01 3.489801895695320844e-01 3.519725764571720039e-01 3.073393159249119266e-01 3.425287238106897170e-01
3.497796504118913519e-01 3.262000614926678921e-01 2.811127713994909239e-01 4.069792156591292565e-01 3.227591079031191801e-01
2.373331837309304027e-01 3.190633548091499905e-01 3.500700210070024632e-01 2.882783300985275465e-01 2.620712091804796029e-01
1.568125120467950273e-01 2.041241452319315086e-01 8.980265101338745504e-02 2.435611502237273740e-01 1.363636363636363535e-01
