0.000000000000000000e+00 0.000000000000000000e+00 0.000000000000000000e+00 0.000000000000000000e+00 0.000000000000000000e+00 0.000000000000000000e+00 0.000000000000000000e+00 0.000000000000000000e+00 0.000000000000000000e+00 0.000000000000000000e+00
9.368421052631579204e-01 9.378947368421052255e-01 9.343859649122806532e-01 9.336842105263157832e-01 9.382456140350877716e-01 9.385964912280702066e-01 9.368421052631579204e-01 9.371929824561403555e-01 9.407017543859649278e-01 9.361403508771929394e-01
9.375438596491227905e-01 9.343859649122806532e-01 9.392982456140350767e-01 9.442105263157895001e-01 9.350877192982456343e-01 9.368421052631579204e-01 9.389473684210526416e-01 9.357894736842105043e-01 9.354385964912280693e-01 9.389473684210526416e-01
9.277192982456140546e-01 9.357894736842105043e-01 9.375438596491227905e-01 9.336842105263157832e-01 9.407017543859649278e-01 9.357894736842105043e-01 9.364912280701754854e-01 9.417543859649122329e-01 9.329824561403509131e-01 9.385964912280702066e-01
9.340350877192982182e-01 9.399999999999999467e-01 9.382456140350877716e-01 9.371929824561403555e-01 9.392982456140350767e-01 9.375438596491227905e-01 9.312280701754386270e-01 9.382456140350877716e-01 9.354385964912280693e-01 9.350877192982456343e-01
9.392982456140350767e-01 9.350877192982456343e-01 9.385964912280702066e-01 9.298245614035087758e-01 9.378947368421052255e-01 9.354385964912280693e-01 9.347368421052631993e-01 9.312280701754386270e-01 9.357894736842105043e-01 9.343859649122806532e-01
9.378947368421052255e-01 9.343859649122806532e-01 9.305263157894736459e-01 9.284210526315789247e-01 9.350877192982456343e-01 9.375438596491227905e-01 9.347368421052631993e-01 9.284210526315789247e-01 9.305263157894736459e-01 9.280701754385964897e-01
9.231578947368420662e-01 9.214035087719297801e-01 9.129824561403508953e-01 9.336842105263157832e-01 9.392982456140350767e-01 9.108771929824561742e-01 9.329824561403509131e-01 9.385964912280702066e-01 9.329824561403509131e-01 9.329824561403509131e-01
9.319298245614034970e-01 9.333333333333333481e-01 9.329824561403509131e-01 9.333333333333333481e-01 9.371929824561403555e-01 9.410526315789473628e-01 9.368421052631579204e-01 9.284210526315789247e-01 9.319298245614034970e-01 9.368421052631579204e-01
9.091228070175438880e-01 9.308771929824561919e-01 9.350877192982456343e-01 9.238596491228070473e-01 9.389473684210526416e-01 9.378947368421052255e-01 9.312280701754386270e-01 9.368421052631579204e-01 9.315789473684210620e-01 9.392982456140350767e-01
9.357894736842105043e-01 9.357894736842105043e-01 9.280701754385964897e-01 9.235087719298246123e-01 9.329824561403509131e-01 9.354385964912280693e-01 9.210526315789473450e-01 9.340350877192982182e-01 9.319298245614034970e-01 9.361403508771929394e-01
9.417543859649122329e-01 9.350877192982456343e-01 9.392982456140350767e-01 9.354385964912280693e-01 9.364912280701754854e-01 9.336842105263157832e-01 9.280701754385964897e-01 9.333333333333333481e-01 9.308771929824561919e-01 9.333333333333333481e-01
9.375438596491227905e-01 9.312280701754386270e-01 9.326315789473683671e-01 9.235087719298246123e-01 9.350877192982456343e-01 9.371929824561403555e-01 9.305263157894736459e-01 9.336842105263157832e-01 9.291228070175439058e-01 9.350877192982456343e-01
9.277192982456140546e-01 9.315789473684210620e-01 9.347368421052631993e-01 9.378947368421052255e-01 9.070175438596491668e-01 9.382456140350877716e-01 9.350877192982456343e-01 9.294736842105263408e-01 9.249122807017543524e-01 9.378947368421052255e-01
9.385964912280702066e-01 9.385964912280702066e-01 9.256140350877193335e-01 9.350877192982456343e-01 9.238596491228070473e-01 9.368421052631579204e-01 9.350877192982456343e-01 9.340350877192982182e-01 9.350877192982456343e-01 9.315789473684210620e-01
9.375438596491227905e-01 9.277192982456140546e-01 9.414035087719297978e-01 9.319298245614034970e-01 9.343859649122806532e-01 9.340350877192982182e-01 9.354385964912280693e-01 9.291228070175439058e-01 9.094736842105263230e-01 9.231578947368420662e-01
9.438596491228070651e-01 9.435087719298245190e-01 9.203508771929824750e-01 9.336842105263157832e-01 9.301754385964912109e-01 9.308771929824561919e-01 9.266666666666666385e-01 9.224561403508771962e-01 9.336842105263157832e-01 9.410526315789473628e-01
9.263157894736842035e-01 9.196491228070174939e-01 9.280701754385964897e-01 9.178947368421052078e-01 9.357894736842105043e-01 9.256140350877193335e-01 9.350877192982456343e-01 8.985964912280701711e-01 9.312280701754386270e-01 9.340350877192982182e-01
9.326315789473683671e-01 9.235087719298246123e-01 9.350877192982456343e-01 9.164912280701754677e-01 9.301754385964912109e-01 9.161403508771930326e-01 9.203508771929824750e-01 9.266666666666666385e-01 9.336842105263157832e-01 9.354385964912280693e-01
9.238596491228070473e-01 9.329824561403509131e-01 9.378947368421052255e-01 9.196491228070174939e-01 9.354385964912280693e-01 9.143859649122807465e-01 9.203508771929824750e-01 9.221052631578947612e-01 9.322807017543859320e-01 9.280701754385964897e-01
9.203508771929824750e-01 9.336842105263157832e-01 9.189473684210526239e-01 9.385964912280702066e-01 8.778947368421052833e-01 9.175438596491227727e-01 9.185964912280701888e-01 9.329824561403509131e-01 9.336842105263157832e-01 9.273684210526316196e-01
9.256140350877193335e-01 8.817543859649122906e-01 9.263157894736842035e-01 9.231578947368420662e-01 9.392982456140350767e-01 9.315789473684210620e-01 9.287719298245613597e-01 9.350877192982456343e-01 9.273684210526316196e-01 9.357894736842105043e-01
9.224561403508771962e-01 9.312280701754386270e-01 9.185964912280701888e-01 9.164912280701754677e-01 9.343859649122806532e-01 9.263157894736842035e-01 9.266666666666666385e-01 9.312280701754386270e-01 9.256140350877193335e-01 9.252631578947367874e-01
9.319298245614034970e-01 9.371929824561403555e-01 9.315789473684210620e-01 9.364912280701754854e-01 9.249122807017543524e-01 9.263157894736842035e-01 8.950877192982455988e-01 9.003508771929824572e-01 8.978947368421053010e-01 9.164912280701754677e-01
9.350877192982456343e-01 9.336842105263157832e-01 9.364912280701754854e-01 9.354385964912280693e-01 9.228070175438596312e-01 9.105263157894737391e-01 9.189473684210526239e-01 9.333333333333333481e-01 9.301754385964912109e-01 9.263157894736842035e-01
9.263157894736842035e-01 9.305263157894736459e-01 9.168421052631579027e-01 9.291228070175439058e-01 9.357894736842105043e-01 9.259649122807017685e-01 9.322807017543859320e-01 9.129824561403508953e-01 9.308771929824561919e-01 9.410526315789473628e-01
9.280701754385964897e-01 9.182456140350877538e-01 9.343859649122806532e-01 9.298245614035087758e-01 9.014035087719298733e-01 9.249122807017543524e-01 9.368421052631579204e-01 9.263157894736842035e-01 9.129824561403508953e-01 8.877192982456140191e-01
9.140350877192982004e-01 9.249122807017543524e-01 9.136842105263157654e-01 9.280701754385964897e-01 9.273684210526316196e-01 9.378947368421052255e-01 9.270175438596490736e-01 9.256140350877193335e-01 9.336842105263157832e-01 9.150877192982456165e-01
9.305263157894736459e-01 9.129824561403508953e-01 9.270175438596490736e-01 9.364912280701754854e-01 8.978947368421053010e-01 9.185964912280701888e-01 9.221052631578947612e-01 9.315789473684210620e-01 9.350877192982456343e-01 9.308771929824561919e-01
8.835087719298245768e-01 9.284210526315789247e-01 9.052631578947368807e-01 9.140350877192982004e-01 8.726315789473684248e-01 9.326315789473683671e-01 9.035087719298245945e-01 9.171929824561403377e-01 9.266666666666666385e-01 9.217543859649123261e-01
9.242105263157894823e-01 9.136842105263157654e-01 9.322807017543859320e-01 9.207017543859649100e-01 9.368421052631579204e-01 8.971929824561403199e-01 9.273684210526316196e-01 8.912280701754385914e-01 9.077192982456140369e-01 8.919298245614034615e-01
8.877192982456140191e-01 9.192982456140350589e-01 9.245614035087719174e-01 9.024561403508771784e-01 9.028070175438596134e-01 9.178947368421052078e-01 9.326315789473683671e-01 9.235087719298246123e-01 9.221052631578947612e-01 9.280701754385964897e-01
9.242105263157894823e-01 8.968421052631578849e-01 9.378947368421052255e-01 9.364912280701754854e-01 9.407017543859649278e-01 9.235087719298246123e-01 9.192982456140350589e-01 9.315789473684210620e-01 9.266666666666666385e-01 9.284210526315789247e-01
8.726315789473684248e-01 9.280701754385964897e-01 9.287719298245613597e-01 9.403508771929824928e-01 9.196491228070174939e-01 9.284210526315789247e-01 9.192982456140350589e-01 9.154385964912280516e-01 9.428070175438596490e-01 8.908771929824561564e-01
8.950877192982455988e-01 9.105263157894737391e-01 9.150877192982456165e-01 9.350877192982456343e-01 9.266666666666666385e-01 9.249122807017543524e-01 9.133333333333333304e-01 9.252631578947367874e-01 9.119298245614034792e-01 9.154385964912280516e-01
8.687719298245614175e-01 9.287719298245613597e-01 9.112280701754386092e-01 9.143859649122807465e-01 9.042105263157894646e-01 9.056140350877193157e-01 8.996491228070175872e-01 8.933333333333333126e-01 9.399999999999999467e-01 9.157894736842104866e-01
9.007017543859648923e-01 9.038596491228070295e-01 9.084210526315789069e-01 8.915789473684210265e-01 9.357894736842105043e-01 8.778947368421052833e-01 8.849122807017544279e-01 9.175438596491227727e-01 8.908771929824561564e-01 9.077192982456140369e-01
9.073684210526316019e-01 9.214035087719297801e-01 8.901754385964911753e-01 9.242105263157894823e-01 9.087719298245614530e-01 9.235087719298246123e-01 9.294736842105263408e-01 8.761403508771929971e-01 9.361403508771929394e-01 8.835087719298245768e-01
9.252631578947367874e-01 9.164912280701754677e-01 9.024561403508771784e-01 8.849122807017544279e-01 9.347368421052631993e-01 9.375438596491227905e-01 9.336842105263157832e-01 9.007017543859648923e-01 8.873684210526315841e-01 9.294736842105263408e-01
8.873684210526315841e-01 9.045614035087718996e-01 8.926315789473684426e-01 9.052631578947368807e-01 9.126315789473684603e-01 9.326315789473683671e-01 8.715789473684210087e-01 9.298245614035087758e-01 9.277192982456140546e-01 8.922807017543860075e-01
9.080701754385964719e-01 8.992982456140350411e-01 9.203508771929824750e-01 8.919298245614034615e-01 8.747368421052631460e-01 9.164912280701754677e-01 9.161403508771930326e-01 9.122807017543859143e-01 9.270175438596490736e-01 8.877192982456140191e-01
8.971929824561403199e-01 8.722807017543859898e-01 8.894736842105263053e-01 9.140350877192982004e-01 9.042105263157894646e-01 9.252631578947367874e-01 8.978947368421053010e-01 8.715789473684210087e-01 8.915789473684210265e-01 8.856140350877192979e-01
9.014035087719298733e-01 9.091228070175438880e-01 9.143859649122807465e-01 8.592982456140351166e-01 8.814035087719298556e-01 8.866666666666667140e-01 8.845614035087718818e-01 8.936842105263157476e-01 9.228070175438596312e-01 9.045614035087718996e-01
8.845614035087718818e-01 8.863157894736841680e-01 8.828070175438595957e-01 8.754385964912280160e-01 9.336842105263157832e-01 8.845614035087718818e-01 9.105263157894737391e-01 9.063157894736841858e-01 9.087719298245614530e-01 8.989473684210526061e-01
8.515789473684211019e-01 9.252631578947367874e-01 9.028070175438596134e-01 8.785964912280701533e-01 9.108771929824561742e-01 9.294736842105263408e-01 8.954385964912280338e-01 9.007017543859648923e-01 8.701754385964912686e-01 8.596491228070175517e-01
8.992982456140350411e-01 8.947368421052631637e-01 9.263157894736842035e-01 9.228070175438596312e-01 9.192982456140350589e-01 8.992982456140350411e-01 9.189473684210526239e-01 8.968421052631578849e-01 8.599999999999999867e-01 9.017543859649123084e-01
9.228070175438596312e-01 9.070175438596491668e-01 9.049122807017543346e-01 8.957894736842105798e-01 8.978947368421053010e-01 8.989473684210526061e-01 8.929824561403508776e-01 9.038596491228070295e-01 9.210526315789473450e-01 9.210526315789473450e-01
9.157894736842104866e-01 8.719298245614035547e-01 8.961403508771930149e-01 9.263157894736842035e-01 8.943859649122807287e-01 8.796491228070175694e-01 8.771929824561403022e-01 8.726315789473684248e-01 8.554385964912281093e-01 9.238596491228070473e-01
8.757894736842105621e-01 8.835087719298245768e-01 9.035087719298245945e-01 8.870175438596491491e-01 8.596491228070175517e-01 8.705263157894737036e-01 9.010526315789473273e-01 9.294736842105263408e-01 8.761403508771929971e-01 8.607017543859649678e-01
8.491228070175438347e-01 8.382456140350876828e-01 8.515789473684211019e-01 8.800000000000000044e-01 8.480701754385965296e-01 8.831578947368421417e-01 8.887719298245614352e-01 8.568421052631578494e-01 8.698245614035087225e-01 9.094736842105263230e-01
8.954385964912280338e-01 8.459649122807018085e-01 8.778947368421052833e-01 8.736842105263158409e-01 8.680701754385964364e-01 8.919298245614034615e-01 8.726315789473684248e-01 8.782456140350877183e-01 8.722807017543859898e-01 9.252631578947367874e-01
8.533333333333333881e-01 8.624561403508771429e-01 8.666666666666666963e-01 8.642105263157894290e-01 8.305263157894736681e-01 8.221052631578947834e-01 8.364912280701753966e-01 8.768421052631578672e-01 8.778947368421052833e-01 8.312280701754386492e-01
8.421052631578946901e-01 8.466666666666666785e-01 8.954385964912280338e-01 8.828070175438595957e-01 8.694736842105262875e-01 8.817543859649122906e-01 8.694736842105262875e-01 8.585964912280701355e-01 9.073684210526316019e-01 8.435087719298245412e-01
8.743859649122807109e-01 8.424561403508772361e-01 8.792982456140351344e-01 9.094736842105263230e-01 8.456140350877192624e-01 8.898245614035087403e-01 8.778947368421052833e-01 8.656140350877192802e-01 8.596491228070175517e-01 8.950877192982455988e-01
8.750877192982455810e-01 8.596491228070175517e-01 8.729824561403508598e-01 8.628070175438596889e-01 8.775438596491228482e-01 8.726315789473684248e-01 8.575438596491228305e-01 9.224561403508771962e-01 8.964912280701754499e-01 8.789473684210525883e-01
9.059649122807017507e-01 8.754385964912280160e-01 8.687719298245614175e-01 8.512280701754385559e-01 8.894736842105263053e-01 9.164912280701754677e-01 8.214035087719298023e-01 8.270175438596490958e-01 8.319298245614035192e-01 8.515789473684211019e-01
8.494736842105262697e-01 8.701754385964912686e-01 8.459649122807018085e-01 8.750877192982455810e-01 8.849122807017544279e-01 8.964912280701754499e-01 8.610526315789474028e-01 8.761403508771929971e-01 8.322807017543859542e-01 8.701754385964912686e-01
8.126315789473683715e-01 8.607017543859649678e-01 8.308771929824561031e-01 8.617543859649122728e-01 8.129824561403509176e-01 8.035087719298246167e-01 8.389473684210526638e-01 8.347368421052631104e-01 8.680701754385964364e-01 8.189473684210526461e-01
8.856140350877192979e-01 8.382456140350876828e-01 8.575438596491228305e-01 8.677192982456140014e-01 7.824561403508771829e-01 8.291228070175438170e-01 8.585964912280701355e-01 8.228070175438596534e-01 8.399999999999999689e-01 8.487719298245613997e-01
8.508771929824561209e-01 8.722807017543859898e-01 8.280701754385965119e-01 8.529824561403508421e-01 8.350877192982456565e-01 8.291228070175438170e-01 8.196491228070175161e-01 7.901754385964911975e-01 8.761403508771929971e-01 8.635087719298245590e-01
8.480701754385965296e-01 8.392982456140350989e-01 8.291228070175438170e-01 8.045614035087719218e-01 8.680701754385964364e-01 8.729824561403508598e-01 7.659649122807017374e-01 8.371929824561403777e-01 7.329824561403508465e-01 8.652631578947368451e-01
8.715789473684210087e-01 8.329824561403508243e-01 8.305263157894736681e-01 8.389473684210526638e-01 8.666666666666666963e-01 7.800000000000000266e-01 8.361403508771929616e-01 7.757894736842104733e-01 8.410526315789473850e-01 8.382456140350876828e-01
7.729824561403508820e-01 7.964912280701754721e-01 8.396491228070175339e-01 8.136842105263157876e-01 7.870175438596491713e-01 8.298245614035087980e-01 8.133333333333333526e-01 8.000000000000000444e-01 8.277192982456140768e-01 8.491228070175438347e-01
8.214035087719298023e-01 8.035087719298246167e-01 8.140350877192982226e-01 8.477192982456139836e-01 8.245614035087719396e-01 8.403508771929824039e-01 7.954385964912280560e-01 8.715789473684210087e-01 8.056140350877193379e-01 7.435087719298245634e-01
7.007017543859649367e-01 8.536842105263158231e-01 7.245614035087719618e-01 8.329824561403508243e-01 7.526315789473684292e-01 7.950877192982456210e-01 7.771929824561403244e-01 6.719298245614034881e-01 8.224561403508772184e-01 8.052631578947367919e-01
7.536842105263157343e-01 6.592982456140350500e-01 7.971929824561403422e-01 7.624561403508771651e-01 8.235087719298245235e-01 7.403508771929824261e-01 7.947368421052631859e-01 8.221052631578947834e-01 7.905263157894736326e-01 6.887719298245613686e-01
8.042105263157894868e-01 7.196491228070175383e-01 6.385964912280701622e-01 7.487719298245614219e-01 7.498245614035087270e-01 7.287719298245614041e-01 8.343859649122806754e-01 7.119298245614035237e-01 8.431578947368421062e-01 7.550877192982455854e-01
7.533333333333332993e-01 6.873684210526316285e-01 7.624561403508771651e-01 7.466666666666667007e-01 7.803508771929824617e-01 7.284210526315789691e-01 7.473684210526315708e-01 7.912280701754386136e-01 6.849122807017543613e-01 7.045614035087719440e-01
7.884210526315789114e-01 7.021052631578947878e-01 7.656140350877193024e-01 6.901754385964912197e-01 7.642105263157894512e-01 7.652631578947368673e-01 6.908771929824560898e-01 7.484210526315789869e-01 6.947368421052632081e-01 6.249122807017544190e-01
7.087719298245613864e-01 6.635087719298246034e-01 7.280701754385965341e-01 6.778947368421052166e-01 6.421052631578947345e-01 6.182456140350877094e-01 7.340350877192982626e-01 7.357894736842105488e-01 6.575438596491227639e-01 6.803508771929824839e-01
6.785964912280701977e-01 6.217543859649122817e-01 6.512280701754386003e-01 6.929824561403509220e-01 7.533333333333332993e-01 5.831578947368420973e-01 7.466666666666667007e-01 6.743859649122807554e-01 6.996491228070175206e-01 6.989473684210526505e-01
5.571929824561403510e-01 6.224561403508771518e-01 6.680701754385964808e-01 5.649122807017543657e-01 6.800000000000000488e-01 6.473684210526315930e-01 5.975438596491228216e-01 5.891228070175438258e-01 6.357894736842105710e-01 5.957894736842105354e-01
6.112280701754385648e-01 5.000000000000000000e-01 6.256140350877192891e-01 6.789473684210526327e-01 6.070175438596491224e-01 5.898245614035088069e-01 6.894736842105263497e-01 6.810526315789473539e-01 6.768421052631579116e-01 5.547368421052631948e-01
6.589473684210526150e-01 5.442105263157894779e-01 6.336842105263157388e-01 5.526315789473684736e-01 5.691228070175438081e-01 6.273684210526315752e-01 6.108771929824561298e-01 5.294736842105263186e-01 6.164912280701754232e-01 5.852631578947368185e-01
5.736842105263157965e-01 5.000000000000000000e-01 6.154385964912281182e-01 5.336842105263157610e-01 5.087719298245614308e-01 5.028070175438597023e-01 4.996491228070175650e-01 5.866666666666666696e-01 5.049122807017544234e-01 5.326315789473684559e-01
