0.000000000000000000e+00 0.000000000000000000e+00 0.000000000000000000e+00 0.000000000000000000e+00 0.000000000000000000e+00 0.000000000000000000e+00 0.000000000000000000e+00 0.000000000000000000e+00 0.000000000000000000e+00 0.000000000000000000e+00
9.352080656321044572e-01 9.363076671196804979e-01 9.397832195905260200e-01 9.373561711024869236e-01 9.355574806144224542e-01 9.369607013642511362e-01 9.369817578772803301e-01 9.366058082425794407e-01 9.397882786119342580e-01 9.397982156257818076e-01
9.366218794614862286e-01 9.369660602731235688e-01 9.408754873326843349e-01 9.355735290030295914e-01 9.394534955416429245e-01 9.324132043255549673e-01 9.330781197707626040e-01 9.348586639953674338e-01 9.327459720168387314e-01 9.334446111263707824e-01
9.282479112416541778e-01 9.355520019533964948e-01 9.345092754435355697e-01 9.341653001287788527e-01 9.359014283341636764e-01 9.355464586390669357e-01 9.362617704437730115e-01 9.415608767424888947e-01 9.338159326963126894e-01 9.369660602731235688e-01
9.373155485612355564e-01 9.362724163026487911e-01 9.383798172929150860e-01 9.366165859444498532e-01 9.341706346064461153e-01 9.355574806144224542e-01 9.327346031316871011e-01 9.369868641419991651e-01 9.338212625687725144e-01 9.373363618082110049e-01
9.366165859444498532e-01 9.359014283341636764e-01 9.362617704437730115e-01 9.296449513957700805e-01 9.370066586610441561e-01 9.366523078564474858e-01 9.351970484257479121e-01 9.257883850276539262e-01 9.408567909201092094e-01 9.278512286778306528e-01
9.380552306281810804e-01 9.380647761441717192e-01 9.391134759086083861e-01 9.257984212036241001e-01 9.285145823209167704e-01 9.362617704437730115e-01 9.352134767828523820e-01 9.331530667620011599e-01 9.310214018881317610e-01 9.268255109376605239e-01
9.236934704584721656e-01 9.174093861658410010e-01 9.139226599568459619e-01 9.373260808008028189e-01 9.387395391493752461e-01 9.163478272880466458e-01 9.387344834794366655e-01 9.369919073228334394e-01 9.373363618082110049e-01 9.359384455779372614e-01
9.320529568174027446e-01 9.310214018881317610e-01 9.380503649544887912e-01 9.327570712545281140e-01 9.355989862288888181e-01 9.348476522479691742e-01 9.348640719115470787e-01 9.310266825241912958e-01 9.426239156068260128e-01 9.401478256057114180e-01
9.184794267816535074e-01 9.362776434401549608e-01 9.355940236489903583e-01 9.289513630922261456e-01 9.270935351818954118e-01 9.401716240866448970e-01 9.317698522704387365e-01 9.362879062873343816e-01 9.338469189554381433e-01 9.369713559738960251e-01
9.299462903031164851e-01 9.306332800383101400e-01 9.363124481539376598e-01 9.285921552456284367e-01 9.338469189554381433e-01 9.405435772435402075e-01 9.258222187957753091e-01 9.345092754435355697e-01 9.338317236255573306e-01 9.408709019632639503e-01
9.429957493126648327e-01 9.328361882837243879e-01 9.366165859444498532e-01 9.303333333333332344e-01 9.369968874498761924e-01 9.355735290030295914e-01 9.212396367943149755e-01 9.348694145659042221e-01 9.265066144047036101e-01 9.334557275204453664e-01
9.359069092030610770e-01 9.323910250074132211e-01 9.390990362936639801e-01 9.324543177886097656e-01 9.327570712545281140e-01 9.327784618412959805e-01 9.327625198386695349e-01 9.278455973587969030e-01 9.352495386961796608e-01 9.349192585300825087e-01
9.233492893801815704e-01 9.292803882918394542e-01 9.390941011886564382e-01 9.394677608406052371e-01 9.041368689688191740e-01 9.320639000743400349e-01 9.338265262013857315e-01 9.342295165884895169e-01 9.359581874994133965e-01 9.369765884981996473e-01
9.376909215258875108e-01 9.324022500958623061e-01 9.236565459280960955e-01 9.296082166229331367e-01 9.331530667620011599e-01 9.355520019533964948e-01 9.359123257882770996e-01 9.370018045528375472e-01 9.362724163026487911e-01 9.327679011098390927e-01
9.352025895239737263e-01 9.278730328349608092e-01 9.317146068248343127e-01 9.292751496074113104e-01 9.338419199721834651e-01 9.327625198386695349e-01 9.327887537008783259e-01 9.377199078632427742e-01 9.072800217283181201e-01 9.321329022971663880e-01
9.401807245873643470e-01 9.366373790552077194e-01 9.219378078626283557e-01 9.362929420582548623e-01 9.292644602841892976e-01 9.331811780941865475e-01 9.289363135067665311e-01 9.100935736621490468e-01 9.327784618412959805e-01 9.359281901634517453e-01
9.355989862288888181e-01 9.181344946510960892e-01 9.247409058534521442e-01 9.257934400833394140e-01 9.377199078632427742e-01 9.293055231780020797e-01 9.352080656321044572e-01 9.041606745275319046e-01 9.278455973587969030e-01 9.306877437487184324e-01
9.331008727649019452e-01 9.331431627741129109e-01 9.338800630249611823e-01 9.205513570533767620e-01 9.345146797803666194e-01 9.069496219524230129e-01 9.261271989655586179e-01 9.251191118649293443e-01 9.289513630922261456e-01 9.355989862288888181e-01
9.282429166107156737e-01 9.307027319378758934e-01 9.285495427504184551e-01 9.184920888510194059e-01 9.341913137967332581e-01 9.048235899972532081e-01 9.209100700937201678e-01 9.244296519916102017e-01 9.383849328893012487e-01 9.342295165884895169e-01
9.254442618735133630e-01 9.268653770232926359e-01 9.097325324840259686e-01 9.384371364473752530e-01 8.870050236406619160e-01 9.072839978390911941e-01 9.170949559811933938e-01 9.233019397585066068e-01 9.222548980278282293e-01 9.292751496074113104e-01
9.247557244374260410e-01 8.733325691961699722e-01 9.138798541020508592e-01 9.230050043354788292e-01 9.387822821925695393e-01 9.268255109376605239e-01 9.408888888888889968e-01 9.282222222222222818e-01 9.296296296296295836e-01 9.292478959323438037e-01
9.254236484795163031e-01 9.317651704945143498e-01 9.240426111573951662e-01 9.128955930198165980e-01 9.362828067581109304e-01 9.296296296296295836e-01 9.310711100340030022e-01 9.349502840041608032e-01 9.296399143631350892e-01 9.223466847884448372e-01
9.254183092249230747e-01 9.335024546624760555e-01 9.327459720168387314e-01 9.359629629629628855e-01 9.275494307613936229e-01 9.254683577281985762e-01 8.939711244702868154e-01 8.929196910617599459e-01 9.034307675304114049e-01 9.202254674045291516e-01
9.369817578772803301e-01 9.299788794620639232e-01 9.289206256861621824e-01 9.419152658292172520e-01 9.265017537040636242e-01 9.121931381248151727e-01 9.118190786606854559e-01 9.384236377178953870e-01 9.292590095816779527e-01 9.328491133702121463e-01
9.194347880992350674e-01 9.303333333333332344e-01 9.237128980032379699e-01 9.285660575983156750e-01 9.327887537008783259e-01 9.299942294458725112e-01 9.384819073902008757e-01 9.093949758016937057e-01 9.272099003912614990e-01 9.293006372384040592e-01
9.187650961992281928e-01 9.219575277249982825e-01 9.362671253143864947e-01 9.271902084992519333e-01 9.100817398394585034e-01 9.222817587014260354e-01 9.353039873667587933e-01 9.282429166107156737e-01 9.184470502796383551e-01 8.873427758439563773e-01
9.177390157101334989e-01 9.258081617560968146e-01 9.132409505671228445e-01 9.219847801886964511e-01 9.349192585300825087e-01 9.373795237831903382e-01 9.205609205609206480e-01 9.258441722595422974e-01 9.275291117940291930e-01 9.121681991929089239e-01
9.292906538624139401e-01 9.226699226699226486e-01 9.286257014833343426e-01 9.384415131427832346e-01 9.062437509695046023e-01 9.237266720101366957e-01 9.334874775806556446e-01 9.310370370370371074e-01 9.384500823689073679e-01 9.412514387812096484e-01
8.782455990453184036e-01 9.233683489696600244e-01 9.020660895937322454e-01 9.062071410267676930e-01 8.652501515689541289e-01 9.345304993269027971e-01 9.037947898145921588e-01 9.146573150159871268e-01 9.268922188063600798e-01 9.149610376800157985e-01
9.328731606709601554e-01 9.125302551148507524e-01 9.355735290030295914e-01 9.300731547123591847e-01 9.395154125882960727e-01 9.079657509832024243e-01 9.201873607720044701e-01 8.863157334888192018e-01 9.076292189650257969e-01 8.915741284407961986e-01
8.908658932860885615e-01 9.181258545124608705e-01 9.247409058534521442e-01 9.041441441441442350e-01 8.950660025792964714e-01 9.233774216335888241e-01 9.345356414593279926e-01 9.170409649396320528e-01 9.167496048240735274e-01 9.268653770232926359e-01
9.307308429665928085e-01 8.996075444480791106e-01 9.352134767828523820e-01 9.370114498034409767e-01 9.377591901896293880e-01 9.327679011098390927e-01 9.202384499863212053e-01 9.384819073902008757e-01 9.265066144047036101e-01 9.286020955479326044e-01
8.726246632781169410e-01 9.247876815072157974e-01 9.240165475074317847e-01 9.451691641047701431e-01 9.202117721027697206e-01 9.240621003268437716e-01 9.069097092587770081e-01 9.170989207329608428e-01 9.370795668745595108e-01 8.841940447295423278e-01
8.964526647350967714e-01 9.079863917948555185e-01 9.279315395883124262e-01 9.300137183724386247e-01 9.335350787084595314e-01 9.185040237713852918e-01 9.192246950870870403e-01 9.075890411735791918e-01 9.100973403303627141e-01 9.198891812669394152e-01
8.736841483209101256e-01 9.247147083685545166e-01 9.129597812123171341e-01 9.279648076182593908e-01 9.027595016881748702e-01 9.016729885102792164e-01 9.013387792372490326e-01 8.943641029309974400e-01 9.401982086864045796e-01 9.048463848463849102e-01
9.041170219674981023e-01 9.079742806169457392e-01 9.149952475231906135e-01 9.097653603700106562e-01 9.338932787305140870e-01 8.775413117244298400e-01 8.985811956866378569e-01 9.233589716261665359e-01 8.898236932861028903e-01 9.128836116176877180e-01
9.104466576918219811e-01 9.107583579439237909e-01 8.835082556229243433e-01 9.261375556899381634e-01 9.142927289076796527e-01 9.328226613283502333e-01 9.331579186449783236e-01 8.768413622932289542e-01 9.321329022971663880e-01 8.845607071067589366e-01
9.402859176815800968e-01 9.212987093678699502e-01 9.066482779002327241e-01 8.814035087719298556e-01 9.307170980872884192e-01 9.314470742425410288e-01 9.380404476305905792e-01 9.093792534319542487e-01 8.922710330049936633e-01 9.377711678875788603e-01
8.940217270850767672e-01 9.055300036043141265e-01 8.866659829649941038e-01 9.219575277249982825e-01 9.104309408688919802e-01 9.331627038259815432e-01 8.828064981266767752e-01 9.307123784381413634e-01 9.465554678247137810e-01 9.062437509695046023e-01
9.114785085792633801e-01 8.967867532283241294e-01 9.205701683207045960e-01 8.943718031263285795e-01 8.726183899127013532e-01 9.215836124987986100e-01 8.954010451766987178e-01 9.115056896592512725e-01 9.324823210287958020e-01 8.817526244466060703e-01
8.992607280643144518e-01 8.624550565864723684e-01 9.020603960275307420e-01 9.244774896083367555e-01 9.125742207475979750e-01 9.296548149427982244e-01 8.929508125455120071e-01 8.726246632781169410e-01 8.877179158869299425e-01 8.943700342618616794e-01
8.975123152709360008e-01 9.196213254913271351e-01 9.083939740143562869e-01 8.641561887913060680e-01 8.722502525686639530e-01 8.887679721691544854e-01 8.894713845077232284e-01 9.069776779682372503e-01 9.139312329965650905e-01 9.083673421872764386e-01
8.835085424606561322e-01 9.006647597289233476e-01 8.740324667881670395e-01 8.800000000000000044e-01 9.324185799503512673e-01 8.845612755988280229e-01 8.982275211499588519e-01 9.038080625325197737e-01 9.073156574453712375e-01 9.076371410703888420e-01
8.581223652088536547e-01 9.293377534500040227e-01 9.066103281758155497e-01 8.915766914694809309e-01 9.237561602544543948e-01 9.353682873730042591e-01 8.961370773889580921e-01 8.999306999306999622e-01 8.842105263157894468e-01 8.691142827276777671e-01
9.146498264343123630e-01 8.890963731090599786e-01 9.286926994906620214e-01 9.343160233038541040e-01 9.153668158811455458e-01 9.125742207475979750e-01 9.181795230348577252e-01 8.964676600435113052e-01 8.581600473046220312e-01 8.936760292420162788e-01
9.268700324545071645e-01 9.010385473143360802e-01 9.156938176945366159e-01 8.982235107753779868e-01 8.919063493752290572e-01 9.038251220752195891e-01 8.989312422148243442e-01 9.108451861573203523e-01 9.094058264140232328e-01 9.237749546279492296e-01
9.121545547216094452e-01 8.789380530973451844e-01 9.150448782790311375e-01 9.192176870748298700e-01 8.999727965414048292e-01 8.760907871920698975e-01 8.943856398449980816e-01 8.796425881663751944e-01 8.708308208893460467e-01 9.195440372657867067e-01
8.943802304317167717e-01 8.849066128218072702e-01 9.167988273370881736e-01 8.785943388839395629e-01 8.817344529967563460e-01 8.775159774752048225e-01 9.146644658054704502e-01 9.185040237713852918e-01 8.838595204352950319e-01 8.589222879389084575e-01
8.549462640021127102e-01 8.312798312798312939e-01 8.567234975435498168e-01 8.810526169347635550e-01 8.546334703508460251e-01 8.856059229315615955e-01 8.862955753537471448e-01 8.673516981395993364e-01 8.567980295566501869e-01 9.104797509323101501e-01
9.118894602254845605e-01 8.560152716228465186e-01 8.950591795294036146e-01 8.641635500661294378e-01 8.616660975130203681e-01 8.964909094826392089e-01 8.768326279338206630e-01 8.652073324058127124e-01 8.827099220086902509e-01 9.321778224623648024e-01
8.560924437017876087e-01 8.687485962416710006e-01 8.855996126812417657e-01 8.887708206139082190e-01 8.313184436512356390e-01 8.251982339276967560e-01 8.478309576482868648e-01 8.831567295407931617e-01 8.954334470149345471e-01 8.308815882437629030e-01
8.339738070600872799e-01 8.432490932346649037e-01 9.031540316289624615e-01 8.859637750773506903e-01 8.712234882841629613e-01 8.859645612944329063e-01 8.792923012521391968e-01 8.732861422690506581e-01 9.073567415578154272e-01 8.531667324846511358e-01
8.789311364736989152e-01 8.525374643539811448e-01 8.764692670509843797e-01 9.122558125444263366e-01 8.534199965736948279e-01 9.045478186861681813e-01 8.943830392346971969e-01 8.743225885284842125e-01 8.571507564131914947e-01 9.044574682905281993e-01
8.782422412439864212e-01 8.647356085036150830e-01 8.985909853646716350e-01 8.824439686522174142e-01 8.824363256792679966e-01 8.831440691228596984e-01 8.698026173940549555e-01 9.195963716915658281e-01 8.919178486997635380e-01 8.715181429044414063e-01
9.147239811482802407e-01 9.006867763990260567e-01 8.670037734901206994e-01 8.644842567193684602e-01 9.045534599124531727e-01 9.248469954324125553e-01 8.254301200142402095e-01 8.220266818052796021e-01 8.371338319149064233e-01 8.606200568902251380e-01
8.496243196850370438e-01 8.764692670509843797e-01 8.722277838430099184e-01 8.778944963141817048e-01 8.901402591337650438e-01 8.978947242714341304e-01 8.520562863039151669e-01 9.048995303894852293e-01 8.421621509611438849e-01 8.754152670509306455e-01
8.270672742720319714e-01 8.838520846725506086e-01 8.344419153766443609e-01 8.736842105263158409e-01 8.089392722004971059e-01 8.181649245063878917e-01 8.739915102680630987e-01 8.516489941439158162e-01 8.757481099278848768e-01 8.310194026288835190e-01
8.845572960367564797e-01 8.335169148815166906e-01 8.651036571897383620e-01 8.799600384049057755e-01 7.826827335138830666e-01 8.548907566133162605e-01 8.806620264844091661e-01 8.422500992678525478e-01 8.420358945701158504e-01 8.637176369441792456e-01
8.436224403924992288e-01 8.866626341029555380e-01 8.375932383288876570e-01 8.658370011371876451e-01 8.357827221387394978e-01 8.212459299434179405e-01 8.262396019733946329e-01 7.939949407234011547e-01 8.814032751557281387e-01 8.607975513393826272e-01
8.721416119770304398e-01 8.488894391042318688e-01 8.414729113360773782e-01 8.152120544994516660e-01 8.732988756191126800e-01 8.901669873028087432e-01 7.645288924161942612e-01 8.936794851701010955e-01 8.454113052472229661e-01 8.799146059420032140e-01
8.908658932860885615e-01 8.438857086458744217e-01 8.496679087940945951e-01 8.378487252084789727e-01 8.767962214305727864e-01 7.760653473032393945e-01 8.467893075557308968e-01 7.899671287053153801e-01 8.581770024603396774e-01 8.475239937988900962e-01
7.721787367817098957e-01 8.163477743630415118e-01 8.529985918072103823e-01 8.149583868155640953e-01 7.983215185787533308e-01 8.264991638954597430e-01 8.333629799428634577e-01 8.411554800339847704e-01 8.424690897407995926e-01 8.482342064714947227e-01
8.263163270794544601e-01 8.175189939636182679e-01 8.261048069626256707e-01 8.602407560281415400e-01 8.388754038915793299e-01 8.386660942518560091e-01 8.018104006619335422e-01 8.773774190267491502e-01 8.142497951803824296e-01 8.268422423092660623e-01
6.953597317980820813e-01 8.911972075550885775e-01 8.006921207163639753e-01 8.044591036819983554e-01 7.931821298986295732e-01 8.724584616238106882e-01 7.953046154861427297e-01 7.033233850007278853e-01 8.336278677301747209e-01 8.308270676691730250e-01
8.319628757610350034e-01 6.787375051104207468e-01 8.033514849620297937e-01 7.902771126753136421e-01 8.375247593658640133e-01 8.311271395438015741e-01 8.083000248613517735e-01 8.602557944534352519e-01 7.937084907477037765e-01 7.783079353320796478e-01
8.141424791119504789e-01 7.853717411648466484e-01 6.988793260913945815e-01 8.608453343854804984e-01 7.394886491300457498e-01 7.914954842684724934e-01 8.554981203007518964e-01 7.654319803236540043e-01 8.491043451506234963e-01 7.756594208097185028e-01
7.948358711792680165e-01 6.807416879795397113e-01 8.003459401185892830e-01 7.917309817501756442e-01 8.007389295686371256e-01 7.782924026999855638e-01 8.339295916019329180e-01 7.970494864612511776e-01 7.392073383407417042e-01 7.524708978367704582e-01
8.124575272556378014e-01 7.222193404808204820e-01 7.734488914326206332e-01 7.297759458416147593e-01 7.743661774806536169e-01 7.954432287671417967e-01 6.933282450157625121e-01 8.109287228255377400e-01 8.103304922966622081e-01 6.181383119585366348e-01
7.145008310708851340e-01 6.746077365487386235e-01 7.411804113300874963e-01 7.656648464633544204e-01 6.883629414344364372e-01 6.492117232501015689e-01 7.533629442660416675e-01 7.285414055010692724e-01 7.500358915045314268e-01 6.783125609050819627e-01
6.735684511176723843e-01 7.189634312921984183e-01 7.005143336555954559e-01 7.891349707698392946e-01 7.854208008534472318e-01 6.641612215942791497e-01 7.711684713465833951e-01 6.834537100914676033e-01 8.222275952424200618e-01 7.399374651863435126e-01
4.858196370500162953e-01 7.240226508166622832e-01 7.744180090505037306e-01 5.307711125441300082e-01 6.648591362806099969e-01 7.392140645331762849e-01 5.864637158527991057e-01 5.581084159725150373e-01 6.747488242167377637e-01 5.575952409566158341e-01
5.975425617491526564e-01 6.726590758715249585e-01 7.174666829087539277e-01 7.493571102283201890e-01 6.993927286624486150e-01 6.105603334693449069e-01 7.093431797990286114e-01 7.186445012787724407e-01 6.852480640511632304e-01 5.175418826534444738e-01
6.538562167038250994e-01 4.733091659320117772e-01 7.513869293990685927e-01 4.996465873375330879e-01 5.562248007429857477e-01 6.217460112330825961e-01 6.147447749122867400e-01 4.542340940801698479e-01 6.289067907057082074e-01 5.874940163789497127e-01
6.430889978056610889e-01 4.291145164610061791e-01 7.140975426781930313e-01 6.113689253004177537e-01 4.609919825365552115e-01 3.816163019276905821e-01 5.224640068074827282e-01 6.103449100078877088e-01 3.742560150130997965e-01 4.722603978300181637e-01
