0.000000000000000000e+00 0.000000000000000000e+00 0.000000000000000000e+00 0.000000000000000000e+00 0.000000000000000000e+00
5.500000000000000444e-01 5.520000000000000462e-01 5.560000000000000497e-01 5.440000000000000391e-01 5.520000000000000462e-01
5.679999999999999494e-01 5.639999999999999458e-01 5.500000000000000444e-01 5.500000000000000444e-01 5.620000000000000551e-01
5.500000000000000444e-01 5.440000000000000391e-01 5.540000000000000480e-01 5.580000000000000515e-01 5.560000000000000497e-01
5.280000000000000249e-01 5.540000000000000480e-01 5.520000000000000462e-01 5.560000000000000497e-01 5.460000000000000409e-01
5.520000000000000462e-01 5.420000000000000373e-01 5.320000000000000284e-01 5.060000000000000053e-01 5.480000000000000426e-01
5.600000000000000533e-01 5.360000000000000320e-01 5.659999999999999476e-01 5.520000000000000462e-01 5.240000000000000213e-01
5.420000000000000373e-01 5.659999999999999476e-01 5.540000000000000480e-01 5.420000000000000373e-01 5.080000000000000071e-01
4.879999999999999893e-01 5.560000000000000497e-01 5.240000000000000213e-01 5.240000000000000213e-01 5.320000000000000284e-01
4.600000000000000200e-01 4.919999999999999929e-01 4.979999999999999982e-01 4.480000000000000093e-01 4.699999999999999734e-01
4.179999999999999827e-01 4.380000000000000004e-01 4.359999999999999987e-01 4.139999999999999791e-01 4.440000000000000058e-01
