0.000000000000000000e+00 0.000000000000000000e+00 0.000000000000000000e+00 0.000000000000000000e+00 0.000000000000000000e+00
4.178562542891916531e-01 4.196714497996817395e-01 4.255863493471178649e-01 4.087364307289590437e-01 4.199389284000827893e-01
4.415405741433143794e-01 4.353476900686922835e-01 4.175086859099467196e-01 4.154369902875350018e-01 4.322787519821315039e-01
4.163811296473318158e-01 4.101692147486035167e-01 4.219497643658421393e-01 4.266666650199489319e-01 4.241745118451355490e-01
3.760361882788602617e-01 4.218262988015641368e-01 4.195728333210810845e-01 4.225195462422453585e-01 4.005338631916985914e-01
4.141846897153542151e-01 3.948100558280237538e-01 3.848843459418259116e-01 3.466418199173477710e-01 3.987479759417256742e-01
4.202032709042533010e-01 3.859337308695441338e-01 4.338983374294701489e-01 4.077426118422870505e-01 3.689651695980513679e-01
3.899137562444298100e-01 4.229282412580757100e-01 4.109486439124399593e-01 3.922761178936754467e-01 3.471164418930393070e-01
3.190419744210606368e-01 4.111091175838330058e-01 3.681025311434386049e-01 3.674599936370782083e-01 3.786908348887340625e-01
2.888125617640399656e-01 3.252675102854277744e-01 3.336537023532296642e-01 2.752315504838060978e-01 2.993334454060752603e-01
2.470471884784968264e-01 2.826842829683326452e-01 2.804676586654095694e-01 2.455211368284079265e-01 2.954016603339306157e-01
