0.000000000000000000e+00 0.000000000000000000e+00 0.000000000000000000e+00 0.000000000000000000e+00 0.000000000000000000e+00
4.091420438109387714e-01 4.216270358791673889e-01 4.196908486187551079e-01 4.041189035832776222e-01 4.413711362731101429e-01
4.167080063363573506e-01 4.174341965358426831e-01 4.368147153157855844e-01 4.282958725970740232e-01 4.113337407757468034e-01
4.148929546996258377e-01 4.165159787892068755e-01 4.248516769833828866e-01 4.223856457869000769e-01 4.120972390100218763e-01
4.173101397025618109e-01 4.084935542795318231e-01 4.146573721374191557e-01 4.506672785842014695e-01 4.326905551648569936e-01
3.828745694325542126e-01 4.078829910221769550e-01 3.984523827633567050e-01 4.256509246265067770e-01 4.210094165730804416e-01
4.088490384403736244e-01 4.402032244976845088e-01 3.884030287192125619e-01 4.259650715977129631e-01 4.029563393275538141e-01
3.466255394376626109e-01 3.410750353678601576e-01 3.650600019015804443e-01 3.177121047366771034e-01 3.191537297917720339e-01
2.732735288894901915e-01 3.308129053909351081e-01 2.735657665307622000e-01 2.621770873336063956e-01 2.962364462347866767e-01
2.623600470334734869e-01 2.641002161302374862e-01 2.548744547097189228e-01 2.674082357212559935e-01 2.770533824981694093e-01
2.808849900050100490e-01 2.747261312938067412e-01 3.078677550821879993e-01 2.904668614295826123e-01 3.097894534685709522e-01
